13.9935 13.9961 1295
15.197 15.1897 1154
14.211 14.2492 1825
13.8818 13.885 998
12.7865 12.7987 3635
13.4422 13.4425 718
13.4126 13.3928 17737
13.4674 13.4706 983
13.6371 13.6398 1201
13.0727 13.0812 780
14.2359 14.2359 7254
14.1257 14.1405 1919
14.6225 14.6275 3978
14.3426 14.3426 5523
15.889 15.886 2044
15.2279 15.3198 1732
13.4833 13.4699 749
13.7118 13.6085 1638
13.8277 13.8277 2012
14.1976 14.1976 8502
14.4734 14.4622 967
15.2488 15.2747 780
13.5395 13.5528 2668
14.7208 14.7804 3089
14.1402 14.1402 2808
14.341 14.4021 1482
13.1429 13.1429 531
14.7244 14.7941 1811
14.4436 14.4436 297
13.2286 13.2286 3916
12.1345 12.1272 1966
15.2777 15.2777 250
14.6129 14.6213 764
12.978 13.003 1123
14.175 14.1744 4914
14.3601 14.3601 2574
14.5902 14.5909 4977
13.8778 13.8796 17077
13.7399 13.7944 1092
12.1212 12.1212 2762
14.429 14.5314 1513
14.9397 14.9255 2886
14.6556 14.6703 6771
14.1538 14.1538 873
13.9414 13.9414 2481
15.6752 15.7265 1404
13.0565 13.0041 2077
13.4053 13.4418 8190
13.8505 13.9038 5273
15.3004 15.2627 2262
13.1494 13.1818 2169
14.5168 14.5167 1576
14.7007 14.7007 4399
13.7417 13.7562 3682
14.0274 14.0447 1482
13.2718 13.2004 5335
15.2769 15.3397 4134
15.4367 15.4417 12963
13.6829 13.6829 4493
14.4545 14.3984 687
15.5912 15.5912 562
15.5307 15.5477 437
15.3521 15.3598 5351
14.2565 14.2565 796
14.3777 14.4293 608
13.8027 13.7885 1950
14.9069 14.8687 1857
13.5155 13.5113 1763
13.9586 13.9912 2512
15.0422 15.0515 3245
16.2924 16.2952 4898
13.8017 13.7974 2262
12.7115 12.7115 4352
13.8542 13.9021 1046
13.0613 13.0303 12371
14.0809 14.0617 796
13.6796 13.7875 905
15.0717 15.0719 1981
13.3855 13.3855 2309
15.2 15.2027 1466
14.2226 14.2268 4353
14.3347 14.2484 702
13.8871 13.8872 4914
13.4459 13.4684 983
14.0106 14.0106 468
14.4591 14.4591 1560
13.2944 13.3146 1919
15.3792 15.3833 1373
14.234 14.1909 3838
15.0069 15.0069 1965
12.8259 12.7596 3510
13.8084 13.8193 3495
14.5761 14.5705 10359
14.2268 14.2147 1357
13.2823 13.3488 4384
15.3457 15.3498 1888
14.5478 14.4891 1061
14.2099 14.2449 983
14.7302 14.7285 1030
13.1849 13.231 811
