14.6552 14.6552 796
14.6091 14.6315 437
15.434 15.4452 514
13.4473 13.4473 983
14.7333 14.7358 1045
13.571 13.571 780
14.4466 14.487 624
15.1117 15.1344 624
14.15 14.15 375
14.2109 14.2213 1904
14.0928 14.0928 1045
15.3114 15.3115 3120
15.0655 15.0655 827
15.3986 15.3986 608
16.4535 16.4534 2185
12.6526 12.6526 281
13.164 13.1669 1060
14.6703 14.6703 405
14.4301 14.4301 281
15.9953 15.9953 1186
14.0176 14.0176 1560
12.3184 12.3184 796
14.3842 14.3983 842
13.4524 13.4524 1747
16.0675 16.1168 375
14.6606 14.6606 546
15.0261 15.0144 655
13.5786 13.5786 374
13.6391 13.6391 1060
15.5683 15.5683 375
16.1527 16.1527 608
14.2269 14.3446 655
14.6871 14.7199 452
16.8189 16.8189 1513
14.8592 14.8592 1638
14.4113 14.4113 1606
14.3021 14.3213 748
14.0875 14.0875 1684
14.9557 14.9557 421
15.5785 15.5905 811
14.7969 14.7969 359
14.7484 14.7484 640
14.7502 14.7502 2308
13.7217 13.7217 624
14.5558 14.5833 1062
13.1386 13.1386 639
13.7601 13.7616 374
12.8966 12.8966 452
15.8307 15.8728 702
13.6163 13.6163 889
14.1688 14.1688 1654
15.6835 15.7206 2075
14.3033 14.3033 1607
13.94 13.94 328
14.8087 14.8087 421
16.303 16.303 748
14.3161 14.3422 2122
16.1332 16.1332 1123
15.8159 15.8376 1029
15.7389 15.7462 1217
16.5838 16.7096 452
15.3568 15.4156 656
14.7992 14.8048 1700
13.9235 13.8407 1217
13.4735 13.5194 546
16.2908 16.2908 359
14.2504 14.3044 390
14.0982 14.1012 5304
13.861 13.861 1092
16.8 16.8 1749
14.1001 14.115 656
14.4347 14.4347 1950
15.6954 15.6954 1966
13.2066 13.2066 671
14.4761 14.4761 1030
16.4804 16.4804 1575
16.5171 16.5228 1326
16.6939 16.6939 546
15.6146 15.6368 1575
15.6565 15.6565 219
15.6888 15.6888 328
16.6291 16.665 358
15.2426 15.2893 312
15.2626 15.2327 874
14.4836 14.4983 1497
14.291 14.291 702
15.8436 15.8436 468
14.6279 14.652 1217
16.3773 16.3773 578
14.6606 14.6659 1108
14.3438 14.3867 889
14.1306 14.1306 624
14.7829 14.7925 1918
14.9504 14.9584 546
16.0975 16.1486 718
14.8075 14.8075 577
14.938 14.938 2210
14.0033 14.1005 890
15.0692 15.1619 905
15.7606 15.796 655
