14.7081 14.7089 484
15.7264 15.7365 749
13.5723 13.5723 327
15.9385 16.003 578
13.8154 13.8154 702
14.2549 14.2602 343
14.9112 14.9112 765
15.319 15.319 546
14.2065 14.2065 359
15.9229 15.9478 624
14.512 14.5404 1015
13.92 13.9199 1575
14.9374 15.0686 265
15.0498 15.0498 1685
15.2977 15.2977 405
14.8648 14.8648 156
14.1213 14.383 1653
13.8958 13.936 281
15.3877 15.4898 390
14.7234 14.7203 655
13.3619 13.3619 359
14.0776 14.0776 344
14.0908 14.0908 468
15.6031 15.6147 669
15.676 15.7179 403
16.2321 16.2321 279
15.2239 15.2534 515
14.1031 14.1031 842
15.3484 15.3484 905
16.4181 16.418 250
15.7526 15.7527 1466
14.5519 14.6042 312
14.5323 14.5323 281
15.5134 15.5134 811
14.088 14.088 234
13.0419 13.0419 702
15.5139 15.515 624
14.9576 14.9576 1155
14.8203 14.8203 358
13.4881 13.4881 312
16.3708 16.3943 1497
15.9944 15.9944 312
15.1083 15.1083 1264
13.9968 13.9968 1451
15.8837 15.8837 858
17.3417 17.4254 219
15.3504 15.3547 921
18.7176 18.7176 484
16.2753 16.2753 141
13.999 13.999 499
14.6215 14.6508 593
14.4944 14.4944 1435
13.5296 13.5296 452
16.1777 16.1777 546
13.3506 13.3506 437
15.3974 15.3974 499
14.2038 14.219 390
14.5791 14.5882 2246
16.2573 16.2592 827
14.4643 14.4643 1701
15.1258 15.1258 1123
14.2236 14.2831 343
15.0876 15.0876 437
14.1966 14.2723 312
15.6967 15.8089 1279
14.9241 14.9241 437
16.9968 16.9968 2169
15.2957 15.2957 827
14.2348 14.2348 530
15.0321 15.0321 671
15.6222 15.6223 343
15.6081 15.6156 343
14.5487 14.6852 468
15.0948 15.0948 265
13.8758 13.9268 468
16.3616 16.3616 203
14.1004 14.1004 1794
14.9235 14.9235 656
14.4855 14.4855 265
16.0759 16.0815 1201
15.9625 15.9625 983
14.4072 14.436 655
12.9558 12.9558 1498
14.285 14.285 172
14.3662 14.382 250
15.6301 15.6301 484
16.4973 16.5224 453
14.2123 14.2123 468
15.4349 15.4349 1014
14.4846 14.4846 1092
15.019 15.019 1107
14.3363 14.6056 827
14.2963 14.2963 1497
14.9594 14.9594 468
14.452 14.452 1388
14.9359 14.9359 218
14.6048 14.6048 702
15.7051 15.7051 873
14.0092 14.0092 546
15.2508 15.2508 608
