13.5825 13.5825 577
14.4471 14.4533 125
15.0138 15.0138 16
16.3374 16.4319 93
16.7448 16.8508 125
15.8939 15.8943 94
18.7625 18.7625 172
11.2463 11.2482 140
14.0604 14.1045 265
14.503 14.5247 250
17.063 17.1768 125
17.1157 17.1253 78
15.8966 15.8966 265
14.9601 14.9907 78
16.5742 16.7533 109
16.477 16.477 374
16.1407 16.2204 109
15.8425 15.8507 171
18.5812 18.5935 78
16.6687 16.6719 531
15.6711 15.6711 188
14.8738 14.8738 375
15.3081 15.3081 531
17.0235 17.0234 312
16.5248 16.527 93
12.9096 12.9354 250
17.0583 17.0583 312
15.9805 15.9805 47
15.9377 15.9377 94
17.2982 17.3085 453
13.7679 13.8122 109
15.9044 15.9395 1185
18.5315 18.5548 125
16.5703 16.5703 110
11.7859 11.7859 2449
16.9485 17.2483 218
17.6539 17.6783 125
17.2902 17.3344 203
15.4978 15.5018 78
15.9826 15.9826 187
13.5405 13.6049 374
18.6911 18.6911 187
18.2014 18.2075 94
16.5486 16.5509 172
17.4926 17.5162 63
21.0586 21.0814 125
16.0203 16.0203 125
13.341 13.372 343
17.2374 17.2374 593
20.1437 20.1437 514
15.78 15.78 281
17.3449 17.3615 63
18.7826 18.7826 63
15.3867 15.3867 156
14.9845 14.9845 171
15.7457 15.7457 78
14.2574 14.2574 172
16.6964 16.6964 78
16.3971 16.5666 94
14.6229 14.6251 141
17.6053 17.6053 109
17.0624 17.1084 140
14.8478 14.8478 250
16.6263 16.6402 1030
14.448 14.4488 31
15.0598 15.0607 780
17.261 17.3956 94
14.064 14.335 94
19.7279 19.7286 328
15.142 15.1486 234
15.2335 15.2335 265
16.0635 16.0634 421
16.8052 16.8052 63
18.6277 18.6277 62
14.7592 14.8522 250
13.4917 13.5163 203
17.3838 17.7383 156
18.107 18.107 31
16.1902 16.1902 312
17.602 17.6086 249
13.8888 13.8902 109
17.299 17.299 125
12.5538 12.5539 125
17.8417 17.8416 202
17.9661 18.0968 125
18.4616 18.5221 78
16.2101 16.2154 140
15.7541 15.7594 94
14.8749 14.8749 203
15.8717 15.8717 234
20.1028 20.1028 62
17.991 18.02 218
15.8349 15.835 187
21.162 21.162 47
14.4265 14.4265 219
17.1587 17.1587 1825
15.2688 15.2688 390
16.268 16.349 218
15.8746 15.8746 140
14.6319 14.6319 94
