15.125 15.1245 1592
16.1903 16.1542 1467
14.3584 14.3583 3198
16.234 16.1967 6146
14.4412 14.4174 999
14.8016 14.8016 1404
15.2375 15.2375 42307
15.9157 15.9157 1919
14.5173 14.4795 6146
16.5529 16.5766 5631
14.8736 14.8987 8361
14.2006 14.2044 8471
15.6347 15.6484 2325
15.5314 15.5314 8346
15.9304 15.9271 5928
15.891 15.891 609
14.4225 14.4192 46909
14.1198 14.1314 3635
15.8394 15.8522 4399
15.2794 15.1537 9172
13.9279 13.8978 2059
14.5979 14.6005 3463
14.2998 14.32 1653
15.8248 15.833 7394
16.2906 16.2834 3868
16.7799 16.7397 12433
15.7389 15.7389 3869
14.3478 14.3532 9470
15.6693 15.6444 5335
17.4911 17.5302 343
16.0779 16.1744 10670
14.8035 14.7888 1794
15.2241 15.2104 8424
15.9912 15.9945 9891
14.7999 14.7999 905
13.359 13.3606 5522
16.0092 16.0063 1653
15.2233 15.2324 2699
15.4453 15.4453 843
14.3314 14.5217 390
16.5965 16.5947 11139
16.6151 16.6608 811
15.3587 15.3342 14929
14.677 14.6727 4508
16.1358 16.1315 6864
18.1664 18.1664 687
15.7745 15.7529 18627
19.2238 19.2238 2574
17.4201 17.4201 686
14.7863 14.793 530
15.0883 15.0883 5585
14.6913 14.6946 37612
13.8704 13.8619 2636
16.7252 16.7252 1185
13.6337 13.6526 2683
15.8586 15.8692 2231
14.697 14.697 1139
14.7608 14.7705 36660
16.9066 16.9066 4274
14.6568 14.6723 8985
15.5881 15.5881 39017
15.0248 15.0248 453
15.4461 15.4461 1560
14.5395 14.5725 4586
15.9108 15.9117 11107
15.6571 15.6442 1014
17.1585 17.1585 28269
15.8029 15.8644 11170
14.5186 14.5195 795
15.5578 15.5578 3682
16.1925 16.1925 2465
15.8911 15.8911 437
15.2316 15.2739 2157
16.0057 16.0057 1123
14.095 14.0998 14321
17.3265 17.3177 764
14.4083 14.4255 82071
15.2327 15.2327 2480
15.2606 15.3451 764
16.4385 16.4495 4258
16.4369 16.4881 2402
14.9386 14.9001 1981
13.1834 13.1754 11825
14.823 14.823 453
15.2102 15.2193 1186
16.1629 16.1629 2153
17.3865 17.3865 702
14.9076 14.9076 1216
15.7149 15.7162 7519
14.704 14.7146 7941
15.2165 15.2165 29781
14.6446 14.6364 6615
14.553 14.553 17051
15.5265 15.5438 1108
14.7203 14.7064 9781
15.4918 15.4918 655
15.0068 15.0053 4680
16.2234 16.2263 3291
14.8388 14.8463 4758
16.1686 16.2273 374
