14.7105 14.7754 624
15.3632 15.3632 484
17.8647 17.8647 265
16.2607 16.3535 125
13.9585 13.9585 640
13.8871 13.9491 765
13.1704 13.294 671
13.4635 13.4635 780
14.1934 14.2537 577
17.0625 17.0625 343
14.4321 14.4321 546
14.0818 14.0818 359
15.0391 15.0391 234
14.6793 14.6793 249
15.0266 15.0267 1138
13.3332 13.3332 1107
14.3052 14.2823 218
14.7476 14.9415 359
16.6817 16.6817 156
13.5391 13.5333 312
14.5143 14.5146 125
15.251 15.3076 312
12.8504 12.8543 249
14.6531 14.6531 765
13.1846 13.1846 265
14.6401 14.6593 281
13.6746 13.6746 141
17.0817 17.0817 94
12.4 12.4 452
14.51 14.5419 702
15.2163 15.4347 390
15.0731 15.0731 1061
14.867 14.8529 1295
12.3378 12.3696 312
13.6634 13.6781 4539
17.372 17.372 172
13.7514 13.7514 312
15.1899 15.194 218
19.2762 19.2762 110
14.6757 14.6771 671
14.5697 14.5697 218
14.0427 14.0759 172
14.551 14.551 359
14.3209 14.322 624
14.8598 14.8598 733
13.4763 13.4784 998
14.5986 14.5986 452
14.3271 14.3271 640
14.9818 14.9818 296
14.317 14.3533 702
14.1098 14.1098 577
14.8035 14.8253 764
14.7454 14.9128 905
14.9948 15.0006 390
15.1301 15.1235 874
14.8897 14.9081 952
11.9982 12.0052 577
13.506 13.506 343
16.4343 16.461 749
15.7177 15.719 203
14.187 14.2375 1092
13.7679 13.8027 437
15.4655 15.4938 359
15.3095 15.4007 202
13.6493 13.7203 1201
14.397 14.397 1170
13.822 13.822 608
14.7361 14.7662 736
15.0705 15.1583 265
14.328 14.357 530
14.7055 14.7239 1482
15.3993 15.4262 1092
14.2578 14.3042 920
14.5502 14.5502 203
12.5329 12.5329 265
14.7923 14.7923 1124
14.4923 14.4923 234
14.4325 14.4476 203
14.7691 14.7691 1264
15.5387 15.5508 265
13.9872 14.0317 1341
12.8047 12.8105 188
16.7438 16.7494 390
15.5188 15.7336 296
13.2085 13.2301 687
14.7907 14.8404 437
13.795 13.795 265
16.7475 16.8114 265
19.1705 19.1705 156
12.9011 12.9606 530
14.4035 14.4251 359
13.1644 13.1644 375
16.9964 16.9964 499
11.9628 11.9628 328
14.4713 14.4713 515
14.3871 14.3755 1108
14.2986 14.2986 1248
14.4187 14.4187 733
15.0119 15.1113 281
15.1283 15.3248 546
