16.16 16.1786 2839
17.0836 17.0836 1825
16.399 16.4163 6708
16.3898 16.3898 5991
14.9058 14.9258 9984
15.0311 15.0311 921
15.434 15.4564 4305
15.4004 15.4004 12792
15.6546 15.6608 6786
14.9211 14.9716 1295
16.6297 16.7286 5631
16.0418 16.0418 7488
16.7695 16.7695 21736
16.6286 16.6065 12729
18.2545 18.288 9750
17.4569 17.5123 2278
15.4573 15.5096 1810
15.484 15.5163 3728
16.0049 15.9015 6116
16.2914 16.4821 10390
16.5753 16.6383 5273
17.5223 17.4815 1560
15.7743 15.7743 15163
16.6634 16.6634 6880
16.6375 16.6614 2293
16.6366 16.6001 6630
15.0762 15.0762 1295
16.7258 16.7258 10046
16.397 16.5016 889
15.57 15.5955 20904
13.6805 13.6805 36921
17.2753 17.279 889
16.6604 16.6681 10234
14.9594 14.9886 16602
16.4548 16.4736 10762
16.5602 16.5602 11753
17.0675 17.0571 8127
15.9561 15.9252 14243
15.8338 15.8338 7843
13.9863 13.9863 3447
16.6032 16.727 4353
17.2354 17.2354 15163
16.8399 16.8967 21456
16.2783 16.2783 6254
15.9866 15.9866 8336
17.5402 17.4962 2808
15.2274 15.2384 1919
15.2297 15.2357 13026
15.911 15.911 32869
17.6592 17.6592 1966
15.6645 15.7105 6958
16.5684 16.537 47977
17.2141 17.2002 176576
15.9989 15.9989 8159
16.2692 16.2692 4711
15.1987 15.1987 19219
17.4068 17.4767 16914
17.601 17.601 36506
15.8872 15.9273 10780
17.0428 17.1246 1950
18.0587 18.0822 485
18.0493 18.0808 2215
17.5032 17.5032 10124
16.3512 16.4504 7067
16.3472 16.4159 2668
16.0721 16.0721 20842
17.3727 17.4701 15444
15.3725 15.3725 2637
15.8553 15.8315 6490
17.2799 17.2823 46832
18.4208 18.4807 2746
15.7382 15.7382 11435
15.0763 15.1329 11107
15.6811 16.0694 11342
15.2008 15.2274 11669
15.9597 15.9597 5194
15.6321 15.8221 1919
17.1939 17.3168 10483
15.6804 15.8136 8752
17.3941 17.3954 9687
16.1704 16.3036 9891
16.1521 16.2195 1451
16.2482 16.2482 55397
15.6483 15.6414 12589
16.2126 16.22 1248
16.7157 16.7157 2543
15.5241 15.5337 11216
17.7274 17.8112 2059
16.861 16.8666 8611
17.5737 17.5737 28392
14.6218 14.6001 45626
15.9234 15.9506 9906
16.2399 16.2399 11216
16.4692 16.4692 6412
15.4328 15.469 4415
17.706 17.7091 10389
17.0363 17.0363 1606
16.5297 16.5297 16318
17.39 17.4378 3182
15.4952 15.6053 2449
