14.1443 14.1848 827
13.8111 13.7714 921
15.0117 15.0053 1233
13.0611 13.0651 1123
13.7246 13.7295 2122
12.6681 12.6603 2028
13.7962 13.804 468
14.7128 14.7948 734
13.472 13.6283 499
13.4321 13.4405 15990
13.5213 13.4699 1060
14.3772 14.3613 7472
14.1452 14.1452 998
14.7127 14.7127 952
15.5922 15.599 4228
12.0964 12.2362 219
12.3713 12.3332 1451
14.4184 14.4311 250
13.7979 13.8494 203
15.0489 15.0524 2356
13.1697 13.3178 421
11.7639 11.8148 468
13.5919 13.5919 593
12.4916 12.4916 1311
15.5991 15.6981 327
14.0314 14.1391 280
14.1151 14.1055 1092
13.1076 13.2414 452
13.0813 13.0431 1248
15.4508 15.4528 249
15.3435 15.4184 1107
13.5959 13.5982 1591
14.0745 14.0202 593
15.9911 15.9995 1248
14.1977 14.2459 982
13.76 13.6652 2558
13.5074 13.6432 624
13.4298 13.3121 998
14.2535 14.2934 468
14.9913 15.0792 998
14.2087 14.2011 515
14.0011 14.0128 437
14.0061 14.1863 592
12.9754 13.1525 889
13.8217 13.9627 2168
12.5833 12.6572 452
13.5494 13.5787 296
12.7944 12.8101 327
14.9809 15.1055 437
12.8885 12.8885 2044
13.2919 13.2914 8268
15.0239 15.1541 920
13.4793 13.6867 2668
13.5848 13.5904 796
14.319 14.3673 811
15.3721 15.3855 2028
13.5415 13.7489 7628
15.1708 15.3688 562
14.9746 15.1041 1778
15.2202 15.1878 577
15.7579 15.9478 406
14.975 14.9912 375
13.8699 14.0546 2471
13.1755 13.181 3428
12.787 12.7937 1092
16.0368 16.0865 265
14.0969 14.1016 218
13.0618 13.0543 5912
13.0551 13.1509 1046
15.761 16.0956 4165
13.5626 13.5977 640
13.6423 13.6757 1201
14.9296 14.9091 6942
12.8743 12.8743 1123
13.9913 14.1842 608
15.5173 15.4874 3026
15.5435 15.5166 1342
15.9052 16.0449 281
14.6405 14.6569 1560
15.5505 15.5656 312
15.4081 15.4238 390
15.8696 15.8659 904
14.8144 14.8178 436
14.3178 14.2644 3510
13.6591 13.6289 2246
13.5096 13.705 453
15.4562 15.472 640
13.9605 13.9605 3963
15.4503 15.7272 952
13.8652 14.0082 1389
13.6919 13.6919 671
13.3469 13.4305 702
13.8369 14.0221 2746
14.1712 14.1712 530
15.202 15.1966 952
14.2039 14.3122 468
14.1296 14.1241 4493
13.3409 13.3742 1825
14.219 14.2068 967
15.0734 15.1117 717
