17.9865 17.9865 203
18.0463 18.0463 203
13.0309 13.0309 312
16.6763 16.6763 577
17.3943 17.3946 171
18.2347 18.2347 437
15.8972 15.8972 249
19.4517 19.4517 172
16.3072 16.3072 765
16.8861 16.8861 499
18.6945 18.6945 234
16.1199 16.1199 546
17.6799 17.6799 4384
18.0908 18.0908 110
19.8401 19.8401 312
14.6511 14.6511 124
16.2191 16.2191 172
17.7678 17.7804 405
17.2332 17.2986 328
18.2682 18.2682 47
18.8926 18.8926 312
17.78 17.78 328
17.3825 17.4441 140
14.8261 14.8479 343
16.6519 16.6519 109
17.7069 17.7069 93
16.7108 16.7115 78
16.8006 16.8006 124
16.914 16.914 94
15.2931 15.2931 78
17.2028 17.2028 109
18.8153 18.8153 93
16.5543 16.6305 109
16.7607 16.7755 47
16.4595 16.4595 110
18.2341 18.2341 78
17.7275 17.7274 218
17.7541 17.7541 172
15.917 15.917 172
18.3313 18.3313 187
16.4719 16.491 47
16.4606 16.497 140
16.2084 16.2521 374
14.9812 14.9812 94
14.748 14.748 359
16.2983 16.2983 187
15.9115 15.9322 109
17.5475 17.5475 109
17.7645 17.7645 218
19.3764 19.3764 140
16.6714 16.6714 156
18.0188 18.0188 125
17.0176 17.0176 422
16.5166 16.5166 140
18.888 18.8982 124
16.1177 16.14 62
16.3333 16.3333 187
18.6235 18.6456 156
16.4879 16.4879 141
16.1526 16.1526 125
18.8119 18.8145 252
17.4897 17.4897 109
17.4293 17.4336 281
18.006 18.006 110
15.7872 15.7872 94
16.637 16.637 93
18.3247 18.3247 16
15.1304 15.1304 203
18.8185 18.8185 156
16.6915 16.6915 359
15.3885 15.3885 1466
17.4562 17.542 515
17.4982 17.4983 234
18.1147 18.1147 187
16.3795 16.3795 234
18.3291 18.3291 250
18.8973 18.9088 297
18.8883 18.9478 250
17.3475 17.3676 468
13.6632 13.6632 203
17.3736 17.3736 297
17.5865 17.5865 250
17.8433 17.9302 671
14.9432 14.9432 156
18.7632 18.7776 297
18.0182 18.0182 172
16.0642 16.0642 141
17.2642 17.2642 765
16.9764 16.9764 218
17.1812 17.1888 795
18.0018 18.0018 328
16.4559 16.4591 546
16.6021 16.6194 499
17.144 17.144 733
19.5762 19.6423 1280
16.4253 16.4348 203
18.0878 18.1106 265
15.544 15.678 172
18.8055 18.8055 1263
18.2021 18.2021 327
