15.2255 15.1772 5510
13.6417 13.6417 4337
14.8834 14.8837 86518
13.262 13.2624 9048
15.4451 15.4604 237720
15.3326 15.3326 2294
14.9289 14.913 7925
14.2855 14.2281 46693
14.8295 14.7885 9407
15.4865 15.4829 68664
15.1487 15.1601 37755
15.6935 15.7087 20717
15.7343 15.7022 141566
13.9675 13.9413 62130
15.2294 15.2294 191630
12.7293 12.7293 17384
14.8205 14.8164 12636
13.9513 13.996 1484
15.1648 15.1753 63165
15.4113 15.4131 8144
15.901 15.767 2745
15.5195 15.5215 43963
16.0407 16.0353 10505
13.7401 13.8087 34991
13.8702 13.8644 57143
15.0172 14.9316 5709
14.7305 14.6961 5226
14.4854 14.4782 8790
15.6834 15.6637 12137
14.2868 14.2908 55630
15.7785 15.7934 1669
13.6659 13.6723 10671
15.9375 15.9375 9941
14.4133 14.3903 24461
15.4395 15.4355 10608
16.0324 15.9992 9001
15.1842 15.1868 19906
13.6392 13.6392 4524
16.5114 16.5157 39125
16.1905 16.1905 161699
14.9064 14.9064 74366
13.7753 13.7747 19952
15.71 15.71 21138
15.4886 15.4622 20545
15.9005 15.7559 5678
15.8551 15.8575 21878
14.1974 14.1853 4805
15.3899 15.3899 2028
15.4686 15.4226 5913
16.774 16.7727 1560
14.658 14.716 733
15.3912 15.3912 2527
15.124 15.124 49609
13.9459 13.9957 44945
14.3932 14.4175 651317
15.0864 15.086 9516
14.652 14.6916 36255
15.9584 15.9495 1685
15.4182 15.3936 7504
14.6475 14.6497 19734
14.6426 14.6965 2808
17.1558 17.1951 6536
16.3176 16.3176 13384
16.2528 16.1179 6537
15.9862 15.9802 29409
14.4967 14.456 14461
15.8856 15.8914 10342
14.8512 14.8512 20311
15.2963 15.2921 16161
16.394 16.4307 28720
15.0627 15.0627 4040
14.5184 14.5087 1497
14.9508 14.9508 8159
14.8141 14.802 30190
16.7353 16.7074 37315
14.837 14.8404 58033
14.9954 14.9819 28485
13.2512 13.2347 50686
13.8317 13.8717 56612
11.9697 11.9565 13557
14.9908 14.9566 16630
14.2725 14.2725 67689
16.4735 16.4134 361426
15.7935 15.7185 11876
14.7947 14.7947 3167
15.3664 15.3768 10234
15.8548 15.854 9470
14.1032 14.1076 2277
16.0681 16.0677 288001
15.8631 15.8427 2684
17.092 17.1075 8975
14.6755 14.6755 69069
13.336 13.3361 22666
15.2343 15.2268 1935
14.8403 14.7877 23518
14.9328 14.9328 15675
16.9976 16.9996 15709
15.7799 15.7659 1888
16.1154 16.0646 12948
15.5359 15.5314 23572
