15.728 15.7056 3837
16.4692 16.477 1576
19.2707 19.2733 358
17.7993 17.8185 187
14.9273 14.9275 8939
14.9012 14.8859 4103
14.1122 14.0968 5382
14.4818 14.4858 1232
15.1124 15.1124 3042
18.4218 18.4226 2949
15.4969 15.4935 1030
15.2185 15.2184 670
16.0877 16.0877 608
15.9568 15.9568 686
15.8646 15.8926 1139
14.1804 14.1804 1092
15.2637 15.2437 749
15.9953 16.2566 812
18.0843 18.2041 562
14.3365 14.3398 1373
15.7804 15.7804 515
16.4618 16.4674 827
13.7743 13.7984 546
15.7934 15.7975 546
14.3441 14.3542 1029
15.505 15.4575 359
14.7148 14.7222 437
18.4301 18.4472 265
13.3909 13.4064 6068
15.5187 15.4855 5741
16.5515 16.5672 1170
16.1716 16.1845 6427
15.7833 15.7513 4758
13.2953 13.2697 1201
14.4818 14.526 6708
18.7725 18.7725 1061
14.8124 14.8124 1280
16.1856 16.1856 577
20.534 20.9018 312
15.5871 15.5882 640
15.7899 15.7954 328
14.9905 14.9905 281
15.6616 15.6687 1310
15.2819 15.2656 795
15.9138 15.9128 733
14.3263 14.3228 4352
15.729 15.7331 3026
15.3799 15.3799 3479
15.9371 15.9371 1264
15.2593 15.2593 1123
15.107 15.1424 3089
15.589 15.589 5336
15.8341 15.8191 3775
15.8409 15.8612 780
15.8791 15.8931 5132
15.7706 15.7145 4711
12.7261 12.7261 795
14.7063 14.8084 655
17.3876 17.3893 6552
16.9777 16.9794 422
15.2173 15.2173 1092
14.807 14.807 780
16.5195 16.5201 1716
16.5182 16.5686 577
14.6092 14.6239 1825
15.3229 15.3229 4430
14.9352 14.9063 936
15.659 15.6904 4743
16.3949 16.4249 437
15.3703 15.3744 500
15.4304 15.4191 3417
16.5186 16.5077 5351
15.0959 15.0959 2558
15.6664 15.7094 374
13.3472 13.3807 546
15.6985 15.6934 10062
15.6406 15.6406 437
15.7058 15.7295 468
15.7507 15.7507 3276
16.5956 16.5981 359
14.919 14.919 8783
13.8293 13.8396 811
17.9349 17.9632 453
16.9024 16.9036 968
14.0988 14.0988 1779
15.8257 15.8257 2169
14.8215 14.8215 203
17.922 17.9105 858
20.6307 20.6458 172
13.8033 13.7838 1763
15.8183 15.8401 297
14.3825 14.3825 297
18.2432 18.2579 9735
12.8858 12.869 1138
15.6084 15.6588 827
15.3455 15.3174 6521
15.2346 15.2346 15896
15.3627 15.3599 4930
16.2204 16.2214 952
16.1394 16.2658 687
