16.1057 16.1056 1558
16.5201 16.5201 2172
17.2043 17.2043 1950
15.1552 15.1969 1029
16.8416 16.9095 2980
15.1681 15.2266 1591
16.1953 16.1953 327
16.7846 16.7846 812
15.7823 15.7823 577
16.1221 16.1221 13463
15.7196 15.7196 4805
17.0759 17.1207 10011
17.0063 17.0063 15086
17.0582 17.0582 1513
18.2061 18.2061 3930
14.2875 14.2875 1030
14.7262 14.7262 14745
16.2261 16.2261 546
16.4339 16.4339 483
18.0165 18.0166 5519
15.6283 15.5718 2761
13.6924 13.6817 2340
16.2011 16.2011 538
15.267 15.2671 4493
18.0845 18.0845 1373
16.5304 16.5451 1014
16.5345 16.6 890
15.4615 15.4713 624
15.4616 15.4616 1747
17.4842 17.4842 483
17.9087 17.9087 3588
15.7415 15.6892 4680
16.4572 16.4572 1373
18.7538 18.7538 4930
16.7101 16.7101 1638
16.0816 16.0816 3526
15.9961 16.0153 795
15.7355 15.7023 3385
16.8615 17.0035 718
17.339 17.3421 1560
16.4842 16.4842 998
16.4788 16.5294 1029
16.5495 16.5495 1810
15.4934 15.4871 1529
16.0463 15.955 3823
14.8325 14.8889 843
15.5934 15.5934 374
14.4824 14.5178 312
17.9058 17.9198 3229
15.2281 15.228 7225
15.7788 15.7836 3837
17.4657 17.6303 3027
16.0129 16.0129 4805
15.6242 15.6242 936
16.6125 16.6125 1147
18.2618 18.3157 2818
16.1338 16.2371 12604
18.172 18.1733 5819
17.5544 17.7487 1852
17.471 17.3915 1700
18.5116 18.5116 702
16.9624 16.9624 1451
16.5558 16.6039 4399
15.3717 15.4227 17051
14.9659 14.9705 5819
18.4001 18.4006 718
15.8767 15.8874 468
15.877 15.8814 3229
15.5754 15.6198 1529
18.5059 18.5059 14789
15.8597 15.8758 1747
16.2433 16.2433 4321
17.2734 17.2742 5070
14.7039 14.7167 2527
16.223 16.2345 874
18.3349 18.3349 2901
18.3175 18.293 6489
18.8434 18.8433 2137
17.357 17.4292 8378
17.673 17.6729 218
17.3707 17.3707 1108
18.1685 18.1685 1451
16.982 16.9829 1295
16.9756 16.9756 1747
16.0198 16.0398 1263
16.337 16.337 874
17.763 17.7954 3136
16.1264 16.1264 1139
18.5196 18.612 1108
16.2649 16.3247 6365
15.9028 15.9028 1638
15.9767 15.9767 406
16.6505 16.6562 13338
16.8326 16.8326 1701
17.8417 17.8417 1295
16.7846 16.8017 734
16.6614 16.6673 11450
15.5992 15.5992 4788
16.8823 16.8842 1092
17.5457 17.5457 655
