15.6461 15.632 4041
14.1405 14.1441 3354
15.3819 15.381 82442
13.6419 13.642 8954
15.9098 15.9019 101837
15.7422 15.6886 7862
15.288 15.293 7519
14.6752 14.6361 12433
15.1983 15.1713 4227
15.9207 15.8995 59514
15.6177 15.6761 15725
16.1762 16.261 7909
16.3371 16.3524 29702
14.3785 14.3785 14898
15.9281 15.9281 59046
13.181 13.1579 16505
15.1594 15.1631 942
14.3564 14.3604 1312
15.6324 15.6316 39711
15.7411 15.7411 9578
16.2843 16.2223 3994
16.0084 16.0153 20093
16.4703 16.4916 4087
14.2634 14.2646 13401
14.3173 14.3111 37238
15.2789 15.2318 6349
15.1486 15.1486 8985
15.0297 15.0297 5210
16.191 16.191 12542
14.842 14.8959 19999
16.0019 16.0043 1669
14.1745 14.2169 6240
16.5382 16.7326 4696
14.8558 14.8563 8752
15.7037 15.7063 4040
16.5397 16.5245 13229
15.5128 15.5547 6147
14.1555 14.1555 9110
17.1397 17.1397 48516
16.7613 16.7629 27019
15.381 15.3724 8377
14.211 14.2042 11949
16.1899 16.1639 32401
15.9012 15.9233 8159
16.1884 16.201 10436
16.4373 16.5347 16598
14.487 14.5221 5523
15.8137 15.8375 1701
15.8567 15.8168 1264
17.2238 17.2006 1294
15.036 15.0768 1576
15.7472 15.7472 3713
15.5839 15.5454 18052
14.3849 14.3859 16126
14.9185 14.9165 173893
15.5279 15.5421 1966
15.2407 15.2351 33327
16.3124 16.3292 2106
15.937 15.9703 10858
15.2004 15.2278 13104
14.9576 14.9885 2028
17.4973 17.5104 7846
16.9487 16.9487 14181
16.508 16.508 6583
16.5342 16.5342 31075
14.9649 15.0117 6708
16.3776 16.2019 3370
15.3935 15.3839 6723
15.7661 15.7657 12449
16.9341 16.8874 13510
15.5227 15.5227 1606
14.817 14.817 3198
15.3361 15.4023 5335
15.1705 15.1699 23759
17.2249 17.215 14524
15.3546 15.3589 5991
15.5422 15.5947 12184
13.6975 13.6975 17706
14.3099 14.336 15070
12.3642 12.3641 12449
15.4629 15.4629 27503
14.8785 14.8502 11762
16.9249 16.9462 135105
16.2802 16.2493 11700
15.2193 15.2193 4196
15.886 15.9027 7410
16.3468 16.3655 8924
14.4133 14.4133 1498
16.7519 16.7255 213122
16.2322 16.2322 4134
17.5117 17.5117 5803
15.2537 15.2552 44164
13.954 13.9577 19016
15.5364 15.5121 1357
15.2806 15.2823 9313
15.435 15.435 9282
17.6603 17.6944 10093
16.2482 16.2535 1139
16.6171 16.5121 10094
15.9698 15.9722 9313
