14.8358 14.864 13509
16.1749 16.1723 14445
15.1232 15.0595 44605
14.8238 14.8473 56520
13.604 13.5997 22878
14.3657 14.2926 5523
14.1574 14.1941 42726
14.1721 14.1721 38035
14.6029 14.4296 97657
13.9726 13.9726 17632
14.9943 14.9897 100513
14.8022 14.804 96873
15.3776 15.3346 981501
15.1439 15.0458 73573
16.9782 16.96 22495
16.0263 15.9974 46036
14.5055 14.5161 1263
14.3517 14.3157 11653
14.6415 14.6652 16820
15.0935 15.0965 144191
15.317 15.3218 13759
16.3386 16.2839 11466
14.3341 14.3341 50715
15.5106 15.5012 48464
15.0405 15.0644 28419
15.2806 15.2122 13174
14.1104 14.1149 4775
15.5589 15.606 14416
15.4428 15.3814 1591
14.0303 14.0121 105114
12.7922 12.77 81799
16.4741 16.6359 1014
15.4671 15.4062 54843
13.6614 13.6753 33368
14.8704 14.8516 397438
15.2043 15.1948 223469
15.4494 15.436 84350
14.5474 14.6004 161991
14.5664 14.5614 18096
12.7922 12.7918 4758
15.3784 15.3186 18642
15.7849 15.7849 55427
15.3881 15.3851 110744
15.0843 15.0721 21793
14.7404 14.6804 57127
16.4259 16.3902 8705
13.8549 13.8938 27409
14.2431 14.1011 51215
14.6018 14.5584 97968
16.1695 16.1409 44569
14.0375 13.9985 41480
15.3482 15.297 52540
15.5528 15.5198 252970
14.5714 14.4725 70262
15.0042 14.9045 10000
13.9601 13.886 130963
16.0905 16.049 11887
16.2335 16.2007 257478
14.5613 14.5202 83725
15.3858 15.3708 21279
16.9493 16.9493 2247
16.6895 16.6896 1934
16.1014 16.0577 58734
15.2357 15.2225 2558
15.267 15.28 10202
14.6513 14.6841 27066
15.814 16.2075 42104
14.4337 14.349 9313
14.7268 14.6174 29188
15.8597 15.8333 247011
17.1835 17.1811 12262
14.6096 14.5867 75972
13.4856 13.4856 139215
14.576 14.553 56098
13.7723 13.8815 641567
14.8471 14.7966 17893
14.547 14.4726 14227
15.8388 15.7792 54881
14.1824 14.1728 50950
16.2455 16.1075 9298
15.0229 14.9872 121103
15.0704 15.0056 7379
14.8004 14.7725 385524
14.2809 14.3005 23228
14.887 14.887 1763
15.5164 15.4529 3479
14.0726 14.0632 97890
16.229 16.224 15351
15.1308 15.2067 98920
15.9889 15.9517 21341
13.4061 13.4034 51948
14.5896 14.5563 128607
15.2881 15.2358 9891
15.1399 15.1196 80496
14.0675 14.099 37471
16.1408 16.1546 53321
15.394 15.3055 11824
15.0733 15.0858 26863
15.6401 15.633 26707
14.1549 14.1548 15460
