12.4523 12.5847 265
13.4972 13.5036 203
13.8554 13.8557 94
14.875 14.8754 140
15.4404 15.4484 109
14.1866 14.1875 78
17.2643 17.338 281
10.2875 10.3028 390
12.7775 12.8023 406
13.2506 13.2537 374
15.5179 15.5692 109
15.848 15.8482 141
14.6756 14.7135 203
13.5001 13.5191 94
15.1059 15.1175 281
15.2627 15.2886 218
14.61 14.6756 94
14.5015 14.7029 281
17.055 17.0549 109
15.159 15.1595 250
14.2347 14.2351 125
13.6435 13.7116 312
14.0054 14.0346 406
15.3683 15.4139 140
14.7367 14.7991 187
11.7035 11.7636 187
15.7346 15.7556 172
14.6238 14.6238 63
14.5727 14.5834 124
15.6644 15.7003 422
12.5533 12.5533 187
14.4348 14.5795 390
17.1749 17.1857 125
15.1269 15.1392 78
10.8866 10.9361 483
15.8273 15.8273 47
16.1962 16.1962 109
15.8052 15.8103 265
14.2999 14.2999 202
14.5657 14.5691 172
12.5516 12.6379 202
16.9294 16.9647 125
16.7996 16.9145 78
15.264 15.2645 93
15.6464 15.6587 94
19.4872 19.501 172
14.6583 14.6583 468
12.2959 12.3131 218
15.9231 15.9304 125
18.8775 18.8794 188
14.5464 14.5667 265
15.0142 15.0461 78
17.3414 17.3551 140
14.0637 14.0637 421
13.7229 13.7353 187
14.3297 14.3492 125
13.0002 13.1059 172
15.1718 15.1718 124
14.9108 14.9475 328
13.4157 13.4157 126
16.3177 16.3634 109
15.7536 15.7632 140
13.5137 13.5159 203
15.4477 15.5307 312
13.3001 13.3026 78
13.8112 13.9415 593
15.6636 15.667 187
12.7594 12.7785 94
18.3663 18.3789 187
13.8982 13.9122 156
13.8797 13.8976 234
14.6953 14.7909 406
15.5519 15.5895 234
16.6785 16.6793 78
13.4775 13.4775 94
12.2623 12.2718 297
16.073 16.0744 141
16.1781 16.1781 63
14.7873 14.9017 375
16.2086 16.2441 109
12.7475 12.8239 125
15.7356 15.7714 156
11.521 11.5289 156
16.6187 16.7195 312
16.5346 16.5507 156
16.9428 16.9428 47
14.9026 14.9026 359
14.3146 14.3228 140
13.594 13.6087 218
14.8555 14.8555 172
18.4663 18.4664 31
16.7083 16.7259 188
14.4686 14.4686 94
19.4522 19.4523 32
13.3301 13.453 125
15.9408 15.9975 296
13.9949 14.0079 390
14.9451 14.9479 110
14.7719 14.7836 250
13.4383 13.441 62
