14.2779 14.3346 484
12.8639 12.8639 827
14.0567 14.0971 4337
12.3437 12.3577 1045
14.6925 14.6925 9313
14.4123 14.4137 593
14.0112 14.0112 2699
13.5901 13.5692 4789
13.8485 13.8485 1014
14.7252 14.7899 2184
14.252 14.252 2215
14.9428 14.9356 2231
14.799 14.8129 6271
13.2676 13.2676 10951
14.4068 14.3926 2636
12.0633 12.0947 4477
13.7316 13.7316 1778
13.0159 13.0159 1514
14.3978 14.436 7456
14.4454 14.4454 686
14.8844 14.829 702
14.7611 14.7145 2730
14.9538 14.9538 1263
12.975 12.975 3651
13.056 13.0461 4586
13.9866 14.0006 843
13.8612 13.8743 1092
13.7221 13.7379 2277
14.6836 14.7098 1107
13.439 13.439 3276
14.8115 14.8285 1045
12.846 12.846 3058
15.0522 15.0522 1544
13.7092 13.7043 2262
14.4941 14.4982 483
15.1565 15.1565 2574
14.3567 14.3567 1435
12.919 12.919 2106
15.5692 15.5368 1981
15.0432 15.1145 5944
14.1832 14.1832 1607
13.084 13.1386 2590
14.8956 14.887 2122
14.5507 14.6625 1076
14.844 14.9853 671
15.0369 15.0369 2558
13.2367 13.2367 1810
14.6817 14.6889 3323
14.5158 14.5158 1451
15.6579 15.7719 811
13.5895 13.5895 343
14.4596 14.4703 515
14.2944 14.2857 5148
13.2651 13.2201 2589
13.6011 13.6011 14945
14.2953 14.359 671
13.9048 13.897 6989
14.9956 15.1007 374
14.6669 14.5578 2387
13.6943 13.7045 858
13.8324 13.7523 422
16.3011 16.3011 468
15.2688 15.2652 374
15.3547 15.3509 577
15.12 15.12 874
13.6445 13.6445 1747
15.1031 15.0702 1591
13.9384 13.9384 2075
14.4035 14.4267 1139
15.6482 15.6487 9641
14.1022 14.0835 546
13.6446 13.6446 437
14.0007 14.048 1856
13.8326 13.8618 1529
15.7506 15.7397 2761
14.082 14.0926 5647
14.2107 14.2396 1295
12.5379 12.5379 1138
13.1109 13.142 2761
11.3297 11.3516 655
14.1873 14.2053 2262
13.5939 13.5906 3915
15.5806 15.5768 6474
14.9809 14.9822 1404
13.8032 13.8031 422
14.5716 14.5869 952
15.0056 14.9968 2340
13.2743 13.2743 484
15.2085 15.2085 9048
14.9125 14.8684 1357
16.0217 16.0217 873
13.9743 13.9784 2480
12.6016 12.6016 1638
14.1737 14.1911 561
13.8752 13.8752 2511
14.174 14.1813 1966
16.0629 16.0287 1420
14.7048 14.7106 920
15.2113 15.2084 1732
14.5404 14.5404 2792
