15.0626 15.0626 281
15.9284 15.9284 359
18.043 18.043 172
16.3535 16.3535 156
14.5526 14.5987 858
14.4806 14.4806 562
13.4923 13.4923 952
13.9954 13.9954 718
14.755 14.755 312
17.773 17.773 468
14.7693 14.7693 249
14.3709 14.4155 421
15.4217 15.4217 328
14.8137 14.8137 234
15.6621 15.6845 655
13.7675 13.7675 686
14.7959 14.7959 219
15.1114 15.1114 327
16.7122 16.7122 94
13.9963 13.9963 608
14.822 14.822 171
15.4122 15.4122 172
13.2914 13.2914 421
15.049 15.049 452
13.5562 13.5562 187
15.0701 15.0701 421
13.7715 13.811 110
17.0897 17.0897 78
12.9821 12.9821 344
14.9491 14.9491 624
15.6015 15.6015 250
15.4757 15.4757 561
15.4749 15.4803 484
12.7094 12.7094 249
14.2383 14.2534 437
17.6028 17.6044 156
14.2685 14.2685 406
15.5569 15.7455 281
19.496 19.496 125
15.2759 15.2759 405
15.0666 15.0666 187
14.2301 14.2301 156
15.1093 15.1645 265
14.7151 14.7151 265
15.3644 15.3704 437
13.9709 13.9709 484
15.2159 15.2805 577
14.8488 14.8488 328
15.3138 15.3138 281
14.7824 14.7824 327
14.6635 14.6782 748
15.3918 15.4013 1061
15.4168 15.4904 234
15.4679 15.525 296
15.669 15.669 1014
15.5189 15.5189 938
12.502 12.5035 624
13.9851 13.9851 374
16.9547 16.9903 609
15.8286 15.9031 202
14.8499 14.8499 1139
14.2025 14.2025 375
15.5819 15.6227 234
15.598 15.598 234
14.0097 14.0101 812
14.9873 15.0747 421
14.4493 14.4493 593
15.3277 15.3784 312
15.7941 15.7941 281
14.7805 14.7805 437
15.2084 15.2084 1264
15.9519 15.9634 780
14.7845 14.7898 671
15.0909 15.0909 187
13.0523 13.0523 187
15.4936 15.4936 889
14.6994 14.6994 171
14.9284 14.9284 187
15.4115 15.48 296
15.5836 15.5836 124
14.5381 14.5655 640
13.3872 13.3872 203
17.0433 17.0433 297
15.7336 15.7346 312
13.7279 13.7863 499
15.1287 15.1287 562
14.3924 14.3924 344
16.8114 16.8114 187
19.2551 19.3052 125
13.1815 13.1815 530
14.6967 14.6967 203
13.428 13.428 125
17.52 17.52 390
12.388 12.388 499
14.9965 14.9965 390
14.7912 14.7912 406
15.0085 15.0135 718
14.9912 15.0033 655
15.2532 15.2643 328
15.6392 15.6392 483
