15.5056 15.4601 874
15.4828 15.4828 1716
16.5533 16.5677 3432
14.5028 14.5325 6926
15.5969 15.5993 24102
14.3201 14.3207 9407
15.4014 15.411 671
16.1837 16.1264 2730
15.0298 15.062 1388
15.0872 15.0788 26754
14.9518 14.952 7098
16.0995 16.1008 14851
15.9513 15.9513 12075
16.2066 16.2027 2558
17.1924 17.2956 11420
13.483 13.4829 452
13.8367 13.9184 13136
15.757 15.757 390
15.381 15.3943 452
16.8805 16.9514 23103
14.8352 14.836 2824
12.9652 12.9652 5258
15.1578 15.1695 1123
14.2034 14.2034 43711
17.1989 17.195 1748
15.5478 15.5478 1497
15.7184 15.6759 1684
14.6754 14.6754 3946
14.6143 14.6298 3650
16.9501 16.95 765
17.0354 17.0703 5819
14.9482 14.9482 7363
15.5892 15.5944 3651
17.7236 17.7981 4614
15.731 15.7437 8720
15.2783 15.3033 3993
15.1332 15.1397 1077
14.9112 14.9408 7940
15.8695 15.8695 3323
16.4975 16.4974 1734
15.6749 15.6517 1045
15.6863 15.583 6958
15.6258 15.5463 17878
14.5064 14.5073 6416
15.1995 15.2098 6801
13.9887 13.9887 3447
14.969 14.9864 718
14.0397 14.0754 484
16.6796 16.6635 6131
14.3575 14.375 3666
14.9601 14.942 10499
16.615 16.615 7457
15.0503 15.0477 28710
14.9376 14.9376 936
15.7944 15.7994 1311
17.2556 17.2598 5772
15.2482 15.333 44398
17.0627 17.0627 2684
16.632 16.6288 10296
16.5321 16.5321 1888
17.5916 17.5027 1295
16.3141 16.3141 5944
15.6121 15.623 16707
14.6193 14.5669 40014
14.1548 14.1376 3432
17.7266 17.7667 2793
15.4909 15.5238 780
14.8698 14.878 19375
14.6034 14.6034 5445
17.6441 17.6718 11856
14.9649 14.9691 7519
15.236 15.236 9547
16.3822 16.3822 10702
14.1848 14.1867 9407
15.5579 15.5579 4415
17.29 17.4721 8221
17.2742 17.291 10654
17.6894 17.699 2808
16.3749 16.3935 21107
17.1339 17.1383 702
16.6605 16.6605 1623
17.4489 17.449 6380
16.1633 16.166 2699
16.0061 16.0206 11326
15.1227 15.1227 4664
15.2131 15.2131 1950
16.9352 16.9352 12979
15.4588 15.4336 6927
17.3007 17.2744 6490
15.3355 15.3168 8425
15.1937 15.1937 1248
15.0061 15.0423 733
15.5534 15.5841 16365
15.9318 15.9318 1139
16.9293 16.9081 7317
15.7819 15.7817 2839
15.7781 15.8133 28626
14.7682 14.7682 10436
15.8786 15.8818 4727
16.514 16.5347 983
