16.6709 16.6709 890
17.9835 17.9835 1232
20.0931 20.0931 187
18.1349 18.1349 124
16.2785 16.2785 1684
16.2735 16.2735 1388
15.3883 15.4588 1310
15.7682 15.7844 639
16.5984 16.6302 687
19.9872 20.006 998
16.6048 16.6173 561
16.309 16.309 203
17.1413 17.1413 250
16.6633 16.6633 359
17.495 17.4964 2746
15.3932 15.3932 608
16.5673 16.5673 378
17.0894 17.1185 468
18.6845 18.7012 125
15.6869 15.8031 328
16.7743 16.7743 281
17.4701 17.4701 156
14.8625 14.8625 297
17.0538 17.0538 764
15.5226 15.5226 686
16.7073 16.7073 546
15.4299 15.479 125
18.9441 18.9441 156
14.6798 14.6798 530
16.619 16.6342 468
17.7692 17.8124 156
17.4992 17.4992 686
17.3846 17.3846 3292
14.3506 14.3506 531
15.7333 15.7467 687
19.7884 19.7888 297
16.0453 16.0453 406
17.0572 17.0572 172
21.7156 21.7754 530
17.1064 17.1064 280
16.9058 16.9731 109
15.8876 15.9208 249
16.8175 16.8175 172
16.6846 16.6846 671
17.0232 17.0232 267
15.5335 15.5335 580
16.8048 16.8048 492
16.688 16.688 967
17.2044 17.3019 405
16.6182 16.6581 842
16.565 16.565 1029
17.206 17.2142 967
17.3895 17.4954 546
16.9847 16.9847 593
17.3121 17.3121 3416
17.1608 17.1608 874
13.9104 13.9104 671
15.7007 15.7538 593
18.8484 18.8901 530
17.7701 17.7701 234
16.4844 16.5883 1014
16.0391 16.0391 328
17.5287 17.5287 468
17.453 17.453 281
15.5329 15.57 718
16.8052 16.8187 1388
16.2095 16.2665 562
17.1183 17.2038 1107
17.6705 17.6735 593
16.6245 16.6245 281
16.8179 16.8866 795
17.8979 17.9294 609
16.3925 16.4375 421
17.183 17.1862 343
14.6945 14.7111 842
17.3416 17.3416 1341
16.3636 16.3636 140
16.703 16.703 125
17.3027 17.4777 531
17.2743 17.2743 110
16.3409 16.3856 1045
15.024 15.024 500
18.8211 18.8211 250
17.6792 17.7296 219
15.4125 15.4125 983
16.8507 16.8507 452
16.5468 16.5923 312
18.8867 18.8867 156
21.2036 21.2036 109
14.7844 14.8264 1498
16.5934 16.5934 110
15.3006 15.3006 156
19.7862 19.8041 1654
13.9479 13.9479 655
16.6903 16.6903 296
16.6147 16.7096 1030
16.8504 16.8504 3651
16.6131 16.6131 1248
17.4265 17.4265 312
17.54 17.54 453
