16.645 16.6449 328
17.3599 17.3599 484
12.0996 12.0996 920
15.6356 15.6974 187
16.8439 16.8561 359
16.6585 16.6585 312
14.9863 15.1121 141
18.3798 18.3798 203
14.8335 14.8999 468
15.2805 15.2805 421
18.0794 18.1014 187
15.1506 15.1506 515
15.8543 15.8646 4430
17.4924 17.4985 124
18.5264 18.6168 484
13.56 13.56 468
15.5459 15.6369 187
16.2431 16.1986 2699
15.8542 15.8376 2106
17.8881 17.9474 110
17.2525 17.2542 920
16.8144 16.9789 265
16.71 16.7443 359
13.7153 13.7425 530
15.5723 15.5723 624
16.4805 16.8564 109
16.0458 16.0482 437
16.1895 16.1895 203
15.8757 15.9869 187
14.2257 14.2265 187
16.5114 16.5191 577
17.785 18.0023 266
15.2937 15.2939 468
15.8744 15.8753 62
15.5686 15.5721 249
17.5161 17.5161 203
16.6766 16.6771 734
16.4618 16.4618 297
14.5168 14.5751 733
17.7119 17.7195 406
16.2366 16.2486 172
15.3994 15.3994 375
14.5467 14.5531 967
14.2776 14.279 187
13.6321 13.6321 1045
15.0744 15.1004 702
15.0856 15.2313 202
16.2358 16.2358 328
16.72 16.7199 452
18.7455 18.8577 452
15.5415 15.5957 640
16.5901 16.5901 390
15.9292 15.9292 593
15.748 15.7638 811
17.8641 17.91 219
15.5193 15.6142 124
15.4367 15.4621 265
17.7213 17.9253 203
15.0822 15.0822 936
14.9781 14.9781 297
17.6455 17.816 250
16.8919 16.9643 110
16.03 16.03 826
17.1021 17.1295 312
14.9366 14.9366 125
15.9174 16.0823 78
18.3025 18.3025 31
14.0697 14.0697 390
18.3606 18.3639 328
15.9965 15.9965 281
14.2115 14.2115 2044
16.1209 16.1209 234
16.1887 16.2176 889
16.7334 16.7492 218
15.4431 15.4595 374
17.3844 17.6353 125
18.0204 18.0815 780
17.8696 17.8726 483
15.8058 15.8058 1685
12.4772 12.5768 344
16.5079 16.5587 359
16.6791 16.6791 327
16.1613 16.1613 4430
13.6645 13.6645 328
18.2559 18.3404 453
17.0084 17.0089 562
15.4478 15.4514 188
15.4291 15.4291 1295
16.0759 16.0924 624
16.099 16.0792 1685
16.816 16.8178 343
15.0995 15.1068 1389
15.5795 15.5795 749
16.026 16.026 951
18.0391 18.0391 2324
15.6228 15.6439 468
16.5598 16.5672 390
14.583 14.5902 187
17.2952 17.3043 4524
17.1215 17.3074 265
