16.0411 16.0411 203
15.9572 15.9571 140
11.6608 11.6608 249
14.8528 14.8627 343
15.544 15.544 109
16.094 16.094 140
14.1228 14.1228 171
17.5647 17.5647 93
14.3332 14.3331 343
14.9517 14.9517 218
16.8234 16.8234 109
14.3113 14.3113 141
15.6417 15.7402 687
16.1077 16.1077 172
17.5321 17.5635 141
13.2421 13.2913 156
14.5557 14.5557 187
15.44 15.44 172
15.3468 15.3468 421
16.2581 16.2581 94
16.8802 16.898 296
15.6961 15.6961 250
15.5768 15.5768 125
13.0148 13.0149 125
14.7811 14.7811 297
15.5053 15.5053 94
14.7179 14.7179 94
14.77 14.77 93
14.8996 14.8996 140
13.4502 13.4502 172
15.3927 15.3927 125
16.7115 16.7115 140
14.6437 14.6437 125
14.964 14.964 62
14.5894 14.5894 140
16.7688 16.7688 125
15.6763 15.6763 125
15.908 15.908 172
14.0526 14.0526 140
16.4971 16.6946 109
14.566 14.566 124
14.5752 14.5752 124
14.2954 14.2954 327
13.3642 13.3661 234
13.1842 13.1842 452
14.7316 14.7516 219
14.0304 14.0304 156
15.5286 15.5286 249
16.0165 16.0165 171
17.5739 17.5783 109
14.7574 14.7574 140
16.0929 16.093 327
15.0844 15.2222 218
15.018 15.0421 281
16.9782 16.9782 219
14.3498 14.3498 93
14.6875 14.6875 172
16.4502 16.4502 171
14.6166 14.6166 328
14.3009 14.3267 156
16.6397 16.6655 187
15.5796 15.5796 93
15.5991 15.5991 405
15.9997 15.9997 125
14.0175 14.0175 140
14.7299 14.7299 109
16.3843 16.3843 47
13.5855 13.5855 203
17.0991 17.0991 156
14.7978 14.8192 93
13.7167 13.7167 344
15.4681 15.4681 94
15.6034 15.6034 188
15.9424 15.9424 110
14.7419 14.7419 390
16.2455 16.2455 124
16.8596 16.8596 187
16.8961 17.034 343
15.161 15.161 187
11.8279 11.864 125
15.5367 15.5367 125
15.678 15.678 156
15.6355 15.6355 250
13.1096 13.1096 93
16.8462 16.8462 109
15.9304 15.9304 163
14.231 14.231 78
15.2025 15.2025 281
15.1803 15.1803 234
15.3799 15.3932 281
16.0412 16.0412 281
14.4246 14.4375 203
14.637 14.637 250
15.2872 15.2872 296
17.402 17.4023 359
14.6707 14.6707 156
15.7982 15.7982 156
13.8186 13.8186 94
16.7982 16.7982 328
16.0158 16.0158 172
