12.6268 12.6268 78
13.5058 13.5058 47
13.8557 13.8557 32
14.8754 14.9333 47
15.4484 15.4484 46
14.1866 14.1875 31
17.4372 17.5112 63
10.3349 10.3465 93
12.8733 12.8802 140
13.3354 13.4086 78
15.5692 15.5692 62
15.8602 15.9676 63
14.7206 14.7206 156
13.5191 13.5306 47
15.1967 15.1967 93
15.3017 15.3017 109
14.6756 14.6756 62
14.7029 14.7029 109
17.0594 17.0692 47
15.2425 15.265 124
14.2348 14.2348 32
13.8155 14.0756 109
14.0768 14.0768 156
15.4633 15.4633 125
14.7819 14.7991 125
11.8051 11.8596 78
15.762 15.762 47
14.6238 14.6447 31
14.619 14.619 47
15.7271 15.7271 156
12.5755 12.5755 63
14.6512 14.6753 141
17.2838 17.3184 78
15.1296 15.1392 31
11.0323 11.0323 156
15.8273 15.8273 15
16.2312 16.2312 31
15.9245 15.9245 156
14.4846 14.4846 78
14.61 14.61 47
12.6379 12.7162 187
16.9711 17.0868 171
16.8788 16.9108 93
15.2901 15.2901 125
15.6572 15.6587 78
19.5098 19.5171 109
14.7941 14.7941 93
12.3848 12.4943 140
15.9305 15.9304 78
18.9046 18.9296 109
14.5667 14.615 140
15.0234 15.0461 62
17.3768 17.4869 62
14.0675 14.1437 125
13.7353 13.7353 187
14.3492 14.3492 109
13.1059 13.1138 109
15.1729 15.1729 78
14.9388 15.0403 125
13.4479 13.4479 78
16.3676 16.5527 109
15.7632 15.7632 140
13.5205 13.5205 93
15.5501 15.6214 280
13.3026 13.3026 62
14.0233 14.0233 515
15.7089 15.7089 343
12.7839 12.7839 188
18.369 18.3705 219
13.9122 13.9122 141
13.8976 14.0173 141
14.8128 14.8128 156
15.6275 15.6275 109
16.6793 16.6793 62
13.5575 13.5575 78
12.322 12.322 156
16.0885 16.0885 250
16.1781 16.1781 47
14.9225 14.9225 296
16.2441 16.2441 109
12.8085 12.8239 110
15.7603 15.9771 78
11.5314 11.5721 93
16.6929 16.7336 125
16.5464 16.5507 110
16.9428 16.9428 47
14.9564 14.9564 156
14.3317 14.3323 94
13.6087 13.6087 187
14.9116 14.9116 140
18.4663 18.4664 46
16.7832 16.7832 187
14.6227 14.6227 234
19.4522 19.4668 47
13.4847 13.4852 110
15.9839 16.0766 187
14.217 14.217 203
14.9555 14.9621 141
14.8026 14.9659 141
13.441 13.4522 63
