14.4779 14.4779 1029
15.4705 15.4789 687
14.7619 14.763 3135
14.3696 14.3696 873
13.3654 13.4725 2044
13.7142 13.7248 795
14.0093 14.0118 3572
13.9191 14.0986 3260
14.0812 14.0812 1513
13.3886 13.5697 483
14.8422 14.8422 1498
14.593 14.7074 3182
15.2163 15.2462 5710
14.8654 14.9077 1467
16.4446 16.4503 1341
15.8072 15.7742 1981
13.9425 13.9425 905
14.017 14.0824 999
14.2443 14.2443 1857
14.9566 14.9862 2714
14.9419 14.922 1840
15.7753 15.7753 1154
14.1371 14.1371 2605
15.2288 15.2608 1826
14.7748 14.8082 2059
14.9427 14.9045 1794
13.6595 13.6595 1232
15.1896 15.1896 2839
14.8017 14.8104 561
13.8797 13.9172 2902
12.394 12.4064 5054
15.3429 15.3522 280
15.1463 15.1463 1529
13.4988 13.4988 2060
14.7203 14.706 7176
14.9008 14.9383 7987
15.2198 15.3114 1232
14.4056 14.512 5725
14.2593 14.2593 531
12.6021 12.6746 390
14.9854 15.1463 749
15.4047 15.4047 1326
15.2767 15.3715 1560
14.4942 14.4942 702
14.3847 14.5044 1185
16.112 16.1675 2449
13.5573 13.5775 1435
13.8564 13.8464 6364
14.3747 14.398 2980
15.7608 15.7608 999
13.7577 13.7577 3417
15.0151 15.0269 1544
15.3419 15.3529 1810
14.3555 14.3749 1654
14.5039 14.5039 2683
13.6519 13.7038 2527
15.7781 15.8749 1108
15.9349 16.0048 3479
14.2388 14.3476 1685
14.985 14.985 1014
16.078 16.078 842
16.1355 16.1585 827
15.9546 16.0642 5335
14.7228 14.7228 1778
14.5999 14.6799 951
14.314 14.314 2278
15.4813 15.4801 2028
14.0127 13.9684 1014
14.452 14.568 1451
15.5395 15.5395 2979
16.7645 16.7891 889
14.2537 14.3502 1295
13.3908 13.4108 3152
14.3052 14.3693 982
13.6843 13.7209 7504
14.5302 14.5302 796
14.2193 14.2193 1138
15.5633 15.5633 3556
13.9691 14.0159 1966
15.6891 15.6891 764
14.6952 14.6952 2215
14.6445 14.6445 795
14.506 14.53 2464
14.0375 14.0084 1872
14.4863 14.4863 562
14.977 14.9881 718
13.8618 13.8478 3073
15.8663 15.8663 2605
14.7934 14.8793 2886
15.7069 15.7144 1544
13.2032 13.2788 2215
14.4174 14.4143 3994
14.8688 14.8688 1810
14.6357 14.6357 936
13.8786 13.9036 2979
15.9588 16.046 811
15.1475 15.1475 1529
14.8222 14.8398 2511
15.3255 15.3591 1060
13.8022 13.841 889
