14.0559 14.0999 468
14.9954 14.9908 514
13.3436 13.3805 406
15.0248 15.0248 3011
13.2867 13.3295 280
13.8026 13.8367 1123
14.1511 14.3899 921
14.6093 14.6484 188
13.3071 13.3188 780
15.2885 15.2889 437
13.7927 13.8251 1138
13.0455 13.0455 4633
14.4384 14.5533 374
14.2448 14.3192 452
14.7117 14.8302 437
14.6096 14.6095 281
13.1515 13.4185 2277
12.9916 12.9916 562
14.6288 14.616 1216
14.0553 14.2094 655
12.845 12.9583 296
13.5911 13.6911 483
13.2689 13.2688 577
14.6954 14.729 1216
15.1145 15.1594 592
15.6378 15.7656 343
14.7378 14.7478 484
13.2662 13.2699 1107
14.5299 14.5491 873
16.0858 16.1011 312
14.9084 14.9127 6084
13.6858 13.6858 578
14.1904 14.2073 406
14.7066 14.8499 640
13.6875 13.7573 297
12.3661 12.341 390
14.9821 15.0007 265
14.1502 14.1666 889
14.2212 14.3947 188
13.0182 13.0228 219
15.4059 15.4059 1420
15.3854 15.5298 609
14.3335 14.4937 1030
13.5397 13.5397 436
15.0496 15.2773 1856
16.9218 16.9729 297
14.541 14.7849 437
17.8938 17.9489 280
16.0761 16.1226 187
13.6233 13.649 234
13.8626 13.9288 515
13.4665 13.4751 2948
12.7488 12.7488 2605
15.4413 15.4413 1060
12.6118 12.559 1185
14.6911 14.7896 531
13.5548 13.6849 1154
13.6102 13.6101 6411
15.7382 15.7382 948
13.5244 13.7974 1685
14.336 14.5289 515
13.8833 13.9039 156
14.3046 14.3656 421
13.4611 13.4611 1030
14.7644 14.7384 1154
14.4555 14.4876 718
15.8777 15.8757 11169
14.5248 14.6899 890
13.5356 13.5373 998
14.4082 14.4082 640
15.0396 15.0411 827
14.52 14.8067 453
13.8836 13.9157 296
14.677 14.7408 281
13.1509 13.1509 1763
16.0386 16.0386 281
13.3254 13.5303 3291
14.0298 14.2549 656
14.1344 14.1695 390
15.2232 15.3724 2012
15.2753 15.2797 609
13.6809 13.8132 936
12.2747 12.2761 4431
13.6927 13.8255 281
14.0145 14.0145 624
14.9616 15.0195 765
16.1795 16.2019 312
13.7524 13.7524 749
14.5694 14.5694 3011
13.6181 13.6181 3744
14.0679 14.0613 1576
13.507 13.7319 873
13.4102 13.5128 1388
14.5327 14.5975 406
13.6185 13.6746 2356
14.4529 14.5027 468
13.8508 13.9069 390
14.9486 15.1123 670
13.5192 13.5504 577
14.9195 14.9263 250
