17.0688 17.0688 297
17.5931 17.5931 390
12.4709 12.4709 1326
15.8717 15.8717 499
16.9133 16.9133 374
17.17 17.17 405
15.1567 15.1567 281
18.6651 18.6651 266
15.1697 15.1697 1155
15.7457 15.7457 1061
18.2472 18.3192 250
15.3817 15.3817 733
16.5118 16.5152 6115
17.5716 17.5776 78
18.6898 18.6898 312
13.9006 13.9006 156
15.7391 15.7623 172
16.6626 16.6626 1528
16.2882 16.2882 827
17.9474 17.9474 78
17.8277 17.8277 593
16.9837 16.9969 515
16.8886 17.089 219
14.0788 14.0895 655
15.9325 15.9325 234
16.8564 16.8564 94
16.2605 16.2623 280
16.3419 16.3582 94
15.9869 15.9869 125
14.5725 14.5755 156
16.7129 16.7179 312
18.0919 18.0919 312
15.7031 15.7162 234
16.1411 16.1508 78
15.8307 15.8365 312
17.7228 17.7228 110
16.9458 16.9524 218
16.9069 16.9069 234
14.9283 14.9283 421
17.8742 17.8741 172
16.2667 16.2667 62
15.7218 15.7241 172
15.1787 15.2694 546
14.4744 14.481 187
13.9462 13.9705 702
15.5298 15.5298 344
15.2307 15.2307 78
16.7131 16.772 375
17.0908 17.0908 405
18.9287 18.9431 297
15.9594 15.9594 1279
17.1022 17.1022 344
16.291 16.291 608
16.0422 16.0422 390
17.9207 17.9207 202
15.6261 15.6324 140
15.6251 15.6251 203
18.0046 18.0046 453
15.639 15.639 936
15.3916 15.3915 515
17.8152 17.8162 546
17.0179 17.1141 234
16.5587 16.5587 1170
17.3563 17.3563 873
15.1134 15.1134 218
16.0746 16.0823 172
18.3025 18.3025 63
14.3553 14.3553 749
18.5364 18.5584 250
16.2358 16.2409 328
14.7248 14.7383 1060
16.3635 16.3845 452
16.6142 16.6142 1279
17.0729 17.0729 437
15.7201 15.7201 453
17.6664 17.6664 250
18.171 18.171 406
18.2245 18.2245 609
16.1765 16.1765 1077
12.6226 12.6226 297
16.6523 16.6172 484
16.8425 16.8425 343
16.7874 16.7874 4165
14.0882 14.0882 344
18.3853 18.3971 187
17.2338 17.2354 577
15.6482 15.6647 156
16.0799 16.0967 1622
16.2735 16.2735 484
16.4894 16.4893 1107
17.0373 17.0962 390
15.5712 15.583 718
15.9067 15.964 1170
16.2992 16.2991 889
18.4044 18.4271 1591
15.7923 15.7923 514
16.98 16.98 468
14.8015 14.8139 265
17.8248 17.8248 2340
17.3799 17.3799 296
