15.9722 15.9722 2714
16.9813 17.0323 1061
19.4877 19.4877 203
17.8361 17.8361 156
15.3991 15.4562 671
15.364 15.3641 687
14.5302 14.5302 3432
14.8791 14.9334 562
15.5633 15.568 2043
18.79 18.8273 1123
15.8253 15.8172 1185
15.646 15.646 390
16.3301 16.33 297
16.1594 16.1594 344
16.4183 16.4183 1794
14.6495 14.6705 655
15.6064 15.6064 375
16.3047 16.3994 453
18.2456 18.2456 468
14.8769 14.8789 998
16.0129 16.0129 499
16.7307 16.7307 405
14.1281 14.1281 452
16.1524 16.1524 561
14.6527 14.6527 468
15.9467 15.9562 343
14.9738 15.068 250
18.57 18.57 156
13.7868 13.8099 1233
15.9273 15.9593 983
16.8059 16.8059 343
16.6632 16.6296 3386
16.3631 16.3578 4321
13.6072 13.6072 717
14.9636 14.9676 3978
19.1234 19.1798 405
15.1792 15.1846 499
16.441 16.441 202
20.8178 20.9018 468
16.0338 16.0338 468
16.0457 16.0457 265
15.2871 15.2909 406
16.0995 16.0692 359
15.7255 15.7264 858
16.2 16.2 499
14.6711 14.8204 1498
16.0563 16.1161 3323
15.8238 15.84 2605
16.3922 16.398 1248
15.7124 15.7124 515
15.62 15.6618 1935
16.159 16.159 7520
16.3806 16.3806 1295
16.2619 16.2716 593
16.4044 16.4044 8439
16.2821 16.2821 3900
13.1874 13.203 546
14.8347 14.8553 484
17.9035 17.9324 6521
17.1591 17.1745 374
15.5805 15.606 905
15.3152 15.3152 1076
16.893 16.8669 2184
16.6771 16.6771 406
14.9106 15.0401 1014
15.9184 15.9184 2683
15.3124 15.3124 421
16.1075 16.2044 2511
16.7453 16.7716 561
15.7726 15.7726 281
15.9401 15.9346 1295
16.9265 16.9254 2808
15.5846 15.5846 1139
16.1178 16.1384 359
13.7917 13.7917 593
16.3443 16.3569 3884
15.8051 15.8092 187
15.8374 15.8374 281
16.341 16.4354 1170
16.7644 16.7644 125
15.303 15.3843 1185
14.055 14.055 359
18.1908 18.1908 250
17.2202 17.2528 406
14.6472 14.6261 686
16.1888 16.1888 608
15.4576 15.4576 499
18.2215 18.2239 515
20.7752 20.8157 109
14.1348 14.1348 1575
15.9013 15.9022 187
14.5908 14.5908 140
18.7637 18.7637 4836
13.218 13.218 1560
15.8712 15.8746 983
15.7407 15.7536 3073
15.8115 15.8242 5897
15.8512 15.9174 2589
16.6275 16.6422 811
16.5192 16.5192 702
