15.3812 15.5391 187
15.9562 15.9571 78
11.1127 11.2329 483
14.3526 14.3526 125
15.4052 15.4293 218
15.3264 15.3264 172
13.8726 13.8725 78
17.1624 17.1777 234
13.6213 13.6213 468
14.1624 14.3271 156
16.6389 16.6741 156
13.763 13.7696 344
14.6474 14.6648 2028
15.9605 15.9653 94
16.9663 17.0215 156
12.6427 12.6427 952
14.3713 14.3713 94
14.9215 14.9832 109
14.6058 14.6772 188
16.1598 16.1598 109
15.9324 16.177 484
15.3919 15.4438 124
15.2862 15.2973 78
12.6406 12.6406 265
14.2726 14.348 125
15.1702 15.2152 78
14.6687 14.6691 78
14.6301 14.6301 125
14.4648 14.469 62
12.9998 13.0353 140
15.2625 15.2854 140
16.4279 16.4765 405
14.0823 14.1825 109
14.678 14.7395 62
14.3541 14.3585 125
16.2586 16.2586 203
15.3935 15.434 125
15.418 15.5698 93
13.2171 13.4024 171
16.4139 16.4204 94
14.5137 14.5224 141
14.2443 14.2968 125
13.3592 13.6304 187
13.1051 13.1157 93
12.607 12.6176 281
13.9942 13.9942 265
13.7228 13.7426 109
15.0371 15.1148 266
15.443 15.443 156
17.2655 17.2655 78
14.3538 14.4505 218
15.356 15.4434 172
14.7171 14.7228 125
14.6766 14.776 171
16.3465 16.3551 140
14.2315 14.2497 62
14.3364 14.4073 188
16.2289 16.2638 124
13.8749 13.8184 328
13.8664 14.0479 109
16.1131 16.2152 187
15.4773 15.4885 93
14.863 14.9655 358
15.7474 15.7474 234
13.6802 13.6802 109
14.55 14.5604 78
16.3603 16.3843 62
12.9753 12.983 203
17.0054 17.0195 109
14.6235 14.686 141
13.0118 13.013 718
14.8214 14.8526 124
14.9043 15.0696 187
15.3435 15.371 109
14.1893 14.2053 234
15.9651 16.0057 94
16.5462 16.5633 125
16.6072 16.6551 140
14.4141 14.6005 312
11.1098 11.1677 156
15.1576 15.1672 125
15.4215 15.4558 93
14.8497 15.0737 531
12.494 12.6615 78
16.8025 16.8335 94
15.582 15.582 125
14.2128 14.2128 47
14.2208 14.2208 328
14.717 14.7227 265
14.9283 15.0477 203
15.4033 15.4548 156
13.8922 13.9961 249
14.1389 14.1389 188
14.8338 14.8352 218
16.7329 16.7615 234
14.3788 14.3788 203
15.274 15.3074 187
13.306 13.306 94
16.0145 16.1672 202
15.7745 15.8012 78
