14.2894 14.2894 1435
14.0088 14.0088 967
15.1629 15.1974 921
13.1556 13.2646 1545
14.0766 14.1288 2434
12.9674 12.9674 1529
13.9392 13.9903 608
14.8292 14.8508 546
13.6625 13.6625 983
13.6826 13.684 8424
13.7206 13.7125 936
14.6827 14.723 6099
14.4419 14.4422 873
14.8839 14.8788 780
15.8474 15.8474 3604
12.2433 12.2432 530
12.6927 12.6658 1748
14.4559 14.4559 530
13.8494 13.8494 499
15.3596 15.3939 1794
13.3176 13.3178 1138
11.8555 11.8555 468
13.7848 13.8129 577
12.8102 12.8112 1544
15.7887 15.6981 624
14.1391 14.1391 499
14.3985 14.4742 562
13.2366 13.2374 390
13.1736 13.1736 1372
15.4915 15.4963 406
15.6031 15.6031 826
13.7774 13.782 1389
14.2249 14.2249 1233
16.2582 16.2848 1310
14.3128 14.3128 687
13.9278 13.9278 1919
13.7465 13.7465 749
13.6402 13.5907 1389
14.4369 14.4432 796
15.1422 15.141 593
14.4023 14.3994 624
14.2655 14.2808 1310
14.2154 14.2327 3478
13.1855 13.1878 811
14.0123 13.9928 1810
12.6919 12.6919 734
13.6287 13.6415 530
12.8234 12.8234 561
15.1055 15.1591 655
13.02 13.02 983
13.6177 13.6177 10250
15.1751 15.1925 1295
13.7282 13.6961 967
13.6775 13.6775 250
14.405 14.405 421
15.7161 15.7161 671
13.7753 13.7753 4493
15.3688 15.3688 375
15.2477 15.2356 1279
15.2607 15.2607 765
15.9478 15.9478 499
15.096 15.1946 249
14.1854 14.1854 2013
13.4166 13.4148 1030
12.9572 12.9572 702
16.0972 16.1862 218
14.1236 14.1731 202
13.3813 13.3813 3385
13.2537 13.2541 531
16.1119 16.1119 1716
13.5977 13.5977 437
13.834 13.834 765
15.1956 15.2031 1264
12.9966 12.9841 343
14.1723 14.1842 436
15.8612 15.8612 1700
15.8557 15.8569 3526
16.0671 16.0671 1014
14.9904 15.0086 2013
15.5696 15.5707 359
15.4493 15.474 749
16.1033 16.1033 1092
14.8871 14.8793 780
14.5865 14.5865 6833
13.9096 14.0065 546
13.705 13.705 296
15.5459 15.6304 359
14.168 14.1653 1264
15.7585 15.7585 281
14.0081 14.0082 764
13.9196 13.9196 312
13.5763 13.5764 468
14.1394 14.1394 874
14.3606 14.4247 281
15.5102 15.549 593
14.31 14.31 640
14.3896 14.3896 1529
13.5415 13.5661 593
14.4877 14.4968 998
15.1578 15.1578 359
