14.5653 14.6178 688
15.2292 15.3826 218
17.8338 17.8508 156
16.2589 16.2607 94
13.7548 13.8332 624
13.6849 13.6849 967
13.0075 13.0075 1529
13.3212 13.4635 250
13.9988 14.2537 328
16.961 17.0717 327
14.3545 14.3775 218
14.0167 14.0818 141
14.9693 15.0437 219
14.6085 14.654 234
14.7369 14.7286 452
13.1067 13.0911 515
14.1186 14.144 468
14.6802 14.6943 187
16.6666 16.668 125
13.2684 13.2745 1326
14.5072 14.5107 234
15.2175 15.2339 546
12.7616 12.7616 187
14.5739 14.6247 344
13.1743 13.1846 156
14.3823 14.4088 608
13.6684 13.67 78
17.0816 17.0817 94
12.2661 12.3933 405
14.2652 14.4055 655
15.1103 15.1979 266
14.9352 15.0222 889
14.5707 14.7661 406
12.2121 12.2472 327
13.3372 13.3116 2964
17.3356 17.3356 171
13.6081 13.6472 546
15.1525 15.1826 265
19.275 19.2762 63
14.4765 14.4766 312
14.5256 14.5697 94
13.9703 13.9704 141
14.3782 14.5289 250
14.236 14.3182 328
14.766 14.7436 702
13.2484 13.2484 905
14.5876 14.593 234
14.0877 14.0928 312
14.8193 14.9818 249
14.1463 14.2201 437
13.8524 14.0058 421
14.448 14.448 2561
14.5058 14.6799 633
14.7782 14.8637 468
14.7602 14.7602 1623
14.5567 14.5618 795
11.7788 11.7649 640
13.5027 13.506 183
16.1708 16.2889 452
15.6803 15.6879 140
14.0559 14.0658 624
13.5886 13.5886 280
15.4134 15.4598 312
15.2376 15.2376 171
13.5266 13.5396 795
14.1599 14.125 437
13.6909 13.822 219
14.4697 14.4697 1857
14.8975 14.9733 640
14.1714 14.3068 218
14.4465 14.44 530
15.1989 15.3729 468
13.9932 13.9932 874
14.4312 14.5502 125
12.3566 12.5329 171
14.4926 14.4929 484
14.4464 14.4923 156
14.4083 14.4325 187
14.5062 14.7517 671
15.519 15.5235 141
13.8738 13.8738 515
12.7893 12.8105 109
16.6261 16.6261 125
15.5 15.5187 171
12.9582 12.962 359
14.6649 14.7732 297
13.5162 13.5162 156
16.711 16.7475 172
19.1638 19.1638 109
12.754 12.7629 515
14.3526 14.4056 250
13.0429 13.0585 218
16.7924 16.9819 296
11.8051 11.8198 281
14.3897 14.4149 266
14.1698 14.1698 1248
14.0026 14.2783 405
14.247 14.2958 374
14.9677 14.9978 187
14.9849 14.9601 577
