13.0941 13.0941 187
13.8123 13.8593 78
13.8666 13.8666 47
14.9332 14.9333 62
15.5125 15.5125 63
14.1875 14.1875 46
17.8024 17.8024 109
10.7857 10.7856 312
13.0957 13.0972 156
13.6402 13.6402 203
15.9993 15.9993 93
16.1106 16.1243 62
15.0683 15.0683 172
13.6837 13.7021 78
15.7519 15.7519 110
15.6428 15.6428 219
15.0644 15.0644 62
15.1803 15.1803 109
17.1634 17.1633 78
15.5191 15.5191 156
14.3459 14.3459 47
14.2295 14.2295 187
14.6973 14.7756 171
15.8148 15.8148 94
14.9168 14.9498 63
11.9349 11.9349 110
15.9143 15.9229 109
14.6447 14.6447 47
14.705 14.7517 78
16.3077 16.3077 125
12.7981 12.7981 62
15.1627 15.287 109
17.4728 17.4728 109
15.1392 15.1392 63
11.5947 11.616 188
15.8273 15.8273 31
16.5949 16.5949 63
16.4951 16.5304 94
14.7879 14.8005 46
14.7664 14.7664 125
13.0521 13.0521 203
17.0868 17.1081 63
17.2133 17.2761 62
15.4566 15.4565 62
15.7326 15.7615 63
19.5785 19.5785 62
15.1051 15.1051 47
12.7346 12.785 78
16.1062 16.1062 47
18.9966 18.9966 63
14.6481 14.6481 63
15.0461 15.0461 62
17.4869 17.4869 47
14.6562 14.6562 93
14.3196 14.3796 94
14.4081 14.4081 47
13.6177 13.6177 94
15.1812 15.1812 47
15.0403 15.0403 63
13.5047 13.5047 63
16.5588 16.5588 63
15.9384 15.9384 78
13.7133 13.7133 109
15.806 15.806 109
13.4096 13.4096 47
14.5814 14.5814 281
16.0051 16.0051 78
13.1992 13.1992 94
18.6187 18.6187 94
14.3135 14.3135 156
14.0173 14.0173 78
15.3871 15.3871 94
15.8417 15.8417 62
16.7489 16.7489 47
13.7969 13.7969 47
12.4901 12.4973 109
16.565 16.5989 140
16.2341 16.2341 47
15.4035 15.4361 141
16.6176 16.6176 78
13.1981 13.1981 62
16.1403 16.1403 62
11.6895 11.7387 141
17.1994 17.2242 124
16.6521 16.6521 94
17.0356 17.0356 46
15.1742 15.1742 78
14.4001 14.4 94
13.7906 13.7906 109
15.2154 15.2827 125
18.4664 18.4664 47
16.9801 16.9892 78
14.9462 14.9462 125
19.4668 19.4668 62
13.866 13.866 110
16.211 16.2591 156
14.9043 14.9043 265
15.276 15.2768 172
15.0254 15.0254 109
13.4522 13.4522 47
