13.7694 13.969 749
15.1025 15.183 904
14.0639 14.0663 1747
13.7211 13.8649 1077
12.5725 12.5908 2602
13.3762 13.3762 749
13.0521 13.0636 9658
13.2767 13.213 2652
13.4855 13.3722 6412
12.9114 13.075 826
13.9163 13.887 18782
13.8319 13.8093 8159
14.2505 14.2493 19905
14.067 14.0348 4508
15.8497 15.886 1326
14.9522 14.9522 1778
13.4393 13.4383 468
13.3534 13.3342 1966
13.7013 13.6122 1248
13.8419 14.2125 8330
14.3197 14.3561 2122
15.0909 15.0909 1279
13.257 13.1761 6053
14.4719 14.4717 4586
13.9586 13.9398 5913
14.0409 14.0863 3838
13.0139 13.0144 530
14.4911 14.4813 8845
14.3456 14.3823 608
12.8596 12.8604 5429
11.9388 11.9271 4680
15.2731 15.2777 234
14.4215 14.3793 4368
12.7064 12.6953 7722
13.8242 13.8314 9765
14.0642 14.2767 5538
14.3357 14.3005 10780
13.6031 13.5719 47501
13.5367 13.4731 1935
11.9664 11.8507 3229
14.3107 14.3807 2247
14.667 14.6538 5429
14.3338 14.3044 10663
13.9425 14.044 1245
13.804 13.7115 1607
15.5096 15.4514 1451
12.8498 13.0046 983
13.19 13.158 4218
13.645 13.5797 18954
14.9974 15.0359 1451
12.9755 13.095 1529
14.2438 14.2582 8861
14.4197 14.3846 10171
13.3785 13.3809 4524
13.8312 13.8224 2792
12.9679 12.9416 7769
15.0032 15.0034 812
15.1842 15.1866 17314
13.504 13.66 6150
14.158 14.3984 2121
15.522 15.589 796
15.4894 15.5178 593
15.0007 14.9758 13619
14.0315 14.0315 1513
14.2334 14.3244 561
13.5372 13.4856 3166
14.7811 14.8373 858
13.3581 13.3362 1731
13.73 13.7229 8477
14.8659 14.8645 3946
16.2358 16.2261 5366
13.5402 13.5562 10905
12.4226 12.7396 2467
13.6657 13.642 1825
12.6862 12.6782 13978
13.9085 13.8675 1560
13.4003 13.4017 1685
14.945 14.8114 6396
13.2107 13.1362 2933
15.0982 15.0603 1982
14.0459 14.1261 7582
14.0422 14.0094 1263
13.6087 13.8872 5928
13.3241 13.2717 1856
13.8332 13.9747 717
14.2133 14.2133 2059
13.0942 13.023 3947
15.1087 15.111 670
13.9126 13.9545 6038
14.7209 14.9913 2216
12.5224 12.4546 3916
13.4866 13.8093 3885
14.2346 14.2375 2496
14.0767 14.1569 1092
13.026 13.026 12698
14.9901 14.9938 6754
14.1838 14.1753 1123
14.0021 14.11 2980
14.465 14.7283 1154
12.9843 12.9843 1061
