14.2906 14.3208 1092
15.1867 15.1867 624
13.3911 13.3911 1108
15.2958 15.3364 1981
13.4338 13.3868 546
13.9237 13.9237 780
14.3892 14.3899 1420
14.6484 14.6484 561
13.5978 13.5977 639
15.4727 15.542 1253
14.0439 14.0562 1154
13.3261 13.3575 2636
14.5721 14.5778 687
14.4471 14.4507 749
14.8334 14.8334 1061
14.6361 14.6361 390
13.4185 13.4185 4898
13.3441 13.327 780
14.8952 14.8981 1030
14.2286 14.2547 827
13.0018 12.9618 593
13.704 13.7522 811
13.5853 13.5883 1077
14.9373 14.9416 1279
15.204 15.2254 484
15.7902 15.7656 515
14.7598 14.7642 952
13.5481 13.581 1700
14.8354 14.8107 1232
16.1138 16.1138 562
15.2035 15.2093 4617
13.8894 13.8894 609
14.2679 14.2679 390
14.9611 14.9611 843
13.7813 13.7813 280
12.6239 12.5917 1576
15.1063 15.0007 530
14.423 14.4636 1045
14.3947 14.3947 328
13.0228 13.0228 297
15.7695 15.7378 1748
15.63 15.5975 671
14.6182 14.6281 1654
13.604 13.7314 811
15.3444 15.3444 1575
17.0374 17.0374 453
14.762 14.7849 578
18.0388 18.0388 624
16.1541 16.1979 249
13.6637 13.6637 218
13.9288 13.9288 733
13.8129 13.8273 1809
12.9855 12.9855 1950
15.6767 15.6903 749
12.7821 12.7821 1310
14.814 14.8225 484
13.7822 13.8132 858
13.9305 13.9462 3089
15.9205 15.9204 546
13.8205 13.8205 1482
14.5283 14.5289 1295
13.9124 13.9213 218
14.5531 14.5531 390
13.7045 13.7166 639
15.0672 15.0755 1560
14.5015 14.5015 390
16.2495 16.2418 5163
14.6504 14.6899 936
13.7497 13.765 812
14.5255 14.5255 968
15.1726 15.1907 484
14.8349 14.8349 577
13.9217 13.9255 468
14.7922 14.9232 281
13.4378 13.4231 2106
16.1734 16.1734 390
13.5674 13.5697 1045
14.2554 14.2554 718
14.2534 14.365 234
15.4983 15.5083 2184
15.458 15.458 827
13.8866 13.9791 827
12.486 12.4923 1810
13.8244 13.8261 328
14.0965 14.1359 515
15.0206 15.0195 843
16.202 16.2245 499
13.862 13.8891 624
14.8067 14.8114 1763
13.9186 13.9417 1217
14.3873 14.3898 1544
13.7319 13.7319 2028
13.6799 13.6799 1934
14.6146 14.6153 718
13.8767 13.8982 1201
14.6317 14.6317 374
14.0237 14.0237 312
15.1009 15.1009 796
13.6953 13.6953 499
14.9536 14.9536 780
