14.8073 14.8073 265
15.1821 15.1821 125
15.0138 15.0138 31
17.1637 17.1637 250
17.4077 17.4077 125
16.2495 16.2495 62
19.9456 19.9456 249
12.1995 12.1995 296
14.988 14.988 125
15.1655 15.1675 203
18.3338 18.3338 280
17.673 17.6789 62
16.9035 16.9035 234
15.3999 15.4132 62
17.8163 17.8163 125
17.3287 17.3287 141
16.9676 16.9676 78
17.0344 17.0343 156
19.2944 19.2944 109
17.6592 17.6592 172
16.2161 16.2161 78
16.2113 16.2113 671
16.6392 16.6512 592
17.719 17.719 125
16.7553 16.7553 62
13.5466 13.5611 93
17.8945 17.8945 187
16.2687 16.269 63
16.5422 16.5651 141
18.6715 18.6715 250
14.522 14.5219 156
17.0168 17.0168 359
19.3946 19.3946 234
17.1883 17.1883 80
13.0155 13.0155 920
17.8184 17.8494 125
18.6181 18.6753 109
18.5562 18.5562 249
16.0854 16.0854 62
16.5501 16.5501 125
14.5822 14.5822 234
19.4001 19.4001 125
19.1179 19.1178 109
17.2915 17.394 219
17.7064 17.7151 78
21.6195 21.6195 125
16.9618 16.9618 156
14.3236 14.3236 172
18.409 18.409 140
20.986 20.986 156
16.333 16.333 140
17.5142 17.5142 62
19.6905 19.6905 62
16.6121 16.7596 203
16.3428 16.3428 250
16.1763 16.1763 172
15.6937 15.6937 203
16.8432 16.8432 437
17.1595 17.1595 140
15.6002 15.6002 499
18.6969 18.6969 203
17.6991 17.6991 94
15.5151 15.6031 125
17.6252 17.6252 281
14.9239 14.9239 63
16.6796 16.7111 375
18.2298 18.2298 109
15.2605 15.2605 109
20.6896 20.6899 109
16.0173 16.0173 125
16.1857 16.1857 125
17.372 17.372 374
17.7698 17.7698 109
18.8608 18.8608 47
15.6464 15.7013 110
14.1987 14.1987 187
18.8049 18.8049 140
18.1667 18.1667 31
17.3019 17.3019 125
18.6028 18.6027 234
15.0818 15.0818 93
18.4468 18.4468 140
13.2743 13.2743 125
19.1405 19.1405 156
19.1079 19.1079 125
19.0195 19.0195 125
16.8309 16.8309 109
16.0955 16.0955 78
15.6195 15.7097 171
16.8525 16.8525 187
20.5106 20.5106 78
18.937 18.9766 172
16.928 16.9509 234
21.7792 21.7916 62
15.4745 15.4745 172
17.9977 17.9977 203
16.8942 16.8942 390
17.0474 17.0812 141
17.1525 17.1612 156
15.2035 15.2035 62
