14.0804 14.2979 609
12.5853 12.5676 780
13.819 13.9732 3120
12.1976 12.2628 1186
14.472 14.41 8814
14.3034 14.2968 733
13.7778 13.7557 5553
13.2714 13.2686 16052
13.757 13.7362 655
14.475 14.4601 3526
14.0309 14.252 1342
14.6834 14.6781 5975
14.4513 14.7036 3791
12.987 12.9602 16443
14.0574 14.3926 3510
11.8506 11.825 5444
13.6073 13.6882 1435
12.98 12.9688 1700
14.1275 14.1554 28906
14.3184 14.4454 562
14.6299 14.8169 499
14.5467 14.4721 3182
14.791 14.8851 484
12.6788 12.6728 4805
12.8117 12.8026 7025
13.9733 13.9176 640
13.6099 13.6075 1108
13.4079 13.4019 2138
14.52 14.5057 1092
13.1414 13.1456 3057
14.7508 14.762 656
12.6091 12.8338 2512
14.7351 14.7208 1045
13.4863 13.4449 2511
14.4249 14.4541 436
14.8432 14.8266 2995
14.2586 14.2586 998
12.6942 12.6991 1591
15.2883 15.5368 671
14.8163 14.9894 3121
14.0074 13.9214 6208
12.8473 12.8157 3494
14.6172 14.6152 2792
14.3762 14.3767 1201
14.6406 14.6714 999
14.6928 14.6908 2012
13.027 13.027 1077
14.4693 14.5116 1592
14.3488 14.3488 1076
15.5684 15.6708 312
13.5077 13.5895 202
14.4026 14.4521 609
14.0133 14.0616 7612
13.0482 13.0182 1872
13.3166 13.3228 20686
14.0787 14.0703 2403
13.5219 13.5216 5367
14.8543 14.8621 967
14.3409 14.5534 2371
13.4778 13.6656 1185
13.6336 13.6933 827
16.1856 16.2261 717
15.0694 15.2652 359
15.2919 15.2647 889
14.8397 14.8397 1248
13.3911 13.3971 1326
14.9369 14.9555 1342
13.6998 13.9384 702
14.1612 14.1707 2153
15.2964 15.3276 10327
14.0618 14.0364 921
13.5004 13.5004 764
13.8718 13.8521 1045
13.7245 13.6766 2497
15.4841 15.5407 2060
13.7096 13.7181 7675
13.8952 13.8952 2324
12.306 12.2929 7379
12.8184 12.8218 6786
11.0531 11.0533 2217
13.8261 13.8578 2418
13.2887 13.2914 3245
15.2708 15.2534 31359
14.6879 14.713 2808
13.6624 13.7281 249
14.3212 14.2875 1279
14.6915 14.6813 1872
13.1345 13.2843 656
14.8385 14.8385 9750
14.7914 14.8758 936
15.9137 16.0217 686
13.638 13.638 5796
12.3328 12.6016 889
14.0979 14.1911 624
13.5981 13.8578 3681
13.9268 13.9259 5788
15.7649 15.7294 2137
14.5999 14.6803 967
14.9282 14.9401 3978
14.363 14.4677 3058
