14.0008 14.0008 234
14.617 14.617 93
15.0138 15.0138 16
16.5414 16.5419 78
16.8908 16.8908 78
15.976 15.976 31
19.0649 19.0649 94
11.4639 11.4875 156
14.2902 14.2901 249
14.633 14.633 156
17.1768 17.1768 203
17.2459 17.2644 62
16.1772 16.1998 124
15.0338 15.0339 47
16.893 16.893 140
16.7188 16.7189 109
16.2326 16.2326 62
16.3131 16.3266 125
18.6521 18.6521 63
16.9271 16.934 187
15.8212 15.8313 78
15.3 15.3004 671
15.5695 15.5695 234
17.316 17.316 187
16.5757 16.5757 124
13.0107 13.0107 94
17.3004 17.3004 78
16.0305 16.0305 46
16.0726 16.0726 94
17.4073 17.4073 202
13.8901 13.8901 156
16.2037 16.2037 328
18.7214 18.7214 109
16.8192 16.8192 109
12.1911 12.1911 437
17.2483 17.2483 141
17.711 17.711 47
17.5411 17.5411 187
15.6561 15.6561 47
16.2001 16.2081 93
13.8961 13.92 109
18.82 18.82 78
18.5083 18.5269 78
16.7738 16.7738 94
17.5135 17.5135 63
21.1256 21.1504 109
16.3807 16.3807 62
13.6877 13.6877 94
17.5672 17.5857 78
20.4218 20.4218 78
15.9426 15.9426 125
17.3515 17.3615 63
19.0547 19.0732 46
15.5811 15.5811 78
15.2768 15.2768 281
15.8817 15.8817 171
14.6968 14.6967 187
16.7393 16.7638 140
16.5962 16.6516 187
14.9779 14.9829 172
18.0326 18.0742 172
17.2291 17.2291 265
15.0106 15.0106 172
17.0177 17.0177 889
14.4549 14.4549 62
15.539 15.539 842
17.4896 17.4896 125
14.3533 14.3533 234
20.07 20.07 265
15.4255 15.4489 156
15.4791 15.4791 203
16.43 16.43 343
17.0682 17.0682 219
18.6947 18.6947 125
15.0687 15.0687 265
13.6366 13.655 234
17.7383 17.7383 328
18.1124 18.1124 63
16.4869 16.5562 359
17.7682 17.7682 203
14.2568 14.2568 327
17.498 17.5009 281
12.719 12.719 156
18.2338 18.2338 171
18.1489 18.1489 219
18.5931 18.6513 140
16.3719 16.3773 187
15.8294 15.8294 124
15.0774 15.0774 328
16.1901 16.1901 390
20.1562 20.1562 125
18.1577 18.1577 452
16.1122 16.1122 171
21.23 21.23 93
14.7962 14.7962 234
17.4156 17.4432 421
15.8114 15.8114 1451
16.4339 16.4494 250
16.2396 16.2396 156
14.8026 14.8026 78
