15.3066 15.3569 9422
16.5051 16.4709 24899
15.5239 15.554 23493
15.2944 15.2944 14867
14.0807 14.0444 11497
14.5165 14.5165 1623
14.6522 14.7022 38408
14.6158 14.6158 14040
14.8437 14.8437 81042
14.3382 14.3452 2825
15.6336 15.5914 45626
15.3348 15.3322 10540
16.0475 15.8997 69811
15.5784 15.6203 20935
17.291 17.3195 10920
16.4964 16.5101 56692
14.7951 14.8032 1077
14.9008 14.7526 18208
15.0707 15.2118 6646
15.5595 15.5664 27332
15.7671 15.7252 12200
16.7207 16.6937 4087
14.9203 14.9203 36333
15.9397 15.9329 11529
15.6167 15.641 13322
15.7416 15.7282 10483
14.4471 14.4512 1809
15.9934 16.0091 15585
15.7145 15.6886 1311
14.5568 14.5568 76971
13.1578 13.1901 10281
16.7104 16.7104 1123
15.8203 15.8658 11233
14.1271 14.1271 40108
15.4166 15.397 141097
15.7002 15.7428 32510
16.0131 16.0051 52947
15.114 15.2088 33618
15.0069 15.0428 8658
13.2392 13.2392 2527
15.759 15.7658 12574
16.3075 16.3075 24585
15.989 15.9751 79927
15.5902 15.4977 15507
15.1963 15.3334 12028
16.78 16.8001 9813
14.2928 14.272 22018
14.5698 14.4902 21544
15.1256 15.002 66209
16.651 16.651 9672
14.5267 14.5101 41699
15.7049 15.737 36395
16.1352 16.1232 237033
15.0743 15.0743 69326
15.3829 15.3829 14071
14.3588 14.3588 57700
16.5472 16.599 22090
16.7632 16.8731 71354
15.0586 14.9517 36707
16.0108 16.0098 31465
17.1431 17.1451 780
16.9741 17.0169 1201
16.6025 16.6243 60185
15.658 15.6581 3947
15.6193 15.618 15802
15.2086 15.2298 15475
16.2741 16.2516 57783
14.7115 14.7668 9969
15.0915 15.0544 52218
16.3098 16.3098 119850
17.6137 17.5941 11217
15.0268 15.0489 18873
14.1058 14.1192 28642
15.0043 14.9656 16443
14.3665 14.3838 50201
15.1859 15.1899 7924
14.8834 14.8834 5476
16.3039 16.2243 65979
14.7359 14.6972 39296
16.6156 16.5307 10015
15.4305 15.4292 23634
15.5839 15.4456 5366
15.3947 15.4194 47892
14.7787 14.7426 6474
15.3031 15.3031 1607
15.9326 15.9453 5539
14.6234 14.6438 26504
16.7383 16.7815 15664
15.7653 15.7303 108650
16.5767 16.5587 20592
13.8411 13.8816 54756
15.1567 15.1766 10436
15.568 15.5508 3822
15.5827 15.6023 16817
14.583 14.5778 16193
16.7739 16.6867 35880
15.8901 15.8901 10467
15.6202 15.5955 31543
16.3174 16.2375 19847
14.683 14.6961 12278
