14.8293 14.8293 1295
13.3404 13.347 546
14.5616 14.6028 2605
12.8073 12.8072 1123
15.2084 15.2084 7737
14.9782 14.9782 453
14.4744 14.6323 2481
13.9617 14.025 1622
14.2204 14.2293 624
15.254 15.254 1202
14.7346 14.7752 1888
15.4173 15.4226 1935
15.4552 15.4691 3728
13.8021 13.819 2200
15.0787 15.0788 1436
12.4716 12.5129 998
14.2609 14.2609 1029
13.5641 13.5748 843
14.881 14.881 3292
14.9937 14.9449 656
15.3056 15.314 562
15.1864 15.1864 3432
15.2919 15.2919 484
13.5362 13.6965 1732
13.6686 13.6743 3823
14.4344 14.4344 795
14.3632 14.3632 1186
14.2716 14.2716 2387
15.116 15.1077 344
14.0707 14.1016 2090
15.0329 15.0329 640
13.4573 13.5365 1139
15.704 15.7309 1451
14.1603 14.1603 2949
14.7869 14.7869 296
15.7548 15.7549 1529
14.639 14.6191 1092
13.4462 13.4462 1451
16.2081 16.2093 2216
15.8804 15.8804 3401
14.6769 14.7162 1170
13.5663 13.5663 2325
15.3491 15.3491 951
14.9665 15.0082 1077
15.3046 15.3247 1155
15.646 15.646 2355
13.8333 13.8409 655
15.0713 15.084 686
15.0424 15.0424 624
15.9483 16.1241 624
14.0181 14.027 546
14.8293 14.8539 515
14.8324 14.8324 1903
13.6773 13.8607 936
14.1358 14.1358 9032
14.8574 14.9244 405
14.5591 14.6636 1076
15.5041 15.5821 188
15.1504 15.1504 390
14.2695 14.2695 3448
14.2017 14.2017 1030
16.6059 16.6059 998
15.9789 15.9789 796
15.8428 15.8428 1342
15.715 15.7254 920
14.1461 14.1461 2356
15.2617 15.2617 1623
14.5135 14.5135 1560
14.8712 14.8712 1482
16.3508 16.3102 2636
14.67 14.67 889
13.947 13.9609 343
14.295 14.295 1279
14.4394 14.4661 1934
16.2116 16.2117 1887
14.6544 14.6544 2090
14.8219 14.8218 1809
13.0422 13.0496 3463
13.6865 13.7177 1185
11.8097 11.8524 764
14.7893 14.8532 952
14.1759 14.1759 3697
16.1891 16.1903 8690
15.5393 15.5393 890
14.2947 14.2947 827
15.0504 15.1405 1607
15.6567 15.6746 1107
13.7784 13.8232 468
15.9668 16.0081 8565
15.1776 15.1776 921
16.3102 16.3101 499
14.5449 14.5449 2777
13.2471 13.2476 1170
14.7828 14.7884 546
14.5834 14.6205 2402
14.6719 14.6719 2714
16.6089 16.6089 640
15.2436 15.2457 1030
15.7112 15.6506 1077
15.1339 15.1571 1591
