16.371 16.371 1202
17.339 17.339 1638
15.1246 15.1351 889
17.6923 17.6923 1795
15.5605 15.5605 749
15.8277 15.8277 749
16.5529 16.6212 1108
17.131 17.131 468
15.8671 15.8671 718
17.7528 17.7738 1623
16.1346 16.1346 4665
15.7367 15.7367 3947
16.6127 16.5934 734
17.055 17.094 796
17.1195 17.1198 968
16.6877 16.6877 374
16.0934 16.1402 3978
15.6542 15.6619 3151
17.3224 17.3224 2372
16.5276 16.5276 2512
14.9036 14.9036 827
15.836 15.909 795
15.7336 15.7336 343
17.4849 17.4484 5304
17.5975 17.6912 515
18.0756 18.1249 1747
16.9532 16.962 889
15.8548 15.8686 3838
17.2536 17.3226 2309
18.2299 18.2495 141
17.4842 17.4842 1685
16.2532 16.3596 765
16.3189 16.4332 687
17.5724 17.6168 1170
15.8554 15.8554 296
14.4867 14.4867 1373
17.5484 17.5484 639
16.6559 16.6559 3619
16.7962 16.7962 437
15.4832 15.4832 203
18.29 18.29 1154
17.8328 17.8419 406
16.6925 16.6925 1592
15.6655 15.7965 874
17.4826 17.5781 874
19.1474 19.1474 344
17.3105 17.3105 3760
20.7169 20.9028 437
18.1901 18.1901 312
15.7284 15.8122 358
16.6562 16.664 1217
16.4656 16.5014 3932
15.2495 15.2816 1513
18.1196 18.1196 546
14.9828 14.9828 562
17.171 17.171 968
16.0488 16.0488 733
16.3797 16.3948 8517
18.0483 18.0483 2543
16.0718 16.1177 1861
17.1525 17.1293 1934
15.9428 16.0203 296
16.7361 16.7591 1310
15.7312 15.7894 1076
17.4969 17.5573 1576
16.6724 16.8401 452
18.7972 18.8328 7541
17.4186 17.4186 1262
15.89 15.8997 765
16.83 16.8488 1061
17.3164 17.363 390
17.4813 17.4813 312
16.4696 16.4804 406
17.1877 17.1877 218
15.3318 15.3318 1450
18.2325 18.2325 484
15.9217 15.919 15355
16.7739 16.7739 686
16.2732 16.288 156
17.8971 17.9416 1825
17.7702 17.773 515
16.0695 16.0897 952
14.2371 14.2561 936
16.1508 16.1555 374
16.1437 16.1437 561
17.7479 17.7479 686
18.2327 18.2677 421
15.9026 15.915 421
17.268 17.2634 1030
16.2121 16.2121 5117
16.9461 16.9808 812
16.1472 16.1938 3648
16.0823 16.1964 2247
16.7052 16.7051 678
16.0189 16.0189 6795
16.6285 16.7412 1341
16.6269 16.5707 1389
17.7869 17.7869 2714
16.0392 16.0392 780
17.0449 17.1767 343
