15.5989 15.5823 765
16.5517 16.5517 1966
14.6235 14.6235 1201
16.7306 16.7338 2746
14.8044 14.8324 952
15.134 15.2164 874
15.7935 15.7484 3339
16.2494 16.2521 2480
15.0162 15.0162 3495
17.0282 17.0295 3713
15.3915 15.3959 8595
14.7449 14.7712 6318
15.9486 15.9486 577
15.9618 15.9618 3884
16.2331 16.2638 2652
16.0541 16.0541 531
15.0658 15.0445 40312
14.6906 14.7689 5039
16.3808 16.3973 2168
15.7229 15.6179 2465
14.2 14.2001 718
14.9374 14.9343 1576
14.8251 14.9111 1497
16.4309 16.4422 3506
16.6564 16.6658 2231
17.2031 17.231 5741
16.0609 16.0505 2075
14.8864 14.8864 14087
16.169 16.1875 1326
17.5871 17.5871 327
16.5691 16.6262 7269
15.2771 15.2771 2153
15.5934 15.558 2044
16.5547 16.5547 7551
15.2056 15.2056 967
13.8345 13.8748 2231
16.645 16.4578 858
15.6994 15.7262 6676
15.9456 15.9456 843
14.5217 14.5861 890
17.2311 17.2264 10733
17.0775 17.0567 2169
15.8343 15.8632 11013
14.9516 15.0032 2699
16.6859 16.6719 10889
18.5187 18.5187 546
16.2932 16.2881 3322
19.731 19.7494 577
17.6167 17.6167 562
15.0609 15.0528 764
15.4445 15.4445 1638
15.3377 15.3377 23696
14.3556 14.3736 3760
17.269 17.2851 3572
14.2379 14.2119 6910
16.3137 16.3398 1279
15.2317 15.2095 671
15.271 15.323 25765
17.2627 17.2949 2184
15.2649 15.3094 2418
16.1335 16.154 5928
15.2772 15.2772 500
15.9551 15.9621 1810
15.0048 15.009 6333
16.4951 16.4951 11200
15.7813 15.7813 577
17.8339 17.8339 5648
16.3501 16.359 3182
15.0026 15.0026 3058
15.9323 15.9323 1606
16.5669 16.5669 702
16.5067 16.5067 468
15.5921 15.6008 843
16.4421 16.4421 406
14.5573 14.6529 2777
17.5945 17.5945 468
14.9652 14.9995 22729
15.8137 15.8137 7082
15.6673 15.6967 702
16.9779 16.9929 4259
16.861 16.861 998
15.3155 15.3155 2480
13.5466 13.5466 3728
15.2422 15.2422 890
15.5881 15.5908 998
16.4873 16.4873 1763
17.7177 17.7245 858
15.2717 15.3578 936
16.2769 16.2769 9313
15.2351 15.2351 11092
15.8445 15.9199 5819
15.1905 15.2289 6240
15.0615 15.1248 6380
15.924 15.9069 889
15.1359 15.1359 7098
15.8713 15.8713 655
15.4832 15.5599 1545
16.7163 16.731 1436
15.2446 15.3223 1451
16.2908 16.2908 374
