15.1779 15.1571 3807
14.9612 14.9612 2605
16.2042 16.153 5444
14.1083 14.1549 17316
14.9589 14.9694 23978
13.7683 13.794 9672
15.0087 15.0332 1950
15.7415 15.7983 13494
14.6476 14.6379 1139
14.5618 14.5618 51980
14.4915 14.4864 10988
15.5669 15.5148 36489
15.4674 15.3175 26864
15.7693 15.7814 3338
16.6894 16.7155 21139
13.1663 13.1424 796
13.4199 13.3923 22417
15.4854 15.4854 312
15.0658 15.0658 1435
16.2366 16.2366 147723
14.3142 14.2645 35793
12.5801 12.5873 6942
14.8394 14.8012 827
13.5877 13.5877 55040
16.7587 16.7615 1389
15.1382 15.1477 1576
15.2114 15.178 4727
14.2533 14.2701 11591
14.248 14.248 5694
16.7754 16.7412 1264
16.5423 16.5495 14071
14.6359 14.6211 6942
15.134 15.1223 5288
17.1963 17.244 35894
15.3396 15.3465 9080
14.8357 14.8192 21295
14.6569 14.6568 2184
14.4855 14.4492 11749
15.5091 15.4329 2184
16.0891 16.0798 3526
15.2479 15.2562 1061
15.1447 15.1027 9313
15.0953 15.1238 41274
14.0496 14.0182 6601
14.8412 14.8046 4805
13.6918 13.7682 1436
14.7846 14.8002 1762
13.8881 13.9148 1217
16.2821 16.2332 10046
13.905 13.8288 4696
14.3911 14.4826 27788
16.2249 16.2221 5492
14.4896 14.4896 30358
14.6035 14.6101 1124
15.4826 15.5129 1295
16.6673 16.6673 10964
14.6862 14.7121 238091
16.457 16.4566 10686
16.055 16.055 15553
16.211 16.231 4368
17.0502 17.0663 1154
15.9878 15.9608 1513
15.0274 15.0293 39343
14.1395 14.1052 92930
13.7859 13.7705 9298
17.3213 17.3155 827
15.2661 15.269 1622
14.2055 14.2004 92071
14.083 14.086 6380
16.9785 16.9785 155991
14.4997 14.5014 6760
14.7713 14.7081 78938
15.9746 15.9456 13011
13.8975 13.8846 5679
15.1938 15.1932 5054
16.6805 16.6921 23431
16.7417 16.7271 10484
17.1165 17.1165 3869
15.7849 15.7849 81479
16.813 16.813 1233
16.5334 16.641 1716
17.0632 17.0277 4025
15.891 15.8853 3292
15.4264 15.4264 13728
14.6115 14.6115 8446
14.7091 14.7091 2652
16.5472 16.541 11887
15.0326 15.0402 4227
16.6365 16.6365 2840
14.9292 14.9388 14332
14.8335 14.8335 4586
14.5777 14.6035 3588
14.9492 14.9492 61924
15.3999 15.3999 3042
16.3832 16.3847 16973
15.3705 15.3705 2714
15.2746 15.2739 120812
14.4797 14.3703 6988
15.5346 15.4871 4726
16.1298 16.125 1014
