15.5756 15.5756 172
15.9565 15.9571 78
11.2548 11.2548 562
14.4475 14.4511 296
15.4547 15.4613 171
15.506 15.506 156
13.9182 13.9223 156
17.1937 17.2161 171
13.8148 13.8299 702
14.5242 14.3271 250
16.6633 16.6741 171
13.9055 13.9054 219
14.9659 14.9659 1279
15.9834 16.0129 234
17.0215 17.0299 203
12.7578 12.7602 234
14.4662 14.4662 312
15.0559 14.9832 218
14.772 14.772 514
16.1772 16.2442 187
16.1353 16.2738 374
15.4511 15.451 234
15.3861 15.3766 125
12.7762 12.7762 297
14.348 14.348 390
15.2452 15.3534 109
14.6691 14.6691 78
14.6699 14.6764 93
14.5021 14.5021 156
13.0479 13.0489 188
15.3233 15.3233 218
16.5056 16.5529 561
14.2399 14.2399 218
14.7395 14.7395 78
14.3585 14.3608 250
16.3888 16.3888 327
15.4536 15.4579 172
15.5698 15.5698 202
13.4302 13.4587 234
16.4291 16.492 218
14.5336 14.5336 187
14.2968 14.3103 144
13.6304 13.6304 390
13.1715 13.1715 265
12.6803 12.7503 436
14.2458 14.2458 484
13.7921 13.7921 327
15.1188 15.1188 468
15.5499 15.5499 405
17.3298 17.3298 125
14.4734 14.4734 281
15.4845 15.5639 468
14.7799 14.8725 156
14.7749 14.7749 312
16.3551 16.3551 234
14.2575 14.2575 156
14.399 14.4172 171
16.2638 16.2722 187
13.9868 13.9868 421
14.0165 14.0666 171
16.2011 16.2152 327
15.5169 15.5402 109
15.0984 15.0984 375
15.8086 15.8173 281
13.724 13.724 156
14.5604 14.5604 109
16.3603 16.3843 93
13.0635 13.0664 312
17.0148 17.0148 141
14.686 14.707 141
13.26 13.2866 312
14.8526 14.8526 172
15.1209 15.1264 281
15.3856 15.3856 156
14.3374 14.3374 406
16.0026 16.0057 141
16.6185 16.6185 359
16.6551 16.6551 328
14.5977 14.6005 312
11.1677 11.1677 234
15.2338 15.2628 141
15.4459 15.4459 203
15.0979 15.0979 578
12.6615 12.6615 140
16.8044 16.8335 125
15.6314 15.6314 265
14.2128 14.2128 78
14.5392 14.5392 577
14.7716 14.7716 281
15.0271 15.0477 499
15.4668 15.4668 328
14.0227 14.0442 484
14.3038 14.3174 640
14.8688 14.9023 343
16.7615 16.7615 436
14.447 14.4702 343
15.3228 15.3228 171
13.388 13.414 249
16.2645 16.2645 671
15.7997 15.8012 140
