16.5948 16.5948 2496
14.9547 14.9547 842
16.35 16.3585 16360
14.5413 14.5413 4617
16.6735 16.7941 38303
16.5851 16.5851 3525
15.9533 16.0515 12374
15.3663 15.405 3744
15.8185 15.8185 1466
16.6227 16.6502 24243
16.4755 16.4788 1404
17.0619 17.0619 6645
17.3976 17.3977 6942
15.2043 15.2043 9126
17.1944 17.1944 27815
13.8781 13.8781 11515
16.0871 16.0871 2060
15.1653 15.1671 1716
16.4855 16.5033 7987
16.6623 16.6753 1201
17.1328 17.1604 889
16.8189 16.826 9298
17.3971 17.4753 639
15.108 15.108 4462
15.2784 15.3777 7644
16.0128 16.0802 3167
16.0738 16.0738 2043
15.8962 15.8962 3526
17.1014 17.1412 1420
15.7521 15.7521 12105
16.6228 16.7591 608
14.999 15.0333 2028
17.5703 17.5716 16365
15.6076 15.6076 6926
16.3268 16.3268 874
17.4835 17.5133 6849
16.2907 16.1717 5569
15.2136 15.2135 8440
18.2683 18.263 5741
17.7322 17.8045 5398
16.1756 16.1783 6849
14.9512 14.9512 5148
17.1374 17.2497 3807
16.6337 16.6337 1061
17.1611 17.1611 4446
17.4766 17.4766 9266
15.2638 15.4657 749
16.6614 16.6638 546
16.5677 16.5677 1045
18.0196 18.0196 1389
15.7627 15.7627 531
16.46 16.4747 842
16.4404 16.4301 9251
15.1321 15.0486 14757
15.7739 15.7925 26240
16.4262 16.4262 3385
16.1246 16.1949 5195
17.1804 17.1804 842
16.9237 16.9941 1264
16.0099 16.0196 1607
15.7802 15.7919 983
18.1678 18.1678 2231
18.2065 18.2189 5741
17.4213 17.4506 3042
17.4651 17.4675 14072
15.7299 15.7299 4368
16.8651 16.662 1372
16.2889 16.2889 3057
16.563 16.563 1747
17.7874 17.643 9547
16.6204 16.7018 889
15.4801 15.4801 1201
16.0328 16.0798 1670
16.1486 16.1486 9719
18.0456 18.0476 19750
16.2013 16.2013 1560
16.5265 16.5265 15351
14.5815 14.5814 11653
14.9926 14.9926 8502
13.0601 13.1107 5662
16.3364 16.3364 11045
15.7629 15.7818 7222
17.7877 17.7877 17940
17.2319 17.2953 1607
16.054 16.054 998
16.7174 16.7173 10561
17.3978 17.3979 2044
15.1742 15.2702 1123
17.7147 17.8504 6677
16.9892 16.9893 1310
18.3736 18.3736 3198
16.1848 16.1968 14212
14.9088 14.9273 6131
16.5649 16.5649 1263
16.2727 16.3355 3962
16.3168 16.3168 7707
18.7622 18.6998 4774
17.2561 17.287 889
17.2456 17.2456 6651
16.7917 16.7917 12699
