InstanceID
10_100_4
NumObjects
100
NumFactors
4
Weights
11.258244478647295
36.83140665808429
34.44540231363058
5.664544616214151
12.078054506961555
17.95740766710132
38.18127440852261
81.51038332483567
24.22083248151139
81.977797040088
66.99313951612163
45.305833195233156
84.40074795625907
67.91898821149229
72.52498905219804
92.36760031564317
6.609803322813423
99.91722180201815
17.165450700728414
42.041790666399194
55.66843807053139
59.617232065521165
38.40322060393761
92.33537554310114
49.733458424371754
42.956952617328724
10.96774963723961
25.028696593916912
32.84748285699865
57.57885375537537
22.138257303890896
12.07727535430525
6.725577975637154
74.41065984020987
96.59259339892641
45.27235552599513
72.66609550797803
43.56265730049975
28.245934297893193
17.454721125516315
12.400141192619053
41.72454313246157
50.67939131055341
68.21669275355933
90.70291829602542
52.760450270399
49.58987286461851
47.716480493760784
40.32786219276541
33.78928354851263
12.844288125512948
65.32402582347538
5.877999184701399
16.338270903215623
18.132951383519025
30.93174389167568
20.666021300328286
75.81366133353771
78.19870730703794
24.099979788284685
17.447981400773326
56.00318658083967
0.16577441731941978
12.142282141928163
47.61924201802026
22.984064461441946
96.44027998889852
14.463241391108772
66.25906507964909
21.824112538254028
76.74516967624116
81.44265782737921
34.01592322193285
70.78543635253914
80.15480915065277
40.849777178565795
72.85223093836122
62.34002109832784
18.368172043653487
40.64239542789818
1.1227799179722942
73.39062052840933
66.28382469510746
8.312342876805111
46.510884641519134
70.67665970888622
96.24807420082473
39.33896116001645
87.30016078495994
66.77266006807992
59.059699941083466
49.28553861109815
86.81649899159596
11.97938044925202
11.427982847623387
80.55245051694502
1.198516222843815
40.86386601202332
83.9998240404566
80.96333183876247
Budget
2327.7198330591455
Profits
-2.251648895729459
-7.366281331616858
-6.889080462726116
-1.1329089232428302
-2.415610901392311
-3.5914815334202643
-7.636254881704522
-16.302076664967135
-4.844166496302278
-16.3955594080176
-13.398627903224327
-9.06116663904663
-16.880149591251815
-13.583797642298459
-14.504997810439608
-18.473520063128635
-1.3219606645626847
-19.98344436040363
-3.4330901401456826
-8.408358133279838
-11.133687614106277
-11.923446413104234
-7.680644120787522
-18.46707510862023
-9.94669168487435
-8.591390523465744
-2.193549927447922
-5.005739318783382
-6.56949657139973
-11.515770751075074
-4.427651460778179
-2.41545507086105
-1.3451155951274307
-14.882131968041975
-19.31851867978528
-9.054471105199026
-14.533219101595606
-8.71253146009995
-5.649186859578639
-3.490944225103263
-2.4800282385238104
-8.344908626492314
-10.135878262110683
-13.643338550711865
-18.140583659205085
-10.5520900540798
-9.917974572923702
-9.543296098752156
-8.065572438553081
-6.7578567097025255
-2.5688576251025896
-13.064805164695077
-1.1755998369402798
-3.2676541806431247
-3.626590276703805
-6.186348778335136
-4.133204260065657
-15.162732266707541
-15.639741461407587
-4.819995957656937
-3.4895962801546654
-11.200637316167933
-0.033154883463883955
-2.4284564283856325
-9.523848403604052
-4.596812892288389
-19.288055997779704
-2.8926482782217544
-13.251813015929818
-4.364822507650805
-15.349033935248233
-16.288531565475843
-6.803184644386571
-14.157087270507827
-16.030961830130554
-8.16995543571316
-14.570446187672243
-12.468004219665568
-3.6736344087306976
-8.128479085579636
-0.22455598359445883
-14.678124105681865
-13.25676493902149
-1.6624685753610222
-9.302176928303826
-14.135331941777244
-19.249614840164945
-7.867792232003291
-17.46003215699199
-13.354532013615984
-11.811939988216693
-9.857107722219629
-17.363299798319193
-2.395876089850404
-2.285596569524677
-16.110490103389004
-0.23970324456876302
-8.172773202404665
-16.79996480809132
-16.192666367752494
FactorLoading
-0.3015670923318021	-0.03880634318774834	0.3892037463925988	-0.27042281808785074
0.048657112219424814	-0.7127386977256072	0.20319953725273998	0.03540465280222804
0.010902936389360907	-0.3926609697858918	0.3735121782434716	-0.22292391558127567
0.5362596205148229	0.04139162673158325	0.08825028795713297	0.3340984647964609
-0.12166102444518057	0.6101236355937016	-0.04948816452204219	-0.2187271754390756
-0.10118334925049899	0.09646230923218369	-0.21233027719214248	-0.5900240643251748
-0.3395282540625957	-0.1197853774097275	-0.40512533272086104	-0.13556103580681578
-0.14397833097309998	-0.25741244084719006	0.014375168950980566	-0.5842340592287294
0.3610163089975136	0.13603306216440303	0.3051313386851364	0.19781929015294697
-0.5530279117934909	0.1102006795761381	0.032913585956827696	0.30385782267354333
0.31010712352589387	0.17428816085833598	-0.460146616178974	-0.05545809943679614
0.02107466538900038	0.39506523220730094	0.10787919745256702	-0.47598090495113166
0.008147854913458152	-0.3673987881080305	-0.5671869135099035	-0.057266443468607875
0.07748101037763622	0.09932025106735987	0.46363498511828505	0.35956375343671887
-0.015974547572104703	-0.5386479026412028	0.17983780735016275	-0.2655397424365298
0.4424314263603226	0.19726007482233365	-0.09903163001596971	-0.261276868801374
0.2707523488253487	0.21504363216761835	0.3738122790700109	0.14039173993702203
-0.6771634201911421	-0.20958127572840057	-0.08697500039239348	-0.02628030368806389
-0.03832194372381492	0.10237223466197953	0.7146533702375406	-0.14465245137666494
0.5735415780383759	-0.11601590871600131	0.11355124941777106	-0.19689126382785171
0.0025373484557056347	0.17832751149897041	-0.7239932370083386	-0.09514190303698533
-0.21270988005921931	-0.21933895505709344	0.5436561360585836	-0.024295028825103593
0.3435398148698705	0.2921756101169435	-0.255008672274885	-0.10927590273830101
0.50054620202312	-0.0595319052010177	-0.0956066225600769	-0.34431527021578545
-0.32591071753302936	0.054063281420403175	0.39355527737165463	0.22647072367491283
0.19833708097024272	-0.35893295313187656	-0.41211332494817676	-0.030616640949703955
0.11719455091210151	0.48450329153479865	0.04082640562664697	-0.35747575192645287
0.073128358178983	0.24234147228236602	0.124511451845567	-0.560018717693084
-0.4226468627290627	-0.025050541974372287	-0.3806589747777547	0.17164362051881032
0.02698383872518728	0.0562809440257146	-0.06411823674719175	-0.8526169805019064
0.14081156538070694	-0.2727286143051977	-0.09803655988399451	-0.48842326043010087
-0.0663244702392436	-0.03977471553804013	0.005522618175076044	0.8883781960476402
-0.11623123775124955	0.2171733209671003	0.34970174195538517	0.316893699326265
0.5319520536821511	-0.3500030084478849	0.0510503402741751	0.06699459759578885
-0.3239202830182384	-0.3281064504270388	0.1379115932910011	0.21006167326372172
-0.5086756897054654	-0.10865317927715257	0.10327867090238163	-0.2793924601150004
0.10873552302077383	-0.5492451334482025	-0.09290508717446255	0.24911425635656115
-0.09489087825724507	-0.1659582177308736	-0.37989887264139965	0.3592520313704817
0.24406819943378455	-0.6082123750899717	0.06922927738665785	0.07849014808958588
0.006836377825554685	0.41817199189415133	-0.06510016422347276	0.5098914660568212
-0.38824164204012024	0.19167402115265908	-0.38227065137728444	0.03781368542993624
0.3333092688096797	0.27872591296758764	-0.35898717490224685	0.028977643320485802
0.35007231618175516	-0.08710342318549413	-0.42514824368767234	0.13767601694507836
0.5888409649720434	-0.3027094845001326	-0.014617705278659576	-0.09383184524916444
0.04279226510973899	-0.3926251894541324	0.25837489284063064	0.306207652595498
-0.6541664839038899	0.11666048550942243	0.005092992349317482	-0.22408003823737022
0.022709031503612698	-0.3334786690183622	0.12072119987254792	-0.5230910996054772
0.02485687029934791	0.19647434808648945	0.6939718736802627	0.08469690793389995
0.012032624892775345	-0.2226441345388388	-0.11325807057905601	0.6520651699893298
-0.3701971890694882	0.23936412654037964	0.03811294505333018	0.352325739336802
0.2201124422531251	-0.043740488562530766	-0.5152687322711795	-0.2208783369131646
0.579947700398701	-0.08024752441984462	0.3168466034541928	-0.022958171727261556
-0.2247060692882077	0.08496966905186176	0.6545678638454226	0.0357563978145079
0.05783656014456984	0.211326030348012	-0.44532961630700063	-0.2855077932004175
-0.21472974456768612	0.4930106372045693	-0.19439856743480566	-0.09786105079293894
0.38060792699075385	-0.4271112829941459	-0.18099133550207158	0.011289454513028652
-0.29008292426310844	0.4528279557851791	0.031892007814025014	0.22519711213768745
0.0447461138805334	0.2773359999272582	-0.6540091617094888	0.023908724482719634
-0.4812370820955172	-0.08110956378763512	0.08807391027272149	-0.3495794438441262
-0.10743859595246175	-0.27517528174156913	-0.4116489540816164	0.20573716822435273
-0.07111779464046175	-0.1882364722001577	0.5887773780098133	-0.1518683551495672
0.03904320774095438	0.07188558682980029	-0.026895563729300465	0.8621756416999449
0.26057853467682013	-0.28946470555479387	0.3840027648448159	-0.06595399492357013
0.3948193475497146	0.21237930111183445	0.33726460248187506	-0.05553674885657589
0.19061202536536737	-0.0029735408272708597	-0.05826052010423721	-0.7481539137031246
0.04640982414715289	0.7837065660192073	0.12900132664155173	0.04088228319208809
0.06803671464736238	0.353066842061194	-0.2610613154417962	-0.3178351278496474
0.3503288736511514	-0.003142302582615164	-0.3032049985936369	0.3433238251725965
0.568082187143073	-0.09066225344568468	0.11829631231490367	0.22295924709633863
0.07209465159433526	-0.0007079169344208491	0.0912455601741784	0.8359518712970655
0.7090327604814655	0.05659112203168215	0.003785226340199399	-0.230590891146653
-0.055018083620302694	0.2510988478828524	-0.6361837342030359	0.057699334293809024
0.23625036288999102	0.26361316839693383	-0.16483757270558663	0.3352988960074885
0.01938821337388985	-0.11591157366961768	-0.030024814008051015	-0.8346753989484414
-0.1545285986445557	-0.17292655087953546	0.32595709520737115	0.3465877552685377
-0.12880348748155135	-0.3736272800607048	0.48345312390116146	0.014116108556582407
0.5703787991034637	0.0886945452400385	0.21237745662090468	0.12854919903559314
-0.22540184007118813	-0.20824446738030988	0.3083133299460805	-0.25804036260242147
0.2507615545053328	-0.19825011401877823	0.22601341237396966	-0.32497491910191934
0.47358159745180517	-0.03966560031383337	0.403502165619227	0.08325063661513443
-0.495417604631055	0.03750968447527492	-0.21145444859943763	-0.25561826229423246
-0.035461447102684174	-0.037370397258845944	0.5652335390113383	0.36193461662713156
-0.0409087524769991	0.4816901100009203	0.11605691874580315	-0.3613442187762774
-0.01691748164629714	-0.6820291441678232	0.1159420384613088	-0.18511133572457084
0.1481139945488572	0.15804585760204914	-0.6278600667436207	-0.06598008110547293
0.05148499689142838	-0.39103168603971716	0.3110735976264978	0.24640971944235668
-0.04109586102985818	-0.22687990753875398	-0.5067231452872711	-0.2253010861441167
0.3164006226178282	0.5005414559444741	0.1072384271572615	-0.07581949428043622
-0.01591033875789183	-0.4178962142676723	-0.38473681810182003	-0.18145662887261582
-0.16596941302427104	-0.6022029843613723	-0.1838700784255769	0.04795752418877974
0.3670354954770827	0.22759728334055507	-0.07218876758107506	-0.3331784536012872
0.1872828323515916	-0.10511667050068874	-0.6124855860045049	0.0951149111432148
-0.2065815522359309	-0.2002917725011386	0.29480685697928233	0.2983198182836482
-0.22837778802815056	-0.06765016639382782	-0.5532199826054487	-0.15075206297257293
0.34174868797781155	0.2323224170407472	0.2782598359833408	0.14766905899810046
-0.16924651787437717	-0.4819950903393173	0.07878000663009899	-0.26997838515620654
-0.03140141672508867	0.42715967875567706	-0.32081199497555857	0.2206269095436757
0.486669528787798	-0.2595567105896468	-0.055083720979751005	-0.19869003964280418
-0.12812067669830252	-0.3666001097825131	-0.44041751946116836	-0.064861694058016
0.4801174369712995	-0.040796464122149656	-0.3249140674745896	-0.15417203143196123
Conflicts
79 33
29 53
51 82
23 12
18 73
63 88
47 55
10 12
25 87
68 17
94 1
83 39
82 85
2 79
10 81
66 56
91 20
11 22
43 31
26 54
2 11
84 20
99 17
25 84
16 22
55 38
38 21
75 39
63 33
4 51
25 97
92 18
54 10
39 88
71 40
94 73
14 92
51 24
19 56
71 28
55 64
16 5
80 38
100 13
100 82
27 46
11 57
54 56
25 94
50 24
63 97
7 68
54 39
26 85
50 81
48 49
83 33
41 12
62 15
48 15
56 24
11 39
7 55
100 35
43 40
69 1
91 44
60 72
75 85
9 82
48 62
62 44
75 57
78 57
46 82
37 58
7 97
78 24
2 99
47 20
16 24
14 73
55 12
21 82
31 1
69 98
67 21
10 98
56 18
72 44
10 64
3 74
86 72
25 11
98 5
66 69
40 24
23 88
11 44
35 60
76 18
83 98
63 8
83 15
3 51
9 17
34 87
75 65
2 48
93 30
8 5
54 57
65 51
95 52
25 5
95 24
95 84
87 6
13 82
75 15
66 85
4 66
47 76
60 90
86 5
32 42
58 11
4 56
48 36
9 66
97 18
50 82
71 61
75 22
60 59
53 56
66 61
27 52
32 21
93 19
74 11
2 51
3 27
94 33
16 38
58 19
69 8
10 17
65 48
91 57
9 70
99 82
13 83
14 69
56 39
4 65
34 22
8 96
41 1
7 42
62 18
81 27
31 72
34 18
3 90
47 51
26 27
25 24
99 73
58 99
63 35
80 95
98 95
50 57
100 10
15 18
15 38
55 97
4 67
39 18
77 58
17 36
78 6
52 33
19 87
78 89
83 1
40 5
19 18
22 6
59 84
74 15
93 17
92 88
78 99
64 11
60 16
65 5
31 79
99 85
65 49
60 69
79 15
29 64
23 53
55 8
21 57
21 44
8 84
75 60
54 50
31 56
29 93
19 5
68 34
29 6
10 70
71 9
50 20
50 95
83 62
31 83
18 20
83 5
25 53
75 80
13 40
40 85
100 27
26 28
17 21
98 87
71 3
26 77
18 30
40 61
69 96
34 61
76 44
22 46
55 82
80 98
98 39
31 11
16 21
32 33
56 59
47 70
71 96
77 88
5 96
36 57
55 22
79 88
52 24
44 18
13 44
49 46
3 95
63 57
67 38
67 56
62 70
8 18
71 32
7 21
63 4
31 35
27 56
43 95
37 59
8 44
23 26
34 58
58 51
51 45
43 73
47 34
90 84
26 52
32 64
31 94
99 96
16 64
3 96
50 51
78 30
55 46
19 95
34 79
11 41
50 42
87 82
69 21
99 84
74 30
25 85
12 85
17 1
42 94
42 96
43 49
81 49
38 46
48 38
66 94
95 91
86 64
47 31
91 46
63 5
31 50
63 45
43 48
54 96
10 30
78 48
4 94
40 22
68 83
32 45
7 44
92 36
43 1
98 67
14 24
58 85
77 38
32 24
55 61
72 17
92 52
56 45
78 33
72 20
44 88
4 46
11 84
36 45
65 70
3 49
35 79
99 24
14 98
14 62
23 96
13 64
7 99
74 85
32 15
10 77
92 90
58 15
62 73
23 34
78 66
63 32
38 12
50 58
67 12
89 38
14 40
53 52
47 33
61 36
91 24
83 61
60 77
53 57
64 88
77 1
65 94
93 59
15 30
61 19
75 49
75 94
4 12
47 96
25 62
68 5
58 70
23 19
59 85
10 58
68 30
71 15
3 22
53 20
66 58
22 30
34 88
63 17
50 86
82 20
61 59
10 46
71 45
37 86
13 53
86 67
99 19
63 80
80 70
67 96
4 80
48 39
75 34
53 36
47 27
71 49
41 84
75 95
64 49
16 33
43 10
17 46
93 91
69 76
42 80
80 84
76 82
7 77
76 46
83 2
23 47
100 69
3 15
98 97
84 45
77 81
92 81
72 88
89 65
54 44
42 83
43 65
11 45
43 23
71 25
31 91
13 38
2 33
65 82
50 28
13 1
56 73
20 85
77 87
99 6
4 30
54 80
29 45
31 48
27 99
62 39
22 20
3 52
78 1
88 46
27 36
25 13
7 81
37 66
7 61
65 91
9 90
23 54
31 75
75 44
69 58
3 36
91 73
49 91
61 82
5 90
100 42
26 88
53 28
14 42
40 72
55 95
26 48
98 85
13 16
56 82
50 90
100 55
75 21
42 17
43 15
68 79
83 18
27 44
36 30
53 41
28 51
28 82
10 87
75 98
31 95
54 67
78 40
26 34
54 91
16 82
39 90
78 8
60 28
31 36
23 75
29 24
4 77
10 57
4 96
43 4
21 24
13 97
23 90
50 83
42 27
66 36
7 13
17 22
35 42
60 42
34 52
9 88
3 73
48 59
62 82
16 15
66 6
60 20
41 6
44 20
23 69
35 66
99 79
65 21
47 93
42 1
17 15
4 73
71 37
53 30
78 75
15 6
36 18
60 94
10 45
100 95
75 96
4 99
2 62
2 49
34 99
37 28
54 81
38 85
76 38
59 79
78 94
19 15
63 92
53 73
100 84
53 70
72 28
87 15
3 91
98 51
27 51
53 12
55 84
100 15
28 88
34 29
43 47
80 22
89 49
43 74
40 84
94 51
77 56
59 76
74 12
13 67
58 30
42 30
55 81
5 41
4 75
89 99
29 84
47 64
32 85
54 92
26 6
22 41
22 52
100 60
75 50
68 55
61 24
69 28
89 12
83 30
71 12
94 6
74 65
99 44
13 95
3 85
9 3
21 39
98 41
83 52
76 30
27 28
71 13
60 97
100 34
86 62
78 97
69 65
99 33
61 65
11 97
99 15
42 24
19 82
93 46
71 75
68 8
9 57
69 88
7 94
83 95
50 97
81 12
92 21
7 38
78 72
99 28
43 33
60 3
74 24
73 1
40 82
47 44
83 40
81 17
48 73
2 73
29 17
4 35
31 70
7 89
54 53
80 49
63 75
9 36
2 8
54 93
47 48
87 90
62 90
68 13
71 20
1 18
99 62
97 46
15 52
78 46
34 45
14 64
54 16
61 88
92 69
4 93
86 27
26 92
43 29
48 70
75 90
80 76
58 38
98 20
78 28
81 3
25 45
34 85
17 44
59 6
34 24
68 69
80 62
77 62
63 44
80 56
68 25
65 12
50 52
32 1
9 52
34 56
42 69
40 74
98 46
11 12
16 56
84 85
27 45
29 65
77 30
42 51
19 90
27 30
71 73
34 51
35 57
31 12
79 51
77 46
7 59
35 58
4 69
43 94
87 88
54 95
29 72
54 69
32 55
9 50
81 1
2 17
80 30
93 90
42 28
32 49
94 84
47 32
36 33
6 84
41 82
97 52
79 24
63 54
17 84
66 74
13 57
72 52
93 16
74 56
7 80
2 5
14 22
7 40
59 96
24 1
2 98
65 38
92 32
87 96
3 48
98 81
35 33
68 22
31 76
68 90
95 96
89 46
38 45
60 53
9 1
77 24
38 1
100 92
95 6
83 22
50 93
4 15
19 48
66 82
54 52
68 58
43 44
66 8
77 98
2 95
9 80
9 27
37 72
49 30
60 36
10 99
81 2
92 61
61 90
56 30
60 86
13 52
7 10
40 79
69 61
25 22
60 11
49 90
75 29
9 15
10 40
60 62
7 15
39 33
40 62
47 24
91 1
50 6
40 59
70 84
75 1
47 98
7 98
55 34
23 36
100 14
60 5
58 93
87 33
10 73
50 99
25 38
47 28
38 52
61 18
26 3
92 27
52 18
7 33
40 44
58 40
67 49
19 6
71 59
100 22
99 18
47 6
8 22
27 88
4 3
2 67
71 35
26 86
74 39
97 33
26 79
97 45
34 97
75 11
83 99
60 29
4 70
32 27
44 45
61 39
34 65
17 96
80 36
32 44
55 53
77 96
81 96
7 31
74 36
81 88
14 32
59 39
47 97
66 22
97 5
8 12
79 82
60 74
89 6
8 38
9 18
35 73
2 22
40 95
42 11
9 30
5 15
34 91
60 73
48 18
31 97
83 48
28 41
56 1
9 29
69 30
35 52
54 11
68 28
14 1
32 83
87 57
92 46
58 67
83 79
40 51
8 91
8 57
23 70
17 30
79 22
26 84
78 95
92 66
49 18
10 95
35 82
60 17
13 76
29 62
63 53
32 36
58 6
2 21
67 1
94 46
58 82
19 73
48 5
16 36
7 19
92 42
75 81
26 13
70 41
55 66
47 22
65 44
40 96
68 70
35 38
81 86
26 60
98 56
49 20
26 5
23 66
81 30
65 17
69 12
68 36
74 96
23 32
75 17
99 52
32 94
90 20
71 78
47 79
45 85
56 11
5 39
35 30
98 73
81 46
65 8
98 72
94 8
59 70
100 98
63 76
63 28
3 82
2 27
69 18
32 52
13 27
19 39
16 30
92 83
66 49
95 85
71 8
63 29
28 46
85 24
2 24
26 2
89 85
74 48
32 61
22 84
47 17
71 65
28 56
35 64
10 80
11 24
2 3
25 10
89 84
77 95
13 75
78 10
92 3
27 1
29 19
23 74
32 17
74 64
32 57
57 52
80 1
65 15
40 64
59 46
26 36
38 39
9 84
34 6
42 79
89 70
7 32
68 52
28 84
43 79
32 41
65 1
14 51
69 19
86 1
19 94
53 40
26 50
63 51
54 59
55 27
13 99
63 1
33 91
47 61
97 22
63 34
7 16
68 82
71 90
80 24
4 29
10 66
42 34
86 2
44 12
55 99
28 48
76 57
19 88
60 34
37 57
39 30
66 84
56 21
87 59
11 33
71 2
28 6
41 88
83 58
35 6
80 99
28 94
96 85
63 95
54 99
80 86
74 22
90 24
70 76
56 79
71 91
89 96
10 44
100 81
66 3
32 89
37 56
93 70
35 44
97 1
10 72
43 84
29 48
96 6
81 33
52 73
13 46
76 91
35 69
54 84
54 79
72 39
23 20
67 27
43 62
87 94
86 59
62 97
13 15
98 38
29 96
88 73
100 62
7 66
55 20
76 5
11 90
64 8
36 94
37 46
100 53
26 78
98 1
4 50
72 49
32 28
79 21
54 29
99 59
16 91
23 6
72 95
13 65
3 41
32 38
97 82
28 5
14 91
19 1
4 25
17 79
46 6
95 39
54 3
21 12
23 97
77 27
26 100
66 16
81 91
16 95
53 46
66 17
54 73
51 73
7 90
90 45
5 18
33 46
2 58
86 51
10 2
66 28
6 52
66 15
25 70
54 19
83 93
29 39
36 82
35 16
23 37
100 73
68 10
16 73
63 94
25 88
29 41
7 76
33 20
63 96
62 21
27 33
68 35
23 44
11 8
51 38
77 64
48 6
40 91
100 58
7 23
52 84
64 57
68 19
63 18
19 28
56 96
100 28
89 39
14 27
4 61
89 56
54 15
28 45
4 28
75 83
92 49
29 18
57 33
25 59
67 84
69 81
31 53
8 85
39 20
72 70
36 44
25 19
65 45
39 85
54 17
69 52
65 24
41 15
13 81
34 28
78 84
63 86
9 79
78 34
38 57
3 93
86 33
75 92
58 59
6 73
13 36
97 73
2 56
54 94
32 51
92 19
14 53
68 80
86 58
92 70
98 6
72 91
62 88
35 1
34 96
44 24
37 64
80 61
100 20
50 53
43 80
66 64
42 70
87 24
42 22
69 2
32 18
99 90
40 88
100 45
50 94
10 11
92 8
80 20
23 38
96 46
22 90
92 51
31 44
86 70
80 12
62 57
41 46
36 79
37 89
43 45
94 15
53 94
70 6
84 88
64 12
40 76
61 28
2 91
27 95
31 33
43 12
21 96
93 85
72 15
14 55
100 59
15 46
61 91
64 33
9 61
13 80
54 24
19 16
7 30
92 38
64 90
17 97
42 38
14 16
34 21
50 73
67 22
53 45
69 79
100 33
23 57
67 85
9 12
9 48
29 28
97 91
38 6
47 58
53 18
31 51
32 93
74 8
44 73
50 19
22 73
58 89
25 52
53 22
89 8
47 92
25 44
75 30
88 18
71 83
46 30
27 96
58 91
50 12
54 65
3 8
58 41
57 1
4 97
61 16
39 1
70 20
75 99
55 29
74 62
37 94
31 24
37 42
23 21
78 76
95 8
11 91
16 87
62 33
4 64
32 72
9 44
7 62
50 1
100 65
83 69
17 8
67 65
9 99
37 53
4 85
64 59
37 54
98 93
50 32
2 74
15 1
17 56
77 8
4 57
26 31
16 39
50 59
81 45
22 24
74 41
77 97
95 44
32 97
48 85
25 96
41 30
71 60
37 47
41 57
79 38
71 98
54 41
92 22
35 95
89 22
34 72
69 95
92 64
67 88
25 6
87 91
23 17
71 4
14 67
60 49
34 84
76 22
9 28
17 70
72 30
13 48
80 85
91 6
40 28
23 76
98 45
86 38
99 51
48 33
45 1
76 1
37 87
98 17
68 46
86 40
59 49
75 97
74 18
93 15
37 83
69 48
31 74
9 32
28 30
3 76
55 56
43 98
29 46
81 24
76 90
63 3
57 73
92 73
54 47
13 89
69 74
55 48
55 10
19 41
13 62
54 51
4 87
43 63
47 69
92 1
69 99
70 82
58 84
26 46
38 84
43 93
11 38
7 72
8 41
40 30
48 46
86 74
54 40
31 19
25 76
10 91
4 17
42 39
86 85
42 82
56 94
17 73
31 17
53 24
13 12
23 9
40 3
4 22
67 72
62 45
48 57
87 76
3 88
63 64
47 19
47 90
14 60
81 16
61 41
87 73
56 90
54 66
77 57
9 95
43 37
66 72
48 11
72 96
95 56
42 85
2 87
28 76
29 88
26 19
26 45
13 11
51 57
25 61
66 96
92 56
16 12
54 30
59 15
50 79
26 33
42 76
7 50
37 69
92 40
55 40
77 59
25 51
8 82
83 41
36 52
29 79
27 49
100 48
2 57
43 60
64 41
21 1
19 64
77 69
70 46
69 93
62 46
43 78
26 10
89 30
54 2
23 93
42 18
95 20
79 73
83 65
94 82
56 85
67 41
66 18
29 87
9 78
47 57
97 88
69 44
86 45
60 48
72 11
7 63
79 91
83 90
60 65
63 98
86 88
19 36
9 6
83 59
9 2
92 57
84 73
12 30
28 49
49 24
16 88
72 38
72 79
40 41
2 16
70 79
83 46
2 41
93 95
2 12
11 88
9 74
40 11
100 3
70 8
77 6
89 15
23 14
32 29
43 5
26 15
4 78
69 86
81 44
27 90
26 44
35 89
50 69
68 38
70 5
100 78
68 74
70 85
62 1
100 85
37 45
89 90
43 18
100 25
39 24
14 25
47 9
6 18
4 60
92 29
55 67
93 64
71 77
23 45
14 77
86 48
97 30
43 90
37 52
7 85
81 5
28 87
25 82
23 82
55 58
2 19
99 76
84 30
92 48
96 18
92 16
25 65
47 78
9 58
59 97
42 49
58 27
55 36
23 77
23 55
74 27
47 75
71 11
68 77
37 34
95 76
74 73
92 60
54 100
99 20
87 5
76 33
13 30
42 95
4 90
77 80
74 44
4 13
7 24
76 85
99 46
9 11
65 41
40 39
16 90
59 24
71 70
12 57
43 72
12 82
78 90
31 34
67 79
53 1
61 96
23 15
55 1
32 59
64 65
54 42
59 57
40 93
42 3
29 80
77 91
63 12
14 50
82 52
42 29
68 45
71 97
71 68
3 79
99 39
39 12
3 65
78 65
31 88
63 79
71 39
23 16
61 45
35 77
41 85
3 87
3 19
78 15
32 8
55 11
7 95
28 85
25 98
40 56
70 94
78 42
34 94
43 19
17 52
9 72
86 17
87 70
92 79
53 91
87 97
59 52
32 20
82 1
43 27
37 78
61 51
40 33
83 97
69 73
40 87
25 89
47 85
5 22
68 95
9 75
46 85
61 38
37 93
4 34
93 44
28 36
26 90
34 16
54 89
7 57
11 70
94 30
55 49
50 2
68 39
43 81
68 96
17 95
73 24
53 95
72 57
93 24
75 88
89 40
4 19
48 20
74 57
95 41
89 82
27 65
28 8
23 28
81 48
42 81
7 36
95 49
25 46
49 52
75 42
86 24
3 38
55 35
92 6
87 38
67 16
81 76
99 61
69 39
61 6
76 96
63 11
98 96
16 94
87 12
72 90
71 63
92 34
62 24
54 88
50 17
11 73
40 97
47 87
71 34
99 22
52 30
34 46
78 86
68 86
6 20
66 24
7 96
55 41
7 65
5 38
100 56
27 91
37 36
68 57
35 10
65 57
55 86
14 48
42 56
22 38
75 79
58 18
42 86
41 24
47 46
74 76
74 82
4 11
23 92
25 40
31 45
53 89
94 41
80 8
65 11
25 73
49 38
100 19
28 79
43 11
32 66
17 59
80 51
26 47
31 2
3 12
29 95
55 91
77 33
46 45
26 75
23 68
50 11
54 20
14 74
94 79
60 79
3 20
71 99
23 84
28 57
29 81
10 41
78 14
68 59
7 39
37 44
13 98
94 49
80 79
63 16
78 58
59 44
31 93
80 46
23 25
40 21
37 1
7 70
59 30
97 84
8 33
44 30
54 90
43 51
75 41
77 93
92 80
67 99
48 87
50 49
37 95
47 13
83 72
75 86
98 52
53 51
92 20
63 70
78 29
38 24
31 49
42 5
78 87
8 15
4 92
51 88
69 22
69 59
16 65
14 81
62 38
25 66
14 46
2 89
17 45
7 56
69 97
72 73
81 41
13 34
54 86
43 6
35 76
78 32
86 6
9 87
32 84
32 39
46 73
95 15
36 12
26 32
14 39
74 90
55 24
43 22
54 82
64 52
3 28
23 60
31 38
66 88
80 39
28 52
68 98
100 94
92 78
53 11
59 5
2 28
17 38
13 90
65 88
65 96
53 58
79 39
30 45
48 90
2 76
63 14
7 88
7 87
17 5
82 84
36 96
33 6
63 60
73 45
8 39
71 31
13 61
9 8
26 9
66 83
80 90
12 73
72 62
14 97
6 85
96 45
47 89
21 45
63 99
31 46
79 57
5 24
10 36
60 44
4 31
46 84
90 30
66 34
75 52
32 91
68 91
93 6
13 42
23 31
40 17
61 87
81 73
93 79
36 46
29 70
40 36
89 18
66 73
14 86
86 36
100 21
54 9
7 6
15 39
87 20
31 80
92 12
14 83
53 85
43 85
76 88
31 58
35 36
93 56
17 82
7 18
37 11
19 21
90 1
80 19
67 87
92 82
7 29
86 11
62 96
51 52
51 22
86 3
38 33
70 52
72 51
42 89
60 61
93 48
74 1
70 91
64 51
81 21
69 16
2 72
92 84
14 15
48 1
13 60
87 39
71 56
34 95
10 56
59 22
92 17
37 63
43 69
17 90
17 11
93 84
42 40
60 88
43 88
62 59
54 46
50 30
68 2
63 52
70 24
100 40
7 12
31 22
74 33
10 3
14 66
55 17
8 79
43 52
94 22
17 24
75 2
74 46
77 52
43 16
16 18
94 39
4 42
33 85
80 65
75 67
95 46
72 85
15 84
78 5
78 49
63 50
37 81
90 85
43 36
68 67
66 29
26 16
68 76
34 86
69 82
58 17
67 57
10 49
5 84
53 96
77 36
86 12
21 52
53 8
53 27
8 6
77 18
3 44
19 51
89 67
67 90
58 45
61 21
81 36
13 21
32 19
94 12
29 38
56 88
13 91
34 70
74 52
28 17
5 45
27 39
31 30
31 98
71 50
25 57
13 41
36 62
94 88
100 24
13 84
92 11
55 73
70 22
70 30
42 87
26 80
25 81
88 20
55 28
53 49
31 99
98 44
27 15
78 18
56 70
63 82
49 73
58 73
48 22
11 94
62 11
79 45
50 56
11 52
42 53
67 36
98 99
27 70
33 88
81 74
100 66
14 19
5 73
92 77
92 99
80 72
92 87
2 20
31 21
88 45
14 36
96 52
55 83
10 48
93 62
99 94
33 24
25 50
40 6
68 94
2 44
9 89
7 22
77 67
36 95
10 82
68 51
34 11
77 12
63 77
23 61
56 46
66 87
10 93
71 7
80 28
9 73
43 71
3 64
27 41
42 99
75 20
49 85
2 46
3 70
68 63
92 97
51 33
77 19
88 1
9 16
92 89
97 41
5 20
100 61
10 85
67 33
9 94
77 48
75 55
11 76
89 11
72 45
63 25
67 91
86 39
39 57
23 86
62 84
58 72
13 55
58 76
72 19
57 85
77 41
13 3
69 91
43 86
62 30
88 30
17 18
98 22
100 75
13 70
63 58
37 92
71 44
100 93
87 11
81 20
26 76
81 64
28 62
51 90
49 45
95 73
9 38
53 3
64 46
9 45
13 32
22 91
32 3
32 67
29 52
16 52
75 48
2 96
69 64
61 52
32 53
33 1
7 34
66 45
37 20
34 64
100 87
95 11
63 91
81 40
15 20
23 81
68 3
3 46
60 52
65 36
47 16
4 8
68 31
86 84
93 88
25 49
71 38
26 99
7 9
31 69
67 48
2 84
81 61
67 70
25 15
27 94
68 40
30 1
53 61
66 98
91 30
13 24
54 74
46 1
4 47
37 98
4 59
94 20
16 59
36 41
54 72
47 77
47 14
41 52
68 16
35 70
69 20
37 29
34 59
60 89
35 96
9 22
60 40
83 16
78 16
48 17
89 3
31 60
17 88
89 91
60 8
86 52
54 48
55 33
96 20
29 11
58 88
19 20
23 71
35 98
83 77
67 61
7 82
23 72
63 66
8 51
68 42
50 77
83 67
19 57
93 20
78 96
86 53
87 18
71 69
32 73
70 88
7 83
57 20
34 41
80 44
53 97
8 20
62 51
64 87
99 21
58 33
59 12
71 57
80 74
26 98
7 84
98 91
93 39
19 45
100 51
26 12
42 45
81 19
9 33
47 35
75 91
78 41
76 79
7 47
39 82
35 65
34 33
93 12
81 90
72 36
35 62
10 39
64 24
56 8
94 18
49 12
3 45
71 17
26 70
28 18
74 95
60 82
32 81
100 46
59 20
84 24
3 59
61 62
92 25
78 25
6 44
78 82
2 1
17 76
75 27
