InstanceID
10_150_4
NumObjects
150
NumFactors
4
Weights
11.258244478647295
36.83140665808429
34.44540231363058
5.664544616214151
12.078054506961555
17.95740766710132
38.18127440852261
81.51038332483567
24.22083248151139
81.977797040088
66.99313951612163
45.305833195233156
84.40074795625907
67.91898821149229
72.52498905219804
92.36760031564317
6.609803322813423
99.91722180201815
17.165450700728414
42.041790666399194
55.66843807053139
59.617232065521165
38.40322060393761
92.33537554310114
49.733458424371754
42.956952617328724
10.96774963723961
25.028696593916912
32.84748285699865
57.57885375537537
22.138257303890896
12.07727535430525
6.725577975637154
74.41065984020987
96.59259339892641
45.27235552599513
72.66609550797803
43.56265730049975
28.245934297893193
17.454721125516315
12.400141192619053
41.72454313246157
50.67939131055341
68.21669275355933
90.70291829602542
52.760450270399
49.58987286461851
47.716480493760784
40.32786219276541
33.78928354851263
12.844288125512948
65.32402582347538
5.877999184701399
16.338270903215623
18.132951383519025
30.93174389167568
20.666021300328286
75.81366133353771
78.19870730703794
24.099979788284685
17.447981400773326
56.00318658083967
0.16577441731941978
12.142282141928163
47.61924201802026
22.984064461441946
96.44027998889852
14.463241391108772
66.25906507964909
21.824112538254028
76.74516967624116
81.44265782737921
34.01592322193285
70.78543635253914
80.15480915065277
40.849777178565795
72.85223093836122
62.34002109832784
18.368172043653487
40.64239542789818
1.1227799179722942
73.39062052840933
66.28382469510746
8.312342876805111
46.510884641519134
70.67665970888622
96.24807420082473
39.33896116001645
87.30016078495994
66.77266006807992
59.059699941083466
49.28553861109815
86.81649899159596
11.97938044925202
11.427982847623387
80.55245051694502
1.198516222843815
40.86386601202332
83.9998240404566
80.96333183876247
30.156709233180212
72.95771819121492
34.03734355195505
28.751793566812722
45.1412134170649
97.36619289613901
46.868481361246126
96.4595347197772
76.13958099450319
4.865711221942481
51.696737764995106
18.50000939144949
92.96759026425991
54.93061443886178
77.70760844187244
1.0902936389360907
40.35639061752527
72.22951826295912
47.20740664003975
85.74100701968273
10.08287103406409
53.62596205148229
57.765124724640614
66.59015352035391
96.09227069918667
94.58275473454125
57.64983438458196
57.91898052069402
78.12728245609244
73.17846600388822
12.166102444518057
22.515431588585844
88.9113397018821
46.29811541996749
12.500606482420661
10.118334925049899
40.99759356748252
19.76456584826827
20.733261278505722
92.71514857705436
48.37802440811816
37.253552711214446
33.95282540625957
86.44389641931842
45.93136314723232
38.11449800358866
14.474469394669075
1.1998833355220562
25.03408744688469
40.139077182029006
Budget
3556.9334995854024
Profits
-2.251648895729459
-7.366281331616858
-6.889080462726116
-1.1329089232428302
-2.415610901392311
-3.5914815334202643
-7.636254881704522
-16.302076664967135
-4.844166496302278
-16.3955594080176
-13.398627903224327
-9.06116663904663
-16.880149591251815
-13.583797642298459
-14.504997810439608
-18.473520063128635
-1.3219606645626847
-19.98344436040363
-3.4330901401456826
-8.408358133279838
-11.133687614106277
-11.923446413104234
-7.680644120787522
-18.46707510862023
-9.94669168487435
-8.591390523465744
-2.193549927447922
-5.005739318783382
-6.56949657139973
-11.515770751075074
-4.427651460778179
-2.41545507086105
-1.3451155951274307
-14.882131968041975
-19.31851867978528
-9.054471105199026
-14.533219101595606
-8.71253146009995
-5.649186859578639
-3.490944225103263
-2.4800282385238104
-8.344908626492314
-10.135878262110683
-13.643338550711865
-18.140583659205085
-10.5520900540798
-9.917974572923702
-9.543296098752156
-8.065572438553081
-6.7578567097025255
-2.5688576251025896
-13.064805164695077
-1.1755998369402798
-3.2676541806431247
-3.626590276703805
-6.186348778335136
-4.133204260065657
-15.162732266707541
-15.639741461407587
-4.819995957656937
-3.4895962801546654
-11.200637316167933
-0.033154883463883955
-2.4284564283856325
-9.523848403604052
-4.596812892288389
-19.288055997779704
-2.8926482782217544
-13.251813015929818
-4.364822507650805
-15.349033935248233
-16.288531565475843
-6.803184644386571
-14.157087270507827
-16.030961830130554
-8.16995543571316
-14.570446187672243
-12.468004219665568
-3.6736344087306976
-8.128479085579636
-0.22455598359445883
-14.678124105681865
-13.25676493902149
-1.6624685753610222
-9.302176928303826
-14.135331941777244
-19.249614840164945
-7.867792232003291
-17.46003215699199
-13.354532013615984
-11.811939988216693
-9.857107722219629
-17.363299798319193
-2.395876089850404
-2.285596569524677
-16.110490103389004
-0.23970324456876302
-8.172773202404665
-16.79996480809132
-16.192666367752494
-6.0313418466360424
-14.591543638242985
-6.807468710391009
-5.7503587133625444
-9.02824268341298
-19.473238579227804
-9.373696272249225
-19.29190694395544
-15.227916198900639
-0.9731422443884963
-10.33934755299902
-3.7000018782898976
-18.593518052851984
-10.986122887772357
-15.541521688374488
-0.21805872778721813
-8.071278123505055
-14.445903652591824
-9.44148132800795
-17.148201403936547
-2.016574206812818
-10.725192410296458
-11.553024944928122
-13.318030704070782
-19.218454139837334
-18.916550946908252
-11.529966876916392
-11.583796104138804
-15.62545649121849
-14.635693200777643
-2.4332204889036113
-4.503086317717169
-17.78226794037642
-9.259623083993498
-2.5001212964841324
-2.0236669850099798
-8.199518713496504
-3.952913169653654
-4.146652255701144
-18.543029715410874
-9.67560488162363
-7.45071054224289
-6.7905650812519145
-17.288779283863683
-9.186272629446464
-7.622899600717732
-2.8948938789338152
-0.23997666710441123
-5.006817489376938
-8.0278154364058
FactorLoading
-0.14397833097309998	0.24851312134229686	-0.023274488455873765	-0.5842340592287294
0.3610163089975136	0.44116440084953945	0.16412145028304193	0.033697839869905044
0.03812404881092202	0.5149038629825688	0.1431142655329658	-0.30385782267354333
0.31010712352589387	-0.29196841577790145	-0.34246636125940855	-0.05545809943679614
0.02107466538900038	0.502944429659868	-0.3556615529848921	-0.12031935196623955
-0.008147854913458152	-0.6016224588192929	-0.3329632427986411	-0.057266443468607875
0.07748101037763622	0.5496324255107339	0.013322810674911034	0.35956375343671887
-0.015974547572104703	0.1399373865667244	-0.5785483234246411	-0.2655397424365298
0.6396915011826563	-0.09903163001596971	-0.028935436295595363	-0.23234143250577866
0.48579598099296706	0.19924317689148707	0.17456910217852384	0.14039173993702203
-0.11498113639325602	-0.562182283797886	-0.29655627612079405	-0.02628030368806389
0.03832194372381492	0.43519900497804653	-0.3818265999214736	0.14465245137666494
-0.5735415780383759	0.11601590871600131	-0.19804899804319742	0.11239351520242535
0.0025373484557056347	-0.17832751149897041	-0.44920523695279346	-0.3699299030925305
-0.20718876009749954	0.22486007501881322	-0.5436561360585836	-0.024295028825103593
0.635715424986814	-0.255008672274885	-0.09453195490491462	0.014743947833386395
-0.50054620202312	-0.0595319052010177	-0.192927543893872	-0.24699434888199034
0.005354457899294118	0.3746195410541384	0.39355527737165463	-0.22647072367491283
-0.5572700341021193	-0.08100461568766493	-0.33110870926051184	-0.030616640949703955
0.6016978424469002	0.04082640562664697	-0.20205469070464455	-0.15542106122180832
0.073128358178983	0.24234147228236602	-0.3232102065031883	-0.36131996303546265
-0.19808342358607467	-0.24961398111736033	0.3806589747777547	-0.17164362051881032
0.02698383872518728	-0.0562809440257146	-0.490342103676374	-0.42639311357272414
-0.14081156538070694	-0.3707651741891922	-0.09283333333773913	-0.39558992709236174
-0.10609918577728372	0.005522618175076044	0.18493486051073083	-0.7034433355369094
0.1115453292365558	0.22185922948179404	0.34970174195538517	0.316893699326265
-0.5319520536821511	0.007126091954885894	0.3939272567671741	-0.06699459759578885
-0.007688132163691019	0.6443386012815862	0.1379115932910011	0.21006167326372172
-0.21290307645531792	0.2957726132501475	-0.2119318501795342	0.2793924601150004
-0.10873552302077383	-0.642150220622665	0.02110729842848369	-0.22800695792807746
-0.09489087825724507	-0.02265674981134036	0.5232003405609329	0.3592520313704817
-0.24406819943378455	0.25747550951218656	0.419966142964443	-0.07849014808958588
0.006836377825554685	-0.41817199189415133	0.1381013944813272	0.4368902357989668
0.26005542331867315	-0.1281862187214471	0.19167402115265908	0.4200843368072207
0.3333092688096797	-0.27872591296758764	0.08522249903205803	-0.3027423191906746
-0.35007231618175516	-0.5091109787428989	0.003140688130267577	0.13767601694507836
-0.5888409649720434	-0.27924457120682544	-0.03808261857196671	0.09383184524916444
-0.04279226510973899	0.3926251894541324	0.36728646458656766	0.19729608084956096
0.0023678053729143667	0.7684591640403979	-0.005092992349317482	-0.22408003823737022
-0.022709031503612698	0.45419986889091013	-0.3220727891908104	-0.20101831041466678
0.22133121838583736	0.4625609919472633	0.2314108817329994	-0.08469690793389995
-0.23467675943161415	-0.11325807057905601	0.4911753743930416	-0.16088979559628824
0.40373991063770753	0.20582140497216028	0.03811294505333018	0.352325739336802
-0.2201124422531251	-0.043740488562530766	-0.29592770380315914	0.440219365381185
-0.6601952248185456	0.03069491028004423	-0.28615169317414857	0.022958171727261556
0.17555538249727376	0.04915068679093393	0.08496966905186176	-0.6903242616599305
0.26916259049258184	-0.44532961630700063	-0.01556707155459347	-0.26994072164582406
0.12419748404856001	-0.5835428977236954	-0.19439856743480566	-0.09786105079293894
-0.6964350902853633	-0.11128411969953644	0.18099133550207158	-0.011289454513028652
0.1733813990883324	0.5695294809599551	0.031892007814025014	-0.22519711213768745
0.3220821138077916	-0.5444530846638052	0.1095560770456836	-0.023908724482719634
-0.4079146930248445	0.1544319528583078	-0.08807391027272149	0.3495794438441262
-0.0518309896433633	-0.055607606309098445	0.27517528174156913	0.6173861223059691
-0.07111779464046175	0.1882364722001577	-0.05558260432633566	-0.6850631288330449
0.03904320774095438	-0.07188558682980029	0.4042549786376295	0.48481622679161585
-0.26057853467682013	0.28946470555479387	-0.27825257523742386	0.17170418453096215
0.3948193475497146	0.4988787138684916	-0.05076518972521793	-0.05553674885657589
-0.19061202536536737	-0.0029735408272708597	-0.6220968307841352	-0.18431760302322653
0.8301163901663602	0.11594507489583172	0.013056251745720004	0.04088228319208809
0.06803671464736238	-0.353066842061194	-0.5415034331267614	0.03739301016468222
-0.3503288736511514	-0.003142302582615164	0.6437685329568155	0.0027602908094179757
-0.568082187143073	0.20895856576058836	0.15202883178372817	-0.07093041531261046
-0.07209465159433526	0.09195347710859925	0.6751358115832298	0.16081605971383572
0.7138602684937025	0.05176361401944507	-0.003785226340199399	-0.230590891146653
0.055018083620302694	-0.3175104260041459	0.5697721560817424	-0.057699334293809024
0.23625036288999102	-0.3340644323595625	0.09438630874295795	-0.3352988960074885
-0.13529978704350754	-0.030024814008051015	-0.5422923813816145	0.29238301756682694
-0.1545285986445557	0.06481278715586702	0.10811376372366843	0.6725448504759088
-0.12880348748155135	0.34398240735494046	0.029644872705764325	0.49756923245774387
0.5703787991034637	0.09408768516056631	0.20698431670037687	-0.12854919903559314
-0.22540184007118813	0.05192423708483185	-0.46463356024155855	-0.25804036260242147
-0.449011668524111	0.22601341237396966	-0.1907340795726129	0.13424083952930643
-0.47358159745180517	0.03966560031383337	0.33590998067615097	0.1508428215582105
0.20494476471274248	-0.2904728399183125	-0.24896413307471255	-0.25561826229423246
-0.035461447102684174	0.40972439947491734	0.19287953679526693	0.36193461662713156
0.0409087524769991	0.0503825882166371	-0.5473644405300864	0.3613442187762774
-0.01691748164629714	0.3507548779881515	-0.4472163046409805	-0.18511133572457084
0.30615985215090635	-0.5626727878509541	-0.06518727889266662	-0.06598008110547293
-0.44251668293114554	0.23723224486918348	0.0738413527573143	-0.24640971944235668
-0.04109586102985818	-0.3208465500220328	-0.41275650280399234	-0.2253010861441167
0.8169420785623023	0.038254897891779605	-0.0689835292654819	0.07581949428043622
-0.01591033875789183	-0.3713233504299742	-0.0465728638376981	-0.5661934469744359
-0.4529599342447701	-0.31521246314087326	0.1838700784255769	0.04795752418877974
0.3670354954770827	-0.29978605092163013	-0.22269060293631293	0.11048785066497424
-0.1872828323515916	-0.10511667050068874	0.5411935891069681	-0.16640690804075153
-0.24991264793741208	0.15696067679965742	0.29480685697928233	0.2983198182836482
-0.22837778802815056	-0.06765016639382782	-0.006884461258403363	0.6970875843196183
0.34174868797781155	0.2323224170407472	0.06940292602728593	-0.35652596895415534
-0.4718247827967321	0.17941682541696236	-0.07878000663009899	-0.26997838515620654
0.03140141672508867	-0.4317972617370931	0.31617441199414253	0.2206269095436757
-0.486669528787798	-0.2595567105896468	-0.03704804784679827	0.21672571277575692
-0.12812067669830252	-0.14235089647005794	-0.22424921331245518	0.5052792135191844
-0.4801174369712995	-0.040796464122149656	-0.047132874801158575	-0.4319532241053923
-0.20285280549575813	-0.3518412858655662	0.07767995419548024	-0.36762595444319546
-0.349358322559399	0.43638321976777905	0.009672009417681426	-0.2045864482551405
0.45868972862144686	0.22192661073683162	-0.05020946103114876	0.26917419961057276
0.3187452660607164	-0.29607476264671173	-0.16661417775433174	-0.21856579353824013
0.16147156522443584	0.367332444357066	0.3503886098813498	0.12080738053714835
0.4987397024129294	-0.27130768532065463	0.17711305564091395	0.05283955662550199
-0.12474694151112198	-0.794994496182575	0.044561187344865694	0.03569737496143732
-0.129669560630721	0.1572847161292117	-0.25933307986565324	0.4537126433744141
-0.19963293384639957	0.3277659984315091	-0.21414882283467218	0.25845224488741914
-0.07523566359828604	0.1520462836581089	-0.3730910969988732	-0.39962695574473184
-0.028510965498612206	0.9007568811245001	0.010313954933114378	-0.060418198443773274
-0.08920106615160006	-0.14551516495383954	0.6692186662633919	-0.09606510263116852
-0.0030733937784879206	-0.4743502643975923	0.23331743881320732	0.28925890301071244
-0.1329074091678757	0.17316750862953767	0.38704625627679135	-0.3068788259257953
-0.46821740147375257	-0.27539885700670297	0.10207091321802264	0.15431282830152182
-0.00362067837789537	-0.1979072419891046	0.2634509266022629	-0.5350211530307372
-0.45546069706903247	-0.1218902914392328	-0.005142098313262844	-0.4175069131784719
-0.15763321814055797	0.10323181587065089	-0.5543522157776193	0.18478275021117185
0.2667726978827514	0.24692780900563016	0.34781890557943207	-0.1384805875321864
-0.503265719679246	-0.2657364341352457	-0.21057385623568825	0.020423989949819976
-0.05826894841169117	0.39642050159609643	0.09286603238200519	-0.4524445176102072
0.12419182711247134	-0.4775928874767572	-0.01745237022421975	-0.3807629151865517
0.5253472077919914	-0.25383043387710535	0.17586322116324937	-0.04495913716765387
-0.230608399026075	-0.2453382591650035	0.48013500298429057	0.04391833882463092
-0.3264316413877433	0.01456910031953873	0.36561482011075586	-0.29338443818196214
0.077063593104296	0.3111608858862882	-0.6017092551378744	-0.010066265871541358
0.8608911970943176	0.11777522412318886	-0.010114016252121605	0.01121956253037193
-0.4954696359723254	-0.15783250834684037	0.04035767068676033	-0.3063401849940739
-0.22478812863628206	-0.024542380703248545	0.7037197642287851	-0.04694972643168427
0.42859208721973086	-0.02688942145511053	0.42684925878925184	-0.11766923253590678
0.1888565065949772	0.26670650897502024	-0.24970506466573084	0.2947319197642717
0.5541646729955707	0.3505595230370797	0.0850623957023049	-0.010213408265044688
0.5274369564741492	0.24183061237779713	0.00016781111794506032	0.23056462003010858
0.7921422966765281	-0.043361216567441074	-0.023390365126896517	0.14110612162913427
-0.3757168095380956	-0.38458018164971586	-0.011458175220244726	-0.2282448335919438
-0.04701230242934229	0.3030248301137275	0.21238957701047334	0.4375732904464569
-0.420884504346861	0.34767285080748556	0.2152247076478666	0.016217937197786858
-0.05402303299324229	0.12860461751391838	-0.31232594768432964	0.5050464018085097
-0.021381048552999715	-0.02992581832023511	-0.0655370111842386	0.8831561219425266
0.21537571522386312	-0.047300320086056	0.2804174769453778	-0.4569064877447031
-0.29179569730868504	0.061133598666841316	-0.35486537424105724	-0.2922053297834164
0.2724792548040651	-0.060992909064874645	-0.05766241228190161	-0.6088654238491586
-0.19605410370232845	-0.0899277752666725	0.5351724257034578	-0.17884569532754124
-0.49597220866614955	0.08442282699244608	-0.3121054367415226	0.1074995275998818
-0.12992658324264017	-0.3053753468654421	-0.12815682366566294	0.4365412462262548
0.1726912059032617	0.08672393768635445	0.4223871240430057	0.31819773236737814
0.4887335894773934	0.07540720714508331	-0.1651829268017928	0.27067627657573046
-0.11943609614045747	-0.14720353146320964	-0.20468704321317688	0.528673329183156
0.32527092995014706	-0.14920045924534264	-0.45611205833923285	0.06941655246527745
0.2709805647008767	-0.32057561154906344	-0.2214223453261004	-0.18702147842395944
-0.025876214437882794	-0.7661476735315753	0.0995677716348855	0.10840834039565639
-0.1644227044722273	-0.19133923731879898	-0.02473244656148199	-0.6195056116474917
0.6509430558186033	0.23678710061044161	0.024666130538173014	0.08760371303278203
-0.15798001779283455	0.3000956713767273	0.5385713766291611	-0.0033529342012770247
0.226602387843009	-0.2926041478019259	-0.2730146214595641	0.20777884289550097
0.09826717549806663	0.46569806414599735	0.3004799891753269	0.1355547711806091
-0.009564429450583223	-0.10555484883644217	0.07736794086175869	-0.8075127808512159
Conflicts
13 83
106 142
39 115
65 56
4 34
119 150
136 110
110 105
96 1
135 41
81 146
31 34
146 90
26 3
27 24
83 73
63 33
35 95
98 57
25 50
138 24
100 143
146 143
97 38
132 55
67 146
119 145
36 6
114 52
5 33
147 87
83 129
119 101
133 103
19 18
113 97
22 6
121 84
148 127
25 5
145 143
93 88
92 78
99 64
144 11
65 5
60 49
126 143
23 64
120 8
149 57
21 44
136 84
50 106
54 125
31 5
147 103
34 5
25 127
70 6
10 103
9 113
113 20
118 18
108 118
119 103
50 95
31 83
83 104
148 146
83 5
102 53
101 141
128 40
100 116
116 28
17 149
125 108
98 87
71 108
146 110
69 96
74 11
117 76
150 46
55 82
98 39
106 127
16 139
149 33
47 96
77 88
36 5
55 57
79 150
104 88
52 24
146 44
3 141
63 95
118 57
146 56
7 136
63 21
4 27
56 115
136 95
121 44
26 34
43 58
112 73
26 90
128 52
126 99
108 24
131 16
46 30
102 147
139 79
87 118
26 103
124 116
149 127
118 85
25 12
17 1
42 94
65 48
42 96
43 49
125 81
66 38
116 91
47 64
63 46
112 5
31 50
113 45
43 48
10 30
4 40
22 45
31 135
92 129
117 67
98 142
145 38
72 52
33 45
148 106
116 88
4 17
121 139
36 84
3 70
35 99
62 142
27 118
23 116
64 96
141 46
7 74
106 85
32 15
10 77
15 90
101 105
68 111
34 73
23 122
66 123
63 78
32 12
140 89
14 40
47 101
109 95
102 61
60 112
77 64
104 1
65 94
93 30
19 15
124 61
75 49
75 140
4 127
121 115
2 116
47 51
102 96
70 5
147 85
123 59
68 138
71 143
150 118
121 3
148 53
66 58
150 105
63 34
112 17
86 122
82 20
46 138
86 45
141 127
53 86
147 107
114 99
80 96
61 108
80 19
4 105
107 39
128 75
117 95
124 64
120 109
144 110
145 138
103 93
7 84
117 112
114 107
83 1
100 2
125 131
15 111
98 97
81 45
72 65
89 44
42 83
116 139
119 43
23 25
119 81
38 138
141 106
125 33
2 65
50 82
28 1
141 73
20 85
77 87
99 134
4 30
80 112
54 27
99 106
62 20
3 22
113 129
51 24
117 58
27 36
48 15
13 135
66 81
7 66
9 107
23 90
75 115
39 88
69 58
3 49
128 125
61 82
133 90
100 88
14 72
55 40
26 119
98 85
13 144
50 56
149 115
75 42
145 15
43 68
106 18
83 44
115 30
53 28
10 87
75 110
78 67
120 40
54 91
144 82
8 39
116 118
122 28
31 112
103 114
106 24
116 108
132 77
10 57
4 132
21 24
13 120
23 6
29 122
66 36
135 141
17 22
35 123
42 117
34 52
137 73
3 118
128 82
117 144
143 6
40 20
107 110
41 134
113 44
23 148
93 21
42 1
117 143
132 17
71 73
37 53
121 122
134 30
143 36
10 18
75 112
99 96
4 121
130 49
130 129
99 17
81 28
120 38
78 101
19 94
63 15
53 73
117 84
72 28
3 15
27 91
53 51
12 84
55 115
100 15
13 114
128 43
80 150
89 49
98 74
77 51
140 56
67 141
116 58
42 5
23 96
4 75
138 12
29 85
92 32
26 134
22 150
50 52
68 55
125 28
83 70
12 6
74 99
13 95
131 85
9 131
27 149
121 103
98 41
83 52
120 107
13 97
100 120
86 104
62 97
69 33
128 99
116 61
121 104
143 11
99 24
19 82
93 115
136 109
68 9
101 88
120 2
135 83
50 97
140 81
135 149
78 112
117 99
3 33
119 60
74 129
83 81
17 73
98 51
87 15
130 73
29 145
4 35
86 97
4 56
87 70
31 127
7 53
63 75
130 137
136 47
125 48
87 90
68 122
148 141
146 1
114 143
142 45
54 64
144 61
92 88
4 31
47 86
92 107
26 29
80 70
76 38
98 20
3 28
25 45
34 85
116 145
34 134
69 62
80 62
63 56
25 102
32 140
48 129
137 52
34 125
125 69
74 108
140 40
103 139
109 56
124 16
84 85
77 30
51 90
147 64
14 101
71 68
51 111
35 34
140 57
128 106
79 51
77 46
29 6
7 59
35 58
4 69
43 87
108 106
54 72
29 69
54 102
9 32
50 129
103 130
80 17
93 113
28 109
49 105
32 105
47 134
110 88
23 41
144 113
128 138
81 110
63 145
66 118
13 57
93 16
68 133
80 56
7 3
96 111
133 2
150 142
7 140
40 96
106 38
32 87
77 96
131 87
150 73
53 95
103 96
89 46
128 45
60 108
53 1
9 129
100 12
92 102
95 134
110 33
117 111
128 22
50 143
132 115
147 48
8 44
66 98
77 113
2 126
9 137
49 30
10 36
81 2
92 61
61 90
86 56
60 146
117 52
141 138
7 106
40 118
98 150
60 11
75 29
137 113
10 15
60 140
102 67
7 104
107 15
110 24
91 1
40 134
79 88
122 112
70 1
98 93
132 82
7 118
62 118
14 106
133 60
42 17
58 73
99 138
126 38
25 28
52 18
92 131
27 52
135 18
40 67
147 6
59 22
99 18
108 6
121 150
27 8
132 131
71 2
35 74
107 97
26 45
75 97
99 11
9 3
60 106
61 44
145 39
36 96
120 80
81 96
135 96
31 88
14 32
59 39
47 117
66 22
5 12
136 79
60 74
121 6
136 146
103 137
35 22
40 11
106 30
9 143
102 5
148 91
48 91
146 97
83 48
103 129
9 29
21 30
126 11
54 111
14 28
129 118
87 82
87 127
58 46
67 113
66 8
123 28
57 127
136 70
145 30
55 34
26 95
92 66
146 131
8 96
83 108
10 111
9 30
26 131
60 145
76 141
29 62
63 53
32 36
58 134
130 21
92 108
129 21
120 147
133 73
144 118
7 36
114 109
147 38
98 118
42 81
98 127
141 41
40 70
55 66
47 150
31 33
91 44
68 98
95 38
60 81
26 105
49 24
148 87
77 5
23 120
25 139
113 65
145 12
126 74
101 17
94 118
29 90
71 20
47 85
56 45
139 5
39 30
136 81
140 38
98 8
94 105
59 70
98 108
63 126
28 82
2 3
32 18
122 52
27 141
97 45
126 82
149 39
120 19
83 16
66 49
125 95
110 85
146 36
136 29
63 150
2 28
2 24
89 48
61 36
13 113
150 84
47 110
71 17
101 28
80 138
67 139
121 107
29 3
2 103
138 84
77 141
75 138
55 149
27 129
147 29
74 17
32 64
112 24
32 57
116 52
80 129
141 105
143 5
122 65
40 59
123 105
9 106
34 6
42 70
32 89
135 116
43 52
79 41
32 114
14 1
147 101
69 1
116 94
147 66
92 40
124 127
36 33
63 27
63 129
66 33
35 120
97 22
37 110
34 70
7 11
124 144
80 18
132 24
10 34
2 44
66 140
120 58
103 48
28 48
47 76
75 98
123 38
147 88
19 93
40 57
51 142
66 84
104 149
64 33
126 139
71 130
28 134
107 41
123 134
71 12
99 94
28 96
99 127
116 62
22 52
90 24
56 76
71 58
23 44
23 112
81 3
56 118
35 70
97 44
129 138
72 48
81 73
141 91
126 84
72 20
27 62
87 94
143 141
98 38
128 88
100 135
94 20
136 76
136 64
50 46
43 124
117 46
78 150
66 129
128 4
28 149
29 79
99 59
82 6
65 95
13 41
131 107
32 38
97 82
5 142
19 129
140 44
117 6
25 143
46 134
54 95
3 16
82 18
140 21
117 97
128 77
119 27
128 66
7 42
135 32
131 91
81 16
53 46
40 5
68 135
66 145
6 115
41 73
135 103
122 5
33 18
46 127
68 36
86 33
121 91
130 114
10 137
137 16
13 109
52 134
66 15
25 115
147 105
29 93
122 39
55 104
12 105
37 144
23 121
104 73
121 138
68 16
78 30
63 66
29 88
148 120
96 21
66 27
23 125
47 121
136 24
116 11
2 62
123 51
19 16
111 115
66 77
64 134
26 78
40 58
7 127
52 84
68 64
147 18
63 107
19 28
28 56
14 89
4 113
89 56
126 114
116 15
9 15
7 54
19 45
28 107
132 28
92 146
29 144
25 108
67 84
31 53
103 39
148 70
36 44
19 30
25 120
65 39
40 64
17 65
101 24
143 41
81 141
86 28
126 79
9 78
62 38
40 93
86 131
58 33
120 6
77 36
102 73
54 130
32 51
92 147
14 53
68 80
92 58
101 113
91 134
62 1
34 96
120 20
53 112
50 80
66 64
70 49
42 24
101 150
113 142
69 2
88 45
122 11
92 10
102 127
148 8
120 127
114 48
74 28
63 100
150 44
51 115
92 115
31 122
50 19
86 140
88 46
37 89
43 111
143 94
116 134
10 140
148 88
140 22
103 122
40 76
28 106
13 130
140 113
135 101
123 101
14 55
66 94
100 131
61 15
72 82
16 33
59 105
61 137
51 141
28 24
54 19
117 16
128 47
7 38
130 51
17 38
144 142
115 52
71 15
119 111
149 106
98 6
124 22
53 79
100 33
23 110
105 85
140 67
29 2
123 6
58 38
47 8
38 18
121 53
51 18
133 32
74 8
133 44
52 57
50 147
58 108
53 150
136 115
92 44
25 3
75 30
83 18
121 106
27 30
58 91
50 140
112 41
136 11
116 131
58 1
112 57
132 16
129 39
75 55
74 22
37 108
31 85
47 79
37 42
28 21
19 76
7 95
11 8
35 87
16 62
132 127
32 138
137 17
135 122
100 129
145 8
99 137
37 143
4 52
123 97
120 122
37 54
23 98
86 64
50 32
74 130
143 129
17 56
136 4
31 118
120 113
26 16
50 81
123 20
150 52
131 41
77 74
7 44
111 44
48 85
25 41
60 105
71 47
69 57
137 105
79 38
71 116
54 5
92 144
54 18
61 22
69 112
92 64
104 6
87 91
23 104
132 145
71 14
104 22
29 72
69 126
36 8
117 72
13 107
80 58
91 6
123 96
125 67
51 118
129 33
129 1
37 76
145 46
54 40
59 49
75 146
143 48
119 69
13 143
31 32
3 137
40 150
122 58
119 98
43 105
112 90
118 46
109 24
43 90
63 62
131 57
7 115
119 13
92 73
122 94
7 141
69 89
55 138
147 62
13 111
132 87
108 1
92 69
47 114
104 57
113 84
72 110
26 58
38 84
100 125
126 93
104 139
107 38
135 72
8 106
15 46
109 5
119 88
54 74
25 147
76 91
17 138
132 42
130 33
61 74
42 56
31 116
79 21
17 79
145 17
31 24
13 53
9 140
40 3
2 145
67 22
48 45
125 57
87 76
63 3
147 117
47 66
47 90
14 60
114 144
144 111
66 149
77 107
119 9
119 37
66 79
2 11
42 85
7 130
128 104
107 22
28 46
110 76
26 147
11 45
72 107
25 61
63 18
120 126
140 144
69 21
54 117
124 125
143 59
50 33
42 8
78 72
135 15
95 39
37 69
92 97
77 59
136 51
108 52
104 36
32 49
35 122
19 48
130 39
43 57
28 105
4 149
64 36
77 69
72 106
46 24
34 65
149 138
26 89
2 93
23 18
101 95
148 79
121 113
109 49
83 3
56 85
66 18
29 87
148 83
113 18
78 137
100 13
47 88
98 95
60 139
72 41
7 64
71 40
108 91
60 34
54 60
98 126
117 88
147 36
9 134
27 51
9 130
135 57
127 73
28 12
16 49
101 38
40 72
2 16
79 22
25 150
130 109
93 107
130 12
9 11
131 11
125 8
23 118
128 142
143 18
122 36
43 133
132 143
78 51
69 81
27 44
35 89
87 24
125 5
124 74
68 87
37 45
90 82
35 147
119 18
43 84
136 101
119 121
25 51
9 57
39 142
9 110
135 20
140 30
18 73
4 41
60 48
92 126
121 28
100 32
7 71
23 77
14 77
48 30
97 111
37 117
70 85
135 5
81 87
25 42
23 39
55 79
130 88
147 70
117 30
92 84
53 48
146 106
25 16
104 59
34 42
124 58
55 77
75 27
77 139
68 34
119 76
74 73
92 60
26 100
103 20
133 99
141 33
42 95
132 80
27 88
114 74
13 112
4 78
137 38
60 109
75 1
54 124
98 45
136 130
148 21
135 24
92 76
99 46
9 139
75 126
119 70
140 12
32 103
121 57
78 90
34 105
78 129
61 96
139 88
129 15
55 122
59 111
43 54
42 3
80 91
115 24
54 140
50 142
42 29
71 127
3 39
117 15
140 109
65 150
31 141
108 79
113 39
71 115
16 45
35 41
114 19
10 131
78 15
136 32
55 139
68 85
71 25
56 94
78 42
34 147
101 118
9 72
121 145
92 53
116 87
59 97
120 18
125 52
129 82
120 51
107 33
4 114
86 38
83 122
89 97
114 85
133 22
3 113
132 107
75 137
130 61
101 110
40 142
34 93
132 47
93 111
44 46
42 150
125 113
120 130
98 114
135 109
139 57
119 30
55 49
149 129
119 50
39 73
22 46
116 5
68 150
17 95
119 24
48 57
75 24
132 114
106 20
74 95
89 82
136 28
78 69
81 89
135 36
72 95
119 115
25 46
42 101
104 115
121 12
135 86
15 38
120 131
92 35
87 6
128 67
144 76
61 1
69 39
61 6
14 76
11 96
8 57
16 141
125 87
104 12
55 98
17 106
63 72
71 83
97 110
62 88
54 62
17 11
102 108
41 1
99 150
109 30
128 34
78 86
68 115
62 57
20 134
26 82
135 66
116 24
71 70
7 65
133 81
27 15
36 91
77 57
14 86
147 142
42 110
50 124
126 150
117 38
75 85
140 118
2 104
58 20
66 108
109 8
86 58
70 76
139 118
23 92
25 40
124 117
141 21
128 60
53 89
94 8
125 126
119 11
25 65
40 38
119 147
77 82
43 79
139 1
32 66
81 17
75 122
47 80
31 130
55 12
91 24
36 45
75 135
119 128
68 27
50 93
11 20
7 79
14 74
94 79
53 20
71 131
89 126
114 57
102 52
29 139
10 81
104 41
78 46
14 78
69 65
54 135
143 38
119 107
37 103
28 57
13 126
124 120
80 114
79 85
16 52
141 38
59 44
31 96
124 93
80 85
102 79
23 113
62 45
112 38
60 40
83 21
71 37
135 1
59 30
62 15
121 114
83 91
38 1
116 122
136 3
44 30
54 75
77 17
56 105
92 80
109 64
144 99
19 88
87 65
71 9
50 125
37 115
47 13
126 137
50 104
75 83
86 118
51 52
2 33
128 85
105 20
117 145
63 117
38 24
31 49
133 78
64 142
102 105
143 8
92 101
4 104
146 51
150 88
69 141
59 150
116 69
12 57
16 95
81 117
142 38
25 62
66 52
113 46
14 2
78 56
7 112
81 108
37 34
54 13
43 6
35 32
87 134
9 141
40 84
43 28
70 46
143 95
42 111
92 12
55 90
102 150
43 113
102 56
54 116
105 115
23 60
31 38
66 88
80 39
115 134
39 41
12 90
114 59
124 38
53 139
5 115
60 2
145 90
13 88
53 96
95 79
109 106
14 130
7 88
63 114
128 114
7 87
5 127
7 145
104 84
148 6
21 111
60 73
136 39
31 124
108 141
48 59
136 137
9 125
12 73
143 72
71 45
2 108
123 5
56 1
10 120
4 60
31 84
36 21
92 114
75 34
127 91
139 91
126 105
93 134
13 105
26 17
60 57
38 73
29 126
89 18
66 73
86 143
14 36
75 46
119 120
40 91
149 110
9 121
41 30
3 82
143 107
101 87
148 138
142 12
83 15
28 115
43 85
17 15
65 88
31 79
93 56
135 145
92 18
37 139
50 21
19 149
90 1
26 42
92 105
132 135
29 11
70 8
120 62
55 101
86 3
121 24
72 51
125 89
26 27
60 122
61 45
133 1
65 127
69 91
97 141
124 21
62 111
81 149
69 20
130 16
129 57
137 84
116 95
15 142
75 40
141 1
47 60
119 71
56 95
10 121
53 22
92 145
78 57
58 84
2 144
43 63
17 105
34 11
104 93
60 142
25 53
82 1
116 99
114 30
120 67
4 20
130 139
63 70
133 147
22 57
50 41
31 105
114 24
3 127
132 138
66 142
43 69
55 17
136 131
145 139
54 46
43 109
145 22
130 52
74 46
104 52
77 16
43 29
40 18
144 115
107 111
94 39
95 111
31 22
139 41
121 65
75 67
113 22
126 20
15 85
63 12
5 91
89 93
78 50
90 85
43 50
67 74
66 90
119 29
16 150
19 21
4 68
102 86
120 17
128 57
10 146
5 84
53 36
59 15
112 21
101 52
21 20
86 51
53 8
146 6
120 111
87 17
124 131
51 44
147 89
31 90
50 103
98 96
118 127
61 21
81 36
149 141
26 144
121 144
122 107
19 12
29 56
74 91
145 28
133 140
109 85
31 129
50 83
71 141
98 36
25 80
94 88
13 92
55 11
110 30
87 46
54 10
147 80
88 20
120 99
31 77
98 44
78 143
56 18
5 82
25 24
114 45
28 73
26 19
22 73
102 95
69 140
125 96
139 94
122 108
123 62
146 139
16 46
79 33
10 11
54 146
122 15
121 41
53 12
69 61
67 101
99 118
50 27
9 20
81 74
35 66
10 147
14 49
92 5
47 92
83 118
68 29
92 90
130 20
31 21
123 45
14 88
131 111
23 55
108 138
79 76
117 94
122 6
36 94
86 2
89 104
9 36
131 115
135 22
77 129
62 36
7 100
98 117
138 82
54 24
145 11
68 108
40 141
50 34
80 11
78 140
126 109
61 106
62 70
103 46
66 104
7 138
135 93
43 137
121 131
5 134
43 99
75 148
120 3
68 70
63 118
22 30
92 95
123 58
19 51
13 1
144 84
9 89
74 127
32 101
148 94
130 76
40 61
10 85
9 94
128 101
125 139
139 73
100 25
10 67
56 57
94 150
7 86
51 57
23 86
62 107
101 142
100 72
55 141
76 15
16 82
72 36
120 41
77 105
13 3
69 115
43 60
124 86
43 47
99 62
125 85
146 12
17 150
11 24
103 1
136 100
75 118
14 127
37 58
92 41
80 137
26 114
100 93
109 11
87 20
101 5
8 76
64 95
124 42
103 62
103 28
9 8
56 11
17 49
123 19
99 38
9 99
145 3
64 82
14 46
42 108
137 45
32 20
29 112
146 141
53 105
66 41
120 48
119 2
89 96
60 61
28 111
103 118
32 115
94 1
7 33
20 45
91 20
34 64
114 87
100 139
148 123
81 143
23 40
131 93
68 3
98 3
65 36
47 16
87 115
137 94
31 123
93 15
131 49
25 146
101 99
135 60
106 134
25 55
2 84
121 61
120 96
25 118
71 49
7 23
40 15
70 57
128 1
59 51
13 12
53 61
105 91
67 115
13 24
46 1
148 55
132 98
132 123
16 91
89 36
47 72
14 8
100 106
119 20
29 106
34 59
72 11
60 91
35 44
129 96
9 22
60 46
148 16
133 127
3 108
80 123
29 8
60 125
86 52
145 130
4 51
140 53
70 11
58 104
63 11
44 1
127 88
147 20
145 99
71 110
83 98
77 67
126 113
7 116
3 115
68 141
9 19
148 78
146 107
147 69
32 97
54 73
135 125
110 57
148 108
80 99
97 20
130 110
54 63
62 51
103 149
99 12
71 59
29 80
117 113
26 98
135 111
106 84
93 39
100 107
96 12
147 81
36 82
86 101
9 47
75 78
114 95
102 88
47 135
35 39
34 140
36 111
102 10
122 64
56 8
120 94
47 25
49 12
75 3
23 71
121 146
67 41
95 106
120 74
92 46
60 41
32 46
100 59
148 111
103 24
116 3
47 32
109 139
62 12
137 95
68 28
78 25
75 6
78 44
2 110
76 1
145 106
39 46
77 19
50 108
63 64
81 27
9 97
43 146
53 108
124 83
72 44
135 29
144 131
103 107
135 91
122 118
71 77
77 86
119 106
145 40
136 69
100 113
43 147
66 146
99 109
32 111
42 130
101 104
103 21
119 51
121 127
32 76
54 30
53 117
25 77
121 56
86 30
69 129
74 20
70 118
56 138
112 19
81 38
113 85
13 35
81 67
38 30
42 116
89 5
136 135
133 65
69 146
23 43
35 77
60 19
132 10
133 33
143 85
99 110
31 12
32 134
58 72
54 131
90 6
124 69
68 61
23 132
81 48
100 39
116 56
69 59
68 148
71 149
89 24
2 89
29 40
110 45
112 113
104 114
145 27
119 16
6 20
2 20
78 53
25 125
27 130
65 139
3 99
93 6
49 85
132 52
94 106
69 27
7 99
66 34
70 12
35 6
116 27
17 127
56 84
26 109
16 17
55 74
27 87
21 6
109 110
126 112
133 139
133 100
9 91
32 81
96 22
7 50
112 52
90 20
62 115
76 96
102 49
36 22
149 96
101 57
7 40
54 90
72 113
119 31
88 12
4 55
62 91
71 84
122 1
53 104
122 22
9 115
83 24
31 51
82 46
131 56
27 28
135 2
106 41
10 82
4 137
65 57
42 112
140 16
147 96
52 20
146 18
98 80
16 36
87 44
37 14
9 92
77 123
55 120
101 134
13 22
13 137
122 110
78 3
74 149
117 12
4 59
147 51
140 139
13 96
92 21
11 76
143 90
108 139
126 33
68 38
29 27
4 143
147 30
79 141
78 73
28 91
89 101
43 15
65 107
81 88
147 44
136 97
59 95
28 118
50 64
137 134
68 53
126 15
23 66
37 36
136 88
76 73
7 28
144 45
39 12
26 6
60 21
81 30
132 147
29 12
112 85
56 82
132 79
43 40
146 74
148 115
68 31
37 20
129 22
81 1
48 105
54 98
74 131
42 58
96 84
113 48
3 85
25 59
131 141
92 74
142 91
68 33
81 126
5 106
68 49
74 12
145 36
135 115
26 10
62 22
32 144
71 34
119 10
145 88
47 124
124 113
13 27
132 89
140 59
144 139
148 65
54 11
64 76
141 44
48 110
131 24
135 121
111 20
37 146
145 89
136 90
63 147
78 99
5 90
140 1
47 58
10 117
47 139
136 50
28 30
89 115
131 99
55 62
48 18
144 73
89 109
99 15
62 73
133 143
27 150
61 59
64 108
64 44
140 41
128 108
121 90
54 78
40 126
81 113
72 139
28 110
63 113
43 61
8 73
74 106
144 95
128 122
54 99
15 73
43 42
113 56
31 98
93 62
148 34
86 146
68 112
8 41
4 39
34 106
28 142
143 65
129 45
37 17
47 143
34 113
39 52
7 111
60 143
109 150
71 30
2 111
27 38
43 78
60 77
69 103
116 29
19 36
98 65
8 134
95 21
125 1
118 15
123 12
97 41
32 44
80 101
40 6
135 35
40 19
117 11
125 16
9 34
99 112
104 99
146 105
114 94
13 34
69 110
60 101
60 134
119 67
23 1
37 111
131 134
120 84
143 49
14 112
148 121
103 61
120 59
122 19
4 19
131 64
16 111
123 46
103 101
88 134
60 95
147 16
124 46
69 46
100 44
14 107
83 79
133 40
100 109
34 94
81 131
15 106
4 44
109 73
80 49
126 51
47 41
107 57
38 12
62 6
25 138
68 120
32 56
31 125
130 142
3 129
128 38
133 38
100 8
95 1
16 65
77 109
109 94
58 145
104 112
148 5
71 41
120 101
40 49
2 130
3 79
8 6
32 120
125 45
91 18
26 84
19 8
130 17
124 20
102 93
147 126
54 118
23 42
58 139
149 90
29 105
25 131
32 34
112 36
29 142
65 59
29 141
135 30
81 85
102 113
7 122
75 5
118 33
68 13
123 118
148 56
123 117
72 22
61 131
48 56
13 108
71 90
58 99
29 150
71 147
21 82
134 85
147 79
119 91
93 11
69 52
47 115
133 104
63 30
47 107
145 112
102 121
78 134
123 107
75 19
37 25
135 51
136 129
111 127
130 127
101 39
7 113
80 20
109 51
119 38
54 61
103 49
68 10
31 45
140 64
140 79
29 129
117 51
47 103
26 142
17 5
74 138
43 18
10 49
133 79
81 105
61 17
37 92
34 150
33 90
13 93
128 133
133 106
27 139
7 109
97 52
136 94
130 91
98 40
148 85
86 129
56 33
75 15
90 115
146 24
112 115
19 62
126 73
25 81
146 118
75 108
121 105
66 61
94 12
38 127
21 15
60 66
54 93
10 35
86 27
56 108
80 134
50 8
132 84
36 59
129 127
113 62
68 1
133 145
59 84
116 6
11 18
60 129
140 61
9 41
43 77
95 30
58 45
104 39
110 51
74 134
136 145
79 127
116 109
80 113
4 144
128 95
144 108
31 109
146 144
10 8
84 1
81 122
69 84
7 103
35 65
99 22
98 56
150 20
92 24
146 22
37 29
16 41
26 79
128 145
41 21
135 108
55 24
126 106
13 28
145 85
51 15
103 111
107 73
44 52
143 137
110 91
120 125
71 105
8 46
125 46
107 76
54 112
29 91
77 45
116 105
29 52
26 73
100 81
130 59
118 21
4 33
56 90
4 139
136 122
29 118
121 126
147 39
56 134
77 72
136 52
69 98
48 138
71 111
122 74
145 97
135 90
101 46
86 18
41 115
132 44
47 36
27 109
135 106
144 91
49 8
68 57
119 40
67 122
92 8
145 95
75 111
98 11
80 143
86 73
66 105
87 57
13 58
150 127
40 97
130 97
46 20
47 65
63 108
43 13
103 40
75 93
120 145
98 110
37 48
62 41
135 84
69 41
54 44
75 76
10 95
31 97
34 77
42 57
67 27
47 131
74 142
37 116
28 87
50 79
43 11
116 129
128 61
125 104
67 137
23 117
148 1
61 38
103 113
132 51
67 96
7 78
14 6
68 99
143 20
63 84
67 57
147 72
94 30
120 45
120 11
100 66
22 21
122 46
54 94
114 112
48 94
53 57
122 90
114 118
135 131
28 33
53 3
145 61
126 24
107 94
66 40
74 84
109 59
144 88
145 91
96 57
14 70
128 76
40 12
62 96
79 6
76 57
40 1
148 20
66 141
17 12
7 102
98 79
9 84
15 18
44 88
74 76
21 106
58 94
142 111
17 41
78 81
60 141
50 57
63 29
50 126
68 110
32 110
69 15
61 85
23 54
9 53
13 81
36 115
141 52
81 53
54 123
93 95
97 115
133 36
2 18
140 73
19 52
36 57
125 30
104 138
68 113
136 111
104 82
57 33
22 142
80 38
102 46
34 145
135 21
125 134
146 127
103 97
43 36
28 44
114 142
133 39
23 81
125 112
68 144
62 44
117 91
23 38
116 21
98 84
58 115
49 88
14 45
96 85
144 94
48 142
61 95
65 46
125 22
128 58
50 53
9 13
121 95
80 82
144 79
97 46
71 1
112 82
147 41
54 67
149 150
139 138
60 114
92 98
87 88
34 79
7 17
23 11
10 134
83 114
113 30
80 142
67 44
102 89
58 70
78 147
35 107
137 115
98 53
114 91
112 59
83 89
27 20
86 72
109 57
56 12
93 57
97 6
144 21
98 129
53 110
106 1
61 64
2 15
66 82
19 111
3 18
22 106
83 39
133 141
64 51
26 112
124 130
3 74
35 2
8 5
70 150
76 85
133 28
129 142
99 73
140 122
10 44
74 59
26 117
104 49
111 84
71 109
124 94
4 98
50 59
119 141
71 142
2 94
137 11
71 66
86 138
101 107
25 116
68 66
40 85
146 19
92 52
13 125
23 150
82 105
58 127
14 69
9 6
47 67
90 52
130 143
71 134
8 85
55 110
104 130
136 133
47 17
77 149
42 74
130 113
14 103
10 38
32 95
2 137
118 12
9 35
119 84
92 148
99 79
37 107
14 91
9 58
69 36
68 130
2 8
49 21
9 25
56 20
23 48
119 105
37 56
35 101
67 48
115 18
31 81
67 49
137 97
53 138
13 91
37 5
93 138
26 99
43 76
53 41
54 6
64 91
148 129
25 137
23 35
116 76
9 108
5 52
117 110
145 57
104 143
89 149
37 140
52 105
53 80
120 97
136 35
128 118
71 86
106 82
148 98
119 61
23 15
137 5
63 77
102 18
32 5
132 76
78 114
69 108
71 100
133 19
78 120
83 120
126 104
48 44
35 82
19 65
90 46
48 38
80 45
31 75
48 82
119 133
128 6
133 70
60 17
139 76
25 95
131 8
119 136
120 142
7 34
33 91
14 134
29 101
71 135
80 48
32 17
102 124
31 147
124 65
83 84
7 144
133 101
36 106
43 38
76 12
147 97
97 15
137 33
31 52
75 90
27 79
124 70
26 68
135 69
77 76
100 96
50 111
114 56
114 51
10 108
50 58
63 105
107 82
101 97
55 45
124 84
63 4
128 63
25 18
40 130
75 120
86 144
43 88
86 114
108 39
75 84
112 93
13 29
42 52
109 97
116 57
145 52
55 56
69 114
65 18
3 8
134 1
102 51
26 132
74 97
95 105
14 81
4 130
140 87
130 115
38 115
122 111
7 90
100 123
53 76
34 121
103 51
148 102
17 141
116 117
125 82
56 129
100 82
40 44
148 96
24 1
10 42
63 142
67 138
79 82
121 67
17 118
132 29
40 73
27 5
122 146
67 142
50 5
7 51
47 19
66 106
16 106
147 134
22 24
39 105
69 104
122 91
83 107
132 136
42 53
75 38
71 38
53 91
70 138
119 149
4 100
103 112
102 87
33 52
114 38
76 24
16 11
2 30
54 66
128 87
112 111
4 29
71 48
29 99
124 123
23 101
62 65
78 34
71 87
109 65
39 118
80 130
47 38
68 72
92 51
133 8
58 112
5 15
147 21
112 150
119 23
2 17
117 27
142 105
55 116
147 5
3 72
19 113
87 79
120 129
55 3
67 107
5 24
6 105
87 1
133 48
107 134
132 74
7 69
58 19
107 129
79 111
5 46
104 137
125 61
32 80
112 109
100 57
102 16
25 56
59 38
58 74
68 83
30 18
63 5
26 118
136 147
37 41
37 2
71 126
14 15
35 52
147 129
148 25
31 57
144 90
150 85
36 11
132 140
47 61
132 3
53 134
75 89
107 79
104 24
52 12
100 117
71 133
47 149
37 38
25 11
125 65
54 35
26 101
107 21
141 85
143 33
123 22
86 93
58 22
23 87
74 45
62 82
56 139
54 96
9 150
129 24
123 72
146 28
72 137
121 22
88 111
7 29
27 97
139 46
32 6
92 72
139 38
101 115
124 18
11 138
36 49
136 144
133 14
92 33
64 90
135 129
93 1
79 118
104 21
116 138
14 144
75 123
48 5
96 45
92 91
130 96
59 21
42 144
35 112
133 135
31 91
92 25
133 149
78 142
41 84
140 90
32 21
64 115
129 79
65 15
92 112
144 30
92 39
97 85
120 114
86 89
50 101
23 129
144 38
42 80
116 127
51 6
31 94
147 146
125 70
21 84
29 17
92 122
124 27
65 64
61 129
79 52
13 60
139 111
133 51
145 94
104 131
89 12
124 82
119 17
22 111
42 126
128 94
47 18
101 64
112 142
23 50
107 139
132 66
120 143
100 80
148 51
6 46
50 116
88 73
67 11
66 103
9 10
11 49
66 48
83 85
13 122
5 138
9 28
55 70
64 138
4 122
126 6
133 72
72 88
9 55
23 145
4 88
14 92
136 92
2 117
67 79
110 118
124 91
137 21
131 44
124 6
13 38
104 111
119 90
25 83
123 16
149 59
126 19
63 103
62 59
47 6
37 70
102 149
65 134
87 84
93 97
146 115
55 80
47 87
103 57
67 93
92 149
72 118
58 113
18 20
3 6
122 59
144 22
10 3
23 147
85 18
93 149
77 104
69 139
66 95
91 84
86 99
117 22
60 28
122 84
35 69
101 20
75 102
141 118
124 137
122 95
81 130
37 87
83 76
136 44
54 81
71 82
114 11
49 141
37 95
37 150
32 91
107 1
31 99
53 107
83 93
80 30
35 90
130 105
43 5
58 21
43 89
77 79
23 143
122 85
132 1
98 122
116 1
146 38
3 48
122 145
53 21
123 24
68 109
32 24
40 105
117 24
101 79
119 53
121 66
67 65
101 56
26 65
102 123
66 29
7 13
14 44
148 28
71 69
78 2
125 77
89 72
62 90
35 61
54 108
3 5
10 141
113 150
72 18
81 33
69 74
53 49
3 149
119 75
9 65
135 6
99 97
117 85
58 61
30 73
33 6
7 97
71 60
94 52
132 2
26 57
92 48
121 64
35 114
79 96
130 44
34 110
128 91
88 33
128 20
112 105
85 24
95 5
92 49
124 19
61 11
128 115
2 138
11 97
89 141
62 56
32 58
121 39
23 73
129 41
128 8
69 5
86 103
145 51
120 140
125 72
94 73
8 30
64 97
119 42
68 97
76 127
5 51
27 84
75 114
110 46
7 4
99 28
131 79
47 98
40 137
78 105
86 115
66 83
26 145
147 91
117 64
116 141
10 76
60 8
128 113
17 90
47 56
97 79
101 84
37 149
37 11
133 25
9 21
83 145
19 56
6 24
75 104
66 11
61 118
43 92
78 6
78 130
137 93
78 102
63 19
4 89
55 88
104 5
96 73
143 109
58 97
100 35
34 72
106 12
61 109
19 64
123 70
75 125
147 46
19 24
132 120
80 118
140 114
130 95
9 109
102 94
133 134
104 129
87 56
31 44
34 17
144 138
64 84
9 66
103 38
42 73
102 129
23 93
29 96
100 36
53 87
78 82
71 64
108 21
52 30
101 36
81 18
119 36
43 56
14 29
133 61
41 33
148 95
37 13
65 12
140 5
35 103
16 48
55 117
75 142
125 6
119 77
35 15
13 147
42 61
11 41
42 44
135 73
121 58
41 12
55 150
42 146
29 58
74 88
123 145
101 131
34 126
106 105
139 106
51 38
135 58
104 28
32 16
102 36
103 116
71 144
65 82
40 149
37 78
43 132
97 118
94 18
136 124
60 118
108 45
114 36
32 77
86 70
32 30
5 1
133 113
34 137
72 73
33 12
124 85
107 118
75 22
60 87
39 141
53 44
32 137
146 150
71 6
128 80
140 146
14 57
28 39
63 138
136 18
121 73
136 6
92 2
141 115
133 76
55 95
44 82
68 92
126 145
83 86
29 33
60 94
66 19
78 84
80 61
106 46
26 141
136 67
146 46
23 47
22 18
146 8
74 113
49 44
88 24
132 18
130 79
63 40
53 17
26 36
10 48
53 123
105 1
32 40
118 44
86 149
126 27
23 84
40 144
80 76
117 40
94 41
54 28
48 141
123 56
96 38
89 117
118 134
4 90
128 30
120 91
47 126
78 91
3 17
32 150
3 97
101 45
23 75
144 17
48 52
72 21
128 53
86 17
132 81
65 90
59 85
48 24
16 88
56 88
96 41
43 81
60 121
57 88
147 106
69 64
61 107
104 110
63 57
102 62
62 139
75 39
92 127
42 2
59 20
66 91
35 127
19 107
147 24
123 131
117 87
92 34
15 44
47 4
83 40
41 111
99 141
102 1
147 138
25 60
102 20
72 17
122 106
2 61
126 76
140 6
16 21
63 122
148 140
122 88
48 79
3 142
50 99
136 121
66 85
126 94
69 79
120 134
124 95
32 130
37 124
75 96
119 102
137 76
10 65
131 118
50 114
65 1
32 102
23 138
38 6
35 42
119 12
132 67
87 150
11 94
28 150
98 21
36 97
50 77
28 62
130 28
100 108
89 61
42 38
112 39
104 51
98 67
108 5
49 45
77 33
147 27
53 122
4 84
93 90
54 55
130 134
54 100
17 134
149 24
7 105
29 89
133 47
74 64
71 99
54 80
104 33
136 112
139 24
26 46
34 149
122 41
147 116
2 79
10 135
56 24
121 79
54 53
25 1
40 82
123 48
120 115
23 149
102 101
4 67
19 20
67 28
46 115
133 125
145 62
79 18
49 91
17 24
43 129
25 64
53 143
112 62
89 57
32 85
75 58
107 141
27 85
145 45
10 56
70 15
64 87
124 96
25 144
72 39
14 35
76 46
10 21
82 73
42 39
110 142
63 112
2 72
120 105
40 33
64 149
83 139
7 25
128 109
104 76
42 131
142 73
135 45
31 66
37 94
34 99
9 31
29 19
74 24
2 112
54 76
86 22
37 88
53 101
27 107
146 61
17 88
124 67
74 110
29 38
100 65
86 108
111 18
131 30
95 70
55 21
148 32
50 11
50 86
37 120
29 110
69 105
75 149
100 94
125 36
27 56
128 144
32 107
49 1
103 76
23 34
75 141
132 48
37 97
148 59
80 27
93 41
14 141
50 51
136 98
2 134
102 3
17 96
147 74
23 28
25 106
94 138
80 111
37 52
112 46
120 90
81 8
113 94
148 40
58 114
38 88
110 5
3 122
43 21
83 87
34 80
25 39
32 65
10 40
60 18
144 65
47 81
59 115
136 141
50 90
120 106
54 133
52 46
124 114
25 6
26 59
95 33
119 140
133 120
104 38
132 130
50 150
55 93
67 45
130 118
4 120
100 146
133 42
66 53
58 88
60 116
128 84
87 30
25 67
145 105
143 21
43 37
32 73
69 88
51 91
81 142
124 56
119 49
128 17
61 138
43 66
121 87
120 46
26 11
126 118
31 149
137 49
23 140
125 146
67 82
60 45
7 98
125 123
132 85
29 67
64 70
107 87
46 12
71 63
60 12
117 118
114 115
106 111
26 127
114 8
123 114
137 22
35 21
60 85
133 95
53 62
51 88
39 18
116 73
78 66
123 150
143 105
32 90
126 62
47 29
55 36
38 82
114 41
80 46
116 110
55 65
130 6
32 116
61 93
128 16
83 97
27 59
4 145
66 115
71 94
43 34
72 76
80 117
72 144
107 64
10 61
34 19
58 28
49 134
80 74
26 37
4 77
148 105
96 142
128 73
71 93
7 60
78 124
107 85
35 125
69 24
27 106
126 45
77 65
36 85
116 142
74 19
7 73
148 81
101 12
77 70
56 142
13 62
106 138
35 81
39 106
136 59
3 61
107 91
58 131
36 141
35 12
9 45
98 99
37 44
17 108
26 54
132 142
35 141
68 67
131 110
146 84
28 36
146 72
67 46
26 25
135 120
54 87
35 86
78 97
53 97
70 33
50 28
98 105
69 99
26 23
132 93
77 146
83 56
47 105
69 48
128 134
43 41
78 125
26 51
89 90
145 141
66 3
9 83
48 33
54 105
7 147
119 112
103 18
94 57
120 30
55 30
11 30
23 108
54 32
69 106
93 33
122 131
78 13
103 127
81 19
92 70
57 6
113 108
111 45
128 136
132 12
32 67
133 35
65 96
114 90
47 31
147 11
128 69
54 17
137 70
43 134
121 110
55 94
80 51
81 137
26 116
119 135
26 125
95 24
37 104
147 131
146 45
14 143
5 57
81 72
126 18
103 52
128 129
75 145
5 21
139 105
68 21
105 45
32 143
131 18
115 73
25 76
102 114
148 19
50 88
42 137
68 69
112 110
121 80
136 60
95 44
123 137
78 146
41 24
148 66
17 91
119 3
13 70
112 97
135 88
132 118
121 59
92 104
69 73
136 22
128 92
50 122
123 112
33 82
132 36
19 5
148 58
19 1
100 70
136 140
119 100
121 5
92 86
147 65
75 8
50 12
63 139
4 102
141 90
75 143
140 17
135 27
19 115
54 127
28 65
81 114
80 52
103 44
42 99
25 110
42 109
113 52
95 51
25 30
71 61
64 6
29 149
8 21
14 30
111 24
131 70
100 76
29 21
122 21
70 41
71 120
53 59
55 144
10 104
133 27
128 123
7 56
59 33
87 18
29 130
72 61
25 126
127 45
82 91
142 1
146 3
48 46
89 144
38 46
26 76
89 127
67 145
86 139
104 118
83 17
100 1
54 107
72 109
143 56
56 51
109 107
81 21
104 8
69 51
92 96
10 19
119 94
58 44
112 139
35 144
90 105
100 95
132 68
65 106
29 107
75 131
24 20
100 92
22 44
63 22
124 145
68 123
56 111
58 30
133 87
69 56
125 107
63 1
145 44
98 82
55 91
104 105
112 22
96 141
45 1
23 31
60 103
68 77
27 57
98 72
119 35
140 8
51 1
9 120
89 85
11 139
74 39
7 41
123 139
9 100
98 146
70 115
35 88
29 51
75 147
88 82
5 96
126 65
133 131
77 61
34 41
125 49
125 106
14 25
35 60
113 57
121 48
116 12
128 112
70 44
47 74
54 50
109 6
25 49
108 90
55 42
62 108
106 96
141 134
42 121
86 87
23 21
68 62
99 108
73 134
68 58
54 65
142 24
145 110
36 118
47 11
40 95
143 39
74 79
114 139
36 12
50 42
136 21
109 82
68 59
13 104
140 19
77 137
13 134
13 115
14 122
130 57
77 138
136 16
43 46
108 150
89 129
106 57
7 18
126 91
75 2
140 111
60 15
10 142
133 129
92 135
3 112
34 44
7 43
125 97
133 21
61 33
77 80
139 30
4 79
124 32
144 109
10 52
86 81
81 93
40 115
144 5
126 131
108 142
43 141
19 41
69 150
148 39
61 70
11 129
140 62
9 69
13 131
81 64
94 38
137 30
136 61
67 85
48 76
113 95
64 22
8 52
9 126
124 49
66 150
149 134
146 129
136 96
86 6
131 96
149 84
126 72
144 8
96 88
60 62
136 56
81 106
81 95
140 65
3 24
64 139
54 145
138 18
144 64
131 5
77 143
35 138
114 18
28 141
27 94
92 120
41 20
140 39
148 15
100 67
37 121
120 104
43 16
99 20
88 6
43 59
123 143
92 65
100 142
74 6
65 70
150 39
42 107
60 3
120 85
51 85
53 106
148 62
85 30
58 11
98 73
83 106
13 16
68 25
116 90
77 44
66 16
64 88
120 39
25 91
88 52
100 144
116 49
27 72
131 17
27 39
83 138
23 12
4 82
137 56
40 24
112 129
70 45
100 11
4 42
116 82
87 138
32 84
34 82
11 118
100 148
25 104
118 30
121 109
147 61
71 44
53 52
139 127
137 6
133 148
80 16
83 29
31 30
136 82
89 67
19 11
144 106
133 10
13 118
55 87
10 115
135 98
98 19
72 134
94 91
4 65
119 104
131 19
8 115
100 3
124 99
26 41
34 142
10 123
120 112
86 145
112 107
100 110
60 79
131 129
23 70
22 20
34 15
7 58
25 94
33 115
48 106
50 113
104 96
49 39
2 122
62 8
64 15
71 28
47 34
94 70
119 93
63 82
43 55
27 1
47 46
121 98
71 57
14 104
34 2
140 15
43 45
6 111
16 8
43 24
47 137
103 117
10 74
72 115
77 38
100 97
43 31
99 87
64 12
5 73
15 57
99 39
36 18
102 83
143 79
60 138
140 27
140 116
19 73
10 73
103 104
128 121
71 96
80 79
126 90
117 139
79 84
50 96
128 54
121 118
148 89
61 24
144 15
60 70
98 115
64 94
104 85
10 126
7 31
14 118
37 33
96 127
145 41
148 12
128 143
55 99
133 6
140 24
47 130
124 109
92 3
3 117
129 106
136 72
133 64
54 106
43 73
133 122
55 86
107 84
42 76
103 144
69 138
100 73
83 74
110 150
43 145
132 11
122 20
78 85
149 49
34 101
67 30
136 30
92 50
27 99
109 16
93 105
128 56
37 93
89 39
43 103
69 142
145 56
5 150
63 87
143 76
10 80
25 87
139 90
148 150
4 48
35 118
122 44
98 33
80 109
57 85
101 143
131 97
55 137
31 139
68 32
65 49
122 93
54 59
128 100
149 22
47 118
37 83
51 41
65 41
11 79
31 80
53 131
109 17
81 82
77 126
144 137
44 84
110 106
145 16
34 53
2 146
79 134
49 118
36 79
103 27
131 106
89 139
41 91
79 91
55 59
121 108
7 45
26 137
94 127
66 99
50 3
133 98
17 44
137 150
36 87
8 91
149 5
47 83
68 18
26 31
147 93
80 84
133 57
112 1
92 56
93 127
109 1
132 6
37 49
146 27
147 52
9 76
63 16
67 127
13 87
91 12
99 44
19 44
23 106
120 21
103 58
133 144
107 17
31 56
23 78
47 123
150 106
125 94
101 82
137 15
67 19
77 49
77 95
78 141
123 36
68 24
123 15
60 104
17 8
132 73
64 110
47 145
117 8
16 85
47 27
26 30
147 1
93 110
81 99
113 88
4 11
86 1
77 112
89 107
75 150
71 52
98 46
13 102
150 91
135 142
19 46
16 6
70 110
3 38
63 130
51 73
100 75
69 95
51 76
137 48
72 15
134 18
117 57
89 94
4 73
27 137
136 40
7 57
126 44
26 4
140 143
31 150
47 116
125 38
25 20
140 45
117 109
4 116
136 12
128 74
34 103
102 110
9 14
132 129
64 52
131 22
60 24
47 82
135 55
100 19
143 87
135 42
117 48
14 113
107 108
109 22
147 109
54 14
3 52
103 3
48 88
96 20
81 61
51 106
128 5
132 75
69 22
137 12
102 21
102 126
144 36
67 105
7 77
42 105
84 57
34 21
117 105
143 70
29 74
132 139
123 61
103 84
123 17
145 101
2 113
87 95
62 49
95 96
76 142
124 140
80 36
127 44
78 127
82 30
121 89
32 99
68 6
18 1
98 113
27 114
89 16
135 19
13 32
110 1
37 134
135 17
92 15
63 83
77 117
83 57
142 138
135 56
42 98
117 114
37 12
123 94
135 53
100 140
65 44
55 84
28 20
13 46
117 106
14 21
133 24
69 76
34 76
112 51
147 110
126 87
149 30
130 70
9 54
94 6
65 110
70 51
42 41
31 78
9 146
2 40
6 138
29 45
146 99
122 105
35 83
139 84
92 150
50 44
114 150
48 1
132 103
136 108
126 141
119 144
27 64
56 46
54 31
120 88
110 96
145 137
29 18
124 103
108 8
14 10
106 115
137 127
69 111
119 25
29 114
78 10
131 109
130 22
40 8
143 96
78 118
122 150
7 94
116 101
32 69
10 99
27 49
87 49
120 22
103 5
35 131
98 131
81 44
140 95
133 123
53 114
91 73
11 22
31 114
132 110
47 120
3 36
50 30
21 1
76 22
32 82
102 139
113 5
80 107
135 87
81 62
7 75
109 39
37 145
119 109
147 77
10 97
50 15
68 54
99 19
124 24
9 87
64 49
120 70
109 79
83 41
98 143
148 29
77 90
13 40
14 80
41 127
135 143
48 41
86 69
48 134
116 16
7 22
23 5
122 73
103 95
7 39
4 92
123 116
34 48
55 130
29 5
37 50
126 95
130 46
53 19
127 12
15 91
2 1
83 109
128 39
113 90
72 150
135 104
5 6
54 132
140 72
81 57
135 144
135 50
147 12
147 45
14 140
140 131
58 56
60 6
75 35
123 122
37 51
126 85
60 89
37 99
101 70
99 115
145 142
36 149
31 115
28 85
100 105
36 134
35 85
60 96
59 73
37 28
99 36
13 52
32 147
139 21
7 2
35 27
95 52
102 40
119 130
118 96
86 41
113 76
71 97
43 143
2 143
4 110
70 129
128 141
4 97
71 39
83 137
128 55
106 6
135 28
34 91
26 72
13 64
122 17
26 143
35 113
35 91
143 88
83 90
58 48
26 93
7 121
40 41
136 104
42 65
56 91
23 10
139 96
98 104
43 144
119 32
29 70
58 109
80 59
75 139
61 48
9 96
145 144
55 106
31 16
15 105
5 20
148 80
140 85
141 18
89 108
7 131
31 138
58 52
26 83
3 11
148 42
63 51
117 115
124 62
102 27
143 19
135 77
16 57
78 49
4 76
3 27
132 65
145 127
58 12
31 134
62 95
136 13
145 109
72 1
92 6
55 113
53 40
74 93
111 85
14 41
146 73
117 82
66 21
49 51
92 81
122 139
88 30
131 20
14 142
100 112
3 150
70 106
69 143
25 101
13 149
77 58
59 90
43 110
9 5
27 46
78 24
77 48
2 80
2 64
135 79
55 1
126 57
43 72
77 114
32 113
112 131
59 52
5 22
132 19
35 20
9 95
116 17
69 45
43 149
118 73
120 95
2 98
86 24
71 55
119 47
25 103
93 5
58 36
95 141
55 51
31 142
29 48
136 126
42 138
50 29
77 98
10 112
86 21
75 87
50 16
130 131
62 110
50 138
19 96
41 45
100 55
101 15
47 125
99 91
148 137
26 123
104 97
69 94
31 19
116 149
23 85
71 121
137 139
113 107
146 64
147 108
43 150
110 38
14 56
60 97
101 48
77 122
35 8
39 84
50 10
148 60
116 33
140 18
37 80
58 39
72 79
49 142
135 105
131 149
63 149
143 118
94 82
77 84
10 6
67 56
92 99
89 11
25 98
124 121
43 20
9 118
83 11
139 33
128 90
68 131
55 143
50 144
100 90
89 111
145 131
70 141
95 57
83 80
60 111
98 49
58 95
9 136
128 29
54 136
95 46
128 2
102 116
60 93
28 6
76 18
13 56
8 142
23 89
63 127
125 143
146 11
75 20
148 135
90 44
101 111
92 77
9 88
80 139
132 94
31 120
4 5
3 93
67 72
43 98
128 48
131 15
122 27
14 98
8 150
132 9
146 20
37 63
78 93
58 146
53 149
75 70
145 108
97 105
15 82
23 16
47 99
132 88
39 38
37 133
32 94
48 12
47 93
37 60
43 115
2 85
42 69
122 61
124 106
13 51
125 145
23 142
25 135
108 22
71 76
32 104
19 17
100 103
14 126
14 129
7 132
43 101
17 36
55 111
141 30
137 138
101 58
31 62
12 24
35 139
14 61
77 97
69 144
132 15
89 52
141 84
28 11
133 94
83 134
145 87
103 64
119 6
132 50
136 87
131 94
35 124
115 84
26 49
102 98
68 48
95 115
143 24
110 129
119 132
78 52
140 149
132 33
133 117
66 28
125 130
132 78
43 17
10 130
53 85
75 18
34 38
55 2
130 141
135 44
27 110
23 68
68 46
29 84
30 45
43 121
78 123
35 17
117 104
129 134
72 56
7 72
77 22
140 36
4 94
99 21
7 19
77 52
28 51
34 87
103 87
32 106
99 16
34 74
37 18
50 61
38 33
109 105
143 22
138 45
10 94
57 90
42 143
