InstanceID
10_20_4
NumObjects
20
NumFactors
4
Weights
11.258244478647295
36.83140665808429
34.44540231363058
5.664544616214151
12.078054506961555
17.95740766710132
38.18127440852261
81.51038332483567
24.22083248151139
81.977797040088
66.99313951612163
45.305833195233156
84.40074795625907
67.91898821149229
72.52498905219804
92.36760031564317
6.609803322813423
99.91722180201815
17.165450700728414
42.041790666399194
Budget
469.68545611725176
Profits
-2.251648895729459
-7.366281331616858
-6.889080462726116
-1.1329089232428302
-2.415610901392311
-3.5914815334202643
-7.636254881704522
-16.302076664967135
-4.844166496302278
-16.3955594080176
-13.398627903224327
-9.06116663904663
-16.880149591251815
-13.583797642298459
-14.504997810439608
-18.473520063128635
-1.3219606645626847
-19.98344436040363
-3.4330901401456826
-8.408358133279838
FactorLoading
0.38403220603937616	-0.17265217466593774	-0.039487939949897743	-0.40382767934478836
-0.2502869659391691	-0.07818786263081745	-0.24731370898376714	0.4242114624462463
-0.45272355525995134	-0.2739373998198289	-0.23926497890948384	-0.034074066010735926
0.41724543132461567	0.08954848178091845	-0.17537301443005915	-0.31783307246440673
0.12844288125512948	-0.2094499542299968	-0.0653857864425278	-0.5967213780723459
0.20666021300328286	-0.10265722591347393	-0.4488191744186203	0.24186338666462293
-0.0016577441731941978	0.11976507724608743	-0.35476959876092096	0.5238075798197974
-0.21824112538254026	0.5492105713798714	0.046974881511380406	-0.18557342172620794
-0.18368172043653486	-0.4397184905467435	0.10512209840033382	0.2714776906163878
0.08312342876805112	-0.3819854176471402	0.2416577506736708	0.29323340291113786
-0.49285538611098145	-0.0977416132998532	0.27756799050512493	-0.13183501008404042
-0.4086386601202332	0.40099465826739156	-0.030364922016941298	-0.16000175959543395
0.45141213417064896	0.017272679441812322	-0.5049771153489289	0.026338071038609856
0.1850000939144949	-0.3643060504741229	-0.38036975825398134	0.07032409735740086
0.10082871034064089	0.3712453560597566	0.38533600379642974	0.14258992980317275
0.5764983438458195	0.0026914613611206395	-0.36663774213847233	-0.05417245265458748
-0.12500606482420662	-0.3379750893754683	-0.4261322428191461	-0.11088660298117903
-0.37253552711214444	0.11124471696903715	-0.44337124168936204	-0.07284851422945637
-0.011998833355220562	-0.1327458605914702	-0.10559618052215614	-0.7496591255311531
-0.27224468679171654	-0.0017126687936039886	0.7021334995611974	0.023909144853482056
Conflicts
13 10
4 14
12 18
10 1
4 1
2 20
8 15
4 5
5 15
10 3
13 3
11 18
8 5
3 19
7 8
9 17
7 19
7 1
9 18
7 10
4 13
14 5
10 17
17 8
3 16
11 12
9 5
10 11
2 16
2 19
14 2
13 8
13 20
9 15
4 2
9 16
13 12
6 12
2 1
10 5
2 18
19 11
12 1
13 5
10 2
14 16
3 1
14 12
10 8
7 15
3 8
4 6
4 16
7 2
14 3
14 19
19 8
16 17
16 15
16 12
9 10
6 1
4 10
4 9
7 17
18 1
10 20
10 6
8 12
10 16
7 20
9 6
4 20
19 5
14 11
17 12
7 3
9 20
13 1
19 1
17 20
4 3
11 6
3 12
7 4
15 1
8 1
2 5
4 8
5 12
7 14
11 20
10 12
9 11
13 2
2 8
