InstanceID
10_200_4
NumObjects
200
NumFactors
4
Weights
11.258244478647295
36.83140665808429
34.44540231363058
5.664544616214151
12.078054506961555
17.95740766710132
38.18127440852261
81.51038332483567
24.22083248151139
81.977797040088
66.99313951612163
45.305833195233156
84.40074795625907
67.91898821149229
72.52498905219804
92.36760031564317
6.609803322813423
99.91722180201815
17.165450700728414
42.041790666399194
55.66843807053139
59.617232065521165
38.40322060393761
92.33537554310114
49.733458424371754
42.956952617328724
10.96774963723961
25.028696593916912
32.84748285699865
57.57885375537537
22.138257303890896
12.07727535430525
6.725577975637154
74.41065984020987
96.59259339892641
45.27235552599513
72.66609550797803
43.56265730049975
28.245934297893193
17.454721125516315
12.400141192619053
41.72454313246157
50.67939131055341
68.21669275355933
90.70291829602542
52.760450270399
49.58987286461851
47.716480493760784
40.32786219276541
33.78928354851263
12.844288125512948
65.32402582347538
5.877999184701399
16.338270903215623
18.132951383519025
30.93174389167568
20.666021300328286
75.81366133353771
78.19870730703794
24.099979788284685
17.447981400773326
56.00318658083967
0.16577441731941978
12.142282141928163
47.61924201802026
22.984064461441946
96.44027998889852
14.463241391108772
66.25906507964909
21.824112538254028
76.74516967624116
81.44265782737921
34.01592322193285
70.78543635253914
80.15480915065277
40.849777178565795
72.85223093836122
62.34002109832784
18.368172043653487
40.64239542789818
1.1227799179722942
73.39062052840933
66.28382469510746
8.312342876805111
46.510884641519134
70.67665970888622
96.24807420082473
39.33896116001645
87.30016078495994
66.77266006807992
59.059699941083466
49.28553861109815
86.81649899159596
11.97938044925202
11.427982847623387
80.55245051694502
1.198516222843815
40.86386601202332
83.9998240404566
80.96333183876247
30.156709233180212
72.95771819121492
34.03734355195505
28.751793566812722
45.1412134170649
97.36619289613901
46.868481361246126
96.4595347197772
76.13958099450319
4.865711221942481
51.696737764995106
18.50000939144949
92.96759026425991
54.93061443886178
77.70760844187244
1.0902936389360907
40.35639061752527
72.22951826295912
47.20740664003975
85.74100701968273
10.08287103406409
53.62596205148229
57.765124724640614
66.59015352035391
96.09227069918667
94.58275473454125
57.64983438458196
57.91898052069402
78.12728245609244
73.17846600388822
12.166102444518057
22.515431588585844
88.9113397018821
46.29811541996749
12.500606482420661
10.118334925049899
40.99759356748252
19.76456584826827
20.733261278505722
92.71514857705436
48.37802440811816
37.253552711214446
33.95282540625957
86.44389641931842
45.93136314723232
38.11449800358866
14.474469394669075
1.1998833355220562
25.03408744688469
40.139077182029006
41.57659407712706
14.397833097309999
39.249145231539686
27.224468679171654
97.6090855146518
27.395735558532053
49.70493711619166
36.101630899751356
80.2180709847053
96.6302160130095
96.07230553142956
51.0273009920307
65.74967821180755
66.3228591369629
55.302791179349086
69.61421773264567
3.8124048810922018
89.49777616921068
93.48271318753514
73.12712159337134
48.43952843842298
31.010712352589387
94.45419005632039
60.20755393037953
70.88766558313466
8.553782167018653
31.154045433089305
41.61398975963013
52.40190950488683
2.107466538900038
87.96806480337605
68.30708013268551
54.622108123503274
38.305483931441046
37.554664302148865
0.8147854913458152
94.27335565313922
60.9770313732751
42.19599691388132
20.983260692891005
32.886860737751554
17.68012614449961
7.748101037763622
64.04362465632812
62.71134358883701
71.07094037026648
78.60374190789494
96.81152389585543
55.462245021330745
73.44602575634703
Budget
4897.640546628581
Profits
-2.251648895729459
-7.366281331616858
-6.889080462726116
-1.1329089232428302
-2.415610901392311
-3.5914815334202643
-7.636254881704522
-16.302076664967135
-4.844166496302278
-16.3955594080176
-13.398627903224327
-9.06116663904663
-16.880149591251815
-13.583797642298459
-14.504997810439608
-18.473520063128635
-1.3219606645626847
-19.98344436040363
-3.4330901401456826
-8.408358133279838
-11.133687614106277
-11.923446413104234
-7.680644120787522
-18.46707510862023
-9.94669168487435
-8.591390523465744
-2.193549927447922
-5.005739318783382
-6.56949657139973
-11.515770751075074
-4.427651460778179
-2.41545507086105
-1.3451155951274307
-14.882131968041975
-19.31851867978528
-9.054471105199026
-14.533219101595606
-8.71253146009995
-5.649186859578639
-3.490944225103263
-2.4800282385238104
-8.344908626492314
-10.135878262110683
-13.643338550711865
-18.140583659205085
-10.5520900540798
-9.917974572923702
-9.543296098752156
-8.065572438553081
-6.7578567097025255
-2.5688576251025896
-13.064805164695077
-1.1755998369402798
-3.2676541806431247
-3.626590276703805
-6.186348778335136
-4.133204260065657
-15.162732266707541
-15.639741461407587
-4.819995957656937
-3.4895962801546654
-11.200637316167933
-0.033154883463883955
-2.4284564283856325
-9.523848403604052
-4.596812892288389
-19.288055997779704
-2.8926482782217544
-13.251813015929818
-4.364822507650805
-15.349033935248233
-16.288531565475843
-6.803184644386571
-14.157087270507827
-16.030961830130554
-8.16995543571316
-14.570446187672243
-12.468004219665568
-3.6736344087306976
-8.128479085579636
-0.22455598359445883
-14.678124105681865
-13.25676493902149
-1.6624685753610222
-9.302176928303826
-14.135331941777244
-19.249614840164945
-7.867792232003291
-17.46003215699199
-13.354532013615984
-11.811939988216693
-9.857107722219629
-17.363299798319193
-2.395876089850404
-2.285596569524677
-16.110490103389004
-0.23970324456876302
-8.172773202404665
-16.79996480809132
-16.192666367752494
-6.0313418466360424
-14.591543638242985
-6.807468710391009
-5.7503587133625444
-9.02824268341298
-19.473238579227804
-9.373696272249225
-19.29190694395544
-15.227916198900639
-0.9731422443884963
-10.33934755299902
-3.7000018782898976
-18.593518052851984
-10.986122887772357
-15.541521688374488
-0.21805872778721813
-8.071278123505055
-14.445903652591824
-9.44148132800795
-17.148201403936547
-2.016574206812818
-10.725192410296458
-11.553024944928122
-13.318030704070782
-19.218454139837334
-18.916550946908252
-11.529966876916392
-11.583796104138804
-15.62545649121849
-14.635693200777643
-2.4332204889036113
-4.503086317717169
-17.78226794037642
-9.259623083993498
-2.5001212964841324
-2.0236669850099798
-8.199518713496504
-3.952913169653654
-4.146652255701144
-18.543029715410874
-9.67560488162363
-7.45071054224289
-6.7905650812519145
-17.288779283863683
-9.186272629446464
-7.622899600717732
-2.8948938789338152
-0.23997666710441123
-5.006817489376938
-8.0278154364058
-8.315318815425412
-2.8795666194619995
-7.849829046307937
-5.444893735834331
-19.52181710293036
-5.4791471117064106
-9.940987423238331
-7.220326179950272
-16.04361419694106
-19.326043202601902
-19.214461106285913
-10.20546019840614
-13.149935642361509
-13.264571827392581
-11.060558235869816
-13.922843546529133
-0.7624809762184404
-17.899555233842136
-18.69654263750703
-14.625424318674268
-9.687905687684596
-6.202142470517877
-18.890838011264076
-12.041510786075907
-14.177533116626932
-1.7107564334037306
-6.230809086617861
-8.322797951926026
-10.480381900977367
-0.4214933077800076
-17.59361296067521
-13.661416026537102
-10.924421624700654
-7.661096786288209
-7.510932860429773
-0.16295709826916305
-18.854671130627843
-12.19540627465502
-8.439199382776263
-4.196652138578201
-6.577372147550311
-3.536025228899922
-1.5496202075527243
-12.808724931265624
-12.542268717767403
-14.214188074053297
-15.72074838157899
-19.362304779171087
-11.092449004266149
-14.689205151269405
FactorLoading
0.015974547572104703	-0.1399373865667244	-0.17142855430347703	0.6726595115576939
-0.6396915011826563	-0.12796706631156507	-0.21482108882373852	0.01752034368204014
0.48579598099296706	0.19924317689148707	0.2020748934533394	0.11288594866220647
-0.11498113639325602	-0.04625583505357067	-0.5159264487443154	-0.32283657980885794
0.47352094870186145	-0.3739667017854327	0.007859898136040933	0.14465245137666494
0.4956363607086587	-0.07790521732971722	0.31406490675919874	-0.11239351520242535
-0.0025373484557056347	-0.6275327484517639	-0.2632559858790551	0.10667391721347541
0.20718876009749954	-0.06898330678289111	-0.15587676823592211	0.5679511648836872
-0.8306448362787022	-0.06007926098299676	0.09453195490491462	0.014743947833386395
-0.4030181068289129	-0.09752809519420702	-0.2524594490948897	0.24699434888199034
0.005354457899294118	0.3746195410541384	-0.16291939298816493	0.45710660805840253
-0.49569474562859384	-0.14257990416119037	-0.33110870926051184	0.030616640949703955
0.6425242480735471	-0.20205469070464455	-0.15217914678935074	-0.003241914432457582
0.073128358178983	-0.5655516787855543	-0.005720476665041385	0.35559948637042127
-0.19808342358607467	0.1740151750184875	-0.07559880609887282	-0.552302595296565
-0.08326478275090188	-0.490342103676374	-0.1946645086850156	-0.23172860488770852
-0.2031615629250565	-0.30841517664484264	-0.09283333333773913	-0.39558992709236174
0.11162180395235977	0.12408915626435046	-0.06084570424638036	0.7034433355369094
0.1115453292365558	0.22185922948179404	0.5451859141308706	0.12140952715077957
0.47416906210722787	0.06490908352980918	-0.3939272567671741	0.06699459759578885
0.007688132163691019	0.48610339480138864	0.1582352064801975	0.3479732665547228
0.21290307645531792	-0.03970891458674197	0.2560636986634055	0.4913243102945346
-0.10873552302077383	0.12765692435502696	-0.5356005946961218	0.22800695792807746
-0.09489087825724507	0.02265674981134036	0.07853678376750906	0.8039155881639055
0.24406819943378455	0.015138572816821405	-0.24233693669536516	-0.4984562910540289
-0.425008369719706	0.10222895352795947	0.035872440953367724	-0.4368902357989668
-0.26005542331867315	0.31986023987410617	0.22415601994639833	0.19592831686082235
-0.3333092688096797	0.36394841199964567	-0.14409233431370172	0.1586499848769729
-0.22084330303999233	0.12922901314176283	0.5091109787428989	0.14081670507534594
-0.12480982601056745	-0.7432757101683014	0.03808261857196671	-0.09383184524916444
0.32429074077220865	0.11112671379166272	0.36728646458656766	0.19729608084956096
0.0023678053729143667	-0.5964832342893496	-0.17197592975104836	-0.2291730305866877
0.022709031503612698	-0.14774241505064123	-0.6285302430310793	0.20101831041466678
0.22133121838583736	0.4625609919472633	-0.16800761827350175	-0.1481001713933976
-0.030982023407326365	0.3169528066033438	-0.4911753743930416	0.16088979559628824
0.40373991063770753	0.20582140497216028	0.31822116119603083	-0.07221752319410135
-0.21019389581085934	-0.05365903500479652	0.29592770380315914	0.440219365381185
0.3624116805258686	-0.3284784545727213	0.28615169317414857	-0.022958171727261556
0.17555538249727376	0.04915068679093393	-0.3145982220439216	-0.4606957086678707
-0.7144922067995825	-0.01556707155459347	-0.2144803584094921	0.055460363236331967
-0.12419748404856001	-0.4423259264191295	-0.33561553873937156	0.09786105079293894
-0.15874153783130218	0.5376935524540611	-0.11128411969953644	0.19228079001510023
0.1733813990883324	0.6014214887739802	-0.004872529754157862	0.2203245823835296
-0.3220821138077916	0.2710779370717771	-0.2733751475920281	0.13346480152840323
0.2396816712670211	-0.1682330217578234	0.1544319528583078	-0.4376533541168477
-0.0518309896433633	0.14595585703917657	0.184827031011491	-0.6173861223059691
0.1497445445889094	-0.10960972225171006	-0.05558260432633566	-0.6850631288330449
-0.11092879457075466	0.4031738934170772	0.0010810852205522803	-0.48481622679161585
0.4311217999316814	-0.11892144029993257	0.27825257523742386	0.17170418453096215
0.3948193475497146	-0.20709287181945468	-0.2917858420490369	-0.10630193858179382
-0.056887824709259016	-0.13372420065610835	-0.6250703716114061	0.18431760302322653
0.8301163901663602	0.11594507489583172	0.04627854240117002	-0.007659992536638072
-0.42110355670855637	-0.29721128157813936	0.24429215154862205	-0.03739301016468222
-0.2259325314361571	0.12753864479760946	0.6437685329568155	0.0027602908094179757
0.07607058852594095	0.49201159861713206	-0.3609873975443165	-0.07093041531261046
0.0680450902850136	0.0960030384179209	0.6751358115832298	0.16081605971383572
0.7138602684937025	-0.03002559545970196	-0.02552324489994251	-0.230590891146653
-0.3725285096244486	0.43348112659829696	-0.1362910294834454	-0.057699334293809024
-0.5703147952495535	0.09438630874295795	-0.20656770472326924	-0.12873119128421928
-0.13529978704350754	-0.30883034039253454	0.263486854997131	-0.29238301756682694
0.1545285986445557	0.06481278715586702	0.010957741312873193	-0.7697008728867041
0.45123360293460113	0.021552291901890674	0.029644872705764325	0.49756923245774387
0.5456552257125631	0.02472357339090059	-0.09408768516056631	-0.33553351573597
0.011920275358285659	-0.2654058017977343	-0.46463356024155855	-0.25804036260242147
0.41885385004034403	-0.25617123085773663	0.1907340795726129	0.13424083952930643
0.4620021413147364	0.011579456137068789	0.37557558098998434	0.1508428215582105
-0.20494476471274248	-0.2904728399183125	-0.4750729198473831	0.029509475521561912
0.035461447102684174	0.3554024980283994	0.05432190144651794	-0.5548141534223985
0.0912913406936362	-0.5473644405300864	0.2524272661890823	0.10891695258719514
0.01691748164629714	-0.10853729082291985	-0.24221758716523167	-0.6323276403655513
-0.8688326400018604	-0.06518727889266662	-0.04290297744140359	-0.023077103664069343
0.07678584315353532	0.6029630846467937	-0.0738413527573143	-0.24640971944235668
-0.00603459355627467	-0.3559078174956163	-0.41275650280399234	0.2253010861441167
0.8551969764540819	-0.0689835292654819	0.010053605801828347	-0.06576588847860787
-0.1641072158173793	-0.22312647337048674	-0.0465728638376981	0.5661934469744359
-0.05794041162687602	0.3950195226178941	0.31521246314087326	0.23182760261435664
-0.3670354954770827	-0.18456569770800124	0.3379109561499418	-0.11048785066497424
-0.1872828323515916	0.04457574601402525	-0.6017345135936316	-0.16640690804075153
0.08294783563929475	0.16696481229811733	0.45176753377893974	-0.2983198182836482
-0.2960279544219784	-0.006884461258403363	0.1327235221634071	0.5643640621562112
0.34174868797781155	0.3017253430680331	-0.030405781484585725	0.3261201874695696
0.4524377153450785	-0.01938706745165364	-0.17941682541696236	-0.3487583917863055
-0.46319867846218177	0.31617441199414253	0.030456463860996763	-0.19017044568267893
-0.3696847812552828	-0.376541458122162	0.03704804784679827	-0.21672571277575692
-0.27047157316836046	-0.03679074477763211	0.18745846853482306	0.5052792135191844
-0.3937948068435104	-0.08632263012778907	-0.08792933892330823	0.4319532241053923
-0.20285280549575813	0.13637254594116177	-0.2154687399244044	-0.4453059086386757
0.43895464510101	0.34678689722616807	-0.009672009417681426	-0.2045864482551405
0.6806163393582785	-0.05020946103114876	0.20879875196544662	0.060375447645126146
-0.3187452660607164	-0.24515008765239488	-0.2175388527486486	0.21856579353824013
0.16147156522443584	0.7177210542384158	0.08329588078513428	-0.037511499752014066
-0.5926070034819504	0.17744038425163366	0.17711305564091395	-0.05283955662550199
-0.4842577815047495	0.43548365618894747	0.044561187344865694	0.03569737496143732
0.129669560630721	-0.0925308877088229	0.06475382842038879	-0.7130457232400673
0.43853769501651896	-0.08886123726138973	0.21414882283467218	-0.25845224488741914
0.22728194725639495	-0.1644193742191249	-0.20867172277974833	0.39962695574473184
0.028510965498612206	0.04725321226671686	-0.8638176237908977	0.060418198443773274
-0.08920106615160006	0.14551516495383954	-0.22364628571478495	-0.5416374831797754
-0.0030733937784879206	0.48821525620299844	0.2194524470078012	0.28925890301071244
0.1329074091678757	0.1290169459741064	-0.04415056265543127	0.6939250822025866
-0.46821740147375257	0.014598234494209272	0.2608006225124937	-0.25638374151954446
-0.20152792036699996	0.10718912361233657	-0.1562618029899263	-0.5350211530307372
-0.04857974638819518	-0.5287712421200701	-0.005142098313262844	-0.4175069131784719
0.26086503401120886	-0.22438607504192132	0.32996614073569797	0.18478275021117185
0.2667726978827514	0.24966516602354605	-0.3450815485615162	0.1384805875321864
-0.0554663528102326	-0.7135358010042592	0.21057385623568825	-0.020423989949819976
0.05826894841169117	0.1937952621569068	-0.29549127182119483	0.4524445176102072
-0.12419182711247134	-0.49504525770097696	-0.05639571327216131	0.3243672019143904
-0.5253472077919914	0.4127335459737598	-0.016960109066594953	-0.04495913716765387
-0.230608399026075	0.013863937896715806	0.7116093242525783	-0.04391833882463092
0.341000741707282	0.14562874775326784	-0.21998607235748802	-0.29338443818196214
0.077063593104296	-0.6365666893358697	-0.27630345168829296	0.010066265871541358
0.6471410642697584	-0.3315253569477481	0.010114016252121605	-0.01121956253037193
-0.41972764139753815	0.23357450292162762	-0.04035767068676033	-0.3063401849940739
-0.22478812863628206	0.07896541489490749	-0.6492967300371262	-0.04694972643168427
-0.4554815086748414	0.08308101560996128	-0.34376824317929056	0.11766923253590678
0.1888565065949772	-0.26670650897502024	0.1372845787849668	0.40715240564503574
0.5541646729955707	0.28827144017872364	-0.14735047856066097	0.010213408265044688
0.6410229278220645	0.12824464102988187	0.00016781111794506032	0.23056462003010858
-0.5235861096481029	-0.3119174035958663	0.023390365126896517	0.14110612162913427
-0.3757168095380956	-0.0010626085062412916	-0.3949757483637193	0.2282448335919438
0.04701230242934229	0.23022885934780835	0.07279597076591915	-0.6499628674569302
0.15861070512700737	0.6099466500273392	0.2152247076478666	-0.016217937197786858
0.18262765050716068	-0.3050450961876807	0.007280851496648921	-0.5050464018085097
-0.051306866873234824	-0.0655370111842386	0.1131978114812402	-0.7699583104612864
-0.21537571522386312	0.3277177970314338	-0.38945446219389357	-0.06745202555080954
0.10345283575707942	-0.18834286155160562	-0.41599897290789856	-0.2922053297834164
-0.2724792548040651	-0.11865532134677625	-0.2084894518400584	-0.40037597200910024
-0.28598187896900096	0.08429384763386549	-0.4508785780695923	0.17884569532754124
0.4878739026156891	-0.008098306050460469	0.08442282699244608	-0.4196049643414044
-0.4062842616469875	-0.02901766846109477	0.12815682366566294	0.4365412462262548
0.1726912059032617	0.08672393768635445	0.4926216652965496	0.24796319111383425
0.4887335894773934	-0.1355031119808201	0.10508702196605602	-0.27067627657573046
-0.09025590815178774	-0.029180187988669726	0.3518905746763865	0.528673329183156
-0.32527092995014706	-0.14920045924534264	0.04530030098068494	0.48022830982382536
-0.2709805647008767	-0.3016585253429296	-0.24033943153223425	0.18702147842395944
-0.025876214437882794	0.08831701751172227	0.7773984276547385	-0.10840834039565639
-0.17438131535818724	-0.18138062643283903	-0.02473244656148199	0.6195056116474917
0.6894654567851983	0.19826469964384663	0.024666130538173014	-0.08760371303278203
0.10827020365588291	0.34980548551367896	-0.5385713766291611	0.0033529342012770247
-0.226602387843009	-0.27988451962286454	0.2857342496386255	0.20777884289550097
0.09826717549806663	0.6707323425762108	0.09544571074511343	-0.1355547711806091
-0.009564429450583223	0.18292278969820086	-0.1120365464625499	0.695476234388666
0.08185706030865081	-0.05474449561906347	0.3942666315781067	-0.469131812494179
0.44615057372159383	0.05538971920663216	-0.10293729805918939	-0.3955224090125846
0.13202038172042463	0.11603965235576075	0.3250145726687481	0.4269253932550665
-0.0014376134993006051	-0.19734830297426686	-0.018213198910690842	0.7830008846157417
0.04293740872685081	-0.18840112237211715	-0.6635158438069861	0.1051456250940459
-0.45442083278721257	-0.12381777205090416	-0.29163863758964137	-0.1301227575722419
0.6135892172384225	0.1452668151018779	0.11980230392773317	-0.12134166373196642
0.8089249261380316	0.001110960569699282	0.16949515835085838	0.020468954941410766
0.8355484986920134	-0.005025647183038329	-0.05358140018224633	-0.10584445394270192
0.1256786199188329	0.3734643251034886	0.053539751217564824	0.4473173037601137
-0.4448083819307562	-0.16322576713984627	0.20117287441348974	-0.19079297651590776
-0.15973517739188292	-0.33677733647257013	0.33926643635103493	-0.16422104978451202
-0.24138408341706907	0.49135608124005414	0.22691257640380336	-0.04034725893907343
-0.5133608395803995	0.12025593329802953	-0.20323491442843777	0.16314831269313324
-0.06840802499089604	-0.48364131681839173	0.06893544625683079	-0.37901521193388144
0.1431391022615407	-0.5283581147829595	0.05060521811683327	-0.27789756483866657
0.23289956937512524	-0.05497797911601299	-0.5433590980507561	-0.16876335345810567
-0.0766282729314618	-0.025631030578516123	0.4654823271614774	-0.43225836932854467
0.0837364172446795	-0.001983970779594557	0.060348699447984044	-0.8539309125277419
0.2856287421739596	-0.3181304850654165	0.14547084838214208	-0.2507699243784818
-0.22221743132203575	0.3783460534459253	-0.1759031623857248	0.22353335284631415
-0.21525197624385028	0.3104397987477616	0.21135020204906096	0.26295802295932713
-0.062036396652077164	0.6085983442144309	-0.3284906150284339	0.0008746441050579978
0.16632002738989993	0.025920456242728873	0.024415947227822254	-0.783343569139549
0.06105070673364699	-0.5786785476898537	-0.10621687567776283	0.25405386989873646
-0.6536660804036099	0.24719935019973271	0.00884353800006954	-0.0902910313965879
0.10727881315027465	0.19255430198343548	0.1760162009262365	0.5241506839400534
-0.5098917368892704	0.09951509812691484	-0.12064029154549649	0.2699528734383183
0.6558884153333768	0.12010015996573942	0.05657141855990466	0.1674400061409791
-0.08058166956894675	-0.6770055147288945	0.0626855687978991	-0.17972724690425967
-0.043031515958125155	-0.0005773407200200253	-0.9528453798986098	-0.003545763423244974
0.043959450166077385	-0.6993504714496914	0.030453446409672846	0.22623663197455834
-0.16537494230019556	0.06976347131619876	0.1462924955669762	0.6185690908166295
-0.2853832347296552	-0.06402179310703571	0.14472925629644728	-0.5058657158668618
0.1834312423981599	0.7348543244922445	0.026913647062775103	-0.05480078604682048
-0.4373492339981757	0.26612764800614275	0.06417584016604216	-0.23234727782963938
-0.2188708119954461	-0.12298063642089163	-0.12942130713317823	-0.528727244450484
0.3751266004115228	0.20790057314852506	-0.19159703331893851	-0.22537579312101363
-0.18988370981882197	-0.10532234342350999	-0.23490693125442363	-0.4698870155032444
0.07289980181915978	-0.06331517301930556	0.30312140089320105	0.5606636242683336
0.4420699084227715	0.34623698595126107	0.0742298451866159	-0.13746326043935153
-0.031946194803912364	0.46870596733399617	0.2588002750276819	-0.2405475628344096
0.1385653331139831	0.4357727013139594	0.11418720026259299	0.3114747653094645
-0.6731518169207997	-0.024538714073039536	0.07101102397221437	0.23129844503394636
0.48074559076179724	-0.04772583783242834	-0.26364238991037814	-0.20788618149539628
-0.7609400363652368	0.009087847654823733	0.033245773163287806	-0.1967263428166517
0.02057030874471355	0.19496192622984632	-0.34674458672365494	-0.4377231783017852
0.44359424906431544	0.4552151275876082	-0.05686113850760832	-0.04432948484046806
0.24368089774838508	0.4021608094250624	0.29385213769175156	0.060306155134800976
0.09998059249330127	-0.054480764101164425	-0.057845830500176776	-0.7876928129053575
0.479885126847972	0.24867314794615192	0.20108525237993602	0.07035647282594004
-0.7521229934303817	0.020342946802058837	0.2035638565038922	0.023970203263667278
0.5137700517062662	0.32392832669005167	-0.002102769830166329	0.16019885177351578
0.11068899126585707	0.042051587532817125	0.4891029627089942	0.3581564584923316
0.16843858390824384	0.24547451088081473	0.47265101012321775	0.11343589508772367
-0.15274017886392643	-0.320760321251351	-0.40146629669396705	-0.1250332031907555
-0.17179754435497085	0.07900667243258308	-0.09989369402262405	0.649302089189822
Conflicts
103 116
124 149
197 127
118 158
25 85
17 12
94 1
42 65
48 96
42 49
43 81
177 125
174 38
166 176
66 91
116 64
47 159
63 46
112 5
31 50
191 113
48 45
43 182
10 30
4 176
40 22
196 45
160 31
159 135
172 164
92 129
117 171
98 67
152 142
186 38
160 152
189 183
145 72
52 45
184 33
200 148
172 106
116 88
174 4
17 139
121 84
173 36
193 70
177 3
35 152
99 142
98 142
27 62
174 118
23 116
64 96
141 46
7 183
74 106
15 85
32 77
10 90
15 105
101 186
68 162
190 111
34 73
23 122
66 123
63 78
32 12
166 186
178 140
195 89
166 14
181 40
47 180
161 164
189 101
109 152
102 95
60 61
177 176
181 185
112 64
77 104
93 65
187 30
19 15
124 61
75 49
75 140
4 127
164 115
121 2
116 51
47 96
102 153
190 5
70 196
147 186
151 85
123 59
186 138
68 158
71 143
150 118
121 3
148 53
66 58
150 158
34 105
63 17
86 112
178 122
82 20
187 189
46 138
199 45
86 165
141 127
195 53
147 86
114 107
80 99
191 198
108 96
195 61
80 19
4 105
107 176
75 39
128 162
181 164
117 155
177 175
199 169
75 95
64 49
124 161
120 109
144 110
171 138
174 145
103 93
170 197
7 84
117 112
107 171
114 1
174 83
2 175
100 151
125 197
131 15
97 111
98 45
81 72
89 65
44 182
42 83
193 116
139 171
119 173
43 23
25 199
119 81
159 138
38 141
106 33
125 2
65 82
50 28
141 1
184 73
20 85
77 87
99 134
4 30
80 112
54 157
173 159
27 176
99 106
167 62
22 20
180 3
113 129
51 24
174 117
178 58
27 36
48 15
13 153
135 81
194 66
7 165
189 193
66 107
9 90
23 182
75 159
39 115
172 88
69 58
3 164
125 49
128 82
61 90
133 170
100 88
156 154
102 53
170 14
40 72
26 55
119 176
98 85
13 144
50 56
115 183
75 149
42 145
43 15
68 106
83 18
155 44
115 30
169 164
179 53
156 28
10 87
75 110
159 182
78 67
120 40
26 34
54 91
144 82
8 39
116 188
28 118
180 122
181 112
31 164
151 114
157 103
106 24
116 164
132 108
77 57
4 10
132 171
21 24
13 120
23 6
178 29
170 155
66 122
135 36
17 141
35 22
170 123
42 188
34 117
137 52
3 73
187 176
118 82
128 190
117 144
194 143
40 6
172 20
107 188
110 41
113 134
148 44
23 197
194 35
99 21
193 175
93 1
42 143
117 17
132 73
71 37
121 53
122 30
143 134
36 18
10 188
173 112
75 96
121 99
4 190
130 49
130 129
99 17
165 162
28 182
166 81
120 38
187 101
78 94
63 73
53 84
181 117
198 28
72 15
3 91
179 27
53 51
12 84
55 115
100 15
156 114
136 13
128 84
157 162
43 175
80 150
89 49
74 171
168 197
98 51
77 56
187 140
67 141
116 58
42 158
183 158
169 5
23 96
4 75
138 12
29 192
175 85
32 182
26 92
22 134
169 150
188 52
50 122
68 121
55 152
189 116
116 197
125 28
140 89
198 70
83 158
199 12
193 6
172 74
99 95
13 131
9 85
131 149
167 27
121 103
98 41
83 52
107 158
120 155
13 156
199 175
97 188
100 120
104 162
86 62
97 33
69 193
161 99
128 193
116 61
121 104
143 11
160 99
160 24
170 82
19 93
174 115
136 199
68 109
9 185
101 88
2 197
120 161
135 83
50 97
140 81
135 149
166 112
200 78
156 117
99 171
3 33
119 60
74 152
168 129
172 175
168 83
81 17
176 73
87 15
130 73
29 145
4 35
200 86
114 97
4 13
87 56
31 70
7 127
53 182
75 177
63 164
130 137
136 182
47 48
125 87
190 90
68 122
199 141
148 146
190 1
174 114
143 52
174 34
142 45
54 64
144 61
197 88
4 92
47 31
86 155
92 107
26 29
43 48
80 70
76 38
186 20
98 28
25 3
34 45
145 85
172 116
187 134
34 152
69 196
80 62
63 62
172 56
25 196
102 193
180 140
178 32
159 129
48 52
34 137
125 184
125 69
170 74
40 108
174 140
103 139
109 56
124 16
84 85
173 155
157 193
77 30
170 51
147 90
155 158
14 64
68 101
71 111
34 51
35 57
140 106
128 159
79 51
77 46
29 6
7 59
35 58
4 69
43 87
108 106
54 72
29 69
54 102
32 183
9 50
103 17
80 158
170 93
28 113
160 109
49 105
32 105
47 164
161 134
110 88
23 41
161 113
180 144
128 138
81 110
152 88
63 92
145 182
66 118
13 57
72 52
93 16
68 133
80 56
7 3
96 111
133 2
150 142
199 140
7 40
187 96
129 152
130 106
193 38
32 87
77 96
131 87
163 176
161 150
196 73
159 53
95 196
103 96
89 46
166 45
128 108
60 53
9 1
166 169
100 12
92 102
95 134
180 33
117 110
128 111
50 22
132 143
48 115
147 66
180 182
68 58
43 44
66 8
98 113
77 126
2 137
9 155
200 165
49 30
36 188
10 81
92 2
61 56
86 158
60 146
167 52
117 141
106 138
98 118
189 197
153 150
60 11
177 29
75 113
137 15
168 10
60 190
102 140
67 104
7 15
167 161
190 107
168 110
175 24
91 1
178 134
187 40
79 88
122 112
70 1
98 175
132 93
194 82
7 162
118 183
62 118
167 164
14 151
133 106
60 42
58 17
161 73
99 138
178 38
25 126
28 175
166 52
189 18
154 131
92 27
52 18
159 198
135 161
168 172
40 186
177 67
147 6
199 59
99 22
175 18
108 6
121 150
27 8
132 131
195 2
71 35
154 74
167 107
161 97
26 45
162 97
75 11
9 99
157 3
60 198
4 106
160 27
113 45
61 44
162 39
193 145
36 96
172 80
160 181
120 183
81 96
135 96
32 88
14 59
117 39
47 22
66 5
136 12
74 79
60 6
136 121
166 146
103 137
71 2
40 11
170 30
9 106
143 5
102 162
188 91
148 91
146 48
159 97
83 48
156 169
103 184
29 129
9 197
185 30
180 21
163 11
54 126
191 111
161 28
14 196
160 129
87 127
87 185
58 46
108 118
67 113
168 179
123 28
57 127
136 70
151 59
145 39
55 30
34 150
119 26
92 95
66 131
177 146
8 96
83 108
13 95
10 111
163 9
26 30
60 131
145 141
29 76
75 62
32 53
36 134
58 130
108 21
92 21
195 129
174 120
164 73
133 185
176 118
144 36
7 109
147 114
176 38
179 118
42 98
81 127
154 98
141 41
40 70
55 66
47 150
178 31
33 91
174 193
40 44
68 70
98 95
163 38
60 81
26 184
105 24
148 49
154 5
23 194
120 139
25 113
65 158
145 12
197 196
151 74
160 126
101 17
180 94
160 118
29 90
71 20
47 85
56 45
195 139
5 39
163 30
174 81
136 193
140 38
200 98
8 105
59 94
70 108
98 126
63 191
28 82
2 3
155 197
32 18
122 52
27 141
97 45
126 82
149 39
120 19
16 158
83 49
66 125
95 110
36 85
136 146
199 29
63 150
174 28
2 152
2 24
154 89
48 36
61 176
160 13
192 113
150 84
47 110
167 17
71 193
28 184
163 101
80 192
67 138
121 152
29 3
2 103
153 138
77 84
75 141
149 138
55 175
92 131
27 129
147 29
32 17
64 24
112 57
32 185
116 52
80 129
154 141
191 105
122 65
40 192
174 59
154 164
166 123
167 105
34 6
42 70
32 89
135 116
196 52
43 156
79 41
32 114
193 1
14 101
179 147
69 1
116 94
92 124
178 127
154 33
63 36
187 179
182 183
27 105
99 141
117 129
63 33
189 175
66 120
35 97
186 22
37 110
70 176
191 34
167 11
7 144
199 196
124 18
80 24
132 157
10 194
170 34
2 44
66 140
58 183
120 48
103 28
185 76
75 98
123 38
153 88
147 19
93 162
165 188
40 57
193 142
51 30
39 84
66 149
104 184
40 59
64 33
126 139
71 130
28 134
107 41
123 134
71 12
99 94
28 96
63 95
182 127
99 62
116 190
192 183
154 52
22 24
76 90
198 56
71 58
23 44
23 112
194 81
160 3
165 56
70 118
35 44
97 129
72 138
48 171
81 161
180 73
174 141
163 91
197 84
167 126
151 72
27 20
195 171
58 62
69 87
187 94
62 97
143 141
98 38
128 157
190 88
100 135
94 20
136 76
139 5
136 64
164 46
50 165
124 181
117 46
78 150
154 66
165 129
128 4
178 30
72 49
160 28
28 155
178 149
29 79
59 182
99 16
16 82
151 6
200 95
13 65
32 131
97 38
5 82
156 142
19 129
140 44
117 6
25 143
132 17
46 134
167 95
54 3
82 18
140 21
117 97
151 77
128 119
154 27
128 66
144 118
7 42
135 32
131 91
81 16
53 46
40 5
68 135
66 145
182 6
41 115
51 73
135 90
173 103
122 5
33 18
46 127
2 186
68 28
36 196
179 86
121 33
130 91
10 114
156 194
16 109
13 134
66 52
25 15
198 182
147 115
193 105
29 93
122 39
55 104
176 12
157 164
144 105
163 37
23 121
104 73
121 138
68 16
78 30
66 186
63 153
29 88
135 41
148 120
96 21
189 190
66 161
27 196
163 172
23 125
34 186
47 134
121 24
136 152
116 11
2 62
123 155
166 51
167 19
16 111
66 115
77 64
176 134
26 78
40 58
151 52
185 84
68 64
147 18
63 107
19 28
28 56
167 89
14 155
113 184
195 189
4 56
89 126
114 15
9 116
54 15
7 19
28 45
28 107
132 177
92 146
144 185
25 161
187 108
67 84
31 197
53 44
168 8
103 39
148 70
200 44
36 30
25 19
120 65
173 39
40 64
17 182
29 65
180 69
193 24
166 183
178 101
143 41
81 141
28 162
191 86
168 126
9 79
78 162
185 38
40 62
131 93
86 33
157 152
187 58
120 6
141 73
190 36
77 73
102 184
54 130
32 51
92 147
14 53
68 80
92 58
198 101
200 91
62 1
163 96
34 172
180 152
165 192
189 20
120 53
50 112
80 171
66 64
49 158
101 150
42 24
113 142
69 2
160 18
99 88
168 45
10 11
8 127
148 127
120 151
166 174
114 48
74 28
63 100
200 160
150 44
51 115
92 115
31 172
157 19
86 198
140 185
69 62
88 46
37 89
43 173
116 111
143 94
181 94
198 134
10 116
148 140
140 88
192 22
177 103
122 40
28 76
189 106
130 155
13 181
159 161
140 113
101 171
135 183
123 101
126 143
200 55
14 66
131 94
187 100
174 15
157 61
72 82
16 33
192 188
59 105
61 137
51 141
28 24
54 19
117 16
47 175
128 158
7 38
130 51
117 192
17 97
170 38
144 142
115 52
193 15
119 149
162 106
160 178
98 6
195 22
173 124
53 79
100 197
185 33
23 110
105 85
140 67
9 195
156 176
29 2
123 6
58 38
47 8
38 18
159 51
133 18
32 74
8 44
133 167
52 57
187 147
50 73
58 150
180 108
53 153
150 115
136 175
92 44
75 30
163 110
170 88
199 189
167 106
174 121
27 30
58 91
50 140
193 112
41 182
136 11
116 131
58 169
112 1
132 57
189 16
129 39
75 55
148 157
22 127
190 74
37 108
31 152
186 85
47 79
37 42
151 21
19 76
7 95
11 8
35 199
16 87
161 62
132 192
127 183
200 32
17 138
122 137
135 172
190 129
178 100
193 114
126 197
145 8
195 65
122 99
143 137
37 181
4 52
123 97
187 192
120 122
37 54
23 165
98 116
62 64
50 86
143 56
136 17
4 185
153 118
31 120
26 113
167 16
187 50
173 81
123 20
23 155
122 150
152 52
131 41
77 74
160 44
7 111
171 44
48 85
25 41
60 158
71 105
47 165
69 158
57 105
137 169
176 79
71 38
116 169
54 5
150 46
167 92
54 144
61 18
163 22
200 162
69 112
92 64
195 104
153 6
87 91
23 104
132 145
71 14
187 195
104 188
177 162
29 22
156 72
137 17
198 126
69 8
194 36
117 72
13 158
80 58
91 6
156 40
151 76
173 123
67 96
166 125
51 176
118 33
173 129
170 129
76 1
37 145
196 46
54 40
59 49
75 146
143 165
119 48
69 143
13 31
32 137
156 158
3 150
184 183
119 58
98 105
43 196
112 90
118 46
157 24
109 90
43 62
63 131
7 57
119 115
13 73
92 122
175 182
7 94
13 141
89 109
69 176
55 183
169 138
147 62
13 111
179 182
132 87
191 171
175 108
197 1
92 69
47 114
176 57
104 192
153 84
198 113
72 110
156 58
26 174
38 84
100 125
93 188
126 171
104 139
107 38
135 72
169 8
168 106
46 158
176 15
109 5
195 88
119 74
168 54
159 147
25 76
91 138
167 42
130 33
61 152
74 150
119 42
56 152
31 116
79 21
17 79
145 17
31 24
13 53
9 140
151 40
77 145
132 22
200 67
190 45
48 57
125 76
3 87
63 192
163 192
147 117
47 66
14 90
60 114
144 169
189 111
144 149
66 184
107 182
119 77
119 37
171 79
200 182
66 2
11 176
200 184
42 85
7 130
128 104
107 22
28 46
110 76
26 147
154 45
11 141
107 51
72 185
98 127
25 61
63 151
126 18
120 184
140 144
69 21
54 117
125 158
124 197
186 59
50 143
42 183
72 8
78 178
135 15
95 39
37 69
168 92
55 40
77 59
153 51
136 169
108 52
157 36
104 155
177 49
170 32
35 122
19 48
130 39
43 57
188 105
66 28
64 169
4 192
149 129
19 64
77 36
69 106
167 72
198 46
197 24
34 65
174 149
190 171
26 138
89 158
2 182
23 93
170 18
198 176
101 95
148 79
193 73
83 121
109 113
178 3
83 85
56 169
195 18
66 29
198 87
148 83
113 18
78 137
100 183
47 185
98 88
95 197
172 86
60 45
139 176
72 41
7 64
71 191
40 91
60 104
60 34
54 193
179 126
191 98
117 88
147 36
9 134
187 51
9 27
129 57
187 135
127 73
177 158
28 152
16 49
101 38
200 72
40 169
2 16
198 79
174 183
25 22
109 150
130 169
47 64
93 107
130 12
9 11
168 11
100 198
125 8
143 6
23 118
160 142
143 18
122 36
43 133
154 143
132 78
156 51
69 81
172 27
154 44
35 89
121 91
178 197
87 24
125 196
166 5
198 183
124 74
68 87
29 85
198 72
52 1
62 85
110 45
37 90
147 82
35 197
119 18
43 84
136 101
119 121
25 193
51 57
9 39
153 110
9 20
135 30
140 183
18 73
4 41
60 48
92 126
195 157
121 183
100 28
7 32
71 192
173 77
23 77
14 48
97 30
117 111
37 171
180 153
181 70
135 85
81 5
156 87
25 42
34 5
23 39
55 186
147 130
117 70
84 30
92 48
146 106
25 16
9 78
34 104
154 42
124 177
58 27
55 36
151 183
75 27
47 101
199 139
68 77
34 165
119 76
74 73
92 60
26 188
100 182
103 20
133 99
87 76
141 33
132 95
80 88
114 74
13 112
4 78
153 137
173 38
190 188
60 109
75 1
54 124
47 76
197 44
136 150
130 21
148 135
92 24
166 76
99 46
9 139
193 169
167 168
75 126
16 62
119 152
187 70
185 171
200 140
32 103
121 57
78 90
159 105
195 34
78 199
181 129
61 96
139 88
151 15
122 129
55 59
160 192
193 111
43 200
54 170
187 185
40 93
42 3
157 80
91 24
54 115
191 140
50 142
128 52
42 29
113 127
71 3
147 39
103 15
117 109
140 39
193 3
65 150
31 153
108 141
168 79
200 172
71 151
35 45
87 41
131 114
131 19
10 182
78 15
136 32
55 139
156 85
71 68
168 25
191 94
78 42
34 171
147 17
180 101
101 118
9 72
121 145
87 70
92 53
116 87
180 97
120 59
125 103
160 20
129 82
155 171
195 155
120 165
189 51
107 33
168 114
4 194
86 38
83 197
122 87
168 87
153 97
89 175
114 85
133 22
157 39
3 113
132 107
137 176
75 130
174 61
101 110
166 142
132 47
93 176
111 44
156 164
42 150
26 162
125 16
120 113
130 182
98 114
135 109
139 57
119 198
172 30
55 49
13 130
119 50
39 196
171 73
22 196
156 46
116 5
68 150
17 95
119 24
53 95
174 48
200 169
107 57
93 24
168 75
132 114
106 20
74 185
95 169
89 82
136 155
153 28
151 153
28 48
170 69
78 48
89 28
170 182
81 36
135 95
177 72
188 115
119 25
101 46
180 177
42 104
199 193
107 12
135 86
15 38
120 131
35 183
92 6
166 87
128 67
144 76
61 1
69 39
61 6
14 76
191 11
96 57
8 141
125 12
98 176
17 106
63 72
71 83
97 110
162 24
62 108
54 88
173 62
178 17
102 11
168 175
199 108
162 41
174 1
99 150
180 124
124 109
34 30
128 174
78 86
68 115
62 57
20 134
169 82
26 152
135 66
169 183
177 24
157 190
71 116
7 70
61 65
173 102
166 133
81 184
27 15
165 91
36 164
196 57
163 10
77 193
14 57
86 152
142 183
147 42
110 184
50 186
124 126
150 38
75 117
181 85
140 118
104 183
58 20
66 108
109 8
170 58
86 169
174 152
175 70
190 76
132 82
139 118
23 92
25 40
124 117
179 155
181 141
197 21
60 188
128 181
89 192
53 169
94 8
125 126
119 11
25 65
83 73
177 60
49 38
147 40
119 166
156 82
43 79
160 139
11 1
187 32
75 122
179 80
47 154
31 130
151 16
3 12
55 157
50 161
46 45
119 75
128 154
27 175
68 151
178 93
50 11
182 20
157 79
7 74
14 94
188 79
180 53
131 20
71 89
126 114
177 151
102 57
156 52
187 139
29 81
10 104
125 41
108 46
78 14
78 65
172 190
59 196
135 39
54 143
119 185
37 172
103 57
13 28
120 126
124 114
177 80
79 85
191 16
197 52
186 162
186 141
59 38
151 44
31 96
124 93
80 85
102 112
174 79
23 153
113 62
112 45
112 38
60 73
40 21
168 37
198 1
135 59
15 30
114 62
83 1
116 38
122 3
136 161
44 30
54 179
169 171
75 77
17 56
92 105
80 109
144 64
195 99
19 88
87 176
71 65
9 164
177 50
78 125
15 115
37 169
47 13
126 137
50 104
200 83
75 86
118 52
181 51
2 33
128 85
194 105
117 20
198 117
63 29
72 24
133 31
170 78
64 142
180 105
156 157
102 8
143 192
80 138
177 101
160 104
146 51
150 88
69 141
59 150
116 69
12 57
16 95
193 86
86 81
117 142
62 38
25 66
95 52
7 168
178 113
152 46
14 2
173 17
7 56
200 197
112 169
81 108
37 34
54 13
43 6
14 197
86 134
9 87
155 141
160 84
40 28
43 159
170 70
160 167
143 46
178 95
42 111
36 44
92 12
32 197
167 154
102 150
43 113
174 173
102 56
54 116
180 192
3 28
105 115
150 52
23 60
31 38
66 88
80 39
115 134
122 28
180 39
41 12
114 90
124 38
92 78
53 139
187 5
60 115
156 2
166 145
13 90
193 88
193 96
53 186
167 79
175 95
173 158
176 106
200 109
78 112
14 130
191 165
7 88
63 161
7 114
87 5
145 127
7 104
36 84
161 96
148 6
167 180
111 182
60 21
191 173
39 73
136 124
31 199
189 108
59 141
137 48
136 87
77 154
9 125
194 196
80 153
120 12
143 72
62 142
71 45
121 6
173 175
173 21
83 2
174 191
159 108
123 185
152 5
56 1
10 120
4 60
31 159
174 84
151 158
36 21
92 114
194 189
75 34
180 127
199 165
160 91
198 139
126 91
165 196
172 105
93 134
170 105
13 159
26 17
168 189
170 60
38 57
146 73
143 164
174 198
159 29
168 164
66 190
86 143
14 36
75 46
119 120
149 110
121 182
9 186
41 30
7 44
3 82
167 143
168 107
101 87
148 138
159 12
83 142
151 182
28 115
17 158
65 88
31 79
58 117
35 164
148 122
148 56
145 93
135 18
92 189
37 139
172 21
50 149
19 90
26 1
42 175
19 18
92 195
189 105
132 135
29 11
70 8
120 62
180 179
124 22
55 101
86 3
68 163
166 161
180 24
121 190
193 152
72 51
170 125
26 89
122 27
190 176
1 45
133 187
124 125
65 127
198 91
69 97
124 141
179 192
62 21
172 154
149 111
81 181
69 20
130 16
200 57
36 129
137 84
157 84
116 95
15 142
176 141
47 60
119 172
71 167
56 95
159 162
121 184
10 184
128 164
163 159
128 53
187 22
92 145
78 57
58 84
2 144
63 165
43 197
17 105
117 145
34 11
174 104
168 60
188 142
171 197
187 88
53 62
25 182
174 82
99 1
116 39
120 114
178 67
4 20
139 196
63 130
180 70
133 152
100 147
168 135
54 140
159 193
22 57
152 41
50 130
63 16
191 33
31 105
114 24
3 127
132 138
66 142
43 69
55 17
191 131
136 180
145 171
139 46
43 54
165 109
152 22
145 130
78 52
14 46
177 74
194 52
16 171
43 29
40 18
144 115
160 111
107 94
132 39
170 161
111 24
95 183
31 22
172 41
121 139
67 65
75 179
174 113
200 20
63 12
5 91
89 93
78 177
191 50
165 90
50 85
67 164
74 196
66 90
119 29
194 150
154 16
19 21
4 199
68 86
186 197
120 17
128 57
195 146
177 172
10 84
53 5
86 36
140 15
112 59
178 21
101 52
152 21
118 20
151 56
163 66
181 8
86 51
53 155
8 6
120 146
3 111
87 118
160 194
198 17
75 112
131 188
124 44
147 51
31 90
195 114
50 24
103 98
173 96
145 186
145 118
61 127
81 21
36 149
144 141
26 144
194 121
159 172
160 122
19 107
29 12
166 56
53 188
13 91
198 162
180 74
145 28
133 173
167 165
140 155
158 85
159 109
31 129
117 67
83 161
159 50
71 153
185 141
190 164
98 196
36 184
25 80
190 59
70 88
125 94
86 126
152 45
13 92
55 11
198 73
110 150
198 30
170 87
10 46
54 198
147 80
154 153
88 20
28 109
177 53
120 99
31 77
98 184
78 143
56 18
63 70
25 153
177 73
26 19
186 73
176 22
102 169
69 95
125 140
139 96
94 108
122 62
123 139
146 16
173 46
79 33
95 184
50 184
180 11
54 10
157 146
122 15
121 41
170 53
69 12
198 99
50 27
161 20
9 74
66 81
35 10
14 147
174 49
92 5
47 92
29 118
68 192
92 90
130 20
66 22
31 21
123 45
164 88
14 180
131 111
23 180
55 172
108 138
179 176
79 76
179 58
117 190
103 94
161 130
178 152
168 153
122 6
94 196
172 2
89 104
9 36
131 115
135 22
195 77
62 129
36 95
100 98
178 181
7 98
117 138
54 82
11 24
145 108
68 179
87 94
40 141
50 185
159 80
78 109
151 126
61 106
62 70
66 46
194 138
187 93
135 199
128 137
193 198
43 121
199 131
161 5
155 134
170 169
200 99
43 75
166 148
177 108
120 2
174 3
63 118
198 22
95 30
163 92
123 58
161 51
19 1
13 84
9 144
89 169
74 127
32 126
114 94
133 148
22 183
130 76
40 61
10 85
195 161
9 94
77 176
31 101
128 167
125 183
200 173
100 73
191 25
67 91
10 56
94 150
167 86
7 194
101 162
189 153
167 57
23 86
62 107
155 142
100 101
72 186
55 141
159 76
15 1
141 82
186 16
72 36
147 85
185 41
120 105
13 77
69 3
43 124
47 86
166 99
62 158
109 88
125 30
12 85
146 17
150 24
136 103
100 118
75 13
198 97
14 127
191 58
37 164
92 165
199 172
198 41
136 110
80 137
26 114
100 93
109 11
101 20
194 184
5 8
154 76
81 64
124 62
103 8
56 90
51 49
133 60
19 152
123 1
9 38
145 99
181 169
3 196
64 82
42 108
137 45
32 20
112 182
29 146
160 141
167 68
150 91
160 131
160 67
75 81
119 104
2 161
157 105
180 156
66 41
120 181
2 96
125 89
69 192
180 61
60 28
196 111
103 118
173 181
32 115
174 94
33 1
194 45
165 20
91 20
34 64
114 87
100 139
191 123
168 148
81 143
23 40
68 157
98 3
174 180
140 65
16 36
47 87
198 115
137 94
136 4
31 123
93 15
131 49
154 101
78 99
9 152
161 197
60 106
189 134
55 162
195 176
25 185
2 84
121 61
120 190
96 118
198 59
71 195
7 49
23 15
153 155
40 196
193 57
128 70
180 1
51 158
13 59
53 12
61 184
91 30
67 27
115 24
13 74
54 1
193 46
55 176
132 148
165 175
132 98
187 123
182 91
187 16
89 153
36 169
72 182
14 175
120 41
68 180
35 16
100 70
119 106
29 20
165 106
34 59
72 11
60 91
191 44
35 96
40 129
128 101
5 22
9 60
168 46
148 16
133 127
17 176
101 3
108 188
159 17
153 139
80 123
29 8
60 125
86 52
54 176
60 181
33 183
145 33
130 45
62 176
58 51
4 140
53 70
104 11
58 139
63 195
44 1
186 127
196 88
147 20
60 139
194 110
163 83
77 67
189 99
62 175
172 126
116 113
7 82
191 66
8 51
191 194
3 44
170 181
178 118
19 57
148 78
181 146
147 107
71 69
32 73
190 97
54 195
102 125
135 110
148 57
108 41
99 20
116 97
116 181
130 110
174 148
54 8
63 51
192 62
103 149
186 12
71 59
160 101
154 150
71 185
37 29
80 117
26 111
135 84
106 39
173 51
100 107
154 12
50 80
170 29
173 147
81 82
186 36
86 101
9 161
163 47
75 78
114 169
135 88
78 39
35 193
34 161
157 181
140 111
200 36
174 165
35 190
102 39
10 122
64 152
172 171
56 8
56 105
146 56
120 94
47 25
12 183
173 49
75 3
23 71
26 105
156 146
67 95
120 106
92 74
41 46
60 32
100 46
59 111
148 103
187 24
116 3
47 32
125 34
109 139
62 185
189 12
137 95
63 114
68 198
78 159
25 75
6 44
78 194
2 165
110 1
145 76
149 106
189 27
39 46
77 155
19 108
63 50
64 73
162 18
23 168
122 45
177 142
27 186
9 81
189 97
162 183
165 1
128 136
64 171
135 29
144 131
200 107
103 91
135 122
195 118
71 77
77 86
187 159
145 197
136 40
195 69
100 113
139 79
43 147
66 146
151 196
99 109
114 52
32 111
130 164
42 190
108 134
172 98
101 104
103 21
119 195
168 51
121 127
32 76
30 183
53 117
25 77
121 164
191 56
86 30
69 129
72 28
92 180
80 114
160 11
200 74
168 180
192 20
195 162
168 177
56 138
112 19
81 38
160 123
187 38
175 129
160 113
13 85
35 195
81 67
38 30
42 197
89 5
136 135
133 65
69 146
35 169
180 77
60 19
120 20
117 113
132 155
200 10
135 24
133 33
50 162
104 164
191 85
180 143
110 196
99 12
31 165
32 134
97 184
72 192
54 131
167 90
69 6
124 152
61 192
114 192
23 186
132 110
179 107
81 39
191 100
166 179
116 56
69 59
68 125
148 161
71 149
89 24
2 89
166 40
136 50
191 142
26 16
45 183
112 110
104 113
181 114
145 27
119 16
6 20
158 20
78 2
25 125
27 130
173 65
3 139
163 99
165 144
179 29
93 6
195 49
174 85
132 52
180 106
55 94
69 27
181 27
99 30
7 179
66 183
70 12
179 199
191 6
35 181
116 27
193 127
162 84
143 85
26 109
16 17
55 74
87 6
109 21
180 126
133 139
133 100
168 73
167 18
9 91
198 161
170 81
159 32
96 22
13 114
7 50
162 52
112 104
90 20
62 115
104 6
76 96
102 49
160 36
149 22
199 101
199 155
114 130
7 169
72 90
163 193
119 113
200 31
88 158
4 12
55 91
199 62
71 84
157 1
122 104
53 22
122 158
160 195
9 115
83 24
192 51
31 106
82 30
131 152
27 28
135 111
106 182
41 183
10 82
4 191
168 85
65 57
42 112
140 16
147 96
156 20
184 52
146 186
182 18
25 98
80 175
198 36
16 44
14 87
37 158
92 77
124 123
167 64
120 176
169 134
13 22
13 137
157 122
165 115
3 104
78 149
74 129
130 176
72 95
117 12
154 59
4 147
140 51
13 21
92 76
103 11
143 62
152 90
171 183
108 139
126 33
68 38
29 27
140 109
147 189
153 79
78 141
91 73
101 28
63 24
193 186
43 27
98 15
65 107
81 88
147 44
136 97
4 28
47 118
185 110
50 156
64 134
53 137
68 15
66 126
23 200
159 36
136 88
76 182
38 73
62 152
7 28
3 141
191 45
144 12
26 39
132 30
147 38
29 141
112 56
82 183
79 182
160 132
43 40
199 186
146 74
187 115
148 31
68 37
129 20
164 22
81 1
48 105
54 98
47 196
74 158
131 52
50 42
180 58
96 84
113 48
166 85
131 59
74 141
92 91
68 142
74 33
58 192
81 126
5 176
193 106
80 98
136 39
68 173
74 49
176 196
25 12
50 36
145 165
113 97
135 115
26 10
144 22
71 32
34 16
10 17
119 88
47 145
27 113
13 98
126 164
132 89
192 59
154 139
144 175
148 65
54 175
11 76
64 164
165 141
48 44
161 110
190 24
34 131
135 65
121 171
111 20
146 152
37 195
145 89
136 90
17 15
63 162
200 147
99 164
78 180
5 90
168 121
194 164
103 1
47 140
10 117
47 139
102 5
189 30
199 89
131 99
120 130
55 62
195 48
174 18
144 73
89 197
109 15
159 15
62 73
133 143
176 150
27 61
157 59
64 108
132 77
64 44
140 41
124 50
178 182
108 90
121 16
68 171
54 78
161 129
50 40
126 158
195 113
81 193
72 139
167 162
28 110
168 68
153 115
43 61
60 41
8 73
144 95
122 190
128 54
188 197
15 73
43 160
100 106
39 183
181 152
177 56
31 98
62 196
34 93
148 152
86 146
112 8
34 103
153 149
28 65
193 143
129 45
37 17
47 143
7 11
198 129
34 96
39 52
9 137
167 111
166 7
60 143
71 30
29 139
2 111
27 38
43 78
60 77
93 62
69 103
163 116
29 36
151 154
19 183
65 184
98 134
160 8
167 176
95 21
125 1
163 15
123 12
181 161
32 97
174 44
80 101
177 190
167 40
135 6
35 171
199 40
117 19
11 88
16 139
99 112
42 169
104 24
23 161
191 146
168 105
16 46
159 34
156 185
69 110
60 101
60 134
119 67
23 1
37 111
163 134
131 84
120 49
191 143
55 112
148 151
66 33
155 33
61 64
120 103
19 59
4 122
180 64
123 111
103 101
88 134
95 164
147 16
163 46
124 46
174 69
100 44
14 107
83 79
174 133
40 109
100 94
81 131
173 15
166 44
167 109
80 73
126 49
51 41
47 107
178 173
66 6
189 138
68 25
173 154
120 56
32 59
31 125
160 130
157 142
180 129
3 38
128 183
171 38
133 8
100 76
189 188
117 95
168 1
4 137
16 65
173 109
77 109
58 94
194 145
168 5
71 148
137 41
190 165
120 52
101 49
40 130
178 2
23 187
86 79
3 8
32 45
125 91
183 18
26 84
19 8
181 130
17 171
124 20
102 93
126 182
147 169
186 118
23 54
42 58
139 90
149 105
25 29
173 34
112 36
153 38
124 30
142 44
187 29
65 59
29 152
141 30
102 85
102 113
113 197
7 177
122 17
5 33
13 118
68 123
123 117
72 22
122 152
16 48
13 56
21 82
200 85
76 134
200 70
147 79
119 91
189 129
93 149
69 11
47 52
133 115
171 184
63 30
148 112
75 158
189 169
121 176
78 102
107 134
160 19
37 75
25 177
135 51
136 129
111 127
16 182
130 184
39 127
179 101
7 113
10 67
80 165
178 196
14 20
154 72
109 51
119 38
54 61
99 196
76 18
103 117
190 49
68 10
185 45
31 140
74 64
169 79
164 152
140 29
129 51
180 117
47 103
26 142
17 5
74 153
186 158
168 138
43 18
25 146
49 183
133 10
79 105
81 61
92 34
178 150
165 33
54 90
125 93
13 155
65 87
128 133
172 91
186 142
185 139
27 155
180 16
191 19
198 149
151 164
163 156
176 138
97 52
136 94
193 130
98 91
40 85
148 187
170 86
129 33
75 56
199 15
90 115
159 24
146 162
112 115
168 19
126 62
81 73
25 49
55 146
75 108
169 1
121 105
66 61
159 94
12 127
159 38
13 180
21 15
60 66
156 53
93 73
35 27
86 183
56 108
195 134
151 80
50 8
132 153
194 84
36 59
154 105
68 145
133 84
59 95
116 16
6 158
11 18
200 155
60 165
61 129
9 41
43 170
77 41
131 175
58 45
104 39
110 51
153 152
145 134
136 171
162 127
109 79
80 113
4 173
29 144
156 49
195 131
128 95
194 108
31 144
154 109
168 146
147 144
71 197
161 8
98 169
80 1
140 122
81 84
7 69
103 186
35 65
15 111
179 98
194 56
172 150
162 185
24 20
92 113
124 146
89 22
185 24
167 155
188 41
26 79
128 145
180 123
123 41
181 162
186 21
135 108
184 24
55 192
126 106
13 189
51 15
103 111
107 73
44 52
110 91
200 120
173 151
71 125
105 46
165 8
166 124
43 158
25 156
167 125
184 46
191 76
54 107
168 112
29 91
77 45
116 105
185 52
191 29
26 73
100 81
130 59
50 21
181 118
191 21
4 90
187 196
56 171
139 183
136 29
37 118
121 39
147 56
160 77
72 107
170 146
136 52
160 60
191 108
69 98
191 138
71 48
41 111
4 158
198 122
74 97
145 90
135 155
185 46
86 18
132 151
47 44
27 109
174 106
135 156
144 91
49 8
136 179
47 184
68 57
78 46
154 40
199 157
69 185
89 185
67 122
92 8
145 95
75 111
98 11
80 190
66 73
174 105
169 57
200 174
87 44
181 64
13 150
127 33
63 180
120 80
40 97
154 97
46 20
47 65
191 193
192 65
23 35
63 120
13 108
199 171
196 127
103 40
75 91
156 93
120 145
98 110
48 196
174 41
195 62
161 84
135 151
50 189
41 44
54 75
95 76
10 99
31 104
156 97
34 77
132 184
187 164
42 57
67 137
47 27
178 131
156 183
116 74
37 28
87 79
43 153
43 11
116 129
128 61
160 174
181 193
125 104
187 117
154 53
148 1
194 88
150 127
75 38
29 72
113 82
103 164
62 91
177 51
132 67
78 96
7 6
68 99
143 197
63 20
198 186
47 84
147 72
94 30
138 45
199 113
43 120
66 11
100 22
189 21
195 122
94 46
54 80
160 193
184 197
29 5
148 189
161 114
112 94
166 48
198 53
57 90
114 118
135 131
199 28
153 33
53 3
145 61
126 24
66 40
25 115
74 84
189 109
87 175
88 18
193 144
146 144
145 91
62 96
70 142
14 198
128 175
76 12
40 113
100 130
9 62
96 6
180 79
155 57
75 76
54 28
40 12
66 20
190 141
27 150
194 12
7 17
102 179
98 79
75 187
157 111
9 84
15 182
78 18
42 44
167 88
74 182
112 76
154 106
142 111
81 74
78 41
81 164
180 141
60 79
50 57
167 50
200 195
126 110
153 169
32 110
69 15
61 85
23 172
54 9
53 185
172 46
63 13
36 46
192 115
166 37
58 141
177 52
81 53
54 123
93 115
97 176
133 36
2 18
163 73
163 140
19 197
195 52
36 197
162 57
126 138
68 136
111 82
179 104
57 33
174 22
142 90
47 38
80 46
102 34
145 138
135 56
21 134
160 190
125 51
136 185
200 127
172 146
164 97
60 103
164 57
43 36
28 44
181 142
173 114
124 154
83 176
133 39
23 81
77 69
170 112
125 192
68 144
153 52
83 62
185 44
177 91
157 38
160 151
23 177
116 21
173 98
84 158
10 131
159 115
58 153
49 88
92 35
14 45
179 96
19 85
9 13
144 48
200 142
61 197
151 95
199 46
154 65
61 153
188 84
56 106
100 155
125 142
132 144
160 5
128 179
50 53
59 22
153 95
200 80
79 82
144 97
71 46
112 82
147 196
176 41
79 127
67 183
54 31
149 139
60 138
114 36
162 19
92 151
67 79
7 34
23 17
156 181
134 158
10 83
29 113
93 30
199 16
154 80
171 142
67 44
159 164
89 186
4 51
58 70
169 141
172 115
184 196
195 179
7 78
168 147
35 107
137 115
98 53
114 91
168 122
29 59
89 112
195 159
83 27
177 20
189 61
185 152
102 86
72 109
188 57
74 20
184 12
189 56
178 57
173 190
9 98
172 153
169 184
191 53
169 106
160 199
61 171
191 64
170 94
120 15
2 193
112 175
42 20
174 185
200 123
100 39
66 82
19 111
3 18
22 106
83 39
133 141
64 51
26 176
112 130
3 192
157 2
191 35
78 3
159 66
199 182
23 156
152 150
8 142
75 5
75 183
70 150
76 85
133 198
193 129
168 142
157 73
140 99
122 107
10 144
23 46
161 6
100 192
62 106
25 59
26 74
117 49
104 111
109 84
71 187
124 151
94 142
4 48
98 59
50 141
119 71
2 142
167 169
71 175
198 138
86 59
184 176
15 90
29 184
154 184
101 107
200 25
66 116
68 1
178 85
173 185
146 19
52 158
92 86
13 146
125 150
23 82
105 127
9 6
47 67
90 52
130 143
71 170
85 134
187 172
151 110
25 55
178 189
104 59
167 130
68 164
136 181
133 17
47 173
77 149
42 74
130 113
178 14
189 103
10 171
32 38
191 95
167 137
2 58
179 116
118 12
68 34
9 35
194 199
119 92
99 79
37 107
14 91
9 58
69 190
130 36
68 2
8 21
164 49
9 180
56 20
23 48
155 105
119 174
37 199
56 176
35 101
67 48
154 115
81 18
31 183
163 67
137 49
132 97
89 188
53 138
71 142
37 5
187 138
26 93
99 76
43 53
154 41
104 93
54 6
199 64
199 91
148 129
25 137
186 65
116 76
200 134
9 32
117 5
110 57
145 104
149 185
140 69
160 52
52 105
53 80
35 120
136 162
128 118
196 90
87 85
86 49
71 180
106 82
198 98
119 61
23 198
154 15
137 5
63 77
102 18
58 127
122 1
59 158
172 5
167 76
69 114
193 108
71 100
133 19
78 120
83 120
126 104
48 82
19 169
90 46
48 38
80 45
31 75
48 155
190 82
119 133
128 6
133 70
10 77
187 184
60 17
139 76
163 25
95 8
136 131
27 188
120 175
124 142
54 114
34 118
7 158
14 134
29 101
135 186
71 190
80 48
78 44
163 17
32 157
32 66
102 124
156 45
159 137
31 147
124 65
83 84
77 105
133 171
36 49
43 38
147 97
198 15
137 97
160 33
31 155
75 73
137 20
27 21
124 79
70 184
154 85
68 81
135 105
69 197
105 12
75 189
77 76
100 96
163 183
50 151
56 111
101 114
123 51
165 108
58 182
50 105
63 82
167 97
55 45
124 84
81 176
63 87
173 198
63 167
178 18
25 130
120 76
144 182
162 88
86 114
108 39
112 84
13 29
42 52
109 97
116 57
145 52
55 56
172 65
8 1
27 134
102 177
26 51
132 158
189 86
3 74
169 97
95 105
163 191
14 74
14 164
4 130
194 140
87 115
130 38
75 115
126 87
24 158
122 111
7 189
184 90
161 183
136 24
172 176
100 196
123 196
53 165
34 76
178 121
186 188
154 51
172 44
102 48
148 17
101 141
116 82
92 125
189 162
76 129
56 158
100 186
40 82
96 44
154 24
10 42
69 126
167 142
151 138
67 82
79 152
121 67
37 56
17 118
132 29
154 158
40 73
27 5
122 146
180 40
67 118
67 33
5 184
130 139
7 51
15 18
19 106
66 106
178 19
160 105
178 165
195 39
69 104
122 91
83 107
132 136
42 53
167 158
53 91
114 138
119 194
149 57
140 165
4 155
100 112
102 103
87 155
33 52
198 114
38 6
9 147
108 76
16 11
2 30
54 66
87 188
29 112
71 56
17 164
157 183
114 59
200 29
124 99
62 65
48 138
34 185
71 78
187 87
109 65
190 39
190 118
80 183
130 153
47 171
165 38
168 193
68 92
173 156
54 51
26 133
157 8
191 135
170 96
58 112
5 15
153 182
147 21
112 150
119 23
181 17
2 117
27 138
164 105
180 116
55 67
23 120
25 147
113 5
67 56
42 141
108 91
194 58
191 72
3 158
19 113
195 165
129 79
189 17
189 3
55 107
67 5
24 183
169 6
163 105
87 1
173 48
133 193
193 182
132 174
74 164
58 129
77 111
79 73
112 188
5 46
137 152
104 61
36 52
31 28
3 85
174 187
125 61
42 5
32 154
109 57
163 180
100 16
102 188
53 56
25 109
77 181
161 38
74 59
189 155
68 83
30 18
159 5
63 181
26 118
167 136
147 41
198 5
37 2
147 181
71 25
14 126
135 35
186 52
163 129
148 147
25 157
31 57
168 65
11 57
93 90
144 150
146 85
110 11
132 36
124 140
125 165
47 61
132 3
53 134
178 75
89 127
4 178
179 183
60 97
104 115
192 24
52 12
173 117
180 186
71 196
133 35
32 149
160 47
154 38
37 11
25 187
200 125
161 65
54 101
26 107
161 21
199 85
123 22
93 164
86 22
23 58
165 87
74 183
82 45
62 56
54 96
178 117
180 157
11 196
149 150
9 150
17 185
120 164
129 24
179 123
146 28
72 137
121 22
88 111
74 188
7 29
199 27
97 197
32 6
92 72
139 38
101 115
178 11
173 138
89 164
172 145
32 199
170 20
151 36
136 49
14 144
133 179
92 33
173 64
129 90
135 188
195 70
58 93
187 1
196 118
187 79
150 183
179 109
14 55
104 21
116 185
180 158
194 107
146 164
75 123
156 48
96 45
50 83
96 91
187 130
14 32
59 21
42 144
180 36
60 112
135 157
31 91
92 187
133 169
192 142
78 84
32 21
64 115
2 164
11 15
53 65
92 112
144 30
92 39
13 179
28 97
182 85
114 155
120 44
86 84
31 182
50 101
23 129
144 38
42 155
163 80
116 127
122 58
70 182
118 6
31 51
62 79
135 145
147 146
125 70
189 29
21 84
71 177
166 41
17 196
154 122
92 109
140 171
124 157
140 27
96 73
99 65
61 107
79 52
13 60
139 111
133 51
145 94
131 12
89 161
124 82
157 120
119 45
17 22
61 111
119 177
43 105
126 183
42 161
128 94
47 18
101 64
26 90
112 142
173 196
23 195
160 50
139 152
132 66
165 183
120 143
50 33
100 80
148 51
171 6
116 46
169 88
191 185
67 175
192 11
50 103
10 5
9 171
166 11
48 49
66 83
193 138
9 158
131 28
10 55
64 70
142 138
66 169
16 197
119 191
126 6
133 72
72 88
9 55
23 145
4 88
165 21
14 194
136 92
181 67
110 118
124 91
194 172
191 196
137 21
131 44
159 6
124 120
13 38
147 88
119 90
160 162
167 25
83 192
179 16
123 182
149 59
63 126
179 103
62 59
47 6
178 70
37 178
157 149
102 152
65 134
90 84
187 41
121 130
145 97
165 182
153 93
199 146
55 80
103 52
67 188
93 182
92 149
72 184
190 184
55 164
132 20
31 59
144 152
115 18
159 107
173 157
3 76
10 147
23 18
184 85
195 188
169 182
172 95
66 192
91 84
86 99
187 146
136 164
117 22
7 154
173 140
122 197
35 84
69 101
187 20
75 161
102 141
8 118
175 96
137 196
124 190
13 188
135 162
177 184
151 122
95 176
9 183
81 130
163 87
167 56
83 198
188 44
136 160
54 164
160 82
71 11
114 49
86 141
37 41
190 95
29 150
3 99
37 150
32 91
107 1
31 99
51 196
83 53
121 93
80 90
35 115
168 104
42 157
196 141
43 5
83 91
187 90
43 21
89 165
167 141
161 143
8 24
27 165
77 79
143 175
124 131
173 195
122 85
183 1
132 195
98 122
144 84
128 192
170 193
116 72
60 164
133 195
146 171
177 48
187 3
54 62
97 15
122 97
145 152
60 57
71 40
173 42
53 161
123 24
109 196
68 24
174 32
188 183
40 105
29 52
195 147
155 51
175 79
53 101
121 66
123 175
101 65
101 165
26 65
161 24
166 103
47 9
199 123
102 29
13 66
7 185
14 44
9 25
184 1
148 185
120 188
93 38
135 2
192 48
180 80
71 15
166 26
98 188
180 125
77 89
179 72
62 90
116 183
61 182
54 35
192 108
3 5
65 48
10 169
113 141
177 150
72 18
119 43
81 33
69 74
53 183
172 49
3 155
191 149
172 22
9 65
188 22
160 6
97 171
99 85
58 73
171 30
83 122
199 33
71 97
60 52
2 94
132 161
26 57
54 192
11 158
186 48
157 56
161 64
35 114
166 29
145 110
96 85
173 79
130 44
200 8
181 196
110 96
34 91
128 88
128 33
163 197
105 20
47 112
121 189
172 197
85 24
95 5
92 49
124 19
95 129
189 11
128 115
151 30
114 186
36 106
98 74
2 188
157 138
11 97
4 44
156 103
184 118
89 141
32 56
58 74
179 114
169 73
8 41
181 198
128 178
55 24
69 5
3 149
119 31
170 124
86 6
103 41
145 51
120 158
140 2
65 110
156 3
162 94
74 105
7 178
8 30
64 97
146 38
113 39
141 21
68 97
156 41
198 190
5 127
32 35
27 84
179 165
75 114
37 70
190 127
168 59
136 112
191 81
7 46
175 49
177 99
151 79
98 131
168 47
147 120
40 137
78 197
165 105
32 193
89 17
170 159
155 115
19 36
166 75
191 186
180 83
125 189
69 145
64 91
116 117
10 141
172 76
60 8
128 113
17 90
192 56
97 79
165 84
37 165
161 149
11 91
133 25
9 175
188 21
83 145
19 56
6 24
10 183
178 66
191 156
11 118
61 46
14 177
78 130
199 197
130 6
68 137
93 158
63 4
89 88
55 18
199 5
75 181
165 49
143 109
58 97
170 100
177 154
159 190
34 72
177 106
61 12
190 109
29 51
4 64
61 19
23 70
156 123
75 125
147 46
132 24
120 185
80 186
188 118
163 175
186 64
130 95
9 100
109 94
102 134
151 176
133 162
180 104
129 150
56 150
31 56
167 191
157 169
79 138
61 84
9 66
66 38
103 73
186 183
102 42
129 52
23 29
177 182
186 96
100 36
53 87
78 82
151 162
71 184
64 21
108 30
102 101
185 150
191 153
119 36
80 11
43 14
133 29
61 188
41 33
148 95
37 13
200 12
65 169
140 5
35 103
92 159
92 152
157 16
55 48
195 117
51 142
167 121
174 147
173 78
125 6
119 179
77 15
35 147
154 137
42 61
195 11
171 52
101 73
135 58
121 12
189 41
150 182
55 77
61 155
102 89
42 146
13 97
199 176
29 58
110 183
142 85
170 48
80 74
188 138
123 153
16 91
101 131
126 192
168 159
160 158
179 186
160 106
106 105
139 51
135 76
104 70
32 28
178 16
151 83
145 36
116 144
193 82
81 65
40 16
173 149
37 154
78 16
124 106
169 127
125 5
43 132
25 11
97 118
162 152
94 18
5 24
60 118
108 45
125 46
81 58
163 149
77 153
166 86
192 182
199 87
32 30
5 1
133 182
113 139
180 103
72 73
181 33
150 12
23 130
177 199
124 85
107 118
174 75
60 22
87 39
195 141
146 150
71 6
128 173
146 188
140 57
14 28
188 39
63 138
177 153
177 18
136 73
54 121
136 91
164 182
141 115
55 76
179 95
166 156
167 44
68 82
156 192
89 19
83 199
103 33
94 88
19 134
110 5
191 97
190 155
78 61
80 106
26 181
136 67
189 186
146 46
173 92
3 70
170 45
37 193
23 47
152 18
146 22
172 8
74 113
62 22
49 44
119 27
132 18
130 79
63 53
17 20
106 41
9 193
26 36
189 185
172 196
180 34
31 10
53 48
105 1
32 40
118 44
86 149
126 27
23 84
40 144
80 76
40 94
168 41
32 107
89 87
54 24
92 28
156 102
9 53
187 178
48 141
123 56
166 98
164 184
96 38
86 138
117 164
118 134
128 30
120 91
47 126
163 3
17 150
192 107
14 3
114 12
75 65
23 63
174 46
191 144
17 52
135 176
22 18
199 65
25 72
154 21
170 109
25 110
156 165
86 17
81 198
132 65
42 59
88 24
16 88
96 41
132 42
81 175
9 10
175 97
60 121
101 97
57 88
27 97
147 106
69 184
172 107
104 110
122 64
63 57
195 158
102 62
173 8
193 94
62 139
75 157
92 162
187 2
169 20
145 6
151 127
35 182
19 184
155 24
123 161
117 131
37 87
71 41
92 30
170 151
192 164
34 44
47 15
4 161
83 40
161 111
160 153
99 41
102 147
170 138
25 60
196 20
102 138
74 72
199 2
140 76
16 6
63 21
122 88
142 196
50 3
136 186
66 85
126 94
69 79
120 134
99 127
124 95
161 95
128 130
71 42
151 61
10 154
117 130
32 124
37 96
162 91
102 175
119 137
156 76
10 65
151 20
87 150
156 131
177 157
26 58
155 20
50 87
114 65
32 1
102 165
23 138
190 6
89 184
35 156
119 12
181 150
25 172
11 188
200 94
148 5
28 150
98 21
36 97
190 183
50 62
163 28
174 130
28 108
100 89
42 38
93 97
112 39
104 51
67 192
108 5
155 49
77 33
147 27
191 38
122 164
4 165
166 84
93 155
130 90
109 91
13 55
187 188
193 134
100 97
173 165
54 17
125 134
161 70
149 24
25 138
7 105
29 89
133 188
194 93
99 107
71 54
80 104
192 33
139 24
157 45
81 46
149 196
122 41
147 116
166 130
2 130
10 79
121 56
164 84
176 91
54 87
156 159
25 101
47 3
198 145
107 111
172 82
60 40
165 169
123 108
58 48
167 115
23 170
177 114
154 91
105 82
4 67
19 20
163 157
67 28
159 171
46 183
34 115
101 93
133 96
125 171
4 113
121 146
159 145
62 18
114 79
168 178
192 49
17 24
6 12
116 122
43 129
25 64
53 143
112 62
89 57
44 88
157 85
32 164
58 171
75 172
190 85
131 33
141 85
10 20
56 15
124 155
178 96
25 144
179 39
117 143
14 189
35 196
76 46
109 30
40 165
77 130
54 105
34 53
3 21
10 190
82 73
42 39
110 142
112 183
63 163
31 85
72 94
2 41
67 158
133 120
48 118
135 21
149 90
64 149
83 139
7 25
199 192
151 58
42 131
199 142
167 36
135 45
195 66
31 60
60 153
200 152
154 171
37 94
187 161
176 18
34 99
9 31
135 152
66 175
172 141
156 106
193 115
151 186
186 149
29 19
74 24
198 188
2 181
66 112
156 73
37 88
166 53
101 27
165 107
168 61
194 146
17 88
124 67
74 110
29 38
163 132
10 29
163 100
35 153
136 107
65 108
86 12
111 18
131 30
162 196
55 70
148 21
32 50
86 11
180 50
93 175
153 39
37 120
29 110
23 179
83 15
160 66
69 105
143 129
199 94
178 36
27 56
128 144
194 162
172 15
107 49
133 1
68 113
164 129
103 76
173 50
86 171
23 34
80 118
119 145
132 48
37 97
177 59
148 175
80 27
93 41
191 79
179 141
163 50
136 51
98 171
2 134
102 3
17 96
147 74
23 28
76 73
29 181
116 106
25 171
94 138
80 111
37 112
176 46
120 90
81 8
94 176
113 175
148 40
161 58
114 88
110 38
77 5
191 36
122 171
144 111
116 29
187 155
150 33
58 164
192 185
83 87
80 184
119 34
173 69
25 39
32 65
10 40
190 18
200 60
144 65
47 81
200 59
136 141
50 90
60 161
54 106
133 153
120 74
192 52
114 46
124 175
157 74
131 6
25 188
200 26
95 33
172 134
104 186
154 190
132 130
42 94
169 152
50 150
55 182
67 45
169 118
167 66
132 53
43 189
58 88
169 197
60 116
167 84
128 198
152 30
29 87
25 67
145 105
163 143
37 64
43 32
67 73
25 88
180 175
75 147
164 6
51 91
81 196
56 142
187 124
119 49
128 17
179 138
121 87
120 46
26 185
200 181
11 105
170 126
31 49
140 137
146 82
187 67
25 46
19 185
156 175
88 45
7 60
98 57
132 125
173 67
191 70
64 88
168 39
107 87
194 197
46 12
143 8
71 63
60 12
167 118
47 117
58 114
106 115
176 111
181 127
26 157
186 8
81 165
100 144
123 114
137 22
173 20
139 21
35 21
60 85
125 95
133 95
186 88
198 51
200 18
109 39
27 73
78 116
66 34
9 51
179 145
28 142
71 99
123 150
198 143
178 90
47 29
38 82
144 41
131 164
55 61
80 162
200 6
116 130
32 61
126 93
184 38
128 16
83 97
27 59
191 145
189 115
71 94
43 34
72 76
177 143
179 171
72 144
100 2
151 22
184 150
107 64
61 15
95 15
124 34
173 58
8 52
109 176
143 49
26 37
4 77
148 105
48 5
172 96
159 181
187 56
118 57
136 44
174 73
128 93
71 194
7 136
7 190
35 70
78 107
155 85
35 155
156 125
69 24
52 84
151 106
27 45
154 126
77 65
116 142
74 19
7 152
197 73
117 76
148 199
81 118
77 12
174 70
43 99
42 80
13 62
35 158
3 61
53 123
102 51
181 91
131 107
69 175
36 141
181 12
9 45
175 184
98 190
99 175
37 44
166 198
195 108
54 132
142 134
164 141
68 131
110 158
146 84
131 97
79 46
26 67
160 25
135 120
54 161
86 87
114 21
4 198
78 97
53 97
70 33
25 50
99 105
123 158
26 150
39 88
152 141
77 146
83 56
47 105
69 48
160 134
162 115
43 41
123 169
178 169
78 191
125 169
92 191
41 15
19 51
163 169
186 62
63 3
9 30
83 81
48 33
184 21
7 112
191 141
172 182
168 103
164 18
175 57
126 30
172 147
55 189
81 30
188 85
11 30
23 108
150 20
19 155
2 93
37 92
54 32
187 105
53 69
181 106
94 118
93 33
122 131
13 103
168 127
199 79
81 19
92 70
57 6
26 95
166 24
109 76
26 168
113 108
111 45
74 130
114 104
28 87
132 12
32 67
75 198
54 133
35 198
65 96
47 190
31 11
147 165
154 162
69 165
128 116
133 73
54 70
137 30
4 179
43 134
32 44
162 110
121 169
78 129
55 153
193 51
81 137
116 161
23 135
176 44
164 41
26 189
95 24
37 104
147 131
189 94
154 144
83 146
25 197
14 143
151 51
120 57
72 5
177 81
186 76
157 129
128 75
145 21
195 5
139 105
166 162
68 169
78 72
105 45
50 41
143 48
32 143
131 73
191 115
31 118
191 182
102 114
167 148
37 175
78 13
60 123
32 113
120 97
90 88
140 19
42 69
137 175
177 165
68 51
102 110
60 80
136 125
95 44
172 186
123 137
167 78
146 175
199 105
148 41
199 66
17 91
119 188
13 3
112 70
194 97
167 60
164 118
59 152
121 94
178 60
92 104
181 69
68 22
136 198
128 92
50 154
123 33
140 82
37 196
132 46
58 5
165 184
19 12
166 140
78 34
119 100
121 5
147 65
163 147
101 8
75 176
50 12
63 198
156 139
102 90
173 141
199 127
148 62
192 17
135 27
55 117
19 115
54 127
28 33
151 143
80 52
66 95
162 44
103 99
170 110
42 196
181 109
164 91
113 52
170 95
143 51
25 198
121 113
163 186
147 155
166 71
173 61
152 6
149 21
167 8
14 30
178 111
131 24
29 21
122 21
83 41
87 8
77 51
53 59
160 55
195 120
100 104
10 199
22 46
133 27
128 123
193 33
59 18
189 130
48 188
199 61
25 159
127 45
82 91
142 1
146 3
48 46
161 30
170 89
179 46
26 76
27 24
192 127
60 89
23 67
145 176
86 161
64 139
109 118
3 17
100 83
162 1
36 91
180 107
54 184
56 51
181 22
151 18
133 135
8 197
92 51
10 96
177 19
101 161
58 44
139 164
112 192
35 165
161 144
186 171
19 62
191 90
152 105
155 176
132 68
29 106
191 20
100 24
92 178
22 44
63 22
124 145
68 189
72 56
58 111
29 30
184 158
80 87
133 92
186 39
69 56
16 183
198 131
125 107
104 149
99 110
63 156
160 135
168 157
98 44
55 82
153 91
54 185
104 105
4 27
112 22
200 96
23 45
103 27
166 170
68 88
17 38
147 57
27 164
23 42
167 151
164 85
98 72
121 106
119 161
35 188
140 8
51 1
9 120
89 85
65 18
11 183
151 139
100 108
95 1
74 39
7 54
170 183
195 106
167 139
123 44
181 165
64 175
98 146
35 88
168 196
14 161
34 164
167 110
123 16
147 61
88 82
172 162
170 92
166 107
166 199
177 196
5 96
163 65
126 131
133 77
61 175
197 41
34 176
35 12
125 106
14 158
25 35
172 189
167 48
178 155
116 12
128 112
70 44
66 144
146 24
174 138
180 57
54 50
109 6
39 158
55 155
42 11
36 62
96 33
7 66
176 88
141 134
42 121
86 182
23 87
198 21
68 66
179 62
179 99
166 108
172 3
129 134
190 153
68 73
58 79
95 106
54 65
16 188
142 24
47 59
59 79
99 183
167 177
26 99
40 95
143 39
169 158
139 182
36 12
97 21
102 97
121 185
124 164
128 27
103 109
68 59
104 197
157 21
54 21
54 84
71 176
68 72
154 197
122 115
14 192
130 57
77 138
194 16
136 46
43 108
172 158
89 150
167 194
106 18
7 126
43 91
161 11
160 75
197 111
151 140
133 129
135 189
3 112
187 112
128 34
43 135
125 97
61 21
180 139
4 187
188 129
156 130
135 69
144 109
10 52
81 93
40 115
171 15
160 70
4 159
47 144
126 5
131 142
108 158
25 83
43 141
199 19
41 45
101 182
174 162
69 150
148 39
4 120
151 155
13 104
61 110
112 129
140 62
69 183
131 64
63 81
139 94
137 111
187 114
168 136
102 61
176 85
168 50
95 22
64 52
9 8
194 126
124 49
180 66
162 175
149 134
146 129
100 157
136 195
86 181
6 183
193 28
123 192
188 96
149 84
186 164
1 134
72 188
126 162
144 8
96 88
41 134
38 106
60 62
178 120
126 109
63 175
136 81
81 106
191 195
157 140
65 197
3 24
54 145
138 18
143 188
35 138
114 18
77 28
65 94
112 185
41 127
78 20
48 79
140 176
167 85
29 171
148 15
189 33
167 93
100 67
37 121
156 120
43 104
16 12
52 183
100 95
153 18
99 182
180 6
178 59
47 77
123 11
92 143
50 65
19 196
159 118
40 183
198 130
81 186
26 42
40 3
175 142
100 114
167 80
157 137
55 169
95 6
59 70
190 38
163 94
116 150
60 107
195 3
98 97
120 85
51 85
77 19
172 17
83 29
107 138
68 190
53 106
71 110
85 30
58 11
98 73
83 106
13 185
68 116
185 90
77 44
113 188
178 74
68 53
184 20
124 195
66 16
54 111
120 39
25 91
88 52
118 85
78 105
116 49
56 57
27 72
125 199
131 8
17 188
27 39
101 113
83 138
23 12
31 52
181 53
185 106
4 82
126 11
23 148
165 134
188 30
117 197
137 56
40 24
189 137
23 167
168 70
189 45
143 36
100 188
4 42
200 138
100 87
32 72
179 84
35 189
34 82
100 148
178 104
186 30
156 144
61 109
194 175
163 44
71 1
75 186
75 53
86 104
139 127
137 6
83 80
68 29
87 30
31 189
161 82
89 110
168 186
172 198
67 11
19 139
146 139
83 196
190 106
133 144
86 188
55 51
173 10
116 141
135 98
199 72
94 91
137 192
4 2
160 186
55 65
144 106
119 154
104 171
177 115
146 169
26 158
41 18
167 33
34 142
191 10
154 123
120 112
145 196
86 145
32 146
81 107
112 20
100 110
178 79
125 129
161 52
23 151
70 22
140 20
25 58
161 94
67 171
172 33
145 115
34 40
54 190
49 96
2 39
191 17
37 38
155 8
62 15
189 64
47 28
34 193
94 70
119 163
195 93
194 30
126 152
188 158
170 27
199 1
160 180
157 72
160 76
26 103
47 46
50 108
121 98
71 57
161 27
119 14
198 104
55 197
2 70
34 52
189 176
186 17
162 142
43 45
72 20
6 111
193 40
190 134
194 24
159 169
89 137
197 22
168 72
115 88
77 97
170 180
163 144
79 150
35 79
176 127
31 53
99 64
171 12
172 140
89 73
5 57
58 99
39 18
36 176
102 154
143 138
173 60
191 93
175 94
195 140
121 116
78 53
86 122
10 161
103 183
128 121
71 96
4 59
126 90
141 52
117 33
50 84
113 96
144 20
128 22
153 12
40 89
148 61
166 177
190 57
155 15
60 144
70 57
200 115
98 64
151 152
104 94
174 164
7 31
14 118
37 33
169 96
145 41
148 143
163 103
128 143
55 99
184 18
133 105
26 140
130 24
47 191
92 3
3 117
129 106
136 157
72 64
54 73
43 192
167 82
167 65
133 122
66 49
200 62
65 188
55 86
189 107
34 84
179 121
175 105
101 56
168 158
132 197
103 113
69 108
161 155
100 138
70 73
136 74
83 110
43 150
11 20
122 192
195 85
78 183
100 171
120 8
149 46
193 90
185 91
31 34
175 30
200 130
106 141
190 16
93 105
186 56
128 59
37 21
119 102
104 41
89 39
43 116
69 142
145 56
5 150
189 87
10 143
143 87
25 183
148 181
4 172
180 35
179 44
181 122
174 11
109 182
37 78
194 109
16 85
191 162
197 57
143 158
128 170
92 153
164 38
163 137
178 55
26 193
31 186
68 32
172 73
65 49
122 93
5 134
166 122
19 65
32 192
54 59
128 100
194 22
47 149
121 118
140 161
65 41
29 56
83 11
119 103
64 90
174 80
163 182
31 67
167 196
53 122
131 17
81 109
157 182
77 157
199 144
200 137
44 84
76 141
66 189
180 197
199 116
195 58
49 39
123 5
110 106
102 105
145 16
34 192
190 152
2 169
146 79
103 82
198 27
131 106
89 139
41 91
70 91
192 79
156 108
7 121
178 45
190 48
26 4
194 137
94 127
66 99
121 131
7 115
3 137
133 98
92 50
154 17
161 176
97 44
190 137
179 150
199 36
5 84
83 149
47 41
51 18
68 193
160 189
15 106
13 93
63 11
167 15
26 69
31 93
143 84
47 35
133 107
163 1
92 56
93 127
109 1
188 176
132 6
156 188
37 156
193 49
178 49
146 70
77 27
179 90
147 52
36 82
9 76
177 192
67 127
166 16
106 12
159 16
173 188
19 44
23 106
120 21
133 58
144 107
173 194
49 45
50 82
23 123
174 178
199 150
94 106
125 101
77 82
64 155
177 15
195 177
151 131
67 15
19 49
95 188
63 141
112 155
35 123
174 60
104 38
114 17
132 8
162 73
193 64
47 153
191 8
139 30
166 178
113 11
86 1
77 112
173 111
53 107
75 89
169 90
157 15
71 52
179 158
98 46
13 102
200 48
60 142
135 126
19 79
155 46
14 92
157 70
3 130
51 76
72 153
196 18
154 134
146 61
156 38
84 24
25 104
187 157
172 183
137 57
117 182
89 94
4 73
27 137
40 127
162 96
170 57
172 38
167 99
179 87
35 118
83 44
140 143
31 150
154 125
26 171
9 112
20 45
25 140
197 45
187 83
145 161
119 158
117 106
42 106
116 65
4 157
170 173
2 12
74 48
193 5
69 153
9 108
92 40
136 1
124 110
14 102
155 188
9 129
132 187
131 22
60 24
47 82
55 158
64 15
100 165
19 17
195 164
140 146
94 182
42 117
199 48
135 5
14 113
107 108
153 22
133 113
147 109
54 14
3 52
103 3
48 88
81 51
5 106
128 132
69 152
189 150
102 131
157 99
159 102
67 105
7 77
42 105
168 57
34 21
168 117
198 8
35 95
154 189
163 70
154 29
74 139
92 61
145 44
103 84
123 17
27 149
157 86
41 88
25 95
180 198
87 62
101 67
148 55
95 96
181 76
80 36
152 127
194 44
78 127
121 89
32 99
68 6
181 1
98 18
186 113
27 114
43 88
135 16
151 89
135 180
13 19
37 198
17 134
92 83
63 182
77 117
181 38
114 162
194 57
54 171
177 145
160 159
178 56
135 175
10 177
40 158
37 12
123 94
135 53
100 140
198 153
65 44
28 84
28 20
13 178
2 106
112 141
14 69
133 56
83 69
165 76
167 112
147 164
119 53
116 198
126 127
87 149
154 30
54 147
170 21
94 6
71 34
35 60
178 65
113 110
51 5
70 51
42 164
161 41
31 78
9 40
60 2
6 138
195 154
29 45
146 99
122 105
9 146
35 149
92 84
114 150
48 1
132 103
128 161
92 108
158 1
186 115
101 126
194 141
119 144
27 144
128 56
80 169
31 177
54 180
120 88
193 110
145 96
187 137
89 152
125 99
191 164
137 18
157 176
168 29
175 183
124 103
108 8
14 10
180 72
39 197
69 111
119 184
25 189
114 176
153 164
78 186
90 24
48 59
140 79
130 22
92 29
193 196
175 8
40 8
143 96
154 39
80 181
78 118
103 122
35 94
7 53
179 112
116 101
32 69
131 196
168 125
98 52
68 49
120 87
154 22
117 87
31 195
103 5
180 131
154 88
69 84
177 95
140 84
191 75
176 6
86 16
95 70
133 123
53 114
78 10
37 115
11 22
166 114
168 187
37 31
145 101
187 89
168 28
3 36
50 188
21 1
16 141
175 6
191 117
43 82
32 102
80 139
166 135
13 87
81 62
172 123
66 15
75 106
18 85
23 80
119 153
109 185
147 77
10 195
54 99
19 186
167 24
124 87
9 21
26 8
78 139
120 108
101 57
200 194
113 183
160 81
103 193
120 169
109 70
195 41
98 143
90 85
60 152
80 40
37 86
83 169
160 161
7 75
177 121
135 104
86 48
13 69
189 1
74 76
48 134
49 141
7 22
23 5
167 73
174 91
77 182
95 158
167 12
103 16
95 171
92 46
162 141
4 39
92 97
34 116
133 48
151 70
80 38
163 151
130 186
55 29
194 5
37 50
56 12
189 126
32 95
77 140
180 87
128 186
34 97
153 158
192 46
130 158
53 190
19 46
127 20
172 12
2 1
166 68
160 72
83 109
141 39
128 177
34 94
113 90
172 72
170 104
163 152
177 5
159 197
174 6
92 188
23 175
172 81
135 144
135 50
47 158
187 116
147 157
12 45
140 134
131 56
140 58
195 56
75 165
35 172
162 38
200 183
71 158
191 122
37 123
126 58
60 145
130 99
99 115
176 142
7 170
157 171
100 85
36 105
35 134
194 96
60 59
96 127
37 36
99 52
177 159
192 155
32 139
7 21
2 149
15 138
34 27
186 192
35 39
162 118
174 52
194 95
186 152
102 91
66 158
146 12
31 32
177 161
194 130
184 41
76 152
136 113
154 64
102 181
71 113
199 97
43 143
163 2
166 155
4 110
190 186
70 129
167 182
128 141
3 152
4 97
34 39
71 61
195 55
83 36
198 16
194 106
166 6
53 89
135 91
173 107
195 64
17 155
181 192
34 143
23 113
61 108
35 91
143 88
83 90
155 52
93 52
152 84
171 141
195 51
180 65
42 46
16 149
186 49
166 22
23 56
10 176
174 98
42 171
194 29
69 115
43 144
74 108
78 124
119 32
119 117
69 70
29 134
178 10
162 82
200 17
58 109
80 59
75 139
195 198
61 48
9 96
174 144
81 145
31 55
143 57
5 20
200 171
189 157
148 67
80 140
146 90
141 18
133 42
89 108
7 138
124 137
163 187
181 108
121 52
83 58
26 3
148 153
117 115
124 158
128 156
98 19
128 3
77 6
136 159
16 57
172 93
99 49
44 134
78 152
4 154
27 111
191 159
198 65
159 93
124 105
147 110
151 98
58 12
31 134
62 95
13 182
136 145
174 109
10 76
191 107
28 1
72 6
92 55
189 171
53 93
74 85
111 115
25 165
14 41
128 77
200 105
117 184
13 82
66 162
100 116
69 93
150 105
3 153
9 159
100 59
70 106
191 55
194 101
13 50
178 151
132 149
166 189
77 142
17 59
43 90
54 110
179 5
27 46
98 39
66 198
191 126
153 143
33 24
126 28
69 19
37 32
192 110
77 48
2 80
170 2
64 150
70 79
119 111
155 21
117 44
55 38
162 158
126 57
43 186
125 88
60 46
55 1
77 114
23 75
112 131
59 188
5 52
193 22
174 167
132 168
161 19
188 20
159 35
9 95
69 64
199 98
116 93
186 175
157 17
116 91
165 45
69 149
119 175
43 149
118 73
120 95
54 108
189 81
2 98
86 24
128 5
195 172
71 55
119 47
25 123
159 103
93 96
47 58
36 175
7 141
77 197
9 42
10 157
131 16
174 154
121 193
28 22
154 36
31 143
48 142
128 29
82 85
89 183
173 177
135 190
4 126
136 151
50 138
77 122
10 112
21 182
155 169
104 5
102 16
50 58
172 131
62 183
156 110
47 51
19 96
178 41
89 45
55 127
100 181
101 153
47 125
191 181
99 91
148 137
26 123
178 145
104 97
69 94
31 19
116 149
23 85
71 121
68 36
119 107
107 91
34 184
146 64
26 117
26 154
69 137
189 5
147 190
108 150
43 151
159 196
14 51
72 79
48 97
122 74
77 8
173 24
104 84
67 39
68 11
168 181
50 10
163 148
60 33
116 140
80 18
37 58
47 45
64 79
72 62
163 108
170 162
49 142
165 152
26 46
92 88
187 131
63 149
173 143
170 84
177 109
177 27
10 6
178 8
67 41
159 41
89 11
23 21
124 121
174 163
121 186
177 96
26 83
131 162
139 33
160 51
112 158
155 90
128 195
50 193
120 111
69 88
99 118
68 181
55 131
143 104
167 21
50 144
125 45
100 90
151 115
23 181
89 111
132 85
145 131
193 141
80 57
150 6
168 111
74 131
116 6
34 70
170 49
32 16
180 95
58 82
9 136
29 182
54 136
7 181
95 46
128 46
190 182
9 2
58 165
102 116
42 76
83 114
60 93
28 6
153 197
148 183
135 106
13 154
23 8
125 143
189 149
163 161
31 14
101 146
11 115
167 3
192 95
75 20
90 44
101 184
188 111
63 193
168 27
159 155
9 88
37 187
100 11
132 94
4 5
165 93
67 90
43 169
128 48
126 99
163 167
122 61
7 156
77 98
14 8
164 150
194 188
132 9
19 94
189 36
72 183
37 146
61 36
78 93
58 175
146 183
146 153
166 4
173 53
60 189
97 105
64 94
165 94
165 155
108 15
19 5
132 115
67 88
178 25
179 169
39 38
37 176
74 138
195 17
94 197
48 197
47 16
31 5
122 108
100 175
37 60
162 20
119 186
43 115
167 144
2 85
175 111
157 197
71 44
167 51
13 176
157 12
168 185
25 142
54 135
71 108
104 19
100 103
14 129
68 141
180 110
7 81
43 191
17 36
141 111
49 197
137 62
138 158
101 58
178 62
163 113
168 76
182 12
115 46
26 139
54 57
61 88
14 97
198 57
69 144
132 15
89 52
9 184
119 141
156 84
117 118
11 94
133 191
155 150
146 134
199 145
103 87
9 64
119 89
185 6
99 176
50 59
72 176
110 164
35 124
115 84
26 49
200 102
98 48
68 67
180 15
95 115
190 138
130 87
129 88
199 110
32 175
132 140
119 167
78 83
196 134
171 196
140 149
177 39
132 33
92 190
92 57
121 48
133 103
32 90
100 40
172 66
154 146
125 130
50 15
43 162
17 175
10 66
173 55
53 85
75 18
168 139
34 38
55 2
112 111
157 130
114 141
173 186
13 45
135 44
27 110
23 68
200 46
68 175
10 180
189 146
74 134
197 96
69 45
181 30
78 123
150 85
35 17
117 104
175 134
72 152
7 182
77 22
36 38
170 127
4 94
77 52
34 15
28 51
34 87
32 106
19 82
168 195
74 184
191 102
151 101
37 18
178 50
61 30
183 85
38 33
105 6
3 84
31 181
173 89
143 22
178 73
10 45
178 94
174 89
37 57
29 143
122 184
182 134
148 82
63 49
50 116
72 19
26 81
4 74
191 62
93 152
200 178
9 67
185 18
181 5
167 146
107 196
26 173
170 1
178 193
58 145
170 114
110 129
36 22
74 176
140 6
4 152
119 3
75 94
187 107
58 21
162 139
195 27
63 140
179 188
14 35
4 6
135 97
178 84
152 1
116 90
136 62
126 38
70 18
200 166
190 67
2 139
151 88
78 122
110 115
80 67
187 60
28 127
172 6
100 131
25 149
184 82
59 138
166 197
62 39
81 56
99 149
172 149
22 105
126 79
114 73
173 94
169 12
40 142
148 102
27 104
149 182
185 11
152 73
48 150
37 185
69 44
76 30
58 49
57 84
177 90
4 156
159 74
136 83
11 84
86 105
78 8
31 121
114 8
118 21
80 131
35 66
141 183
93 110
71 86
69 67
34 169
92 98
128 69
122 76
174 197
161 188
171 33
189 70
157 175
10 93
131 176
194 46
35 82
78 27
122 141
78 12
96 138
3 20
198 48
86 46
112 176
4 144
23 88
10 59
53 112
54 30
148 73
124 69
195 82
68 100
193 149
71 107
155 22
43 66
10 193
101 105
200 187
123 142
128 185
162 129
181 138
162 171
123 183
174 131
116 109
151 91
177 97
109 73
140 152
69 36
42 88
97 84
119 142
99 11
37 138
129 15
93 84
104 176
130 175
43 154
114 109
156 42
4 16
93 95
71 132
59 183
78 155
16 105
172 1
135 192
133 189
151 198
114 5
156 36
170 46
81 169
112 134
95 94
131 186
123 95
194 151
3 72
99 144
68 186
166 30
76 57
17 18
104 88
55 161
127 18
178 199
75 150
91 115
2 153
132 35
110 18
199 104
53 184
96 52
146 112
166 17
31 126
131 108
103 38
98 108
129 118
3 41
109 155
29 49
42 181
124 147
193 76
146 196
102 158
119 151
65 45
175 185
153 94
159 27
88 84
103 30
163 115
72 48
16 30
60 18
133 21
63 122
147 199
98 87
133 30
143 184
2 198
41 21
100 99
71 7
181 186
140 3
132 81
37 72
140 17
97 20
102 69
140 94
58 19
71 123
86 44
47 108
136 31
156 189
114 183
22 111
171 1
104 20
50 114
168 93
55 154
10 106
189 114
153 65
68 44
160 65
187 182
120 27
43 114
81 112
189 79
174 2
95 12
123 52
137 139
167 2
89 176
37 79
187 110
179 49
161 12
154 69
135 182
116 18
67 131
113 111
104 106
195 57
63 91
50 153
59 110
10 153
63 35
145 15
26 48
172 85
28 91
114 57
40 162
82 57
162 12
78 29
187 48
47 91
98 107
147 184
133 117
81 155
77 70
198 146
136 170
174 142
167 83
41 1
89 162
72 106
14 42
112 152
89 30
63 188
31 18
35 137
159 40
23 59
189 143
55 130
163 194
185 85
179 19
26 115
126 111
178 72
26 134
99 139
140 46
13 186
54 55
54 46
149 152
107 127
103 142
126 184
102 109
149 97
98 65
121 46
163 120
68 154
68 107
13 83
148 182
14 121
4 111
14 111
121 196
126 186
157 150
32 162
110 52
54 154
109 129
175 82
100 199
74 46
113 95
97 82
116 138
163 155
151 84
173 115
89 142
75 36
156 17
9 73
28 8
157 87
31 114
169 41
32 121
143 70
87 45
109 22
47 30
174 116
192 169
81 142
23 22
19 158
107 175
113 15
131 79
39 24
167 152
157 112
68 3
43 98
128 38
22 73
114 76
60 16
161 40
179 70
180 114
144 45
156 137
93 18
42 45
174 179
146 88
94 79
101 155
163 95
137 142
68 177
77 110
9 182
160 93
95 49
196 44
151 28
149 41
80 127
200 97
48 76
99 97
160 87
119 190
75 29
163 158
14 33
75 28
39 142
59 30
107 79
119 114
37 134
37 27
176 52
13 76
128 197
78 104
117 152
174 143
58 188
67 76
151 87
19 175
91 158
191 116
87 90
58 115
156 115
77 91
122 188
156 57
26 24
156 16
185 115
170 111
172 139
176 1
68 176
86 127
28 17
156 67
93 108
121 88
126 44
83 186
194 183
15 33
14 169
103 158
179 59
170 4
47 193
43 58
100 180
63 183
107 129
176 90
120 198
173 110
40 48
40 1
187 181
93 87
29 158
174 86
119 118
50 76
68 112
95 45
153 41
160 147
160 38
153 70
200 53
120 30
55 111
194 80
69 17
96 12
102 81
7 5
187 175
132 172
93 141
189 76
181 137
100 115
181 52
130 65
141 138
136 85
181 110
181 79
10 139
170 150
173 88
32 79
107 115
28 188
31 81
92 66
169 22
199 188
153 175
34 83
159 8
149 82
170 75
90 158
178 110
168 140
89 107
53 36
173 87
187 28
22 1
8 196
125 137
166 79
98 183
83 51
14 191
164 197
163 127
63 18
25 186
43 180
14 60
112 17
78 58
123 190
43 161
102 27
110 138
44 85
60 169
4 91
120 115
54 89
163 114
168 134
96 30
99 93
50 118
23 10
9 124
14 172
31 110
151 65
177 84
54 2
3 22
100 10
79 90
43 128
116 165
26 127
169 49
28 164
122 96
191 65
29 40
194 98
128 80
68 160
155 152
31 151
166 195
65 176
63 106
161 93
194 181
163 118
107 97
159 165
7 47
166 2
69 40
120 89
47 122
70 127
187 81
23 16
77 103
130 111
116 186
129 141
154 165
130 108
147 49
123 62
94 12
168 32
54 134
126 113
69 164
92 138
169 149
83 134
108 49
166 175
63 103
125 11
198 62
173 193
101 11
120 197
37 114
49 21
100 30
194 89
100 35
117 1
178 34
193 41
74 91
133 74
68 96
160 74
110 84
41 90
4 183
144 112
54 44
130 64
77 162
112 65
26 161
178 108
83 28
146 21
119 138
198 137
25 105
131 46
122 182
130 72
130 1
186 57
63 148
174 161
32 156
122 8
72 21
47 155
86 73
72 111
148 186
13 135
124 81
50 117
66 12
162 188
86 196
68 46
35 83
191 84
34 22
168 144
63 111
54 48
13 142
175 45
124 111
166 80
102 123
154 113
173 182
148 159
122 155
81 41
139 70
42 6
159 140
116 162
54 86
31 3
89 74
68 19
135 147
102 182
61 165
35 126
43 89
93 196
172 39
193 21
132 191
100 34
114 137
3 64
4 37
119 55
173 12
77 185
170 10
121 142
187 120
179 175
195 86
133 109
4 189
145 184
121 72
29 28
200 37
196 15
170 85
139 82
29 196
91 111
179 189
100 32
194 99
65 15
64 18
200 153
58 36
13 101
144 87
180 44
179 89
104 57
100 126
117 137
195 152
186 134
187 149
168 163
4 31
80 149
39 30
2 27
9 48
193 89
189 2
186 24
157 88
197 18
190 65
27 1
100 58
194 104
161 127
126 61
125 162
170 143
3 107
75 74
104 79
47 176
58 22
55 50
99 137
107 52
175 41
17 44
56 85
89 36
26 153
26 132
68 114
103 143
121 90
6 134
149 73
7 167
140 93
86 176
26 64
121 154
138 134
103 171
52 91
19 73
179 36
4 55
64 36
43 24
186 105
53 72
71 22
72 1
117 139
136 156
9 198
137 188
94 158
198 197
2 65
176 30
167 187
60 194
50 74
89 64
53 104
119 28
10 58
166 23
75 171
143 64
159 30
96 182
62 33
190 58
171 21
192 94
67 46
144 15
34 61
198 67
37 61
95 139
83 82
14 79
68 91
150 111
49 90
121 111
190 17
94 183
29 41
16 19
92 117
117 28
159 22
35 176
9 135
99 24
74 51
54 104
5 141
47 80
80 176
121 44
135 150
200 9
61 94
110 141
173 29
156 162
133 34
140 28
28 105
114 64
125 108
7 93
55 199
189 122
29 46
9 83
173 57
174 16
111 183
63 171
63 84
133 49
28 106
166 73
104 90
154 46
42 99
196 12
40 138
23 2
68 104
95 11
34 153
66 96
103 126
7 55
53 131
175 51
32 86
168 48
109 188
71 16
102 40
80 142
37 15
53 49
168 183
153 8
76 91
151 171
148 96
130 197
76 52
47 75
98 101
58 137
9 80
153 144
140 186
14 21
63 104
120 199
194 33
107 20
25 195
34 109
55 113
129 184
89 122
123 105
47 161
43 20
195 28
14 139
112 97
87 106
124 40
162 176
200 116
82 138
156 161
177 144
165 22
132 4
37 162
86 39
136 14
178 35
128 25
118 115
194 62
147 143
132 198
59 82
21 30
43 1
114 115
140 61
53 11
136 6
99 197
80 185
147 112
149 38
189 184
100 127
63 125
123 188
54 27
4 135
180 81
128 139
4 148
136 45
3 59
87 197
143 111
9 153
2 82
167 181
171 115
67 59
35 93
168 12
180 137
132 196
192 36
156 89
125 81
124 196
61 38
179 153
194 94
189 198
34 46
141 91
42 40
35 15
9 187
151 93
187 78
180 150
163 141
71 117
36 115
9 156
92 106
124 17
42 103
181 28
131 11
61 134
144 57
133 66
71 164
42 34
4 181
35 186
147 176
31 33
4 186
43 179
83 38
63 79
3 144
194 125
29 111
14 61
108 18
47 21
55 165
188 24
149 18
173 197
35 42
47 138
78 88
190 89
35 34
131 38
66 27
132 173
10 105
77 165
35 111
160 171
55 147
143 24
71 144
62 188
159 84
147 126
200 158
110 21
31 76
87 105
151 2
2 143
98 36
10 149
189 110
37 103
25 51
12 1
146 5
80 130
157 58
26 192
59 46
128 45
165 96
69 57
176 115
34 110
187 18
185 142
137 184
8 22
109 96
190 79
78 45
60 149
71 186
180 161
25 134
143 82
58 18
157 145
100 27
122 57
146 114
53 149
36 182
99 96
43 30
187 190
136 99
133 81
60 20
141 88
37 124
186 90
55 12
193 137
37 24
93 192
37 159
65 1
172 61
88 73
200 39
193 97
173 137
98 106
165 137
119 13
170 132
121 192
199 74
133 52
123 3
36 171
50 172
194 118
165 16
55 151
104 33
4 34
168 52
159 58
86 93
103 64
199 17
125 118
170 116
133 130
156 197
113 91
170 80
80 197
2 107
118 182
128 189
47 70
92 156
29 64
60 76
161 108
92 25
10 197
87 96
188 171
39 134
51 138
107 150
78 189
101 142
81 15
92 16
54 36
63 110
167 37
125 85
121 59
100 48
193 140
173 161
71 150
163 196
14 34
154 183
133 158
129 96
114 171
74 57
9 75
26 187
100 190
102 46
31 162
27 192
77 29
32 42
80 12
136 53
98 144
42 182
89 138
127 88
180 86
191 112
2 51
133 164
125 151
137 129
118 127
135 107
43 100
60 147
151 66
112 186
148 177
156 107
31 69
192 96
200 161
124 2
200 101
133 93
43 4
135 112
68 143
133 114
83 126
101 108
165 12
168 184
40 197
80 61
93 45
104 107
71 152
59 164
2 49
166 190
126 142
83 105
14 190
51 33
156 147
71 88
163 177
148 101
43 195
53 17
119 94
65 46
102 118
128 135
36 73
56 141
111 12
27 90
183 20
38 127
180 12
70 152
102 129
100 194
70 39
110 197
160 45
195 76
42 66
119 17
78 108
60 51
53 127
135 154
130 149
83 141
194 27
43 167
14 199
78 40
194 144
120 3
79 44
170 12
28 85
96 196
75 197
189 165
43 10
55 22
136 108
25 173
34 86
191 40
16 118
83 64
170 59
31 39
119 164
43 42
166 181
189 44
170 35
66 87
71 82
92 111
23 99
143 44
78 126
9 179
63 143
76 88
71 122
42 109
71 174
71 53
23 90
172 62
47 116
156 39
103 46
112 16
66 182
54 56
162 59
63 173
79 142
155 183
42 28
162 109
197 33
160 83
63 94
167 140
13 198
191 158
161 109
87 141
64 183
117 183
131 65
25 120
166 54
78 181
103 141
11 44
114 108
173 45
68 55
125 29
122 38
10 134
124 144
122 161
71 169
60 1
102 190
118 38
110 30
15 45
102 20
4 188
122 183
32 5
147 134
142 115
200 146
48 90
161 44
151 144
133 192
2 158
23 55
168 91
32 104
59 24
27 41
23 136
194 61
144 192
109 142
70 90
93 113
200 196
102 17
4 95
40 76
13 25
199 76
58 152
179 106
67 109
34 85
67 155
139 106
133 89
200 64
126 88
103 161
157 81
125 39
78 22
72 169
191 190
31 46
10 62
185 82
41 105
81 87
166 118
71 4
100 6
167 55
79 118
68 78
68 76
168 137
81 52
151 103
51 197
7 192
75 83
200 42
163 171
133 131
185 111
61 51
83 104
121 107
26 182
58 131
95 51
136 173
47 62
82 134
149 51
200 167
146 45
27 142
71 75
170 134
47 36
125 59
62 150
119 140
175 197
51 82
106 30
146 118
42 64
99 38
172 129
77 72
128 8
123 18
83 61
22 15
128 20
174 57
16 39
168 90
47 95
53 8
102 60
173 184
4 80
75 57
124 48
163 79
7 133
121 137
47 24
48 129
53 90
136 57
27 96
167 98
148 48
174 13
145 143
133 57
140 101
86 15
39 33
71 60
198 196
80 188
124 150
101 106
26 40
170 160
171 105
126 95
180 76
146 8
187 126
148 149
8 106
26 66
173 70
170 149
159 10
160 12
191 172
185 22
126 19
173 152
194 32
160 198
178 141
119 39
14 15
164 15
196 30
107 184
62 24
178 42
4 131
189 22
98 1
56 182
70 111
69 109
116 40
147 59
47 102
134 45
55 120
187 21
187 113
200 41
78 85
92 99
98 152
26 50
165 110
179 117
26 136
125 58
168 188
28 5
191 3
155 108
125 113
163 45
132 44
166 49
191 120
106 57
178 86
193 19
31 66
13 162
163 20
2 138
141 20
155 96
124 186
136 58
29 24
128 110
23 173
200 19
95 20
168 165
184 182
163 102
83 123
32 80
170 158
174 76
101 39
168 108
174 12
180 99
187 106
191 61
13 100
75 195
104 137
43 184
112 33
144 171
75 93
112 184
36 5
147 28
167 101
157 18
87 171
58 107
122 16
119 97
151 38
14 6
187 150
140 184
160 29
200 45
63 170
167 157
53 27
141 22
111 158
172 16
81 105
71 92
167 29
26 33
79 39
135 52
19 22
128 151
27 76
2 123
159 151
128 126
48 169
160 98
77 184
160 114
151 181
187 102
179 91
8 188
86 64
92 194
101 158
174 100
81 134
63 69
108 51
140 169
147 73
55 143
141 90
119 180
116 171
89 96
83 125
29 190
10 61
117 40
42 116
70 134
14 56
31 86
194 157
78 11
98 162
193 93
170 198
160 156
98 141
47 199
128 19
100 55
26 25
23 189
100 8
68 102
184 84
156 172
147 84
40 111
86 21
84 45
92 144
5 158
167 188
80 20
104 1
49 106
109 49
75 87
157 49
118 90
161 36
32 169
83 115
38 134
161 126
117 38
13 52
178 135
104 185
42 189
79 91
168 78
20 18
137 186
142 105
121 123
199 107
174 129
163 130
141 12
144 158
9 59
37 130
199 181
23 25
126 112
140 107
3 6
107 106
19 176
193 29
28 21
200 22
146 33
146 39
135 198
198 175
64 110
78 144
176 8
13 40
190 185
174 87
187 6
192 105
49 73
86 116
72 150
174 35
4 32
195 36
92 193
66 127
124 127
75 100
86 118
200 15
49 196
149 52
43 86
59 15
195 190
87 108
81 85
136 78
195 87
110 90
126 153
71 33
159 72
80 97
146 15
163 109
174 188
181 115
159 19
9 17
199 80
132 156
103 108
52 134
100 189
148 171
40 74
95 38
17 76
170 55
43 112
12 134
70 45
17 113
60 29
135 49
185 184
31 193
133 112
7 175
11 49
128 86
57 1
83 113
128 140
60 151
187 180
53 113
26 85
177 79
140 12
66 17
34 130
148 8
60 65
32 118
190 115
34 122
199 130
181 36
35 1
76 8
166 65
136 37
168 89
47 93
132 116
151 29
23 171
69 65
133 121
168 17
3 90
56 73
10 95
140 11
139 142
126 175
9 92
124 12
166 62
136 197
23 32
170 31
128 188
153 196
162 113
161 48
136 189
180 171
163 77
76 15
60 195
135 20
37 98
129 73
23 152
86 106
56 134
47 174
128 23
199 185
120 58
195 105
77 189
57 183
81 48
23 65
178 1
171 118
176 21
199 58
140 141
166 131
97 142
37 76
86 185
31 94
75 92
194 190
13 105
154 28
145 107
8 129
123 122
174 135
64 76
77 129
187 129
197 118
50 18
154 175
54 22
135 46
3 138
63 124
60 49
180 18
78 60
119 64
60 117
71 198
200 113
96 150
119 9
71 131
148 87
10 8
179 73
114 11
86 113
118 24
180 138
87 152
29 17
178 179
68 195
30 158
26 14
108 110
12 158
122 73
167 129
185 183
179 193
93 76
170 187
117 176
135 142
194 153
42 184
97 49
193 126
63 194
77 49
126 74
48 94
63 5
178 114
13 145
124 52
92 73
86 111
105 88
180 134
128 12
17 107
153 162
69 16
58 104
43 174
3 109
65 171
148 142
78 169
9 117
190 56
160 140
26 106
133 147
181 84
78 24
123 143
144 183
97 5
71 106
