InstanceID
10_50_4
NumObjects
50
NumFactors
4
Weights
11.258244478647295
36.83140665808429
34.44540231363058
5.664544616214151
12.078054506961555
17.95740766710132
38.18127440852261
81.51038332483567
24.22083248151139
81.977797040088
66.99313951612163
45.305833195233156
84.40074795625907
67.91898821149229
72.52498905219804
92.36760031564317
6.609803322813423
99.91722180201815
17.165450700728414
42.041790666399194
55.66843807053139
59.617232065521165
38.40322060393761
92.33537554310114
49.733458424371754
42.956952617328724
10.96774963723961
25.028696593916912
32.84748285699865
57.57885375537537
22.138257303890896
12.07727535430525
6.725577975637154
74.41065984020987
96.59259339892641
45.27235552599513
72.66609550797803
43.56265730049975
28.245934297893193
17.454721125516315
12.400141192619053
41.72454313246157
50.67939131055341
68.21669275355933
90.70291829602542
52.760450270399
49.58987286461851
47.716480493760784
40.32786219276541
33.78928354851263
Budget
1155.7810680444763
Profits
-2.251648895729459
-7.366281331616858
-6.889080462726116
-1.1329089232428302
-2.415610901392311
-3.5914815334202643
-7.636254881704522
-16.302076664967135
-4.844166496302278
-16.3955594080176
-13.398627903224327
-9.06116663904663
-16.880149591251815
-13.583797642298459
-14.504997810439608
-18.473520063128635
-1.3219606645626847
-19.98344436040363
-3.4330901401456826
-8.408358133279838
-11.133687614106277
-11.923446413104234
-7.680644120787522
-18.46707510862023
-9.94669168487435
-8.591390523465744
-2.193549927447922
-5.005739318783382
-6.56949657139973
-11.515770751075074
-4.427651460778179
-2.41545507086105
-1.3451155951274307
-14.882131968041975
-19.31851867978528
-9.054471105199026
-14.533219101595606
-8.71253146009995
-5.649186859578639
-3.490944225103263
-2.4800282385238104
-8.344908626492314
-10.135878262110683
-13.643338550711865
-18.140583659205085
-10.5520900540798
-9.917974572923702
-9.543296098752156
-8.065572438553081
-6.7578567097025255
FactorLoading
-0.05877999184701399	-0.06966288940811549	-0.5247973769796244	-0.34675974176524615
-0.24099979788284687	0.5171368154525302	-0.023850459735002216	-0.2180129269296207
-0.22984064461441944	0.24635177556578314	-0.48821037970878267	0.03559720011101475
0.34015923221932853	-0.3676951313060628	0.10657221474840073	0.18557342172620794
0.011227799179722942	0.17245392125681192	-0.22274223384244696	-0.5935760457210182
0.3933896116001645	0.31337698548869763	0.25571414491938516	-0.03751925799175271
0.11427982847623386	-0.005513976016286337	-0.7483711854234394	0.13183501008404042
-0.3015670923318021	-0.42801008958034714	-0.08005613647547549	0.19036668161237524
-0.4686848136124613	0.2927109963325707	-0.20319953725273998	0.03540465280222804
-0.010902936389360907	0.5384032079992569	-0.22776994003010653	0.22292391558127567
0.10082871034064089	0.435430910174182	0.04139162673158325	0.42234875275359385
-0.5791898052069402	-0.15259485483194202	0.04948816452204219	-0.2187271754390756
-0.10118334925049899	-0.02382271557370763	0.28496987085061853	-0.5900240643251748
-0.3395282540625957	-0.03300727304954876	-0.4919034370810398	-0.13556103580681578
-0.2503408744688469	-0.15104989735144314	-0.014375168950980566	0.5842340592287294
0.27395735558532053	0.08705895341219305	0.13603306216440303	0.5029506288380834
0.5530279117934909	-0.10446887032458463	0.005731809251553477	0.336771408630371
0.31010712352589387	0.17428816085833598	0.2468759315494835	-0.26872878406628664
-0.31154045433089306	0.10459944326540827	0.10787919745256702	0.47598090495113166
0.008147854913458152	0.3673987881080305	-0.007508196292921765	-0.6169451606855896
0.07748101037763622	0.09932025106735987	0.15206734593251947	0.6711313926224844
-0.5546224502133075	-0.17983780735016275	-0.23365498139508412	0.031884761041445664
0.4424314263603226	0.055758138329197626	0.24053356650910573	-0.261276868801374
-0.23621174607866147	0.03454060274668724	0.5888559112376293	0.14039173993702203
0.50514920631001	-0.3815954896095326	-0.08697500039239348	-0.02628030368806389
0.03832194372381492	-0.10237223466197953	0.3358491373215058	0.5234566842926998
0.26507658032273174	0.4244809064316455	-0.11355124941777106	0.19689126382785171
-0.18086485995467605	0.3114824643958123	0.41251077261252633	-0.09514190303698533
-0.21270988005921931	-0.23464237808880029	-0.5283527130268768	0.024295028825103593
0.3435398148698705	0.046755009630078614	0.24542060048686487	-0.364284575013186
0.06154532486499287	0.4985327823591448	-0.0956066225600769	-0.34431527021578545
-0.16105071441237362	-0.16486000312065574	0.4476185587920578	0.22647072367491283
0.19833708097024272	0.35893295313187656	-0.4132923276318583	-0.029437638266022415
0.11719455091210151	0.18512205863562947	0.2993812328991692	0.39830215755309983
-0.08056440109720442	0.2349054293641446	0.124511451845567	0.560018717693084
-0.29149851070496147	-0.13114835202410124	-0.40570951675212696	-0.17164362051881032
-0.02698383872518728	0.12039918077290634	0.4086250700496954	-0.443991910452211
0.14081156538070694	0.2727286143051977	-0.03749831227025324	-0.5489615080438421
-0.0663244702392436	-0.03977471553804013	-0.17379174708615275	0.7201090671365635
-0.11623123775124955	-0.5668750629224855	0.07263021416973015	0.24426348515653484
0.5319520536821511	0.3407047926595259	-0.009298215788358988	0.11804493786996395
0.3239202830182384	-0.25363321462634314	-0.21238482909169676	0.21006167326372172
0.6109320786156214	-0.006396790366996585	-0.10327867090238163	0.2793924601150004
-0.46656522125857003	0.19141543521040627	-0.09290508717446255	-0.24911425635656115
-0.2608490959881187	-0.2888648416349693	-0.09103403100643037	-0.3592520313704817
-0.6131431990916203	0.23913737543213598	-0.06922927738665785	0.07849014808958588
-0.006836377825554685	0.4832721561176241	0.16810813064885832	-0.3417833354079629
0.38824164204012024	-0.17026818322227277	0.40367648930767075	-0.03781368542993624
-0.6120351817772673	0.28915045136530515	0.0698367235369417	-0.028977643320485802
-0.4371757393672493	0.26481840908579857	-0.16032983460187378	-0.13767601694507836
Conflicts
35 39
26 8
25 35
26 1
35 46
46 24
19 22
27 8
29 48
17 15
16 5
13 5
13 27
16 44
9 10
6 33
10 30
9 17
7 50
50 45
42 1
50 27
47 10
40 30
26 10
8 6
37 22
40 44
4 21
28 1
42 16
7 20
41 38
4 20
25 21
19 5
43 14
12 24
22 24
43 49
10 17
7 49
35 1
41 33
41 20
9 33
13 19
17 33
32 20
26 11
50 3
19 36
40 6
11 30
3 22
23 46
35 21
29 44
6 1
4 39
47 1
23 42
25 10
26 34
8 33
3 33
38 45
11 5
4 34
8 5
44 12
49 30
19 39
14 39
11 20
42 12
9 11
37 40
34 45
2 40
29 27
27 18
14 24
43 5
47 8
32 15
34 1
48 11
12 30
43 32
17 6
47 11
26 16
4 37
5 20
48 24
27 22
7 12
36 6
23 8
40 41
32 10
35 18
43 4
26 21
10 34
12 18
32 38
2 36
47 13
14 22
19 30
43 19
40 1
25 39
32 30
37 30
44 24
3 49
16 49
35 24
37 5
28 44
35 32
37 48
9 3
2 5
5 38
11 1
41 18
13 48
43 13
22 18
26 32
17 22
32 17
19 20
48 30
49 24
31 30
25 46
21 1
18 20
3 11
32 1
9 5
16 39
31 21
36 15
39 44
11 44
17 45
40 36
7 36
32 39
5 33
29 15
45 18
37 12
23 9
24 18
47 46
10 12
23 25
4 17
1 30
21 46
2 15
2 46
27 20
11 22
43 31
26 2
40 20
35 17
25 20
16 22
11 21
39 33
4 33
25 28
10 18
39 24
47 40
7 30
9 42
14 28
47 24
19 49
28 49
7 43
50 16
47 5
16 38
50 36
13 18
36 46
27 11
25 30
38 24
7 39
50 17
48 49
19 33
41 12
38 15
48 15
11 24
35 38
43 1
27 5
38 44
8 21
37 18
48 44
14 11
49 46
43 18
7 37
33 24
14 35
2 20
14 16
9 12
21 18
31 1
34 5
3 21
44 18
10 8
3 38
10 22
25 8
11 45
50 24
40 24
23 44
35 11
34 19
8 15
3 19
43 37
23 34
2 29
8 30
5 1
31 39
25 5
31 46
20 24
31 50
23 6
15 21
4 2
2 49
47 12
26 44
5 22
32 42
4 48
50 18
7 18
27 49
32 21
26 47
29 19
10 11
8 44
3 27
40 39
33 30
19 8
48 5
48 1
9 27
35 6
19 18
14 42
39 1
22 46
8 46
32 41
41 1
7 42
17 18
37 31
34 18
26 3
27 24
43 9
47 28
28 19
35 33
35 48
31 16
31 34
25 50
10 24
15 18
38 33
4 3
39 18
13 17
14 50
42 33
23 19
14 25
19 1
5 18
49 6
22 20
10 15
48 17
29 24
15 1
49 1
5 15
42 20
50 11
31 29
29 5
10 39
9 49
49 20
31 19
40 19
50 19
25 38
37 11
13 16
34 40
50 40
27 36
26 28
17 21
34 44
13 46
46 30
40 18
32 5
34 11
22 44
46 18
34 16
42 39
16 11
21 33
32 46
47 50
32 6
7 44
13 24
36 22
40 15
13 44
31 3
3 45
6 18
8 45
7 32
31 35
31 27
43 50
37 8
23 26
47 34
26 48
26 20
31 32
35 30
32 44
16 24
32 3
50 30
19 38
34 15
11 41
50 42
23 18
26 39
21 39
5 21
35 20
21 12
17 1
42 30
17 49
38 46
48 38
2 30
47 31
27 46
31 49
48 45
43 48
32 49
14 48
4 40
4 22
19 45
7 31
36 44
43 3
14 34
21 24
13 38
32 24
17 8
28 45
14 33
8 20
42 44
4 35
17 11
45 20
35 15
14 27
32 40
7 35
10 42
13 32
28 15
37 41
47 9
14 2
32 12
50 12
25 3
14 38
36 33
37 39
45 24
37 27
13 49
42 24
13 40
29 1
15 30
19 11
49 45
4 12
28 36
2 44
47 32
49 5
4 6
10 21
4 38
15 22
3 20
34 41
50 22
10 46
7 45
13 45
35 41
3 44
19 16
4 41
43 36
27 44
47 49
31 41
11 49
49 33
16 45
43 17
29 46
27 39
5 12
16 20
7 13
46 1
49 12
2 19
23 47
36 5
3 15
47 33
34 20
13 28
1 24
25 41
43 41
43 42
7 17
10 27
31 38
13 42
2 33
18 1
50 28
13 1
9 21
44 20
23 13
4 44
29 16
31 45
27 48
35 42
39 20
14 49
40 48
25 13
7 47
17 30
27 1
31 11
26 5
42 36
26 24
28 38
14 8
31 40
34 21
26 36
42 17
43 15
4 42
19 44
27 30
36 41
14 3
26 40
34 27
16 18
42 28
31 48
23 36
50 29
41 24
4 13
4 10
4 24
26 13
27 19
42 34
9 24
3 48
21 6
40 46
43 20
41 46
23 5
35 2
47 29
4 9
42 38
39 30
14 41
11 38
15 6
36 18
36 45
32 11
2 1
37 34
28 17
21 38
38 12
37 15
14 30
19 15
9 28
36 20
28 6
27 12
46 20
13 8
29 20
43 34
47 22
25 16
10 20
40 5
34 30
13 12
13 10
40 3
5 41
23 32
29 12
47 20
22 6
41 22
36 49
5 24
28 12
25 6
19 6
10 44
13 3
27 28
22 33
33 1
40 11
15 33
32 45
7 11
37 24
7 33
7 21
35 28
9 1
47 44
9 48
50 34
23 15
9 2
29 17
8 22
50 33
