InstanceID
10_60_4
NumObjects
60
NumFactors
4
Weights
11.258244478647295
36.83140665808429
34.44540231363058
5.664544616214151
12.078054506961555
17.95740766710132
38.18127440852261
81.51038332483567
24.22083248151139
81.977797040088
66.99313951612163
45.305833195233156
84.40074795625907
67.91898821149229
72.52498905219804
92.36760031564317
6.609803322813423
99.91722180201815
17.165450700728414
42.041790666399194
55.66843807053139
59.617232065521165
38.40322060393761
92.33537554310114
49.733458424371754
42.956952617328724
10.96774963723961
25.028696593916912
32.84748285699865
57.57885375537537
22.138257303890896
12.07727535430525
6.725577975637154
74.41065984020987
96.59259339892641
45.27235552599513
72.66609550797803
43.56265730049975
28.245934297893193
17.454721125516315
12.400141192619053
41.72454313246157
50.67939131055341
68.21669275355933
90.70291829602542
52.760450270399
49.58987286461851
47.716480493760784
40.32786219276541
33.78928354851263
12.844288125512948
65.32402582347538
5.877999184701399
16.338270903215623
18.132951383519025
30.93174389167568
20.666021300328286
75.81366133353771
78.19870730703794
24.099979788284685
Budget
1329.8948925651207
Profits
-2.251648895729459
-7.366281331616858
-6.889080462726116
-1.1329089232428302
-2.415610901392311
-3.5914815334202643
-7.636254881704522
-16.302076664967135
-4.844166496302278
-16.3955594080176
-13.398627903224327
-9.06116663904663
-16.880149591251815
-13.583797642298459
-14.504997810439608
-18.473520063128635
-1.3219606645626847
-19.98344436040363
-3.4330901401456826
-8.408358133279838
-11.133687614106277
-11.923446413104234
-7.680644120787522
-18.46707510862023
-9.94669168487435
-8.591390523465744
-2.193549927447922
-5.005739318783382
-6.56949657139973
-11.515770751075074
-4.427651460778179
-2.41545507086105
-1.3451155951274307
-14.882131968041975
-19.31851867978528
-9.054471105199026
-14.533219101595606
-8.71253146009995
-5.649186859578639
-3.490944225103263
-2.4800282385238104
-8.344908626492314
-10.135878262110683
-13.643338550711865
-18.140583659205085
-10.5520900540798
-9.917974572923702
-9.543296098752156
-8.065572438553081
-6.7578567097025255
-2.5688576251025896
-13.064805164695077
-1.1755998369402798
-3.2676541806431247
-3.626590276703805
-6.186348778335136
-4.133204260065657
-15.162732266707541
-15.639741461407587
-4.819995957656937
FactorLoading
-0.0016577441731941978	-0.17282206983453907	-0.38555205180066343	0.4399681341916033
0.14463241391108772	0.07360871147145254	-0.4443495254139507	0.33740934920350907
0.40849777178565794	-0.32002453759795424	-0.07302578212291544	-0.19845190849347238
-0.08312342876805112	0.5797148181830234	0.07106795833301871	-0.2660937947159068
-0.5905969994108347	0.07712960126996449	-0.20527500716880032	-0.12699839215040054
0.011985162228438151	0.39665349789179505	-0.396885845049217	0.19447549483054982
0.2875179356681272	-0.05285549985142324	0.1110386986510985	0.548587865829351
0.048657112219424814	0.1363429816950701	0.33196728373545614	-0.48303262235004896
0.40356390617525273	-0.06851016022514478	0.25022111622919363	0.27770481737040886
0.6659015352035391	0.2799260121418734	0.015095159646454137	0.03907729300813334
-0.12166102444518057	-0.10349329144067787	-0.6639590811329625	-0.11088660298117903
-0.19764565848268267	-0.00968695430237454	-0.7198188729854864	0.07284851422945637
-0.14474469394669076	-0.23640028608919583	-0.07816865143643659	-0.5406863685276768
0.14397833097309998	-0.12826635581861656	-0.1202467655236803	-0.6075085476846032
0.802180709847053	0.15854234546724255	0.005579104815799374	0.033697839869905044
0.03812404881092202	0.6580181285155347	-0.1988355843656502	-0.10502223830789315
-0.6020755393037953	-0.10680111652755131	-0.23566524473185724	0.05545809943679614
0.02107466538900038	-0.6619961359378548	-0.1966098467069053	-0.12031935196623955
-0.4219599691388132	-0.18781034459393786	-0.3329632427986411	-0.057266443468607875
0.6271134358883701	0.013322810674911034	0.07027315713938376	0.2892905962973351
0.015974547572104703	-0.1399373865667244	-0.17142855430347703	0.6726595115576939
-0.6396915011826563	-0.12796706631156507	-0.21482108882373852	0.01752034368204014
0.48579598099296706	0.19924317689148707	0.2020748934533394	0.11288594866220647
-0.11498113639325602	-0.04625583505357067	-0.5159264487443154	-0.32283657980885794
0.47352094870186145	-0.3739667017854327	0.007859898136040933	0.14465245137666494
0.4956363607086587	-0.07790521732971722	0.31406490675919874	-0.11239351520242535
-0.0025373484557056347	-0.6275327484517639	-0.2632559858790551	0.10667391721347541
0.20718876009749954	-0.06898330678289111	-0.15587676823592211	0.5679511648836872
-0.8306448362787022	-0.06007926098299676	0.09453195490491462	0.014743947833386395
-0.4030181068289129	-0.09752809519420702	-0.2524594490948897	0.24699434888199034
0.005354457899294118	0.3746195410541384	-0.16291939298816493	0.45710660805840253
-0.49569474562859384	-0.14257990416119037	-0.33110870926051184	0.030616640949703955
0.6425242480735471	-0.20205469070464455	-0.15217914678935074	-0.003241914432457582
0.073128358178983	-0.5655516787855543	-0.005720476665041385	0.35559948637042127
-0.19808342358607467	0.1740151750184875	-0.07559880609887282	-0.552302595296565
-0.08326478275090188	-0.490342103676374	-0.1946645086850156	-0.23172860488770852
-0.2031615629250565	-0.30841517664484264	-0.09283333333773913	-0.39558992709236174
0.11162180395235977	0.12408915626435046	-0.06084570424638036	0.7034433355369094
0.1115453292365558	0.22185922948179404	0.5451859141308706	0.12140952715077957
0.47416906210722787	0.06490908352980918	-0.3939272567671741	0.06699459759578885
0.007688132163691019	0.48610339480138864	0.1582352064801975	0.3479732665547228
0.21290307645531792	-0.03970891458674197	0.2560636986634055	0.4913243102945346
-0.10873552302077383	0.12765692435502696	-0.5356005946961218	0.22800695792807746
-0.09489087825724507	0.02265674981134036	0.07853678376750906	0.8039155881639055
0.24406819943378455	0.015138572816821405	-0.24233693669536516	-0.4984562910540289
-0.425008369719706	0.10222895352795947	0.035872440953367724	-0.4368902357989668
-0.26005542331867315	0.31986023987410617	0.22415601994639833	0.19592831686082235
-0.3333092688096797	0.36394841199964567	-0.14409233431370172	0.1586499848769729
-0.22084330303999233	0.12922901314176283	0.5091109787428989	0.14081670507534594
-0.12480982601056745	-0.7432757101683014	0.03808261857196671	-0.09383184524916444
0.32429074077220865	0.11112671379166272	0.36728646458656766	0.19729608084956096
0.0023678053729143667	-0.5964832342893496	-0.17197592975104836	-0.2291730305866877
0.022709031503612698	-0.14774241505064123	-0.6285302430310793	0.20101831041466678
0.22133121838583736	0.4625609919472633	-0.16800761827350175	-0.1481001713933976
-0.030982023407326365	0.3169528066033438	-0.4911753743930416	0.16088979559628824
0.40373991063770753	0.20582140497216028	0.31822116119603083	-0.07221752319410135
-0.21019389581085934	-0.05365903500479652	0.29592770380315914	0.440219365381185
0.3624116805258686	-0.3284784545727213	0.28615169317414857	-0.022958171727261556
0.17555538249727376	0.04915068679093393	-0.3145982220439216	-0.4606957086678707
-0.7144922067995825	-0.01556707155459347	-0.2144803584094921	0.055460363236331967
Conflicts
41 20
38 20
4 25
19 21
5 57
43 14
12 24
22 24
43 49
10 57
17 49
7 35
33 1
9 20
13 33
19 33
60 17
32 20
26 11
50 3
19 36
40 6
11 30
3 22
23 46
54 21
35 59
54 44
29 6
4 1
58 39
47 1
23 42
25 56
10 34
26 33
8 33
54 3
38 45
11 5
4 34
59 8
56 5
44 12
49 30
19 39
14 58
39 20
11 12
9 42
37 11
40 58
34 45
2 40
29 27
27 18
14 24
43 55
47 8
32 15
34 1
48 11
12 30
43 32
55 17
11 6
47 16
26 4
37 20
5 24
55 48
56 22
27 51
7 12
36 6
23 8
26 16
40 41
32 10
35 18
43 4
26 21
10 52
34 12
38 18
32 36
47 2
13 14
60 22
19 30
59 57
43 19
40 1
25 39
32 58
37 30
24 30
3 44
60 49
55 16
49 24
35 5
37 60
53 28
35 44
37 32
9 48
3 5
2 57
5 38
11 1
56 18
53 41
13 48
43 13
53 18
32 22
26 17
22 57
32 17
19 20
48 30
31 30
60 46
25 1
55 21
55 20
3 18
32 5
9 39
16 44
31 24
21 15
36 56
55 39
44 57
55 44
4 17
40 45
36 59
58 36
7 32
5 39
15 33
29 53
51 18
37 45
23 12
9 18
46 24
47 55
10 12
23 25
1 30
59 18
21 45
2 46
10 15
17 46
2 56
27 20
11 22
43 31
26 54
2 11
35 40
25 17
53 20
16 56
59 22
55 38
38 21
11 51
39 33
4 51
25 33
58 28
10 18
54 39
47 24
7 40
42 30
9 14
28 51
54 47
19 49
28 56
7 55
43 50
16 5
36 38
13 50
36 18
27 46
11 57
54 56
25 30
50 45
55 24
38 33
4 58
7 54
39 21
50 49
48 52
41 12
38 15
53 15
48 56
11 24
7 38
35 36
43 40
5 1
54 27
38 44
60 8
11 21
9 52
37 18
48 44
55 57
14 11
49 57
43 46
7 58
33 24
14 35
2 20
14 16
9 55
21 12
1 18
31 5
34 21
10 3
34 56
44 18
10 8
3 38
10 22
54 8
25 45
50 34
2 24
40 5
40 24
23 44
35 11
60 12
34 18
19 8
15 52
3 19
43 51
37 17
9 34
23 43
2 48
54 29
8 30
54 53
51 1
31 52
51 39
25 5
31 46
53 24
50 20
31 6
23 13
58 18
47 11
4 2
2 49
47 12
60 44
26 5
42 11
55 52
58 48
4 56
48 36
2 58
9 33
50 18
7 18
60 58
59 56
53 2
40 49
27 52
32 21
26 53
29 19
10 11
8 44
58 57
3 51
60 55
40 39
33 30
16 38
58 19
8 5
48 51
10 17
48 1
27 57
9 6
13 19
42 5
14 39
56 51
34 22
55 46
8 46
32 41
41 1
7 42
17 18
27 8
37 31
55 34
26 3
47 51
26 27
25 24
9 35
43 47
35 58
35 48
31 16
31 34
50 57
10 36
15 18
55 33
4 3
39 18
55 58
13 17
14 52
50 42
23 5
14 19
25 19
37 55
5 18
55 49
22 6
59 20
57 20
5 20
25 10
48 15
29 17
28 24
16 11
60 5
15 1
31 50
35 21
49 1
23 29
55 53
56 8
21 57
21 44
8 20
60 42
50 11
31 29
29 5
29 48
10 39
9 49
7 50
49 20
12 18
54 19
31 19
40 20
50 5
19 38
25 53
13 16
34 40
31 21
50 40
27 36
26 52
28 52
17 21
34 44
7 39
13 46
46 30
40 18
34 11
53 44
22 46
55 18
34 16
42 34
31 11
16 21
32 33
56 46
47 59
50 6
32 44
7 24
13 5
22 15
52 24
58 44
3 49
31 57
54 38
3 56
3 45
6 18
37 40
8 45
7 44
4 21
31 35
27 56
31 51
37 59
40 57
23 26
34 58
58 51
51 45
43 9
47 34
26 48
26 20
32 52
35 32
44 24
16 51
32 3
50 51
14 46
31 55
34 15
11 41
54 42
23 50
26 18
39 52
60 21
30 20
54 10
25 21
17 1
32 42
38 46
48 38
2 30
31 27
53 52
22 44
47 31
48 5
31 58
48 49
48 45
54 49
10 30
14 48
4 40
4 22
19 45
31 32
7 31
36 44
28 1
43 53
34 3
58 21
13 38
32 24
8 52
28 45
60 56
14 33
42 44
39 24
46 52
4 46
35 51
17 56
45 20
36 46
6 1
35 15
35 24
14 34
14 27
54 46
23 52
32 40
55 35
7 10
42 21
13 10
26 28
15 41
37 58
47 9
23 51
14 2
32 12
41 38
50 58
3 12
54 25
14 38
53 40
47 52
36 33
37 39
45 24
37 27
13 60
48 57
42 24
13 40
55 1
29 59
15 30
60 19
11 49
30 45
4 36
51 57
2 28
44 52
25 32
49 38
4 5
58 6
23 19
59 21
10 59
58 38
4 30
7 15
54 22
53 58
34 41
17 51
48 22
20 18
59 46
10 45
7 22
37 13
53 45
40 19
35 41
32 6
19 16
4 41
43 48
53 36
47 27
7 49
52 20
31 41
60 33
51 49
56 45
16 46
43 10
5 12
42 16
16 20
7 13
53 48
50 1
46 12
23 36
47 15
34 33
28 17
8 24
56 1
25 41
42 19
43 52
55 11
42 45
7 25
10 27
31 38
13 42
2 33
13 58
55 56
9 21
44 20
35 6
4 44
54 16
31 45
27 48
35 42
49 52
14 1
51 24
50 46
58 27
36 15
40 48
25 13
7 47
17 30
7 37
27 1
23 31
11 44
58 5
3 36
9 27
27 49
36 24
53 38
14 8
55 40
26 31
26 50
55 51
36 21
53 11
42 17
43 15
4 42
19 44
27 30
36 51
28 18
23 10
54 31
14 3
58 56
26 40
54 34
42 8
60 52
54 28
58 52
11 45
50 29
42 39
41 24
36 52
50 44
4 28
13 57
4 10
4 24
21 33
13 56
50 19
42 27
2 36
17 22
42 59
60 53
34 52
9 24
3 58
48 59
54 18
2 6
21 46
40 44
20 24
43 60
41 46
49 6
35 2
21 1
47 29
42 1
7 9
37 53
42 57
39 30
14 41
11 38
15 6
60 30
31 36
4 57
2 1
35 17
37 34
56 12
37 51
59 15
14 30
19 15
9 28
53 6
28 8
23 15
3 57
34 27
53 51
12 20
51 15
50 36
34 29
16 22
25 49
34 5
51 30
59 12
40 3
55 30
5 41
23 32
4 48
29 12
47 20
26 6
22 52
41 22
60 36
39 57
4 55
5 52
28 12
25 6
19 6
7 30
31 13
3 21
9 3
27 39
35 57
19 52
43 12
47 32
34 36
40 22
35 33
52 1
11 33
42 18
51 46
7 11
9 37
7 56
50 53
17 12
28 21
48 8
14 53
35 28
43 41
3 33
10 24
9 1
47 44
9 51
9 2
4 35
23 34
29 8
35 1
50 33
15 46
14 49
54 14
16 24
28 5
4 29
27 22
43 28
26 29
26 43
38 12
58 20
34 28
17 52
49 44
59 6
4 16
13 44
38 1
12 52
50 41
32 1
31 48
37 52
10 44
40 46
11 39
39 45
27 59
60 1
13 29
26 19
37 4
34 51
35 45
42 12
31 15
13 51
46 6
31 44
32 55
9 50
2 39
16 17
26 30
42 29
28 49
32 45
54 41
47 41
6 20
23 41
49 18
16 33
52 33
15 24
54 17
10 46
54 13
57 52
10 5
7 3
2 5
14 22
32 59
59 1
32 28
3 48
34 17
50 35
22 33
4 9
53 12
4 31
32 46
25 38
44 45
13 24
28 36
38 6
31 33
47 53
47 19
4 15
19 48
2 18
54 52
34 2
13 2
9 31
27 16
10 35
2 17
47 56
40 15
25 22
56 11
26 60
29 49
9 15
10 40
42 38
47 46
1 24
50 27
59 24
58 15
48 20
