InstanceID
1_150_4
NumObjects
150
NumFactors
4
Weights
23.603334566204694
34.651701419196044
31.27069683360675
0.790928339056074
48.86128300795012
21.096820215853597
95.1916339835734
99.99046588986135
25.166218303197184
98.66663668987997
55.57510873245724
43.71079746096251
42.471785049513144
77.3223048457377
28.11902322857298
20.947237319807076
25.137920979222493
2.037486871266725
28.77015122756894
85.9512136087661
7.695088688120899
64.03962459899388
87.35441302706855
27.85824200287785
75.13126327861701
64.4883353942093
7.782644396003469
84.81854810000327
8.56351682044918
55.32055454580578
46.33502459235987
18.582130997265377
11.198087695816717
97.6311881619359
5.161462067432709
53.80295812064833
45.56920516275036
27.93951106725605
17.824610354168602
54.89828719625274
37.097066286146884
89.41659192657593
64.80537482231894
41.70393538841062
14.456554241360564
62.24031828206811
87.23344353741976
52.49746566167794
24.159060827129643
88.48369255734127
44.08974233731111
40.467263869902006
73.67868019103597
95.38034231508577
9.518559239746228
51.967533179373014
1.3540332577443914
30.33988122056488
70.25571355154578
59.65370068827476
63.893483969362094
87.23474485143244
54.8635145519931
26.299203233756497
52.64433516590159
46.501931862871636
27.551933532993544
46.182259118045124
95.18613955904868
28.873732530669916
66.12321555087209
19.45678064479248
39.3193497656424
99.07406554003964
55.03342139580574
58.07816346526631
76.83586278313636
51.952465724186084
51.486297110544356
99.81360570779374
60.36816885930896
75.87747975618097
59.0953157912963
72.20856092527971
95.3207040651399
38.441136185217296
32.00111699127468
86.5624810646251
45.45697712730568
42.02865080388871
22.515104100350246
28.616914065436294
30.91439610705362
17.03908213526897
14.716190329632184
23.006281697084184
9.292924093459032
68.14146962328581
76.2276463170743
33.908123311767135
13.87630205269108
45.64461494422447
73.99181702358935
81.60038067949999
11.452851400716412
74.89278209847107
87.81082146105777
93.04810599220204
89.62907387006602
66.3144967776936
47.27988856860361
88.05252273121609
1.4103300731604707
50.277385057351445
22.48507679922378
28.785752457114434
10.403265240715243
47.57487965157381
41.668074230955064
52.13873819245543
90.84986119637708
10.283157795639708
67.04205825614974
75.54152239466787
64.90562651461806
66.04003260599424
90.62106456676113
27.541564882559744
86.99256330506813
14.164408841125242
97.01070250645898
87.3156688334914
23.433763208045534
77.20151675814206
58.543417213362844
55.00977329088699
47.32302657566332
76.60250516303444
87.36379717598399
47.92217477283576
35.968218148407914
60.884054852966706
98.99425798506974
67.19065876778774
34.38896477804298
7.932544266802011
17.3981640095495
91.69942728112271
89.5429175695397
97.71222840913845
Budget
3875.013214431641
Profits
-4.7206669132409385
-6.930340283839209
-6.25413936672135
-0.1581856678112148
-9.772256601590025
-4.219364043170719
-19.038326796714678
-19.998093177972272
-5.033243660639437
-19.733327337975993
-11.115021746491447
-8.742159492192503
-8.494357009902629
-15.464460969147542
-5.623804645714596
-4.189447463961415
-5.027584195844499
-0.407497374253345
-5.754030245513788
-17.19024272175322
-1.5390177376241798
-12.807924919798776
-17.47088260541371
-5.571648400575571
-15.026252655723402
-12.89766707884186
-1.5565288792006937
-16.963709620000653
-1.7127033640898361
-11.064110909161155
-9.267004918471974
-3.7164261994530756
-2.2396175391633433
-19.52623763238718
-1.0322924134865419
-10.760591624129665
-9.113841032550072
-5.58790221345121
-3.5649220708337204
-10.979657439250548
-7.419413257229377
-17.883318385315185
-12.961074964463787
-8.340787077682124
-2.891310848272113
-12.448063656413622
-17.44668870748395
-10.499493132335589
-4.831812165425928
-17.696738511468254
-8.817948467462221
-8.0934527739804
-14.735736038207193
-19.076068463017155
-1.9037118479492456
-10.393506635874603
-0.2708066515488783
-6.067976244112976
-14.051142710309156
-11.930740137654952
-12.778696793872419
-17.44694897028649
-10.97270291039862
-5.259840646751299
-10.528867033180317
-9.300386372574327
-5.510386706598709
-9.236451823609025
-19.037227911809737
-5.774746506133983
-13.224643110174418
-3.8913561289584964
-7.86386995312848
-19.81481310800793
-11.006684279161147
-11.61563269305326
-15.367172556627272
-10.390493144837217
-10.297259422108871
-19.96272114155875
-12.073633771861791
-15.175495951236195
-11.81906315825926
-14.441712185055943
-19.064140813027983
-7.688227237043459
-6.400223398254935
-17.31249621292502
-9.091395425461135
-8.405730160777741
-4.5030208200700494
-5.723382813087259
-6.182879221410724
-3.407816427053794
-2.9432380659264368
-4.601256339416837
-1.8585848186918064
-13.628293924657163
-15.245529263414861
-6.781624662353427
-2.775260410538216
-9.128922988844895
-14.79836340471787
-16.3200761359
-2.2905702801432826
-14.978556419694215
-17.562164292211556
-18.609621198440408
-17.925814774013205
-13.262899355538721
-9.455977713720722
-17.610504546243217
-0.28206601463209413
-10.05547701147029
-4.497015359844756
-5.757150491422887
-2.0806530481430485
-9.514975930314762
-8.333614846191013
-10.427747638491086
-18.169972239275417
-2.0566315591279416
-13.40841165122995
-15.108304478933572
-12.981125302923612
-13.208006521198849
-18.124212913352228
-5.508312976511949
-17.398512661013626
-2.8328817682250484
-19.402140501291797
-17.46313376669828
-4.6867526416091065
-15.440303351628412
-11.70868344267257
-11.001954658177398
-9.464605315132664
-15.320501032606888
-17.4727594351968
-9.584434954567152
-7.193643629681583
-12.17681097059334
-19.798851597013947
-13.438131753557547
-6.877792955608596
-1.5865088533604021
-3.4796328019099
-18.339885456224543
-17.90858351390794
-19.54244568182769
FactorLoading
-0.14342678198362901	0.38213657028674364	-0.2736856382976516	-0.20075100943197577
0.3334668802659493	-0.23333466302314276	-0.07156102885183047	0.3616374278590775
-0.09068412710469143	-0.38475483911869524	-0.4219947040054304	0.10256632977118296
0.07489366508266104	-0.001686470235323645	-0.42801141722492697	-0.49540844745708834
0.1609952325109647	0.38849127604913103	0.06490026338399346	0.3856132280559108
0.2064021511982954	0.027390466350412535	0.00472326647973631	-0.7614841159715557
0.1498122904503374	-0.46248391351925267	-0.31522475580009623	-0.07247904023031371
0.4771885892298522	0.053206914347389	0.1071771120658449	0.3624273843569139
0.08814371884969696	-0.09728270568283004	0.019961654796011974	-0.794611920671461
0.5531580817936996	-0.34423736312728903	0.03436032402640565	0.06824423105260569
-0.3642844279626294	-0.13874110014003938	-0.4476936140893071	0.04928085780802416
-0.47006744560561864	0.09404778859474905	-0.03567441860881981	-0.4002103471908125
0.5187784041916781	-0.15708316804024514	0.19788972776727243	0.12624870000080435
-0.26826295612968565	-0.29631181028181763	0.01843321954897581	0.4169920140395209
-0.0992834999475467	-0.2801298660465952	-0.5732932461722879	-0.04729338783357018
-0.04748253620274423	-0.562414679765074	-0.17937118506112926	0.21073159897105254
-0.40308331759870586	-0.14371888774873653	0.44783590866159284	-0.005361885990964765
0.19295511639036023	0.03988463385209995	-0.05134683389609873	0.7158134158614411
-0.011906416515194307	0.6818827221838675	0.07373617472657146	-0.23247468657436676
0.18077869477928443	-0.052719166814058305	-0.2752882712327589	-0.49121386717389837
-0.2702206829102025	-0.6256891269341658	-0.09440910201609642	-0.009681088139535277
0.10369066522262793	-0.010906607019976589	0.17492131067231464	0.7104814170850808
-0.9117558908782168	-0.05193409592356124	0.029274633706672493	-0.0070353794915494205
0.4920707987746056	0.3026015728540894	0.08313019682021294	-0.12219743155109208
-0.12447770039032235	0.49867233064621974	0.34061500951089574	-0.036234959452562165
0.08103682762762077	-0.7893526833137916	0.1116483926045555	0.017962096454032128
-0.3515589128548322	0.5558182602616264	0.028134952972339367	-0.06448787391120203
-0.3068748530690204	0.45386621013008077	-0.23420502226196693	-0.005053914538931892
0.33154753550474747	0.2744292683264169	-0.15417927438604973	0.2398439217827859
0.14583848288175938	0.06731890790638184	0.4064370529260366	0.3804055562858222
-0.07028567817620557	0.316032556010023	-0.16614399841355532	-0.4475377674002161
-0.04463615405960475	0.19183010325423067	-0.10709622946422104	0.6564375132219435
-0.002138132012198257	-0.16559704748135173	0.29964825324794964	-0.5326165672585004
-0.20332901820866178	-0.16859043333695833	0.3410093258637916	-0.28707122259058826
-0.5207916969091524	0.25362013453626187	-0.027302568914780778	0.19828559963980497
-0.28140705823422874	0.5808683791152338	-0.08013145253341825	0.057593110117119206
-0.006617533175209189	0.5440403028720027	-0.37947441848526675	-0.06986774546752139
0.30678076587215863	-0.19271833804451188	0.3934738973436813	-0.10702699873964816
-0.43798992848227636	0.15189003876516072	-0.29713375822264676	-0.11298627452991616
0.03817553408846597	0.015278980598388392	-0.08690343204466044	-0.8596420532684852
-0.051602866551024196	-0.20253751218578908	-0.572668404832229	-0.1731912164309577
0.1251884614834997	-0.7075654645997258	-0.15559740921218035	-0.011648664704594136
-0.3111639550185994	-0.21220608151860643	0.07583635762280472	0.40079360583998946
-0.2014899976113198	0.1127495136625345	0.421862448596912	-0.2638980401292337
0.37153281279682693	-0.10645956694118341	0.027285339374907958	0.4947222808870817
0.5336429080222036	0.00867822685363806	-0.3377127050641424	-0.11996616006001593
0.27553739810352784	-0.0016720459541086363	-0.36729961455311266	0.35549094138925086
-0.508905009018882	-0.03725506947849411	0.2481934400719057	0.20564648143071818
0.5005030440446516	-0.11005367270979383	0.21530322700875604	0.1741400562367985
-0.516493346753492	0.15739788240056374	0.301414223867434	0.024694546978510257
0.12682209451429638	0.3335447592131222	0.3963949491727903	0.14323819709979113
-0.10047327958679597	0.20158352953039893	0.4738129804509692	-0.2241302104318359
-0.5890475927882088	-0.14272480723819037	-0.16504062677698905	0.10318697319661174
0.2927920602067655	-0.02194278503382452	0.205750124771525	-0.479515029987885
-0.17061014476928138	-0.003958939810561057	-0.038145692871884185	0.7872852225482734
0.14053166647904503	0.0718604632895985	0.2980977208558213	-0.48951014937553516
0.4753755148230152	-0.17949169629327444	-0.19797352028785453	-0.14715926859585582
0.14274190775736728	-0.18067383795345093	-0.4848429222592636	-0.19174133202991817
-0.11494446502637201	0.22807722124495222	-0.023622801355395406	-0.6333555123732804
-0.5327282827799431	0.10490289020495314	0.2087549992553579	-0.15361382775974586
0.24604431627956425	0.1629877265674895	-0.07439335461426344	-0.5165746025386828
0.03800123901405583	0.1581607333418953	0.5141073312017754	0.28973069644227345
0.10357566191590961	-0.5883236898659112	-0.08252048186554783	0.22558016635263134
-0.15317432929543684	-0.13806134813651805	-0.04343555874664151	-0.6653287638214036
-0.028940528985839542	0.7169858550043282	-0.21798453968991893	-0.036089076319913316
0.4326715861449224	0.1131237291204823	0.39681115855018234	0.05739352618441296
-0.1121202850195624	0.05683676356838485	-0.15214639173252453	0.6788965596795282
-0.0005760322037271504	0.6340297607431469	-0.2573177271308871	0.1080764799222389
-0.28651699142603926	-0.06932990530032646	-0.21736153977720885	-0.42679156349642544
-0.010670221735126217	-0.08580790130061522	0.605961834024975	0.2975600429392835
0.03931553833963419	0.3792834111169914	-0.022234576755413515	0.5591664737879609
-0.01989304018092719	-0.6524973788345672	0.2965182101878874	-0.03109137079661828
-0.21778635298806082	0.63388483628204	-0.011889819652840083	0.13643899107705915
0.34362946064558564	-0.13894001944551637	0.22160392870789147	0.2958265912010065
0.2632846522910113	0.2373539990819642	0.4381406137905852	-0.061220734836439306
0.2860193288642383	-0.57667571254742	0.09843389746627373	0.03887106112206795
-0.046686893281368214	-0.5642465964124141	0.25487451454575116	-0.13419199576046648
0.2279027794734565	0.2709921352951652	-0.33922038925512643	0.16188469597625188
0.13827450735598767	0.08732326582557182	-0.06393942332409508	-0.7104628034943454
-0.013725712674562018	-0.09980750846928665	-0.8616516563168226	-0.024815122539328716
-0.0008709636681438759	0.3133437087271733	0.11317477757653593	0.5726105500281469
-0.02666410792753271	-0.25051981061558415	0.5727629966188776	-0.1500530848380055
-0.4417842482649603	-0.0828310389262985	-0.2012333258345187	0.2741513869742225
0.6839548994544633	0.07132279775796113	-0.0361353394519246	0.20858696333565097
0.14082803787544784	0.2333447024562485	0.15177512232506407	-0.4740521373432396
-0.48016432098602024	-0.007715686776651909	0.16192741953937295	0.3501925726979549
-0.3271227714776359	-0.269665544580612	-0.2066909858140782	0.19652069812767392
0.14246544400271932	0.04213991979597753	0.7691336151384456	-0.046261021062857566
-0.3435235736911071	-0.4097206226057777	0.09704528778546972	-0.1497105159176455
0.3446930603384031	-0.09497814268309601	0.45250481466950787	-0.10782398230899304
-0.21817105279061222	-0.3233881030690344	0.44515139430306494	-0.013289449837288414
0.12676150475890058	-0.3088815248543504	0.37105430258534744	0.1933026678014016
-0.20313237769071324	0.035296485050403614	0.7571392856848456	-0.004431851574037582
0.19416501569918365	-0.34948437442492963	0.2718821755097842	-0.1844684343661025
-0.059419163090150384	-0.24985786276973476	-0.6325312410813155	-0.05819173305879932
0.13462619997301317	0.03320900021982798	0.23399939425671779	-0.5981654055504411
-0.1734885597190281	0.024279809829581334	0.7657651125202434	0.03646651793114719
0.061683314645594844	-0.3262546498053196	0.03934947835168856	0.572712557197397
-0.15960833483029768	-0.07650635884585344	0.31769410590267033	-0.44619120042117855
-0.3227299744250198	0.21690371021708543	0.009927279064533723	-0.450439036293361
0.05636003000881806	-0.2042896209664855	0.16839719023466015	-0.5709531587900363
-0.2109896075761193	-0.2170386310490371	-0.44416735346148384	-0.12780440791335979
-0.16256630742277323	-0.24684633895591812	-0.3523113742673645	-0.23827597935394418
0.11802830276288723	-0.007639068308382901	0.5971416625506103	-0.2771909663781196
-0.312302623710657	0.10604356902478074	-0.3268935504027366	0.2547602568618257
-0.07011827889315536	0.025224472642304763	-0.06822402348177192	-0.836433224982768
-0.14609748752882434	0.33484919222161036	-0.4095006911085932	-0.10955262914097208
-0.4174983634565459	0.30538738513781993	0.09033127386979412	0.18678297753584006
0.15102962770506378	-0.5057804672872197	-0.003337945263108155	0.33985195974460836
-0.21216484121681756	0.08987707390576283	-0.3378241772964228	-0.36013390758099684
0.6129175248223837	-0.3036735513472497	0.02348240016012504	-0.05992652367024154
-0.07133942160184614	0.22474304016923563	0.11364528061923385	0.5902722576096844
-0.02979805375810507	-0.044561366127338964	-0.7716716461185684	0.15396893399598754
0.4500922888726391	-0.011690604835344454	-0.27114927412915657	0.2670678321628599
-0.21138777524373675	-0.2754947750717682	-0.5129764159000809	-0.00014103378441410186
0.9067082403136257	0.05611286148415906	0.021858568682252777	0.015320329519962428
0.1089639861056797	-0.08228041346759962	0.19541405739474005	-0.6133415430319806
0.22207237768053556	0.36784837055764785	-0.37329227070075977	-0.03678698106105682
0.366232891468633	-0.33830701851095757	0.19196009779294498	0.10349999222746442
-0.059923131019352205	0.22141906110677545	0.5711662165424092	0.14749159133146317
0.08647581116899206	-0.16066421203549575	0.14442060757083675	-0.6084393692246755
0.5920390405970326	0.04930539356712127	0.08918308318473933	-0.2694724826511068
-0.01988045370854019	0.2716116479666639	0.42121491726342586	0.28729298106137
0.30649561983325335	-0.06101881998671388	0.303370597313078	0.32911496286695474
0.24359961415889675	-0.11865873558392592	-0.008534775953188634	-0.6292068743039887
-0.1012338213105699	-0.17326746585415997	-0.043652440104524626	0.6818462727307455
0.08463179992627978	-0.5107616644824922	-0.2529918316816564	0.15161470390957166
0.046185866373702034	-0.5416378810528584	-0.06515627238197186	-0.34701998019146774
-0.2748860728810001	-0.3008444446540284	0.2958437148752102	0.12842576758976132
-0.018513587531401976	-0.17168606084480653	0.25426473872612965	-0.5555356128976618
0.08935743968827325	0.5917269025471148	0.005541367629267713	0.31337429013534424
0.23553067058100474	0.019689436213909728	-0.20550891442838792	0.5392709787766976
0.026797996395031554	-0.34518748419399703	0.4659177347174488	-0.16209678469352262
0.7002148327717392	0.13198945659671568	-0.1573317771189111	-0.010463933512633972
0.12207084057586104	0.4863309886466969	0.1632645911747812	0.22833357960266087
-0.16189130311904254	-0.03263258481740361	0.00812194935471755	-0.7973541627088363
-0.2337244270094747	0.5437720402648909	-0.04253570770426118	-0.1799678250213732
-0.299547776299143	-0.05574116482152114	-0.39813047738846397	0.24658058149087192
-0.6154195043639263	-0.04702231531662049	0.11444088300992528	0.2231172973095279
0.11896327676476748	0.2742573315028056	0.038204465508325125	-0.5685749262241018
0.12685534585158798	-0.021426042974751258	-0.21945716744415056	-0.6322614437295102
0.6119229821215928	0.058557853640232915	0.020433894524693352	-0.30908526971348094
-0.1353648175716704	0.004723980255460614	0.634605383665898	0.22530581850697096
-0.5672301468985628	-0.10876505422723737	0.15467363922455446	0.1693311596496454
-0.4865101995884109	0.24538970891289824	0.051952129042030615	-0.21614796245666024
-0.1753310569737605	-0.060966934189548905	0.09218064290606098	0.6715213659306296
0.8147402673469013	-0.04075040279991793	0.014779342767385906	-0.12972998708579486
-0.03627877599560314	0.1544679510218292	0.11622524671382672	0.6930280262687409
-0.04929985529581127	0.20449720182233055	-0.09112072508824931	0.6550822177936089
0.4036997663100197	-0.2754643100304759	0.19073485898397746	-0.13010106467552696
Conflicts
74 82
11 106
7 8
71 93
90 45
27 143
132 69
126 40
13 27
23 73
131 49
80 39
98 88
119 35
50 131
31 111
14 142
104 115
124 51
34 66
41 18
128 64
103 149
93 39
4 53
93 65
124 65
54 46
37 126
113 96
92 108
112 49
87 127
53 112
118 15
23 86
78 73
117 8
53 122
46 85
69 33
27 56
72 118
61 134
76 96
26 35
77 149
8 18
120 139
54 11
140 6
94 51
112 142
74 11
23 34
49 57
27 141
140 46
133 144
23 106
60 144
29 104
14 121
75 40
135 87
86 6
123 45
140 105
72 16
43 92
90 105
58 48
31 74
136 44
31 92
50 88
118 115
105 30
135 83
15 82
129 33
137 95
93 59
17 96
43 63
75 149
74 12
119 148
87 21
32 137
19 97
29 115
100 19
123 38
135 28
77 113
50 36
27 94
19 82
60 49
7 90
124 118
13 124
16 22
87 48
136 81
133 77
58 94
23 41
13 92
42 93
34 150
120 104
68 6
131 19
100 121
11 24
43 126
150 12
34 29
102 1
125 41
93 82
35 16
54 88
64 108
84 127
10 79
83 46
137 30
62 46
58 41
7 52
4 109
2 5
58 84
2 112
67 73
4 140
2 36
131 97
21 15
19 39
133 104
137 45
125 115
83 117
67 79
86 90
55 1
35 48
122 59
101 6
119 60
42 72
114 64
16 108
140 134
4 38
136 42
63 86
23 103
135 67
116 29
78 15
63 76
111 24
64 21
103 109
140 86
132 86
7 81
66 115
40 8
145 141
42 134
96 24
124 106
69 86
5 88
7 76
4 122
23 16
68 141
33 73
23 20
65 108
36 141
50 49
25 147
52 44
124 107
135 2
78 135
48 76
106 44
103 33
101 139
81 76
70 138
26 148
68 59
124 110
61 94
77 117
143 62
113 21
93 85
29 94
103 139
35 15
29 134
132 2
7 112
66 74
59 129
102 147
80 90
14 73
42 89
66 111
3 89
41 15
102 64
87 142
107 134
122 36
66 80
47 67
121 20
99 127
100 134
121 96
59 6
47 130
121 1
63 125
87 45
108 110
83 140
37 116
77 64
86 109
101 38
110 11
47 97
133 114
35 88
116 107
2 117
27 48
87 141
91 6
9 31
125 36
139 129
128 61
148 18
63 39
132 59
148 79
21 30
92 69
21 12
88 52
92 91
49 138
68 46
136 15
40 21
93 129
35 103
15 6
9 76
50 87
37 135
7 109
98 126
98 24
126 144
90 57
99 44
55 95
4 59
23 6
101 146
133 10
89 64
135 16
78 28
61 113
140 99
54 65
78 66
29 27
146 38
78 137
63 22
140 45
10 95
143 106
132 137
31 129
13 1
89 112
14 95
145 5
126 1
137 129
77 52
42 95
140 107
77 116
3 138
131 64
128 28
124 111
149 129
136 142
100 48
76 141
53 27
63 147
47 28
2 96
93 24
50 126
150 39
139 22
106 45
131 108
98 137
14 137
133 33
100 20
133 120
148 96
31 86
148 113
117 104
58 113
29 33
97 76
126 114
25 145
126 139
37 147
96 118
144 45
123 49
133 35
39 30
13 89
105 46
54 102
124 96
128 88
58 104
95 88
83 137
9 67
70 57
119 63
66 1
142 44
124 62
95 94
125 3
117 93
61 5
132 38
119 38
123 115
47 123
10 73
75 38
126 137
137 139
122 56
37 145
77 44
29 74
75 106
63 28
140 91
127 90
103 40
53 48
3 93
56 24
81 17
48 84
58 70
48 49
149 8
117 141
140 137
128 75
120 149
148 112
10 83
71 77
116 149
78 130
123 18
119 104
114 21
31 121
13 2
123 139
76 134
42 104
141 115
103 3
117 110
117 95
35 134
139 12
97 46
114 36
94 150
67 91
77 59
89 22
2 58
95 108
131 57
112 33
78 112
137 149
135 82
9 53
39 33
91 45
68 30
56 15
123 17
107 49
124 105
23 9
123 21
135 8
53 97
129 20
89 88
117 126
136 92
98 73
53 134
102 44
54 150
8 138
72 149
32 97
120 62
26 97
43 88
126 129
71 16
126 12
116 131
71 73
38 12
66 139
93 1
75 142
93 106
77 57
29 48
109 106
6 45
132 127
44 20
129 96
77 145
34 88
136 132
150 52
9 38
82 85
110 21
32 98
25 60
114 65
48 79
83 57
104 142
148 14
103 142
2 107
13 79
60 70
102 103
58 118
49 15
138 134
93 90
67 1
125 79
131 16
123 20
137 44
143 84
148 108
7 1
139 105
125 39
50 147
146 11
148 111
58 5
124 104
16 129
26 11
112 17
2 16
139 76
9 86
31 33
133 94
113 65
97 49
83 90
135 55
101 48
98 8
80 138
53 79
38 33
55 12
137 65
37 49
81 86
23 42
122 137
53 138
57 105
23 123
19 17
88 115
125 110
23 93
133 108
61 64
4 101
37 55
38 22
42 116
99 90
89 110
26 141
83 45
25 81
78 49
112 129
53 142
104 19
147 65
69 18
48 46
53 76
34 19
140 80
28 149
78 79
71 1
116 79
61 28
120 93
23 39
132 92
135 33
126 33
13 81
36 56
122 129
37 136
108 44
39 105
10 20
149 105
52 18
145 82
89 46
93 18
43 5
143 44
61 85
9 48
123 122
64 150
26 75
144 87
9 55
25 114
19 111
48 39
31 21
124 70
110 33
53 113
7 63
68 99
47 50
136 89
100 59
47 70
51 90
9 2
86 104
64 87
25 107
31 55
42 21
140 39
146 73
145 88
56 142
77 90
147 27
128 2
2 62
62 106
117 139
130 5
58 33
69 106
70 21
93 20
136 36
7 84
54 30
147 115
148 131
67 130
29 84
37 129
11 52
64 95
63 33
65 73
136 88
146 129
83 81
86 12
93 150
126 46
120 112
1 18
106 52
102 36
76 6
132 112
72 141
68 10
122 67
71 97
77 93
50 30
64 106
125 72
144 1
25 65
61 45
61 65
104 137
40 57
124 121
68 41
64 94
3 108
128 141
72 96
101 58
67 76
59 8
32 76
148 102
48 94
119 62
114 85
133 125
102 118
26 19
64 39
56 91
122 18
72 97
71 148
131 70
63 108
79 84
132 75
14 135
150 46
92 39
123 87
125 89
54 27
103 44
31 118
11 49
124 147
81 138
117 149
10 147
120 57
128 20
88 57
100 79
131 48
15 73
66 40
54 5
7 3
102 29
26 73
70 1
23 25
50 96
4 130
43 150
5 49
48 149
113 138
145 12
16 24
131 21
145 49
119 20
48 24
51 46
13 88
29 107
47 135
144 8
125 46
68 61
139 38
78 61
120 84
65 46
140 19
84 30
125 29
114 72
10 127
63 24
32 46
37 130
50 42
42 5
36 94
9 111
128 149
83 87
74 24
147 122
139 84
78 139
112 91
140 72
22 91
104 16
68 5
98 111
148 72
148 44
7 39
97 110
132 32
7 107
40 113
61 48
119 30
23 135
61 108
139 138
145 150
32 91
93 138
130 15
34 90
125 138
68 62
42 45
7 91
10 66
98 45
3 87
3 27
100 88
17 41
78 5
136 45
13 44
89 16
7 80
55 84
128 114
103 21
7 2
74 106
116 36
11 127
75 127
38 44
122 130
43 95
126 8
67 11
98 36
4 55
35 45
141 82
89 6
16 138
135 11
105 20
28 110
126 48
140 70
23 141
135 137
74 94
121 15
84 90
77 91
109 96
35 24
28 87
36 79
61 52
56 149
113 56
10 42
85 45
10 48
136 8
68 80
4 116
60 140
104 20
11 6
110 57
26 21
86 94
143 17
44 30
83 72
38 91
37 25
60 117
74 131
122 41
74 56
149 45
67 149
133 92
31 19
31 10
133 56
55 115
4 21
77 108
95 57
124 64
63 47
110 141
122 105
79 33
91 52
7 118
75 12
14 125
80 22
66 150
112 87
89 57
37 42
80 79
78 21
93 46
117 59
52 1
116 96
148 40
104 109
140 94
71 28
53 30
61 112
121 114
37 98
49 96
103 114
58 21
47 30
93 73
104 96
55 5
103 61
55 65
3 122
83 16
76 79
108 142
26 54
120 122
128 70
94 8
37 72
34 30
6 20
92 73
71 109
65 142
146 105
79 8
117 94
117 28
121 104
94 6
4 8
145 33
147 70
112 96
120 45
111 127
124 126
63 21
4 106
99 118
74 141
28 24
35 118
56 49
113 129
28 141
103 89
136 52
135 145
37 118
77 143
121 72
103 99
9 70
26 36
14 102
129 1
74 109
113 39
92 96
131 24
145 79
117 27
136 14
40 30
146 33
8 134
133 89
98 76
92 53
35 91
135 45
35 72
13 50
14 149
92 74
49 1
79 20
37 5
56 33
65 15
72 59
7 13
27 84
125 98
67 115
14 98
13 40
78 33
65 56
63 102
144 150
100 70
50 35
140 98
34 61
132 147
2 28
103 93
117 49
107 150
95 20
102 6
71 22
27 113
121 106
78 90
136 139
88 90
143 15
14 52
42 131
42 82
32 18
74 91
32 33
129 6
112 76
143 22
3 84
55 77
129 49
23 84
77 146
141 127
71 143
119 96
128 33
49 73
43 131
102 126
104 48
25 120
130 137
101 118
47 139
106 82
25 129
68 150
128 107
37 2
116 141
79 22
76 111
74 73
80 67
13 72
43 13
35 145
59 84
131 8
63 6
100 135
128 19
60 143
125 145
76 150
132 78
53 104
106 150
131 82
53 39
119 150
55 3
67 111
63 52
37 18
80 122
15 91
13 42
13 87
4 10
4 3
145 72
66 144
23 4
10 129
114 109
16 96
10 8
63 49
148 36
148 56
116 51
100 147
128 37
77 106
58 93
71 59
108 79
18 45
122 45
53 15
58 67
74 76
28 137
62 52
100 75
113 94
97 111
14 109
62 149
17 76
120 24
8 90
133 29
128 67
62 57
26 127
16 113
120 107
9 102
37 15
7 43
47 145
89 146
62 33
109 137
17 15
103 98
99 49
106 138
142 138
125 139
87 79
16 93
33 24
7 14
124 84
9 96
8 46
47 56
108 57
77 139
16 12
100 21
124 93
53 69
7 23
26 91
10 56
123 93
135 146
58 72
116 87
9 126
122 143
92 65
109 15
61 79
55 69
3 44
68 88
68 66
109 70
43 81
68 52
7 28
78 121
103 143
123 145
23 134
14 89
32 147
107 82
10 145
102 62
27 82
43 124
69 27
51 150
28 90
84 85
132 66
36 139
71 66
120 69
103 116
23 147
68 24
14 30
10 110
132 22
107 24
119 15
123 3
119 90
43 109
64 49
110 105
92 12
121 33
37 90
3 142
53 12
78 42
36 24
55 140
60 130
48 134
71 123
42 117
121 48
32 95
43 65
143 85
123 138
49 46
96 33
17 129
102 97
81 40
69 118
32 8
60 97
103 101
63 61
132 4
63 141
131 88
2 143
78 40
23 62
26 64
146 99
10 17
110 30
99 59
126 145
133 80
101 1
104 111
71 35
93 95
67 45
80 5
42 44
72 113
119 14
117 134
92 134
101 64
102 77
31 76
47 38
27 134
133 55
13 147
5 21
19 76
3 45
77 28
75 48
42 74
74 142
128 150
117 96
32 144
50 56
31 99
102 39
13 20
92 76
135 95
50 94
60 79
26 25
135 96
25 106
81 41
49 142
54 135
4 83
19 149
31 60
11 51
10 22
27 62
123 64
68 93
25 84
135 5
15 45
55 105
130 16
110 8
132 130
37 107
123 144
92 5
126 70
43 74
23 136
75 126
17 85
19 79
136 127
49 105
22 90
143 90
8 91
50 51
37 91
124 72
7 36
66 141
145 130
109 88
74 65
128 145
132 30
68 122
119 52
121 118
13 144
68 9
143 73
103 57
137 52
121 139
2 82
37 117
13 118
113 76
68 65
82 30
107 94
101 16
31 103
116 101
10 102
98 22
133 65
69 144
14 90
122 90
16 110
10 130
7 142
75 120
127 85
17 94
40 139
34 146
145 84
34 39
125 5
61 11
14 104
130 93
87 38
135 93
99 94
148 139
14 138
114 41
125 27
147 107
141 91
71 76
69 58
137 97
4 47
49 127
75 30
35 76
35 147
42 107
88 6
13 123
100 124
119 102
66 61
121 117
72 110
54 70
55 106
85 18
67 36
146 134
132 21
139 52
63 96
53 87
58 38
110 20
27 11
17 62
101 52
25 127
86 49
92 112
131 5
4 52
59 110
92 149
60 48
47 117
119 68
128 41
66 44
74 33
94 1
116 76
121 39
116 1
135 94
110 46
147 18
148 124
102 34
66 149
86 19
132 108
110 96
71 103
10 46
133 61
35 111
83 73
31 65
47 93
54 61
11 33
83 62
55 147
47 84
104 73
10 59
74 111
22 46
94 12
37 125
16 38
40 117
7 10
66 33
87 95
122 84
129 22
141 44
4 72
40 56
116 150
14 97
136 146
102 145
141 33
14 16
146 45
148 141
121 46
83 48
61 51
102 66
61 33
109 21
119 53
148 88
72 107
54 98
34 18
89 91
98 122
80 82
35 93
142 33
140 101
141 1
74 87
26 49
116 117
126 44
68 33
128 91
14 84
63 105
54 74
143 64
71 2
104 51
97 85
50 73
131 28
136 112
31 5
110 6
4 1
50 41
130 27
135 147
39 127
114 111
74 52
5 6
27 73
63 50
104 106
78 126
64 115
50 44
129 18
66 143
124 108
17 118
86 40
132 121
2 137
131 46
119 114
101 99
35 20
29 11
101 131
51 30
34 145
9 130
34 73
60 18
149 46
102 17
71 64
26 79
132 14
14 57
113 6
121 12
51 76
110 129
31 77
32 129
71 102
69 70
146 18
148 76
35 113
63 46
140 96
124 137
125 93
68 42
23 45
83 130
103 2
68 108
104 113
124 6
42 18
83 134
78 80
75 22
117 24
4 90
35 130
19 134
128 110
150 18
29 112
121 115
25 82
54 132
121 8
146 91
103 113
110 76
66 76
72 142
25 45
29 143
140 2
119 33
95 41
107 59
116 67
50 1
86 51
31 125
26 32
124 1
120 94
128 116
28 105
29 73
54 134
75 42
83 99
3 72
135 129
51 22
19 18
65 129
60 85
121 105
139 33
136 91
80 89
63 69
55 73
133 113
136 94
75 139
43 16
123 30
67 5
2 1
14 147
45 30
67 22
142 127
143 30
53 126
56 96
43 133
128 11
139 5
130 73
126 39
86 30
94 38
138 127
136 147
101 114
48 118
100 122
119 138
126 150
99 72
116 72
69 97
59 150
64 90
23 122
78 58
23 19
117 144
57 33
146 97
95 105
133 11
132 44
41 90
54 21
107 39
22 111
70 41
126 36
54 59
63 113
65 20
59 90
9 75
58 76
93 141
47 72
128 98
42 56
53 115
56 70
95 85
16 94
100 8
51 24
78 30
109 39
124 8
50 45
9 8
42 79
60 120
62 49
68 87
32 17
4 142
148 91
51 73
123 127
17 18
28 88
71 142
75 85
9 92
86 24
23 129
53 94
23 64
106 85
61 62
3 88
106 24
7 119
125 38
69 22
118 33
31 56
131 18
28 18
17 39
133 131
131 22
86 87
124 28
50 5
121 44
136 72
150 105
32 66
128 58
43 143
116 129
37 112
37 99
49 115
148 65
75 50
140 139
58 99
47 144
93 17
121 94
54 51
29 16
83 94
128 140
35 141
120 99
137 93
114 33
17 111
104 107
37 3
120 85
48 90
68 57
97 96
112 15
71 96
36 95
144 84
13 51
3 58
26 46
92 48
135 140
34 86
50 62
69 38
72 5
64 65
9 15
107 85
2 20
10 39
147 95
83 5
9 133
64 96
75 32
68 70
47 124
104 33
128 46
31 72
26 45
148 78
50 24
121 59
79 96
125 122
10 140
72 79
99 137
86 79
12 134
74 51
104 15
97 150
123 104
72 1
146 130
86 116
4 78
77 66
4 84
92 139
55 52
58 90
103 88
72 45
133 68
75 111
119 133
119 10
55 70
8 6
25 134
146 16
3 139
62 95
40 59
124 19
128 73
26 125
6 85
15 138
67 109
25 73
109 36
116 70
9 50
28 8
53 64
69 74
19 107
105 73
5 90
125 24
31 67
28 1
34 16
97 70
71 125
65 38
40 142
140 85
119 94
112 70
32 114
25 56
102 94
117 70
25 46
23 57
136 3
66 81
140 89
53 41
74 95
88 84
78 147
136 61
119 17
105 127
112 106
43 93
136 19
23 142
126 127
68 95
71 81
66 122
58 129
28 134
110 45
84 20
36 90
55 21
21 38
143 108
65 33
80 46
124 149
23 40
17 90
42 11
83 114
91 1
67 17
34 11
75 143
133 97
136 55
136 104
48 95
34 97
102 67
110 70
60 94
58 12
69 93
69 141
112 105
81 145
121 74
129 82
100 69
26 132
93 36
7 87
16 5
31 147
119 41
77 18
55 83
14 24
4 50
83 38
145 11
23 108
29 67
7 46
101 111
136 67
7 144
95 111
94 141
121 123
112 79
31 113
77 89
144 111
93 41
140 127
63 19
113 108
89 72
125 94
19 16
130 45
32 84
132 111
128 5
119 45
124 122
54 66
86 99
10 82
32 81
136 129
139 24
92 52
26 92
71 49
63 88
50 82
126 104
130 131
23 88
114 39
99 48
145 58
2 41
37 19
114 27
71 60
112 48
61 76
121 65
13 99
46 12
34 143
35 84
98 41
76 52
55 104
40 110
9 10
54 29
94 39
11 96
81 65
147 111
2 19
140 52
89 130
120 143
32 40
17 107
86 8
100 131
32 49
117 97
9 149
80 99
133 137
63 72
100 102
17 73
23 29
147 29
3 112
23 65
146 141
55 57
79 39
145 127
124 24
31 138
100 57
102 46
130 39
131 11
54 149
134 18
53 116
66 39
101 36
3 145
125 30
42 38
131 93
83 107
137 87
32 20
60 36
144 51
120 145
78 85
132 103
4 145
137 22
114 134
80 109
13 11
37 131
102 115
9 134
80 58
9 107
67 3
27 51
54 15
104 17
130 109
59 111
66 18
125 103
25 19
102 130
119 77
96 41
3 16
62 96
65 70
54 108
107 21
53 108
4 33
42 83
59 1
78 45
10 125
14 143
31 91
6 18
58 131
66 56
4 125
98 19
3 8
95 24
34 67
101 44
132 93
37 61
25 125
137 118
102 12
10 99
35 67
69 95
63 48
38 127
13 138
133 150
71 50
29 96
35 19
57 45
148 146
55 85
126 6
37 38
61 18
28 118
130 22
97 44
66 94
60 95
28 91
32 15
75 116
17 142
4 42
122 145
102 122
21 127
69 137
3 114
92 90
4 16
63 142
53 105
80 141
75 115
63 135
102 70
121 73
54 55
137 39
7 31
89 30
14 8
81 16
55 48
107 141
65 51
138 33
35 29
147 58
25 146
17 45
13 93
147 44
75 137
29 117
94 129
121 5
126 91
125 15
130 49
97 118
124 33
48 115
43 59
32 58
101 61
95 44
143 28
40 145
107 142
23 110
122 118
146 49
104 149
37 64
75 79
9 33
123 99
55 38
55 98
69 88
116 118
129 52
80 118
53 107
116 112
90 24
50 113
102 11
92 60
14 36
94 88
121 45
32 105
35 144
139 8
28 44
107 33
123 88
147 82
63 133
78 17
31 139
113 84
71 114
121 90
88 45
1 73
68 49
3 19
50 125
86 138
125 129
74 30
136 80
102 87
136 21
2 122
47 52
68 39
142 24
74 110
148 67
35 86
132 99
34 147
2 27
16 107
53 141
63 110
135 62
65 84
9 115
72 76
32 2
83 88
35 96
25 70
109 41
67 84
121 51
47 78
86 61
103 111
55 114
63 143
37 53
137 41
135 58
40 130
119 116
121 40
143 57
47 55
37 123
64 70
64 5
133 79
35 2
119 58
102 16
25 76
61 22
54 57
26 144
31 1
25 97
145 28
24 134
48 150
95 115
92 88
125 61
121 79
132 114
97 108
95 5
142 45
128 6
47 6
89 11
103 53
140 64
87 57
67 51
99 129
2 80
34 65
19 41
64 105
131 44
67 24
26 111
14 70
26 56
98 94
41 73
121 16
28 57
66 5
100 80
93 51
124 3
131 144
67 30
63 123
4 95
53 139
54 113
75 64
35 40
6 73
69 44
14 28
83 143
136 121
133 90
65 82
36 57
100 16
132 37
25 143
103 6
120 131
118 150
125 130
5 44
54 39
107 138
17 110
29 89
53 144
108 6
14 114
143 38
95 39
60 59
92 146
28 11
92 121
28 93
68 121
147 96
86 115
21 73
23 5
36 118
60 116
129 8
14 72
50 86
39 82
54 138
129 91
98 28
126 28
13 33
16 59
3 33
117 11
110 138
125 109
71 65
145 21
17 105
147 123
40 91
4 75
88 30
25 11
72 150
123 24
55 94
104 93
9 1
126 21
135 131
3 134
26 29
66 19
31 110
6 134
81 38
38 141
55 120
124 15
7 58
2 48
64 84
81 85
116 18
141 24
43 118
34 118
140 76
55 66
98 107
31 30
122 142
76 84
75 44
10 89
76 90
128 36
114 46
135 134
29 39
149 38
145 52
118 91
60 46
5 1
2 8
72 74
70 105
71 3
77 118
128 77
148 33
68 139
16 52
26 78
37 40
60 27
79 106
26 10
124 45
63 77
145 65
5 91
117 1
128 109
39 6
8 30
119 85
97 30
100 33
101 79
18 24
19 138
132 118
109 149
4 65
42 138
79 57
122 22
68 45
70 142
143 51
25 116
25 79
89 87
128 108
119 56
125 105
32 22
31 3
37 124
130 12
66 113
68 100
100 120
108 51
148 94
72 127
61 111
98 116
29 138
119 109
78 123
133 12
99 115
98 108
66 22
86 11
94 96
100 98
125 57
2 74
144 88
137 15
126 16
80 117
75 122
100 143
81 90
137 96
117 64
55 39
6 1
43 36
40 82
60 108
75 33
78 81
131 137
83 22
37 141
129 21
84 138
57 111
133 96
133 75
72 108
68 127
23 137
3 64
66 87
120 115
112 108
93 49
31 127
140 143
103 94
86 144
94 91
77 87
76 18
51 33
32 103
42 1
59 94
47 2
114 150
143 39
81 69
77 84
147 145
133 21
78 69
122 144
51 1
26 41
92 75
136 48
93 91
35 41
43 21
61 38
13 80
96 82
146 82
103 51
10 122
2 94
136 60
104 59
62 73
145 74
11 5
70 39
53 62
95 96
135 81
73 30
54 75
2 113
72 137
149 70
140 59
17 64
82 84
65 57
89 108
140 118
131 96
119 131
132 144
22 105
112 19
80 1
2 109
75 81
113 87
6 30
58 87
107 91
51 6
133 51
143 70
132 104
146 56
40 104
10 58
70 88
28 85
98 59
23 138
66 137
63 138
23 109
2 144
44 90
140 115
119 54
34 1
140 87
56 41
119 115
80 51
98 62
13 77
17 21
83 109
81 150
4 144
136 116
4 17
48 110
62 15
148 82
93 62
26 107
121 3
25 39
128 27
16 20
128 42
131 129
66 140
42 130
21 45
91 134
56 88
144 112
89 144
15 30
40 112
123 19
7 136
86 74
9 90
135 77
54 141
36 73
56 51
122 24
63 137
47 105
98 33
59 20
144 65
32 89
41 20
31 88
100 109
120 44
72 17
64 57
50 120
15 142
89 84
89 28
31 39
143 24
116 65
67 87
145 36
97 91
14 113
100 3
67 143
83 84
111 46
62 127
13 61
103 108
130 84
147 57
119 126
77 5
23 130
143 139
146 40
117 115
50 46
135 84
23 97
122 97
67 96
138 24
7 121
126 131
75 62
120 64
4 67
54 92
27 20
76 24
145 114
13 135
97 8
13 106
35 89
130 36
77 58
39 115
140 150
63 8
121 62
7 4
63 121
16 39
100 85
102 112
100 29
100 110
71 15
68 96
116 15
83 116
35 131
87 6
98 138
47 31
86 58
68 94
136 134
112 30
61 72
129 138
8 84
2 57
64 18
140 5
92 101
68 76
41 134
75 55
37 137
124 73
62 79
103 67
147 130
128 65
3 36
122 79
19 113
117 129
114 129
124 21
86 39
140 22
124 143
114 1
69 62
133 140
50 110
74 85
124 55
58 110
128 86
113 18
37 14
122 19
116 12
2 15
124 66
90 82
72 21
136 34
121 82
104 110
78 99
65 149
147 110
38 142
49 84
35 137
68 48
83 144
50 29
7 59
9 63
122 52
146 52
5 142
75 123
138 18
31 90
144 24
36 48
2 93
136 27
144 105
58 49
13 143
139 96
120 11
61 110
102 135
25 2
94 76
100 39
60 146
109 28
137 8
37 101
113 5
34 58
116 111
25 78
90 20
80 101
117 145
35 98
106 18
26 12
128 15
149 5
104 22
104 64
48 85
32 34
58 52
132 56
42 62
47 35
65 150
47 73
81 115
68 125
86 59
59 138
103 24
135 122
135 29
64 44
84 12
55 102
53 114
64 41
135 86
146 94
13 32
143 1
17 97
25 62
10 134
95 56
126 111
4 13
116 130
4 146
68 103
7 24
71 134
106 105
29 30
19 28
140 126
54 109
13 139
23 111
35 59
9 57
25 80
145 129
74 38
147 12
147 143
43 107
68 123
13 78
47 87
119 111
119 44
63 38
82 24
66 116
62 59
146 143
112 64
53 67
56 76
133 124
53 90
116 105
2 46
60 39
10 97
54 44
78 102
102 150
83 8
70 76
50 106
3 70
109 48
37 28
121 29
114 73
130 24
71 129
17 91
135 1
101 56
75 129
14 101
102 111
36 5
121 22
57 138
129 106
40 138
9 17
43 49
54 41
50 70
95 73
105 6
129 111
47 129
144 129
99 24
64 73
86 131
66 38
124 40
146 64
119 27
131 90
75 86
26 104
31 85
25 64
98 80
80 12
62 110
47 96
135 6
116 21
63 53
146 111
139 141
86 97
76 39
69 21
135 138
131 149
41 33
32 120
143 5
120 8
9 98
98 150
34 106
25 85
23 13
13 117
13 6
7 104
93 57
103 17
78 70
70 33
14 2
23 133
119 88
43 123
135 40
43 85
150 84
124 99
60 69
144 18
131 99
137 88
89 114
32 74
66 88
126 143
104 139
71 107
100 74
23 22
101 108
27 46
29 19
26 99
92 83
129 105
79 30
60 99
57 1
95 18
14 146
98 114
110 52
135 36
101 126
54 100
121 125
144 94
2 90
38 6
125 77
104 39
133 48
123 101
108 52
29 149
14 64
89 143
25 91
28 17
140 95
132 49
132 51
37 75
117 85
146 65
136 25
142 12
58 28
48 56
16 45
92 30
149 21
135 144
118 84
98 48
124 53
76 30
34 64
43 18
29 64
123 150
39 41
81 51
70 79
37 11
66 48
72 36
122 65
25 130
67 118
50 135
23 30
35 94
126 110
51 20
135 89
2 141
147 142
112 12
66 83
34 144
71 94
143 11
121 130
19 15
96 15
60 114
27 24
82 57
98 38
124 131
26 108
57 30
131 59
28 94
44 12
100 82
100 99
124 50
29 145
71 131
51 106
60 138
3 144
31 94
125 40
146 28
55 125
146 3
81 28
87 149
78 55
35 150
109 11
93 127
71 115
50 122
103 85
80 91
67 134
34 12
149 33
135 125
110 134
118 22
148 8
10 51
107 115
147 112
55 56
78 111
77 115
9 58
103 150
132 79
53 130
117 113
119 12
53 109
71 24
121 53
32 112
60 121
128 125
74 46
55 62
136 111
81 139
114 141
87 139
94 22
136 35
39 88
63 11
124 144
38 88
86 41
35 123
74 130
77 130
47 100
63 20
10 109
53 21
60 45
14 108
128 16
78 64
52 115
31 104
64 111
97 41
71 56
92 14
89 139
140 56
3 11
91 82
77 86
97 21
119 51
97 1
100 45
77 46
25 100
26 71
122 44
47 115
50 149
66 62
28 82
16 139
119 132
77 94
69 105
114 138
3 41
91 24
83 113
43 142
144 76
36 51
49 106
50 61
99 113
93 12
101 106
126 22
133 30
31 122
25 49
43 32
3 113
10 120
9 81
80 104
68 12
4 103
59 76
71 48
124 125
9 137
139 111
147 99
50 22
102 146
132 55
39 90
26 135
136 53
122 39
108 49
104 45
149 134
10 131
91 85
110 12
130 30
114 38
130 28
42 53
132 3
11 18
121 52
121 116
100 95
119 4
7 130
131 30
92 56
17 5
69 85
68 35
54 101
64 56
146 87
58 139
94 111
4 54
123 61
74 8
143 96
3 85
100 87
98 30
19 56
120 53
142 88
122 70
25 118
75 82
140 108
34 84
112 28
81 97
112 46
7 62
98 21
32 138
38 52
26 67
146 51
14 20
54 96
60 86
135 56
67 52
48 18
9 114
4 86
39 24
141 18
36 1
133 116
117 137
35 39
128 39
103 8
77 53
119 129
80 64
25 48
104 76
34 81
15 12
68 73
34 79
14 144
10 80
103 76
54 111
109 59
146 5
83 49
34 48
147 120
13 137
95 33
146 62
116 39
10 81
114 22
80 17
61 150
148 42
25 15
17 59
7 74
123 8
133 107
135 121
50 144
93 11
49 79
121 27
131 113
71 136
43 17
32 96
145 64
69 52
16 44
126 76
68 97
125 131
44 91
9 4
148 60
17 24
14 6
38 82
4 147
148 84
92 67
83 28
54 84
87 150
19 33
92 144
10 139
114 131
136 83
42 84
80 87
22 84
107 111
100 50
145 61
54 118
128 40
79 15
71 133
148 6
35 60
7 106
40 52
95 51
14 131
63 103
14 10
42 81
130 8
74 144
38 15
98 84
135 10
64 141
42 97
89 18
83 3
112 51
16 11
55 33
14 111
134 45
86 22
69 109
7 35
123 46
128 134
36 11
86 38
109 30
51 88
77 73
83 18
143 112
4 5
132 40
37 59
125 111
126 82
23 100
72 30
69 150
126 99
56 129
42 30
108 150
103 38
29 109
92 1
115 45
34 126
147 11
44 6
34 98
99 22
54 77
148 17
150 44
31 12
23 69
23 98
133 22
103 72
21 18
25 3
40 70
28 127
55 149
52 12
63 149
62 113
119 13
50 123
135 72
83 85
96 1
103 106
51 44
12 20
7 44
136 130
132 13
71 99
35 52
67 40
3 110
2 67
47 18
139 127
26 24
48 70
116 30
10 61
26 114
105 134
121 98
148 58
68 75
57 134
42 126
120 105
4 81
116 20
78 116
56 6
121 24
35 87
96 57
103 107
122 88
23 140
78 93
123 114
120 103
71 25
34 6
112 21
103 96
150 127
23 124
60 115
78 94
128 93
136 10
133 45
126 57
31 70
26 140
66 105
33 44
116 115
87 82
87 49
54 9
133 31
87 90
31 117
68 142
55 46
25 149
130 112
119 143
123 96
40 144
83 51
130 142
63 5
80 108
54 80
81 146
10 12
144 142
84 1
136 103
40 39
80 36
86 70
92 120
136 6
60 131
119 70
65 30
104 56
108 41
55 122
15 18
64 6
148 95
100 42
145 91
64 142
50 140
101 15
69 96
35 17
23 115
125 16
130 139
78 95
99 20
54 34
119 59
128 22
133 4
94 118
58 144
55 19
124 103
97 15
116 134
63 13
32 101
96 91
31 24
37 86
11 46
81 72
77 101
78 35
60 53
27 52
2 108
55 64
120 130
69 116
62 56
10 77
132 105
48 44
87 22
55 99
103 11
117 142
56 30
107 84
32 82
28 22
98 101
119 106
60 139
120 83
123 59
136 85
31 46
104 108
55 110
69 91
56 134
132 82
117 57
80 16
60 112
66 17
61 142
8 142
111 30
42 137
47 118
27 44
47 113
29 57
144 48
60 96
38 18
54 99
140 146
120 70
67 107
86 143
99 139
23 24
145 101
71 44
4 111
92 50
43 103
24 73
78 149
25 108
98 57
72 65
26 130
99 106
144 5
42 150
103 22
7 18
71 68
63 14
70 44
62 111
92 35
124 32
77 147
58 97
100 137
43 3
23 10
110 79
99 87
129 45
118 20
47 15
9 14
92 25
119 2
37 70
114 106
70 52
10 84
112 110
63 136
36 12
78 83
67 85
59 95
14 117
109 105
8 20
97 106
124 120
9 97
136 86
4 19
13 56
34 104
54 62
54 33
147 64
75 35
100 14
123 108
80 111
135 57
23 2
10 115
83 21
34 17
47 69
13 140
136 131
104 5
108 96
81 46
145 18
53 111
133 132
115 20
107 1
132 9
56 52
122 51
66 73
103 12
77 131
1 85
86 72
126 30
129 39
64 62
53 65
95 84
9 35
48 20
78 113
80 65
13 59
9 110
114 48
14 35
4 27
122 82
10 28
55 82
47 45
134 30
132 34
13 121
81 149
77 109
40 15
46 18
149 6
78 22
104 87
10 138
35 108
44 85
37 133
78 150
86 142
132 15
149 24
125 52
61 41
108 115
64 22
87 24
14 120
27 38
92 105
63 106
94 134
53 81
126 108
89 142
68 134
121 80
55 8
86 111
122 138
87 20
7 125
11 84
112 73
19 115
128 85
54 14
130 106
144 141
117 62
21 105
102 86
95 49
83 59
35 143
112 8
126 97
62 150
31 115
35 90
28 138
83 146
101 127
29 137
144 41
80 88
43 41
125 48
10 93
115 33
140 65
28 111
74 1
9 36
131 110
118 142
147 28
2 64
150 111
7 98
35 62
62 1
29 15
66 125
119 18
40 89
114 45
133 86
126 84
83 101
100 73
98 99
70 141
147 137
13 150
94 139
23 51
64 88
23 99
13 21
144 72
143 137
29 106
136 64
78 16
121 138
125 107
133 69
69 65
5 76
121 129
74 138
77 62
27 41
53 143
121 103
142 57
3 18
104 70
135 111
35 33
80 6
37 89
9 3
23 146
32 79
55 146
146 144
7 56
74 107
128 63
75 1
117 39
10 34
103 141
7 73
47 140
117 131
141 118
102 142
79 127
23 48
128 7
4 118
5 30
34 62
7 33
89 109
75 28
71 11
103 19
59 5
150 45
135 48
128 135
25 124
13 90
23 104
133 19
54 18
77 120
146 59
58 57
54 52
35 124
145 139
66 53
35 107
98 127
71 120
77 42
148 106
67 19
37 104
36 76
42 114
119 66
75 84
147 109
97 90
131 6
96 46
32 62
83 36
9 136
18 30
120 38
17 82
32 127
149 108
101 143
71 83
119 137
143 21
140 21
17 49
92 140
26 103
128 14
129 12
142 20
145 20
54 140
132 47
77 79
43 24
60 142
63 87
40 106
51 12
27 105
95 76
116 84
11 73
121 122
129 30
58 46
83 69
131 62
70 84
69 82
83 76
87 134
66 123
7 48
75 107
70 111
149 82
42 86
43 26
58 79
124 145
11 1
135 109
60 34
35 110
137 107
137 20
102 20
34 99
69 11
83 110
117 22
124 61
59 33
26 44
100 27
72 56
122 91
51 18
137 19
25 57
55 101
77 36
35 139
106 142
13 35
7 120
129 38
21 106
122 94
112 95
55 36
112 36
66 69
98 44
14 32
26 55
66 95
66 145
95 134
37 144
2 51
47 14
110 5
80 131
127 1
149 150
133 93
56 79
71 104
17 79
99 82
128 130
10 118
37 121
71 30
40 109
86 117
65 111
3 115
115 18
26 2
98 149
32 56
101 8
148 46
60 22
63 97
77 70
131 142
43 70
93 142
145 62
87 76
98 46
7 67
68 78
92 49
40 18
88 46
43 120
121 28
37 138
136 150
105 44
8 39
72 38
59 108
21 57
50 59
72 109
99 97
47 112
34 28
148 125
27 85
128 136
89 113
147 144
48 59
64 118
10 24
75 124
61 93
9 52
130 57
78 144
86 103
43 73
43 68
98 109
62 88
81 84
9 87
67 39
102 144
108 73
135 101
120 1
32 117
124 81
72 115
54 72
56 18
28 46
149 49
54 68
16 73
138 20
59 97
47 94
48 38
76 118
103 129
131 106
60 19
92 15
109 57
6 12
136 105
37 73
25 21
137 6
31 109
13 96
146 20
42 41
98 91
68 51
130 108
148 22
112 20
71 8
136 5
58 27
131 107
34 94
143 65
79 18
117 44
14 82
77 33
102 57
69 12
13 57
29 21
147 91
13 70
27 12
26 8
136 24
125 141
48 62
147 8
71 79
116 114
93 113
111 85
136 143
86 76
102 117
133 34
147 84
16 115
63 81
13 149
50 150
55 51
136 84
58 150
145 134
66 59
95 97
103 90
4 113
17 51
132 106
78 89
125 142
4 70
64 8
114 118
33 12
19 105
92 10
4 66
103 15
35 120
63 107
29 2
69 2
47 75
31 6
109 141
119 145
68 29
120 27
135 105
144 33
49 22
4 60
58 6
125 143
87 59
31 149
71 21
27 150
27 39
148 31
126 72
32 94
38 46
89 59
128 81
119 107
78 125
102 137
115 111
75 36
113 8
50 101
48 111
2 134
40 87
32 57
75 39
99 12
102 19
53 1
98 65
132 109
112 139
65 12
3 91
13 46
48 106
4 74
50 98
58 105
119 69
117 36
143 99
55 11
136 100
128 84
101 30
102 56
82 20
80 130
67 89
50 76
95 52
102 58
27 97
66 41
130 20
34 76
108 21
80 18
55 40
100 53
43 60
54 139
34 24
49 30
123 91
61 104
10 18
26 115
34 117
131 38
92 45
82 134
7 25
70 15
23 126
68 21
75 138
89 44
10 146
139 150
28 39
95 79
64 24
114 70
40 85
6 57
87 115
147 138
146 21
150 57
128 104
131 1
129 115
62 11
79 91
23 47
124 123
35 146
87 62
109 87
43 138
128 138
41 115
95 82
43 94
65 90
40 24
133 39
9 105
4 36
15 90
75 96
10 16
88 1
43 62
43 31
123 1
4 149
19 141
147 22
148 69
26 124
120 95
100 41
89 73
67 94
92 64
25 117
125 18
66 118
123 41
49 82
67 41
116 80
104 1
60 30
130 82
13 17
108 33
136 122
78 117
90 134
48 105
92 28
42 39
83 19
123 113
133 145
126 24
29 114
126 67
113 97
83 89
140 24
40 20
71 52
35 46
9 144
25 29
77 114
149 20
61 105
63 127
21 1
7 70
72 6
76 44
148 30
77 96
55 32
125 21
100 116
96 105
34 70
31 143
5 111
42 90
137 62
119 74
132 138
149 142
60 118
124 48
102 82
31 87
137 127
3 62
104 72
14 74
81 129
92 20
7 20
14 11
63 134
124 150
60 12
136 123
58 16
23 76
70 38
47 9
40 45
119 142
19 94
99 11
132 110
148 100
138 91
125 34
143 56
10 29
2 85
109 45
11 30
114 90
76 106
86 112
2 129
31 34
37 62
136 108
92 127
125 84
59 41
34 80
133 142
10 116
68 50
119 72
4 61
10 36
63 42
55 20
4 45
59 139
88 134
143 87
102 72
83 41
62 94
124 141
80 85
133 123
43 97
16 91
99 56
14 3
147 52
55 22
129 90
83 93
8 44
25 16
4 148
132 115
7 110
101 113
120 56
139 91
57 85
78 32
138 115
145 90
149 73
78 56
10 40
7 6
60 24
44 1
107 5
98 6
69 90
139 41
21 52
87 41
7 138
98 118
2 38
76 129
98 51
128 53
61 95
115 1
68 13
86 91
109 138
89 94
149 96
119 93
102 24
96 88
54 12
141 20
81 49
61 96
113 52
114 44
55 17
4 136
99 46
10 126
23 83
128 56
56 59
43 99
100 1
117 89
61 24
83 123
10 19
50 129
123 39
136 90
53 5
55 76
10 111
81 33
26 134
27 1
92 123
113 12
63 100
54 122
144 27
101 104
2 61
123 67
76 85
130 85
15 85
112 141
42 15
47 27
148 145
140 69
42 57
49 33
2 106
35 65
79 142
63 139
117 18
131 85
2 12
103 115
133 98
136 20
35 80
25 139
100 77
70 18
136 135
149 57
68 129
107 22
148 87
66 27
13 74
78 110
60 50
136 41
123 6
63 130
26 68
40 141
32 106
124 79
4 79
140 84
54 81
65 141
119 91
125 99
58 130
98 105
149 94
98 123
143 111
106 115
75 27
58 106
71 72
122 15
81 94
135 143
147 36
74 22
120 111
121 17
130 88
79 73
17 46
15 134
77 141
133 147
92 34
138 85
78 131
119 31
123 70
70 24
19 127
59 85
125 113
68 22
58 142
145 15
116 11
70 12
13 24
14 122
47 108
14 145
104 94
107 139
9 49
98 144
42 145
120 129
52 73
13 65
66 97
48 51
102 139
92 118
79 105
62 30
103 62
127 33
148 130
116 104
17 108
89 27
25 75
55 93
35 127
86 129
21 84
50 34
132 25
86 15
139 85
6 52
83 20
81 96
122 40
144 49
148 61
75 88
26 30
116 73
127 45
14 60
62 105
16 48
54 47
20 45
145 70
121 99
53 24
124 140
143 88
43 48
10 6
80 21
124 58
69 84
4 35
125 80
48 139
74 49
43 139
100 118
147 149
47 39
43 8
66 70
112 72
63 40
9 29
22 45
31 131
120 12
53 89
36 62
135 15
40 44
148 90
14 85
28 139
95 30
106 91
123 48
43 106
67 28
59 45
35 53
86 33
10 72
113 142
90 111
51 84
79 51
140 49
78 3
54 110
136 95
54 114
32 5
137 91
32 59
62 70
34 107
135 85
83 64
117 82
104 143
46 73
83 145
83 96
13 36
13 145
119 136
63 59
123 12
42 3
31 123
82 44
87 56
140 36
8 41
114 79
145 149
53 99
103 112
68 107
92 135
128 79
128 69
126 90
130 76
26 96
100 24
133 95
133 109
74 5
92 55
133 100
116 146
75 148
101 72
71 57
132 31
68 147
13 3
17 134
92 3
78 87
110 94
60 76
23 15
124 5
10 52
62 76
97 20
31 49
81 70
145 87
11 21
29 130
32 115
38 1
100 6
37 93
67 8
101 94
60 81
78 41
58 138
109 52
118 6
38 134
96 22
47 32
55 121
67 144
78 51
77 81
147 33
50 121
38 24
4 34
46 33
87 65
13 120
16 85
70 30
35 95
137 84
133 118
133 27
86 139
138 73
148 21
120 28
28 59
92 85
14 129
128 83
128 34
130 41
122 49
120 21
72 28
149 52
40 131
136 75
67 65
116 62
119 65
40 12
79 44
50 52
116 22
147 134
136 2
95 141
67 108
53 70
60 65
59 73
144 115
100 30
42 129
79 21
133 143
83 149
102 59
29 131
5 127
126 64
14 83
81 5
94 20
35 129
132 1
16 49
51 91
148 52
100 5
102 27
143 36
40 41
69 108
32 52
31 146
107 79
87 108
104 150
83 30
124 30
47 1
37 105
43 105
136 97
31 8
104 85
95 149
88 18
13 15
114 62
25 115
89 122
29 90
10 105
74 20
75 125
27 15
2 130
83 105
124 138
47 103
31 45
120 66
141 12
25 40
24 30
103 97
13 28
9 60
99 110
71 70
96 18
94 115
100 144
139 73
37 69
147 79
83 61
148 2
2 145
34 134
147 150
70 5
131 20
37 20
123 143
36 70
141 84
135 30
47 126
107 149
102 83
123 58
7 38
108 20
37 79
69 127
140 12
25 28
47 114
150 138
23 117
128 132
48 142
124 82
138 44
55 29
125 76
80 149
47 53
81 21
121 38
13 98
107 65
130 141
36 17
5 15
129 127
64 85
60 103
40 111
123 16
28 36
102 52
81 107
35 51
66 2
126 73
16 88
83 141
50 69
34 96
22 82
43 114
112 127
32 85
92 16
77 2
50 77
146 118
120 15
78 46
63 66
26 120
145 110
10 123
128 32
69 76
133 53
147 1
50 102
144 95
89 137
136 65
128 124
9 91
134 20
144 138
13 111
142 91
67 113
126 141
80 76
50 89
114 105
146 96
14 79
133 87
61 70
40 48
114 49
31 66
144 137
29 38
125 88
39 84
92 100
50 53
35 6
32 83
59 39
80 145
75 10
43 53
58 91
37 114
54 147
41 45
36 107
10 143
79 6
13 66
120 116
139 6
132 148
119 61
101 110
106 33
11 20
146 57
14 110
31 108
9 80
62 134
7 61
92 8
145 111
149 18
116 88
16 134
13 22
120 134
133 103
148 138
72 91
33 105
78 91
98 134
27 21
47 65
38 84
32 111
148 93
119 146
112 111
2 138
49 52
103 48
100 149
78 88
25 95
147 140
121 126
44 46
36 22
97 38
35 11
124 91
96 141
96 115
122 141
14 17
49 118
29 108
38 20
108 39
63 146
71 145
87 138
51 85
48 141
43 67
14 29
26 129
80 146
16 1
126 89
43 75
42 121
76 127
86 101
77 129
61 36
78 36
122 134
130 48
107 56
63 18
118 21
148 80
69 126
67 146
35 83
35 64
147 117
7 89
145 44
40 118
23 12
86 27
146 109
71 14
4 141
101 33
49 12
67 48
116 94
3 82
25 72
93 76
70 45
38 39
60 58
144 44
14 87
2 142
69 123
128 143
140 67
102 53
78 39
143 46
10 21
31 126
3 118
87 96
4 49
126 105
15 141
4 56
32 61
133 44
23 66
148 86
125 83
25 137
29 105
145 41
76 82
13 69
113 70
58 95
9 72
97 12
67 95
7 124
135 66
48 15
78 101
128 89
34 108
125 90
47 88
133 28
3 12
66 8
119 130
92 147
47 131
139 142
147 15
4 12
114 24
22 138
80 150
26 88
132 135
136 98
40 1
101 87
26 61
59 141
99 73
103 36
113 127
67 74
123 111
50 33
69 39
53 145
27 19
50 142
78 145
14 106
149 11
42 17
86 82
119 122
23 116
63 84
48 8
142 6
136 66
16 106
58 115
145 115
128 72
80 137
80 40
38 138
63 132
135 52
50 2
51 21
90 1
144 59
122 85
3 109
43 134
66 114
102 84
25 50
106 127
25 24
2 52
62 118
83 39
143 118
143 45
140 130
21 138
102 113
102 38
116 33
71 6
10 69
73 45
75 76
106 20
53 72
116 99
78 65
119 92
138 46
34 95
119 36
145 112
42 108
47 82
100 84
54 31
68 8
25 55
15 84
66 49
128 120
141 73
50 11
17 22
35 56
118 105
23 68
35 142
121 109
143 127
28 38
77 69
80 15
2 81
128 43
14 25
56 8
118 88
54 87
74 104
41 111
69 122
116 57
63 118
69 20
137 134
103 59
32 45
103 69
94 142
145 8
122 114
1 20
29 88
54 115
136 96
10 113
12 30
118 52
136 106
63 41
113 106
128 139
34 8
93 30
81 114
53 3
54 104
7 95
26 121
100 46
72 39
24 45
9 150
100 17
147 69
104 97
36 15
23 53
25 5
119 1
109 20
2 40
26 66
58 30
32 126
101 76
114 143
53 56
36 82
31 141
47 29
147 61
114 88
92 117
123 22
42 52
21 33
69 117
66 29
101 149
32 53
147 19
58 1
50 81
110 111
47 121
100 12
89 48
148 144
9 65
97 52
23 18
135 44
110 84
14 41
74 41
56 110
121 57
89 134
26 72
133 73
61 20
54 146
78 104
125 101
7 64
67 142
7 116
63 85
121 150
107 18
100 146
40 137
44 127
26 20
5 134
3 46
26 4
144 99
41 24
109 22
133 139
51 57
50 16
141 22
92 110
143 130
92 131
119 32
132 36
122 21
27 110
119 25
128 45
75 109
43 25
14 5
123 51
119 50
148 140
131 150
100 28
77 95
55 87
64 82
145 56
128 123
132 124
43 39
71 41
117 61
55 10
77 97
9 20
136 11
58 82
132 94
101 3
8 57
148 149
47 80
136 145
92 114
120 138
131 141
34 105
120 39
81 8
86 5
132 139
40 16
40 17
119 37
61 27
14 80
75 114
23 96
9 83
131 134
68 34
140 114
55 50
122 17
130 110
42 2
102 140
52 82
66 103
148 126
81 36
121 85
42 105
109 24
31 106
10 15
68 86
119 144
128 131
10 137
50 64
103 81
37 13
44 111
11 82
108 24
119 46
42 140
95 139
80 28
128 52
116 90
147 3
19 8
68 114
125 112
103 117
98 89
54 90
43 27
11 22
140 97
72 48
26 116
15 1
28 113
86 93
9 117
124 38
3 22
133 78
9 108
136 101
126 27
16 56
66 91
2 59
53 150
131 112
15 39
55 81
77 99
34 127
41 84
29 44
69 56
119 140
11 45
54 93
55 59
35 55
9 101
107 95
7 71
39 18
23 81
67 46
50 93
29 51
84 45
148 11
115 30
36 110
40 64
75 141
4 89
5 150
126 88
108 141
110 73
33 84
121 36
59 106
133 59
119 95
117 16
71 130
101 12
123 116
146 113
35 106
67 138
128 112
27 139
9 79
103 46
92 32
54 129
54 76
23 101
62 39
53 58
86 98
61 74
124 34
43 77
132 142
141 39
35 114
77 17
31 130
10 57
63 44
10 85
15 105
132 33
37 108
60 66
66 45
109 16
48 52
118 12
4 87
132 24
22 88
125 104
122 108
23 56
26 80
31 134
92 116
120 51
4 82
10 90
26 38
47 141
147 66
124 139
140 109
77 30
5 8
58 22
50 134
68 83
136 33
2 17
68 44
148 74
35 34
75 15
67 82
71 92
129 24
71 67
72 22
130 38
31 81
110 24
128 101
92 27
43 113
40 134
26 9
127 46
40 5
95 12
25 27
99 62
77 82
97 24
109 139
120 41
32 149
33 52
43 127
121 64
68 145
69 46
124 95
37 122
100 40
103 5
47 104
71 138
103 122
31 38
4 138
128 30
37 80
28 129
100 64
55 126
148 70
28 45
62 107
120 29
146 112
150 96
117 17
116 46
61 143
76 91
141 46
87 46
23 114
25 123
5 41
133 38
75 105
135 3
132 95
133 117
34 51
142 46
78 29
114 104
98 113
34 33
102 99
25 105
29 5
100 106
89 95
17 1
63 34
43 42
10 141
81 67
29 142
104 41
13 30
89 118
77 41
75 94
66 104
136 62
147 73
71 140
136 1
27 5
78 44
74 99
26 94
88 138
143 138
32 125
128 60
68 37
89 149
47 41
32 130
81 61
125 108
92 18
61 106
40 96
7 72
