InstanceID
1_200_4
NumObjects
200
NumFactors
4
Weights
23.603334566204694
34.651701419196044
31.27069683360675
0.790928339056074
48.86128300795012
21.096820215853597
95.1916339835734
99.99046588986135
25.166218303197184
98.66663668987997
55.57510873245724
43.71079746096251
42.471785049513144
77.3223048457377
28.11902322857298
20.947237319807076
25.137920979222493
2.037486871266725
28.77015122756894
85.9512136087661
7.695088688120899
64.03962459899388
87.35441302706855
27.85824200287785
75.13126327861701
64.4883353942093
7.782644396003469
84.81854810000327
8.56351682044918
55.32055454580578
46.33502459235987
18.582130997265377
11.198087695816717
97.6311881619359
5.161462067432709
53.80295812064833
45.56920516275036
27.93951106725605
17.824610354168602
54.89828719625274
37.097066286146884
89.41659192657593
64.80537482231894
41.70393538841062
14.456554241360564
62.24031828206811
87.23344353741976
52.49746566167794
24.159060827129643
88.48369255734127
44.08974233731111
40.467263869902006
73.67868019103597
95.38034231508577
9.518559239746228
51.967533179373014
1.3540332577443914
30.33988122056488
70.25571355154578
59.65370068827476
63.893483969362094
87.23474485143244
54.8635145519931
26.299203233756497
52.64433516590159
46.501931862871636
27.551933532993544
46.182259118045124
95.18613955904868
28.873732530669916
66.12321555087209
19.45678064479248
39.3193497656424
99.07406554003964
55.03342139580574
58.07816346526631
76.83586278313636
51.952465724186084
51.486297110544356
99.81360570779374
60.36816885930896
75.87747975618097
59.0953157912963
72.20856092527971
95.3207040651399
38.441136185217296
32.00111699127468
86.5624810646251
45.45697712730568
42.02865080388871
22.515104100350246
28.616914065436294
30.91439610705362
17.03908213526897
14.716190329632184
23.006281697084184
9.292924093459032
68.14146962328581
76.2276463170743
33.908123311767135
13.87630205269108
45.64461494422447
73.99181702358935
81.60038067949999
11.452851400716412
74.89278209847107
87.81082146105777
93.04810599220204
89.62907387006602
66.3144967776936
47.27988856860361
88.05252273121609
1.4103300731604707
50.277385057351445
22.48507679922378
28.785752457114434
10.403265240715243
47.57487965157381
41.668074230955064
52.13873819245543
90.84986119637708
10.283157795639708
67.04205825614974
75.54152239466787
64.90562651461806
66.04003260599424
90.62106456676113
27.541564882559744
86.99256330506813
14.164408841125242
97.01070250645898
87.3156688334914
23.433763208045534
77.20151675814206
58.543417213362844
55.00977329088699
47.32302657566332
76.60250516303444
87.36379717598399
47.92217477283576
35.968218148407914
60.884054852966706
98.99425798506974
67.19065876778774
34.38896477804298
7.932544266802011
17.3981640095495
91.69942728112271
89.5429175695397
97.71222840913845
52.556335227037266
79.92489905680242
14.3426781983629
23.0250076105877
68.83961188281282
27.0395469927333
6.083958816286406
63.83625721409225
33.346688026594926
56.680154328909204
68.78184526111752
13.67024459331192
36.064918663946145
85.1616258865751
47.543896622338664
89.7433670228817
9.068412710469143
1.96910347806325
18.881587517801602
5.835664215643366
79.95675924346548
50.45915525429117
7.658013531798469
7.489366508266104
64.81856423210624
5.076318388625722
37.58050754808182
44.41507311888444
16.09952325109647
54.94865085600957
61.43867719440892
52.09910188917961
67.85120112176801
88.60480243058015
76.28295627290143
20.64021511982954
23.379261754870797
23.851588402844428
93.19243650736814
86.65652258833974
62.82341905766104
48.766682865498765
92.75209597696863
14.98122904503374
61.22962039695901
77.60943915820184
36.40033899148876
28.7311121363512
25.866238457932944
53.03955035772412
Budget
5008.560326924091
Profits
-4.7206669132409385
-6.930340283839209
-6.25413936672135
-0.1581856678112148
-9.772256601590025
-4.219364043170719
-19.038326796714678
-19.998093177972272
-5.033243660639437
-19.733327337975993
-11.115021746491447
-8.742159492192503
-8.494357009902629
-15.464460969147542
-5.623804645714596
-4.189447463961415
-5.027584195844499
-0.407497374253345
-5.754030245513788
-17.19024272175322
-1.5390177376241798
-12.807924919798776
-17.47088260541371
-5.571648400575571
-15.026252655723402
-12.89766707884186
-1.5565288792006937
-16.963709620000653
-1.7127033640898361
-11.064110909161155
-9.267004918471974
-3.7164261994530756
-2.2396175391633433
-19.52623763238718
-1.0322924134865419
-10.760591624129665
-9.113841032550072
-5.58790221345121
-3.5649220708337204
-10.979657439250548
-7.419413257229377
-17.883318385315185
-12.961074964463787
-8.340787077682124
-2.891310848272113
-12.448063656413622
-17.44668870748395
-10.499493132335589
-4.831812165425928
-17.696738511468254
-8.817948467462221
-8.0934527739804
-14.735736038207193
-19.076068463017155
-1.9037118479492456
-10.393506635874603
-0.2708066515488783
-6.067976244112976
-14.051142710309156
-11.930740137654952
-12.778696793872419
-17.44694897028649
-10.97270291039862
-5.259840646751299
-10.528867033180317
-9.300386372574327
-5.510386706598709
-9.236451823609025
-19.037227911809737
-5.774746506133983
-13.224643110174418
-3.8913561289584964
-7.86386995312848
-19.81481310800793
-11.006684279161147
-11.61563269305326
-15.367172556627272
-10.390493144837217
-10.297259422108871
-19.96272114155875
-12.073633771861791
-15.175495951236195
-11.81906315825926
-14.441712185055943
-19.064140813027983
-7.688227237043459
-6.400223398254935
-17.31249621292502
-9.091395425461135
-8.405730160777741
-4.5030208200700494
-5.723382813087259
-6.182879221410724
-3.407816427053794
-2.9432380659264368
-4.601256339416837
-1.8585848186918064
-13.628293924657163
-15.245529263414861
-6.781624662353427
-2.775260410538216
-9.128922988844895
-14.79836340471787
-16.3200761359
-2.2905702801432826
-14.978556419694215
-17.562164292211556
-18.609621198440408
-17.925814774013205
-13.262899355538721
-9.455977713720722
-17.610504546243217
-0.28206601463209413
-10.05547701147029
-4.497015359844756
-5.757150491422887
-2.0806530481430485
-9.514975930314762
-8.333614846191013
-10.427747638491086
-18.169972239275417
-2.0566315591279416
-13.40841165122995
-15.108304478933572
-12.981125302923612
-13.208006521198849
-18.124212913352228
-5.508312976511949
-17.398512661013626
-2.8328817682250484
-19.402140501291797
-17.46313376669828
-4.6867526416091065
-15.440303351628412
-11.70868344267257
-11.001954658177398
-9.464605315132664
-15.320501032606888
-17.4727594351968
-9.584434954567152
-7.193643629681583
-12.17681097059334
-19.798851597013947
-13.438131753557547
-6.877792955608596
-1.5865088533604021
-3.4796328019099
-18.339885456224543
-17.90858351390794
-19.54244568182769
-10.511267045407454
-15.984979811360484
-2.8685356396725803
-4.60500152211754
-13.767922376562563
-5.40790939854666
-1.2167917632572811
-12.76725144281845
-6.669337605318985
-11.33603086578184
-13.756369052223505
-2.734048918662384
-7.212983732789229
-17.03232517731502
-9.508779324467733
-17.94867340457634
-1.8136825420938287
-0.39382069561265
-3.7763175035603203
-1.1671328431286732
-15.991351848693096
-10.091831050858234
-1.5316027063596938
-1.4978733016532209
-12.963712846421249
-1.0152636777251445
-7.516101509616364
-8.883014623776889
-3.219904650219294
-10.989730171201915
-12.287735438881784
-10.419820377835922
-13.570240224353602
-17.72096048611603
-15.256591254580286
-4.128043023965908
-4.675852350974159
-4.770317680568885
-18.638487301473628
-17.33130451766795
-12.564683811532209
-9.753336573099753
-18.550419195393726
-2.996245809006748
-12.245924079391802
-15.521887831640367
-7.280067798297752
-5.74622242727024
-5.173247691586589
-10.607910071544824
FactorLoading
0.4771885892298522	0.1603840264132339	0.09960626297976871	-0.2628211213771452
-0.08814371884969696	0.11724436047884201	-0.4690652508497475	0.32554666982171354
-0.5531580817936996	0.34423736312728903	0.09379271230464381	0.008811842774367529
-0.30131646896541975	-0.06296795899720964	0.13874110014003938	0.49697447189733124
0.26207837215495156	-0.20798907345066708	-0.09404778859474905	0.4358847657996323
-0.5187784041916781	0.15333042505639494	0.003752742983850199	-0.3241384277680768
-0.41291676539748745	0.15165800101401583	0.01843321954897581	-0.4169920140395209
-0.22942398956867383	-0.14998937642546806	-0.5732932461722879	0.04729338783357018
-0.04748253620274423	-0.14497185917250044	0.41744282059257354	-0.3901027840321818
-0.43492556851418906	0.11187663683325333	-0.44783590866159284	-0.005361885990964765
0.23283975024246018	-0.05134683389609873	0.5855361498200309	0.1302772660414102
0.010117762521448581	0.0017886539937457258	-0.7556188969104389	-0.23247468657436676
-0.18077869477928443	-0.3280074380468172	-0.3509207868665609	0.14029308030733745
-0.2702206829102025	-0.14072513168179257	-0.5793730972684696	-0.009681088139535277
-0.11459727224260452	0.17492131067231464	0.45521672010148295	0.2552646969835979
-0.1472248613938436	0.8164651254079345	-0.029274633706672493	-0.0070353794915494205
0.794672371628695	0.08313019682021294	-0.1181909711276965	-0.004006460423395586
0.23575508887341523	0.38739494216312687	-0.34061500951089574	-0.036234959452562165
-0.5006945287542528	0.36969498218715957	0.1116483926045555	-0.017962096454032128
0.1689491220420971	0.7384280510743615	-0.028134952972339367	-0.06448787391120203
0.32750222905990234	-0.43323883413919884	-0.23420502226196693	0.005053914538931892
0.33154753550474747	-0.4286085427124666	0.06407691510669888	-0.17576700667608702
0.14583848288175938	0.47375596083241844	0.2639996047560693	-0.11640595152975286
0.38631823418622857	-0.018967946320894047	-0.14717605209266127	-0.4475377674002161
0.04463615405960475	-0.19183010325423067	0.142214587077508	-0.6213191556086566
-0.002138132012198257	0.030298489211911805	-0.43494681151738956	0.5326165672585004
-0.20332901820866178	0.016646349148148554	-0.15194408418880978	0.6280805484543799
0.06787121630720594	-0.7065406151382083	0.027302568914780778	-0.19828559963980497
0.329019879767831	-0.5332555575816316	0.08013145253341825	0.057593110117119206
0.006617533175209189	-0.060847059999108666	-0.483193242872894	-0.44934216395278814
-0.30678076587215863	0.5160320944589465	-0.07016014092924672	-0.10702699873964816
0.02221083124361134	-0.5676691360038257	-0.29713375822264676	-0.11298627452991616
0.03817553408846597	-0.10218241264304884	-0.7777290414611078	0.08191301180737742
-0.051602866551024196	-0.20253751218578908	-0.03806367571197833	-0.7077959455512084
-0.8327539260832255	-0.15559740921218035	-0.004912853595127942	0.006735811109466194
-0.3111639550185994	0.03458305169861764	0.2534593874427935	0.40079360583998946
0.16744070186847004	0.03404929574284976	-0.1127495136625345	0.6857604887261457
-0.37153281279682693	0.10645956694118341	0.35868786515564244	0.16331975510634722
0.5336429080222036	-0.00867822685363806	-0.35922716879968	0.09845169632447837
-0.27553739810352784	-0.0016720459541086363	0.27345366034127183	0.4493368956010917
-0.21049659967544643	0.2984084093434356	0.2854485095503998	0.20564648143071818
-0.5005030440446516	0.11005367270979383	0.06288987968170101	0.32655340356385354
0.008390459931971517	0.5081028868215205	0.15739788240056374	-0.32610877084594425
0.12682209451429638	0.4111279386356683	0.31881176975024417	0.14323819709979113
0.10047327958679597	0.20158352953039893	-0.17733537328289062	0.5206078175999145
-0.49462418532011854	-0.0944234074680903	0.3077654340151794	0.10318697319661174
-0.2927920602067655	0.02194278503382452	-0.2528124126928164	-0.43245274206659357
-0.17061014476928138	-0.003958939810561057	0.10826076027919496	-0.7171701551409626
0.21239212976864352	0.2980977208558213	-0.17571928369138323	0.31379086568415193
-0.4753755148230152	-0.16935654810769485	-0.01013514818557959	0.34513278888371035
-0.14274190775736728	-0.18067383795345093	-0.29076647183320836	-0.3858177824559734
0.11494446502637201	-0.023973253438237974	-0.20410396780671425	0.6569783137286758
0.1118045181257592	0.4209237646541839	-0.31365788946031103	-0.15361382775974586
0.24604431627956425	-0.1629877265674895	-0.13791887240009792	-0.45304908475284833
0.03800123901405583	0.539060713099103	0.13320735144456775	0.28973069644227345
-0.10357566191590961	-0.4160204000467078	0.25482377168475123	-0.22558016635263134
-0.2912356774319549	-0.04343555874664151	-0.048919793711078574	-0.616408970110325
0.09216687117125066	-0.6537595128189171	-0.21798453968991893	0.036089076319913316
0.4326715861449224	0.16631438696465195	0.3436205007060127	-0.05739352618441296
0.16895704858794725	-0.12351058328728137	0.02863580844524316	-0.6788965596795282
0.21629566251305787	-0.41831013043381615	0.2573177271308871	-0.1080764799222389
-0.28651699142603926	-0.13985196231355967	-0.14683948276397563	-0.42679156349642544
-0.010670221735126217	0.05091436361244073	0.6408553717131495	-0.2975600429392835
0.03931553833963419	-0.3792834111169914	0.3665637939176054	0.21483725662576902
-0.01989304018092719	0.3772541227539199	-0.5717614662685346	0.03109137079661828
0.010165148740453045	-0.20762120424760777	0.64577465593488	-0.13643899107705915
-0.34362946064558564	0.36054394815340784	0.1357060539406345	0.160120537260372
0.2632846522910113	0.6062517657859989	-0.06924284708655049	0.061220734836439306
-0.2860193288642383	0.5692609340385799	0.10584867597511383	-0.03887106112206795
-0.4846088665192807	0.12632462317450166	-0.25487451454575116	0.13419199576046648
0.2279027794734565	-0.2709921352951652	0.19485043474988162	-0.3062546504814967
0.13827450735598767	-0.1512626891496669	-0.3236659850277235	-0.38679681846662195
-0.013725712674562018	-0.4244089091435259	-0.5370502556425834	-0.024815122539328716
0.10937863622907584	0.20483603616624135	0.11317477757653593	-0.5726105500281469
-0.02666410792753271	0.290978012625178	-0.5323047946092838	0.1500530848380055
-0.006303640478035888	-0.43548060778692443	0.0828310389262985	0.47538471280874117
0.6202896178742741	-0.06366528158018925	0.07132279775796113	-0.24472230278757556
0.37417274033169634	0.15177512232506407	-0.2479308144933834	-0.2261213228498562
-0.4357854133964223	0.04437890758959795	0.16964310631602486	0.3501925726979549
-0.237719503522261	-0.0894032679553749	0.269665544580612	0.4032116839417521
0.14246544400271932	0.04213991979597753	-0.4170745637117006	0.39832007248960255
-0.25121077468813513	0.09231279900297196	-0.5067659103912474	-0.1497105159176455
-0.4396712030214991	0.23393377051903252	-0.21857104415047535	0.10782398230899304
-0.21817105279061222	0.11940179969566778	-0.20398630337336665	0.45844084414035335
-0.12676150475890058	0.3088815248543504	0.2935538207350832	-0.27080314965166585
0.04081768280687181	0.19761117993424504	-0.7571392856848456	0.004431851574037582
-0.19416501569918365	0.310805869306233	-0.03867850511869664	-0.4563506098758867
-0.059419163090150384	-0.031862248843250285	-0.8505268550078	-0.05819173305879932
0.13462619997301317	0.03320900021982798	-0.4245782256987336	-0.40758657410842525
0.19776836954860944	0.19785500450452087	0.5679101080157225	-0.03646651793114719
-0.061683314645594844	0.36560412815700816	0.3491781248769077	-0.2235344323204893
-0.15960833483029768	0.05254978099021468	-0.3416506837583091	0.44619120042117855
0.3227299744250198	0.08626377532522356	-0.1405672139563956	-0.450439036293361
-0.05636003000881806	0.37268681120114566	-0.2613538012345371	0.30959935755549917
-0.2109896075761193	-0.056649657823912625	-0.16038897322512446	-0.5719717613748436
-0.10604399098134598	-0.30336865539734537	-0.3523113742673645	-0.23827597935394418
-0.12566737107127013	0.5971416625506103	-0.2643018681968212	-0.012889098181298353
0.312302623710657	-0.016615232180868356	0.416321887246649	-0.2547602568618257
0.07011827889315536	-0.025224472642304763	-0.1889102358037933	0.7157470126607466
0.13432900421276472	-0.01176848331605962	-0.33484919222161036	-0.5190533202495653
0.2619005483347976	0.46098520025956824	0.09033127386979412	-0.18678297753584006
-0.6125673296930421	-0.04424276529924143	0.003337945263108155	-0.33985195974460836
0.21216484121681756	-0.13257654211414716	-0.29512470908803845	0.36013390758099684
-0.5847853229683329	0.33180575320130057	-0.02348240016012504	-0.05992652367024154
0.07133942160184614	0.07143936422766028	0.15330367594157535	-0.7039175382289182
-0.07435941988544403	-0.017352142176957353	0.7543195039416111	-0.15396893399598754
-0.4500922888726391	-0.282839878964501	0.16849512059345062	-0.09857271156940928
-0.21138777524373675	-0.2838746529483249	-0.5045965380235242	0.00014103378441410186
0.9628211017977848	0.00176805054787188	0.020090518134380897	-0.015320329519962428
-0.1089639861056797	0.27769447086233967	-0.27995055868528196	0.33339098434669867
0.22207237768053556	-0.6624249994119202	-0.07871564184648738	0.03678698106105682
-0.366232891468633	0.33830701851095757	0.06428337604278878	-0.23117671397762063
0.24177232181467945	0.03956987031144821	0.5711662165424092	-0.14749159133146317
-0.08647581116899206	0.16066421203549575	-0.639666251382649	0.11319372541286321
0.5920390405970326	0.09875710730766984	-0.039731369444190756	0.2694724826511068
0.01988045370854019	0.2716116479666639	0.07968510544232155	-0.6288227928824743
-0.30649561983325335	0.3643894172997919	0.0618343151859162	-0.26728064768103854
-0.36225834974282267	-0.008534775953188634	-0.4930010695832612	-0.13620580472072752
-0.006626057153509279	-0.09460776415706063	0.2169199059586846	-0.6818462727307455
-0.5289763822483979	-0.06641708216037401	0.2529918316816564	0.15161470390957166
-0.046185866373702034	-0.6067941534348302	-0.31985706329038255	-0.027162916901085188
-0.3554867348225792	0.22024378271244927	0.2958437148752102	-0.12842576758976132
-0.018513587531401976	0.17168606084480653	-0.11327101565600128	-0.6965293359677902
0.681084342235388	0.005541367629267713	0.2954152786081743	-0.017959011527169944
0.23553067058100474	-0.019689436213909728	0.4968197707346693	0.2479601224704162
-0.026797996395031554	0.34518748419399703	-0.2976024780304596	0.33041204138051183
0.7002148327717392	-0.13198945659671568	-0.07754406134395819	0.09025164928758689
0.12207084057586104	0.4863309886466969	0.2071384340700566	-0.18445973670738547
-0.16189130311904254	0.03263258481740361	-0.009109196224515559	-0.7963669158390383
0.43344104592431476	-0.34405542135005085	-0.04253570770426118	-0.1799678250213732
-0.3552889411206641	-0.11353152406241196	0.284598953326052	0.24658058149087192
-0.3639376691944791	0.2514818351694472	0.16146319832654576	-0.2231172973095279
0.3932206082675731	0.038204465508325125	-0.2186452109442545	-0.3499297152798473
-0.12685534585158798	-0.24088321041890182	-0.18955736537238366	0.44270407835712655
0.6704808357618257	0.020433894524693352	-0.09422185269613537	0.21486341701734557
0.1353648175716704	0.004723980255460614	0.31691406302095526	0.5429971391519137
-0.3971921110475569	0.17003803585100585	0.10876505422723737	-0.32400479887419986
0.2815453190601511	0.450354589441158	-0.051952129042030615	-0.21614796245666024
-0.2362979911633094	0.09218064290606098	0.0034370557870280205	0.6680843101436016
-0.6623268053200277	0.15241346202687356	-0.055529745567303834	-0.12972998708579486
0.03627877599560314	0.19371392666126752	0.0769792710743884	-0.6930280262687409
0.2537970571181418	-0.09112072508824931	0.08144663439050626	0.5736355834031026
-0.4036997663100197	0.22766399790701808	-0.23853517110743527	0.13010106467552696
0.2204990903406836	0.26671813523819643	-0.23726947872514925	0.2755132956959707
0.16765111185596937	-0.2581380257891619	0.1894851481465265	-0.38472571420834223
0.05383822762268986	0.3879355728432299	-0.2742430232403976	0.28398317629368264
0.29543153790442345	-0.5895029686270974	0.041325068699555656	-0.07374042476892351
0.16279488912991202	0.29476688176301913	0.26940889115520905	-0.2730293379518598
0.4425537415632428	-0.053516256574324794	0.36898790893746414	0.13494209292496828
0.19710749801105432	0.09363004009622	0.17836191940711643	-0.5309005424856093
-0.016734658724459894	0.11807528593724803	0.09218696502057022	0.7730030903177219
-0.15906383760264164	0.2613311316261038	0.00781183442255573	0.5717931963486989
-0.2195158703554656	-0.023653599070190268	0.005658725837839773	-0.7511718047365044
0.09717502360638197	0.027062704119288572	0.4670272717924717	-0.40873500048185774
-0.1291983207810865	0.006159648564229014	0.4934746903671825	0.371167340287502
0.12007543027174328	0.28465544727286396	-0.353180393619273	0.24208872883611976
0.10393129988105376	-0.2245317696275977	0.39575871050764544	0.2757782199837031
-0.10088794112611388	0.447507669761644	0.07748234881144578	-0.3741220403007963
0.093087932078318	0.7110402812060141	-0.08459582359312856	-0.11127596312253929
-0.5444753491031058	-0.08301461812599475	-0.35170851117430213	-0.020801521596597317
0.5714684905364285	0.04410472899171336	-0.06274012200169254	0.32168665847016564
0.009374160589135316	-0.3445032816739959	0.14455431326124524	0.5015682444756235
0.04103961319964333	0.4770962424929739	0.346071734910528	0.13579240939685477
-0.0711170815073765	0.4960215976585496	0.17112279655194063	-0.2617385242821333
-0.07390785307973724	0.5776602351242852	-0.26671955312108353	0.08171235867489401
0.05126384326077704	-0.09305665875677183	0.390449019480416	-0.46523047850203514
-0.19313971088684112	-0.1320247818580378	-0.6135104918946872	0.06132501536043389
-0.7867239770334182	0.05193883322856374	0.08402593037787165	0.07731125936014638
-0.009242018434256538	0.05615758067247878	-0.8647749759385035	-0.06982542495476118
0.0739886846774902	-0.5894375957393947	-0.017878707246867798	0.3186950123362473
0.20260730432014773	-0.3166348222739528	-0.05121574240977034	-0.42954213099612915
-0.1456517048362742	-0.563808714279378	-0.12552357942278403	-0.1650160014615638
-0.340518135559122	-0.014401981761667404	-0.34289232275356096	-0.3021875599256496
0.2431890707840927	-0.04022064696143968	0.22849594814716445	0.4880943341073032
0.3891166998940849	-0.20852862175522824	-0.35628133413556906	-0.04607334421511777
-0.22945321630316728	-0.6200291386338304	-0.04366153261897776	0.1068561124440246
-0.30584173661886416	0.23063165874849667	-0.11836340594341954	-0.34516319868921963
-0.5023120638989336	-0.31860296706504054	-0.15149050248031637	0.027594466555709518
0.32726878974398055	-0.23462683868515266	-0.2956738563920458	-0.142430515178821
-0.058687534260907004	0.19560203938698306	0.3809258072768851	-0.36478461907522486
0.03067359942791259	0.18520744228598884	-0.43371209610269923	-0.35040686218339934
0.30503673818234533	0.3950935732419165	-0.12244221239259567	0.17742747618314247
-0.26609519391941716	0.3534893356062758	0.1862171352169597	-0.1941983352573473
0.47683422169767287	0.3243064227071508	-0.1173576517430448	0.08150170385213151
0.37833909550922273	0.1488757618996297	0.032151744344736555	0.440633398246411
-0.2622544399832538	-0.19919501938431772	-0.409661665133946	0.1288888754984825
0.5017966139362189	-0.23847125866374586	-0.13637400699930913	0.12335812040072613
0.01165501303504346	-0.12835744386539494	0.7835532511281187	-0.07643429197144291
-0.22204422912724686	0.10741840885573728	0.10557920735555171	-0.5649581546614642
0.11079806631770062	0.669485615251437	0.07725799928986388	-0.1424583191409985
-0.11387988478759947	-0.25038154639437016	-0.6286900853370199	-0.0070484834810105035
0.4718481057442234	-0.07672627999125337	-0.14998060382565326	0.30144501043886995
0.062117637273034765	-0.1160114185362251	-0.17750824179169267	0.6443627023990475
-0.2055601328575769	0.22474378799284	-0.4435938416788707	-0.12610223747071236
0.053429009910093805	0.7193216683638415	-0.16970210985789724	-0.05754721186816747
0.5322036902988689	0.006449797678758751	-0.44089241196202944	0.020454100060342872
-0.006569602510242412	0.04490709717597574	0.05106708576131336	-0.8974562145524685
0.5521573884284223	0.2622062369497944	0.16004556798712044	0.025590806634662844
0.35239237279377633	0.08108095759276424	-0.4727400789750442	-0.09378659063841521
0.4058995960005567	0.37511000838823505	0.1314476412636505	0.08754275434755776
Conflicts
42 93
34 150
120 104
68 6
192 19
121 131
100 24
159 196
126 11
43 171
150 12
34 29
102 1
172 125
41 82
93 16
35 169
54 88
151 64
170 181
108 84
200 127
189 171
10 79
195 83
46 30
198 137
62 46
162 183
58 41
7 52
109 185
4 5
2 84
178 194
174 58
2 112
170 67
152 73
181 140
4 153
2 36
180 165
131 97
21 15
198 39
19 175
133 104
137 45
125 161
117 115
83 79
178 67
86 90
191 162
55 1
200 48
35 59
122 6
101 164
119 196
191 60
42 72
187 190
114 64
163 108
181 16
140 192
191 134
4 38
136 42
63 86
23 103
135 67
191 180
116 29
78 15
164 76
63 183
111 24
64 21
162 169
103 164
140 109
86 196
132 86
7 171
81 115
157 175
171 197
199 66
40 183
163 8
145 141
198 134
194 181
42 96
124 24
69 106
86 88
7 5
122 76
4 154
23 16
68 183
141 73
23 33
65 20
151 108
36 141
50 169
185 49
170 198
192 188
25 147
187 52
162 158
107 44
124 2
163 172
78 76
81 48
136 106
166 44
103 33
101 139
154 151
173 76
81 138
199 70
26 148
68 59
124 110
61 94
77 117
163 171
62 196
143 113
173 21
198 93
94 85
191 29
177 103
174 139
152 15
35 29
175 134
154 193
195 2
132 112
7 66
74 59
102 129
180 147
80 90
158 73
14 89
42 66
180 111
3 89
41 15
102 64
174 87
142 134
174 107
122 36
66 80
166 171
47 67
184 20
121 99
187 198
100 127
184 134
121 96
59 6
47 130
121 1
63 125
87 45
181 108
110 171
83 140
37 116
173 64
172 77
86 109
101 38
185 110
47 11
114 97
133 88
35 164
116 107
2 117
166 27
48 197
87 141
91 6
159 157
9 31
125 36
171 129
162 139
181 61
128 18
63 148
132 39
148 59
79 21
187 159
69 30
92 12
170 21
193 184
189 88
92 52
91 138
49 46
68 15
154 198
136 161
191 40
93 21
103 129
35 6
9 15
192 76
50 87
37 190
135 109
7 98
189 126
98 24
126 144
90 57
190 99
165 183
55 44
95 59
23 4
101 6
146 139
10 129
133 154
186 64
200 89
199 16
200 135
78 171
28 113
61 182
187 140
99 65
54 154
66 169
78 27
29 146
137 38
200 180
78 22
63 181
184 45
140 95
10 143
137 106
132 179
159 129
31 169
13 1
89 112
193 95
14 156
191 5
189 145
126 1
191 189
137 129
77 169
95 52
42 196
140 175
77 138
177 3
131 64
165 28
166 164
128 111
124 139
101 149
136 129
177 142
151 48
100 172
76 141
194 27
63 53
179 147
47 192
2 28
169 96
161 93
168 180
173 24
50 126
150 39
139 22
106 45
131 188
137 108
14 98
133 137
100 33
120 20
133 96
148 195
31 194
86 113
148 155
117 104
113 158
58 33
29 76
126 97
25 114
145 126
147 139
37 96
144 118
49 45
133 123
35 30
13 39
89 155
105 46
54 102
155 164
124 158
128 96
199 88
58 104
95 88
83 137
9 176
67 70
170 57
119 63
181 183
66 1
165 142
62 44
124 185
95 94
200 175
125 3
117 93
61 5
132 38
119 38
2 184
2 123
123 115
47 10
38 73
166 181
75 126
153 196
56 139
37 122
77 145
179 44
29 41
75 74
188 106
63 186
140 28
91 127
90 91
103 91
53 40
93 48
3 24
56 6
101 82
181 82
177 17
58 84
70 49
189 48
149 8
117 155
190 141
140 137
128 75
120 169
154 149
170 112
148 10
83 158
71 77
116 149
78 130
123 18
119 104
114 21
160 31
121 2
13 169
187 123
200 139
172 134
167 76
159 42
181 190
173 104
180 141
162 115
103 3
117 110
117 95
35 165
139 134
97 12
114 46
36 94
150 91
67 59
77 22
89 58
177 2
95 108
57 158
131 112
112 33
78 137
191 149
135 183
9 82
53 39
160 33
176 91
179 45
68 30
56 15
123 165
17 49
124 107
153 105
23 160
9 123
195 21
135 8
53 97
181 20
89 129
117 88
92 126
136 73
98 192
170 53
44 134
102 150
54 153
8 138
72 197
149 97
32 62
159 120
26 198
97 171
43 88
129 158
126 16
71 181
126 12
194 116
151 171
156 131
71 194
12 73
139 38
75 93
156 142
160 175
190 93
159 106
195 184
77 57
177 48
29 158
178 106
109 6
188 45
132 127
160 44
129 20
77 96
145 88
136 34
132 150
178 52
9 38
82 85
168 110
162 21
32 98
25 165
60 114
189 65
48 79
83 57
104 142
160 113
148 58
14 142
181 103
2 107
13 79
187 179
60 70
102 103
165 51
124 162
58 118
49 15
200 158
190 134
138 90
195 93
160 67
160 164
162 1
187 79
125 169
166 131
16 20
123 192
193 137
143 44
148 84
108 196
173 1
7 139
39 105
125 147
50 164
146 11
148 111
58 5
156 176
124 104
16 129
26 11
153 112
2 17
128 16
61 76
9 139
31 86
133 33
113 94
65 97
180 49
83 90
160 135
156 55
101 48
98 8
190 153
80 138
53 79
38 33
55 190
178 12
137 65
37 163
81 49
163 86
23 42
177 137
151 122
177 183
53 138
57 105
23 123
19 17
88 115
125 110
23 93
154 108
133 61
161 64
4 176
55 101
37 38
160 22
42 155
116 99
89 90
110 141
26 45
187 195
83 81
25 78
171 49
112 129
53 155
19 142
200 104
147 65
69 18
48 152
152 46
53 76
34 186
140 19
178 80
28 149
195 79
71 78
160 1
116 79
186 185
61 28
120 93
23 39
135 28
200 132
92 193
178 33
135 126
13 33
166 81
195 36
56 76
53 122
153 129
157 153
37 182
136 108
168 153
44 105
159 39
160 158
10 20
149 105
52 18
200 145
175 82
89 46
93 18
152 5
43 143
44 85
177 61
167 9
167 48
123 122
64 150
165 164
75 194
26 144
9 87
55 176
19 186
195 111
48 39
31 21
124 70
194 110
113 33
7 68
47 99
136 50
162 171
100 89
59 70
47 90
9 51
2 86
195 104
160 64
87 155
25 107
163 31
42 21
140 39
146 73
168 145
56 88
172 165
199 142
77 90
147 27
128 2
2 62
176 106
162 62
117 139
191 187
191 39
130 39
126 5
199 139
69 175
70 106
21 20
194 93
136 36
7 84
54 30
147 115
148 131
67 130
29 84
37 129
11 52
64 95
63 33
178 191
147 176
37 65
175 73
136 88
160 146
164 129
81 161
83 12
86 150
191 93
179 126
120 46
112 18
106 1
106 52
180 109
36 176
102 169
155 76
166 6
72 141
68 10
166 170
122 161
159 67
71 97
156 93
50 77
190 30
64 106
125 157
200 72
144 1
25 151
173 190
193 65
83 193
61 45
172 176
104 57
40 192
124 121
43 92
68 41
64 94
179 181
3 158
108 141
128 72
101 96
58 165
180 67
59 76
8 76
32 164
148 102
172 48
119 94
62 85
194 162
199 114
133 159
168 125
102 118
26 19
186 39
64 91
174 56
170 18
122 97
71 72
148 177
70 152
131 186
63 161
108 158
160 84
132 79
75 172
14 135
150 46
92 196
123 39
125 87
89 27
54 178
151 103
155 44
200 31
11 118
167 161
124 49
147 138
194 81
117 149
10 147
156 57
120 199
171 20
128 88
168 57
100 179
131 73
196 15
187 40
166 190
66 5
7 54
102 3
29 73
26 165
70 1
23 25
172 96
50 130
4 150
43 5
195 153
49 158
48 149
113 138
145 162
198 12
187 24
16 21
126 131
98 183
145 153
170 49
119 151
174 20
48 24
51 46
13 88
122 56
29 107
47 162
135 144
8 46
102 125
103 176
68 61
61 171
78 120
65 84
140 46
19 30
125 114
72 127
10 193
63 24
32 46
37 130
50 42
184 5
10 42
127 183
36 175
94 184
9 111
128 198
199 149
83 87
74 197
168 24
190 122
159 147
139 84
78 139
164 91
112 72
140 22
156 91
104 16
68 5
98 111
148 72
148 44
154 39
7 97
132 110
32 107
165 152
7 40
113 48
119 61
175 30
135 181
23 61
178 108
139 171
156 138
145 150
32 91
180 138
173 93
130 15
191 90
34 197
166 138
125 62
151 176
190 182
68 45
42 91
7 10
66 45
98 87
27 88
100 188
17 41
78 5
136 45
13 44
89 16
80 197
167 55
128 114
103 21
7 2
200 106
74 36
195 116
155 11
75 44
130 38
180 122
55 171
28 12
135 182
43 191
47 135
126 8
67 11
200 98
4 36
55 45
35 190
141 82
89 6
186 138
135 16
11 105
155 20
28 110
180 126
48 70
140 193
23 141
135 151
137 94
74 186
121 15
84 90
77 162
174 91
180 96
109 24
35 28
87 36
79 52
191 61
56 149
113 56
85 45
172 184
10 48
136 8
68 80
4 116
170 161
168 194
60 140
156 104
11 20
174 161
110 6
21 57
26 86
17 94
167 143
181 30
187 44
83 72
193 38
190 91
37 25
60 117
191 74
122 131
56 41
74 192
149 45
67 153
180 149
133 92
19 155
31 10
133 31
56 152
55 157
4 115
156 21
77 186
16 57
155 176
191 157
63 64
47 194
122 105
79 33
91 52
7 163
171 118
75 12
14 125
80 155
154 22
66 150
112 87
89 57
37 161
42 79
80 21
78 191
93 196
167 46
7 8
117 59
190 52
96 1
116 185
148 40
173 109
104 94
71 171
53 30
61 112
177 114
121 98
37 195
49 96
103 58
185 21
47 30
93 73
163 96
104 5
194 55
103 61
55 65
179 3
122 16
83 76
29 79
195 34
123 38
108 142
26 54
124 65
156 122
154 120
164 183
128 70
195 189
94 8
37 72
197 30
34 165
53 185
20 134
92 6
170 73
109 65
142 105
133 146
133 79
8 91
67 117
28 94
161 182
121 117
104 162
94 183
159 6
4 8
145 33
147 70
112 162
120 45
111 127
124 126
63 21
168 106
4 99
131 118
74 16
163 141
165 24
156 28
35 118
56 49
113 129
28 141
103 89
136 52
135 145
37 118
77 193
189 143
121 72
119 148
103 99
9 70
26 36
14 102
172 1
74 129
109 39
113 96
92 24
145 131
164 79
168 27
14 117
136 165
40 30
177 33
146 169
8 134
133 89
98 76
92 53
35 91
135 164
35 45
174 72
13 50
14 149
167 199
151 158
92 74
49 1
79 20
37 5
56 33
65 158
72 15
59 183
7 13
27 84
180 98
125 115
14 67
13 98
78 40
151 65
63 102
163 150
144 70
100 50
35 185
140 155
98 61
179 61
34 61
147 193
132 2
28 162
93 188
189 103
48 49
166 177
117 186
193 169
19 49
19 150
107 20
163 157
95 197
200 6
102 162
71 22
193 27
173 113
121 106
78 183
136 139
88 90
165 15
143 153
14 52
42 131
42 82
32 18
181 91
74 33
198 161
178 32
160 155
129 6
112 76
143 22
3 84
77 158
55 129
49 84
23 177
77 146
187 141
143 127
71 192
119 96
28 188
71 186
173 81
165 76
191 196
128 33
49 73
43 131
77 64
102 126
157 104
48 176
25 120
130 137
101 184
139 118
106 82
25 152
129 150
128 68
167 37
116 141
161 22
79 111
178 76
185 73
198 67
13 80
13 72
163 188
43 194
174 133
35 104
145 59
159 186
8 84
168 131
63 6
100 135
178 19
128 60
145 143
125 150
132 78
53 104
106 150
131 82
189 5
198 2
119 150
55 3
67 111
63 171
80 91
42 15
154 87
160 10
4 198
4 3
145 72
66 144
74 24
10 151
114 129
109 162
16 96
178 10
169 8
63 198
36 49
148 164
148 56
116 51
191 147
128 100
187 176
37 106
77 93
58 59
71 146
146 171
168 79
108 45
194 186
108 18
179 172
176 79
122 45
53 15
58 46
154 67
74 76
28 137
62 52
100 75
97 111
74 131
14 109
62 183
149 164
17 76
120 155
10 24
182 73
170 90
166 8
29 186
128 133
67 57
26 62
151 127
170 173
16 188
113 107
102 120
9 175
37 186
171 15
7 193
43 47
180 145
89 146
186 62
109 33
137 15
17 185
103 165
98 99
49 106
142 138
139 138
194 125
87 79
190 33
14 24
7 167
124 161
106 84
75 96
9 172
170 8
47 46
56 188
108 57
77 139
16 164
100 12
124 21
53 93
69 192
7 160
23 91
26 56
10 153
123 93
135 146
58 72
116 188
126 188
163 122
199 143
92 65
109 15
200 199
168 152
61 79
55 69
199 3
44 88
68 66
68 70
81 109
43 164
68 52
7 194
28 183
78 121
159 103
123 143
23 145
154 134
32 147
165 107
145 82
10 192
102 186
62 82
27 192
43 124
69 27
51 150
28 90
159 189
161 85
84 158
117 152
132 93
66 36
139 196
71 69
120 103
23 116
147 24
68 14
110 30
10 152
132 22
107 182
184 24
119 15
123 3
119 181
43 90
109 64
49 105
110 12
92 121
193 33
37 90
3 142
53 12
78 42
36 24
55 140
60 130
48 134
71 123
42 117
152 183
121 48
170 32
65 95
143 85
169 176
123 138
67 186
58 49
96 46
17 33
169 184
97 129
174 102
81 40
69 118
32 8
60 97
103 101
189 61
172 157
157 91
199 45
132 4
63 141
177 131
88 127
143 87
2 158
23 62
64 155
26 146
99 17
10 181
99 59
198 153
124 165
80 107
133 197
101 1
104 111
71 35
193 93
95 169
174 45
67 164
80 5
195 44
42 113
14 72
119 117
92 64
102 101
77 199
31 76
167 38
47 193
27 134
133 55
13 147
166 21
19 5
3 76
192 45
28 182
180 77
185 188
75 48
42 152
125 74
178 155
197 46
151 74
153 142
160 150
172 117
32 165
144 56
50 111
99 97
31 39
13 102
92 20
95 76
135 94
60 79
26 25
174 96
135 106
25 41
81 155
184 182
155 142
54 49
135 158
4 83
149 158
19 164
178 60
31 51
10 11
176 22
27 62
123 64
68 197
25 93
173 84
193 185
31 121
135 5
187 15
105 45
156 193
55 158
56 176
16 24
130 110
195 8
132 130
37 107
156 144
92 123
70 5
126 74
43 136
23 156
126 152
75 183
17 85
166 79
72 19
200 148
136 127
188 105
119 30
185 90
167 90
143 91
50 8
168 51
163 91
37 124
72 36
177 192
161 141
145 130
109 88
74 65
128 145
132 198
167 122
177 52
119 191
166 121
13 194
68 9
143 73
103 192
57 52
137 139
121 82
187 2
37 180
117 118
13 76
113 65
68 82
94 30
187 152
16 107
31 101
10 116
102 22
133 98
144 65
69 184
14 90
122 90
16 110
191 130
187 10
174 142
7 120
75 192
127 85
195 40
159 190
34 146
200 195
68 24
78 28
145 84
177 39
34 5
125 11
193 61
14 104
130 93
179 87
93 38
99 139
148 186
14 138
114 41
125 27
147 107
164 141
71 91
151 76
199 69
179 58
133 65
163 137
4 97
47 169
49 196
127 30
75 35
76 152
35 147
163 107
42 88
123 6
13 124
100 102
119 157
66 61
166 117
121 196
72 110
54 70
87 142
55 153
179 106
174 18
159 85
67 36
146 134
132 21
27 48
147 196
100 157
188 73
181 74
139 52
63 96
53 87
58 38
110 20
27 11
17 62
101 52
25 127
72 192
140 86
112 49
92 18
164 18
77 52
131 184
5 52
4 59
64 110
27 95
179 185
173 134
92 157
149 185
187 48
160 60
194 117
119 47
128 190
66 44
196 1
116 94
76 183
172 39
163 46
153 110
147 18
163 1
165 1
148 124
199 138
163 161
103 49
167 21
34 161
102 66
19 149
86 108
154 157
132 159
110 96
71 103
10 15
157 46
120 197
63 111
165 33
83 73
31 65
93 175
159 84
54 127
61 11
83 33
147 62
55 165
166 47
84 73
104 175
191 10
190 59
187 192
153 111
74 171
22 46
94 12
37 192
125 155
16 38
40 117
180 10
199 33
87 95
122 84
129 22
128 141
199 44
4 141
72 185
116 40
97 150
14 146
136 152
102 145
141 33
14 192
146 16
148 141
195 121
97 46
14 83
48 51
102 61
189 158
173 33
109 21
119 53
148 88
72 107
54 98
34 18
89 176
108 91
160 133
191 122
98 155
80 82
168 35
93 33
140 142
101 158
141 1
187 74
26 87
156 49
116 117
126 33
68 91
128 192
14 84
63 168
74 105
54 64
71 143
2 51
104 85
185 97
50 159
28 73
136 31
163 5
6 183
189 110
161 82
4 42
41 1
173 27
135 147
29 33
194 39
167 127
114 186
197 111
74 52
5 6
27 73
63 50
191 6
175 76
104 106
173 78
126 64
50 115
102 172
187 189
145 18
66 129
143 175
100 19
156 155
124 108
190 118
86 80
179 183
137 46
131 114
119 101
165 99
101 11
131 51
180 153
166 134
34 145
9 130
34 73
60 18
179 46
102 149
71 17
64 176
26 170
54 79
132 61
57 6
180 176
121 113
175 12
51 76
110 129
31 77
32 129
102 199
70 18
163 146
148 76
35 113
171 46
63 130
47 181
140 96
124 93
68 125
174 42
23 45
83 130
103 2
68 108
104 113
124 6
167 93
42 103
153 18
83 134
78 80
75 22
117 24
4 90
35 130
19 134
131 57
128 110
152 150
192 18
29 112
122 152
176 105
152 184
121 115
25 82
54 132
121 8
146 91
174 113
103 76
143 110
190 44
66 76
27 113
72 142
25 45
165 143
75 165
68 149
140 33
119 2
156 33
95 41
166 196
154 59
193 196
67 107
50 116
42 1
179 158
89 51
125 86
31 32
26 1
124 94
128 120
171 158
116 105
29 134
54 75
153 169
99 158
179 83
3 72
135 129
162 197
180 22
51 18
19 16
129 138
60 65
199 85
121 175
164 105
64 197
139 150
156 197
136 170
155 91
80 89
63 69
55 73
121 153
133 105
136 75
163 153
156 139
172 154
166 16
43 185
123 30
67 5
2 1
14 147
45 30
67 22
180 127
143 142
176 30
53 126
56 96
139 129
43 133
128 11
139 5
130 73
126 161
86 30
153 94
154 38
138 127
136 147
101 114
48 118
100 122
185 138
119 169
23 9
126 150
99 72
116 72
69 97
89 22
59 150
97 49
159 64
23 184
166 73
23 190
78 58
160 19
23 144
117 57
97 33
146 105
95 196
133 11
166 132
163 44
173 41
54 90
107 39
22 111
70 41
126 36
54 59
177 113
166 63
116 131
59 90
9 75
58 183
170 76
93 185
178 141
47 72
173 98
128 199
166 42
186 56
195 115
173 53
56 70
95 85
16 94
100 8
51 24
195 30
78 74
74 39
109 196
76 134
124 169
9 154
60 120
62 49
87 158
68 17
32 142
115 91
148 183
51 73
160 123
127 18
166 17
28 88
71 142
75 85
9 92
86 24
23 129
53 94
144 150
23 64
157 85
61 106
160 173
191 62
3 88
106 24
7 119
38 197
125 22
31 18
131 28
17 18
133 39
131 22
131 192
86 87
191 124
50 28
121 5
186 44
136 72
168 150
189 105
48 88
89 182
120 84
32 66
128 58
116 197
89 185
112 171
37 99
37 194
186 115
65 49
148 75
50 139
58 99
47 144
93 152
121 19
140 197
54 51
7 63
178 16
29 94
140 122
35 183
120 99
117 49
172 137
114 111
181 17
104 107
37 171
168 3
120 85
190 48
90 158
182 57
68 159
97 15
71 112
156 96
159 95
144 36
151 84
13 51
3 58
13 27
160 46
26 48
92 151
135 140
34 86
50 62
69 38
193 126
72 129
64 5
9 65
199 15
107 85
177 20
2 69
10 39
177 95
147 94
83 94
159 5
9 133
26 127
64 96
75 151
32 70
68 144
13 196
47 124
128 104
172 46
31 158
72 45
78 50
162 24
59 184
151 121
193 79
125 96
174 122
160 66
132 140
174 193
177 196
99 137
163 187
86 79
132 75
12 134
74 51
178 15
104 97
178 150
123 176
104 1
198 72
146 130
167 86
116 182
4 78
77 189
194 66
132 137
4 155
151 137
29 162
94 197
189 190
92 139
55 52
103 45
154 161
133 72
68 111
200 75
133 190
119 10
195 175
119 70
55 143
193 143
8 6
25 146
16 192
194 3
95 139
168 62
40 59
124 19
128 73
26 125
72 6
142 15
138 182
67 109
25 161
164 73
109 36
116 70
9 193
28 171
53 64
69 74
19 107
198 73
167 105
5 90
187 108
156 95
125 24
199 185
31 67
194 52
168 101
93 46
54 5
28 184
34 16
97 152
185 70
71 125
189 196
65 38
151 142
40 155
193 85
168 140
166 119
94 70
112 114
180 32
163 56
102 94
117 70
25 191
173 46
23 57
66 190
111 183
166 151
136 3
66 81
140 89
41 158
53 74
147 84
136 78
200 61
119 17
105 127
112 106
35 171
170 45
174 93
43 19
154 98
200 142
172 188
23 183
199 126
195 192
185 127
68 95
163 183
71 81
66 122
58 129
152 134
157 45
123 188
93 20
159 36
172 21
55 59
122 21
143 38
9 108
179 33
200 95
10 80
124 149
23 182
40 90
17 11
42 114
178 83
91 1
67 17
34 11
75 187
133 178
136 97
55 104
136 95
34 48
159 153
102 97
170 169
67 110
58 94
180 69
69 93
141 105
81 112
119 145
114 197
121 74
191 82
156 109
100 106
26 69
168 36
135 2
7 168
16 87
164 5
31 147
119 41
162 18
77 165
55 83
50 83
145 38
194 11
23 108
29 67
7 175
101 111
136 67
7 144
181 193
141 111
199 181
121 123
112 169
79 182
31 113
174 173
77 89
144 158
171 111
93 41
178 127
140 30
50 19
63 108
173 184
89 113
72 85
125 19
161 16
173 180
186 21
130 111
32 84
132 111
128 5
119 45
124 122
54 66
99 188
86 82
10 183
187 32
136 81
189 129
139 24
26 92
71 49
63 188
88 82
163 50
126 104
130 131
71 154
199 123
23 88
114 39
99 48
145 58
2 41
37 19
9 187
114 6
169 182
60 27
194 48
190 76
61 22
2 131
199 41
121 65
170 99
13 46
200 12
159 34
186 158
143 158
157 84
35 11
11 41
76 52
55 193
104 141
110 24
10 40
9 171
54 159
29 164
94 39
50 195
162 5
156 11
14 95
198 52
191 73
81 111
147 2
19 52
168 191
140 130
157 89
120 143
32 40
199 17
107 139
179 123
86 8
83 16
100 131
170 178
32 49
117 97
9 177
99 149
179 192
133 80
63 137
102 72
100 73
23 17
147 29
3 65
23 164
155 141
55 146
174 57
79 39
163 145
124 127
31 24
100 57
102 46
152 39
149 11
54 197
18 158
53 134
116 39
66 101
3 36
145 184
125 30
187 193
42 38
131 93
83 107
137 192
87 188
195 164
194 192
167 32
36 20
60 144
145 51
103 85
132 136
4 139
145 22
137 73
55 134
178 114
80 109
13 11
37 131
179 102
153 115
9 134
80 58
168 107
9 114
100 85
185 134
67 3
27 51
54 15
104 17
109 183
59 94
66 113
197 18
125 103
25 19
102 130
119 77
104 171
19 96
177 41
13 152
118 158
3 16
62 96
65 70
161 108
166 54
178 81
86 107
171 21
189 108
53 188
4 33
42 83
59 1
78 45
170 125
14 10
168 154
31 60
168 144
6 18
101 16
58 131
66 56
4 125
98 164
161 165
19 8
130 95
34 130
67 33
188 44
37 177
25 61
125 137
12 18
35 131
189 184
35 34
10 90
173 99
35 67
104 137
178 69
48 95
63 85
153 164
38 85
13 127
150 138
133 176
71 50
29 96
19 152
148 146
28 85
151 90
187 126
167 6
61 18
154 196
174 28
130 118
22 44
66 97
60 94
187 95
28 91
32 182
75 15
116 17
42 142
4 122
122 112
172 15
21 127
89 91
187 69
178 3
92 114
176 90
4 21
110 142
63 199
53 184
75 80
135 115
168 70
121 73
54 55
137 184
39 196
7 31
89 30
8 184
14 16
55 172
190 107
19 141
65 51
138 33
189 58
147 36
178 94
25 190
181 146
43 74
17 45
78 33
13 93
178 72
191 137
75 117
94 158
121 129
126 91
125 15
159 49
130 97
152 118
124 33
48 115
175 59
43 58
32 124
147 172
101 61
95 44
143 28
160 40
145 127
11 188
161 107
81 142
110 41
23 122
196 118
179 198
161 49
104 149
37 64
168 75
9 79
184 33
123 196
123 20
55 38
55 162
98 88
194 69
116 118
167 52
40 129
80 126
53 118
153 107
116 112
90 24
179 162
192 162
112 184
192 129
50 171
102 113
189 11
92 198
60 76
92 184
14 36
94 88
159 45
121 105
32 144
35 158
192 8
195 139
63 88
120 94
44 33
58 107
58 88
63 147
133 78
17 139
186 188
165 84
71 114
180 121
90 45
34 88
103 16
139 73
16 1
164 108
68 49
174 3
19 93
194 88
50 138
86 190
125 185
154 129
80 74
136 171
173 102
187 87
136 21
2 122
47 52
174 189
68 39
199 24
142 33
10 29
83 110
148 74
86 67
132 35
34 99
173 185
2 16
178 107
53 141
63 110
135 62
193 149
92 181
190 183
65 175
176 84
9 115
72 76
156 32
2 88
83 155
160 35
25 96
179 109
67 84
121 51
47 199
78 154
86 61
156 111
103 114
55 155
63 143
142 127
37 53
53 152
189 64
137 41
135 58
40 130
119 116
190 40
121 57
170 143
47 55
177 152
123 70
5 79
133 35
190 176
181 2
119 58
102 16
174 172
14 57
76 182
25 169
54 185
26 57
31 144
25 1
28 97
145 134
95 150
92 125
151 61
153 82
97 108
23 95
5 45
128 142
47 22
62 129
153 57
172 89
103 11
53 192
140 64
175 152
87 57
194 182
67 162
51 129
99 15
9 122
34 80
156 65
184 41
19 105
198 44
67 24
26 111
14 70
98 190
94 41
71 16
22 57
66 28
174 5
99 44
100 80
74 11
93 51
131 96
144 162
145 183
125 67
199 30
63 4
178 95
180 58
177 145
53 139
54 113
75 64
35 40
6 73
69 44
200 126
50 154
14 177
194 28
83 165
143 185
136 121
133 90
161 65
82 57
100 16
132 37
164 12
143 21
25 103
188 6
120 131
118 150
125 130
5 44
54 39
161 138
107 17
89 110
180 29
53 144
108 6
190 114
14 143
162 38
95 39
60 59
170 6
63 92
193 146
4 169
116 11
28 93
121 164
68 182
147 96
86 115
125 138
21 73
193 5
23 118
116 36
60 129
72 8
14 50
86 182
180 82
167 138
129 91
98 28
126 28
13 195
59 33
174 16
155 33
195 152
3 117
11 138
199 197
110 158
125 109
159 184
71 65
145 21
17 105
147 189
167 123
40 162
182 91
4 75
177 30
11 88
25 150
170 72
123 24
55 94
104 93
9 1
126 21
135 131
171 134
29 3
66 155
31 175
107 134
174 162
25 15
153 109
157 38
81 38
55 74
120 182
79 22
124 58
7 48
2 169
181 64
195 84
81 85
161 18
141 24
43 118
34 175
76 118
140 146
178 130
154 42
66 93
187 55
11 51
189 164
98 107
31 30
122 142
76 84
10 89
76 90
128 36
193 134
135 29
39 38
145 149
200 52
194 118
91 46
60 196
5 1
2 8
72 74
70 105
71 163
3 118
77 17
155 38
47 77
128 186
148 33
103 113
169 139
159 16
8 171
177 86
26 78
37 188
40 175
79 106
26 182
10 124
180 45
63 77
65 155
174 145
199 5
117 91
109 1
128 195
39 6
8 30
161 72
191 79
175 85
119 87
87 41
164 182
98 30
195 97
54 29
101 79
18 24
180 199
19 138
132 118
109 149
4 65
153 6
85 183
42 138
79 57
122 22
166 146
179 11
181 70
51 142
143 51
29 65
33 18
179 66
25 116
25 185
163 79
89 87
191 108
128 153
119 197
195 56
200 125
32 188
3 22
37 31
124 12
66 130
161 113
68 100
177 120
100 184
159 108
195 51
181 186
148 94
163 127
72 61
187 98
116 198
29 138
109 152
119 78
68 195
183 158
163 152
133 172
156 12
99 115
98 108
66 22
86 11
94 96
100 197
98 57
2 74
144 88
156 16
126 70
103 117
80 186
75 122
100 143
153 90
81 162
137 96
163 181
117 64
174 39
92 55
146 1
195 6
43 36
40 82
160 185
60 108
161 33
194 169
75 78
81 131
194 137
83 192
180 193
154 141
129 21
84 138
187 57
133 111
75 108
168 68
198 138
93 70
178 137
3 64
194 190
66 87
104 51
120 115
112 108
92 154
9 194
93 49
31 127
143 94
103 86
166 144
94 182
77 91
200 87
63 47
159 18
153 33
156 127
173 85
32 103
59 185
191 94
47 2
114 150
193 48
112 143
124 84
170 81
69 84
77 147
133 145
180 21
167 78
154 69
122 144
193 72
51 1
26 41
92 75
136 185
167 177
48 91
188 183
93 57
200 45
35 41
187 21
43 108
156 154
96 82
198 22
154 176
10 82
146 107
10 51
122 94
200 2
136 60
178 104
59 73
145 62
74 5
11 171
154 70
39 33
135 53
172 62
103 109
195 95
81 96
135 30
54 73
75 113
2 72
160 137
70 176
67 149
191 35
174 199
140 59
17 64
82 84
65 57
89 108
200 51
78 86
172 5
140 118
119 131
132 144
177 171
22 105
190 19
112 1
157 164
2 109
75 81
154 18
37 159
113 87
6 30
190 58
87 107
51 91
133 6
166 51
167 70
143 104
132 154
146 56
40 104
10 58
193 70
198 88
132 114
179 28
59 85
23 138
66 137
181 175
63 138
23 109
154 2
144 44
174 90
140 115
119 1
170 34
140 87
119 170
189 115
154 183
178 29
163 117
80 51
174 62
17 21
83 182
13 150
92 144
163 4
136 116
151 17
4 64
123 185
48 110
13 159
148 15
93 82
62 107
26 121
3 96
64 175
25 39
128 27
189 1
71 180
74 110
128 42
131 129
66 140
42 130
21 45
200 134
56 91
161 164
167 112
42 44
144 184
189 89
15 30
180 73
123 112
7 19
136 74
9 77
135 121
54 191
166 36
178 198
56 51
122 24
63 180
173 137
105 33
98 20
59 164
179 65
144 182
200 32
89 18
32 20
167 41
31 88
100 109
102 115
178 58
151 12
120 151
72 17
151 186
64 57
50 120
174 84
89 28
89 39
143 24
116 65
67 176
145 36
195 91
14 97
3 113
100 67
161 143
83 84
111 46
62 127
13 61
55 188
173 108
178 103
167 178
25 81
130 162
157 57
119 159
173 126
77 5
195 130
23 143
173 139
146 40
50 46
26 196
56 84
135 155
178 176
23 97
67 96
3 139
7 121
10 182
140 131
187 184
126 190
75 173
180 62
181 126
119 120
67 64
4 54
92 199
170 74
116 27
54 20
191 46
76 24
168 78
58 197
179 145
13 173
191 135
8 197
151 97
13 106
179 89
151 36
95 184
168 77
163 58
197 24
86 39
115 134
196 138
10 140
9 63
117 8
117 137
189 165
173 152
191 65
121 62
7 178
4 121
63 39
16 85
100 112
29 110
71 100
15 73
167 187
68 51
96 38
164 15
35 179
19 39
87 6
98 138
47 31
58 161
68 94
161 36
7 154
161 134
136 93
68 198
112 30
168 61
154 72
2 57
64 18
179 161
167 181
140 5
92 101
173 131
68 19
75 55
59 84
179 79
103 62
128 147
159 65
173 79
153 19
117 129
191 161
140 184
199 22
124 143
114 169
62 1
173 69
78 172
133 130
140 190
112 142
54 65
43 50
47 123
160 74
124 85
55 110
58 196
128 86
113 18
37 14
132 161
170 164
19 12
163 116
179 157
172 2
189 157
66 15
124 90
21 82
136 134
128 34
179 2
194 104
198 110
78 99
124 64
34 97
180 65
163 149
120 184
144 139
26 147
110 38
142 158
156 84
187 49
35 137
68 48
83 144
7 91
7 29
177 59
172 3
195 103
178 184
122 52
195 197
146 52
5 142
75 123
171 138
55 18
54 31
189 90
25 76
144 24
36 158
48 188
177 77
2 52
93 197
136 27
144 105
170 199
185 139
160 76
165 185
143 49
13 96
154 139
120 11
192 110
135 193
25 2
199 76
94 176
100 39
163 24
43 138
146 59
109 28
137 8
37 101
113 155
34 198
116 58
187 111
78 90
151 20
80 101
117 145
174 6
21 6
157 129
71 196
156 66
98 175
148 35
181 94
190 18
151 106
198 143
39 12
26 15
149 188
173 22
191 185
170 104
34 140
32 58
131 52
16 155
132 62
35 42
47 150
47 65
115 73
81 107
125 49
68 158
86 59
157 59
177 138
50 172
103 51
196 24
135 122
156 29
174 44
172 64
192 84
55 12
178 102
63 191
61 65
43 53
64 41
170 94
156 86
146 188
32 198
143 17
200 97
25 62
140 164
2 150
25 139
153 134
10 161
95 56
126 111
13 165
4 158
116 130
4 146
18 85
68 103
7 24
71 179
198 105
162 106
29 30
163 185
181 19
191 194
54 138
13 19
23 31
111 158
35 161
9 59
25 57
125 80
163 72
145 129
74 38
147 12
147 197
143 107
43 190
123 186
160 187
68 13
174 78
157 87
47 164
186 111
119 44
119 13
79 38
116 82
66 143
108 182
177 155
62 59
170 79
181 122
146 143
154 197
174 183
165 38
75 79
160 80
112 64
157 53
67 56
133 124
53 90
189 151
166 173
2 46
60 39
163 10
68 97
168 121
54 44
170 41
78 93
102 185
83 8
70 197
76 106
50 190
170 3
159 70
187 109
163 48
37 28
113 183
128 53
121 20
29 114
110 73
130 30
54 129
17 197
173 91
135 1
198 101
166 56
75 129
128 61
151 162
14 178
181 101
178 111
102 5
36 188
121 192
22 88
43 57
106 138
13 129
124 192
154 138
9 40
17 169
23 167
187 62
163 49
176 183
43 179
54 41
50 70
95 188
105 73
48 6
160 181
129 24
47 111
168 199
144 171
167 186
191 158
99 24
64 73
157 94
178 175
86 16
66 131
40 38
124 154
146 64
119 27
131 90
75 86
26 104
31 177
174 177
25 85
98 64
80 192
80 171
62 12
170 52
166 175
174 151
135 6
184 21
116 53
63 196
146 111
157 139
97 141
86 161
105 158
144 76
162 39
172 69
10 21
135 82
131 138
149 41
192 33
32 120
143 5
69 21
120 8
37 147
9 180
98 150
98 53
159 116
34 106
160 13
168 112
120 117
13 157
176 6
103 93
195 151
78 17
70 33
70 141
170 1
14 199
2 192
23 180
133 181
154 44
17 106
119 93
135 40
43 85
150 84
124 99
60 186
144 18
131 99
184 88
89 114
131 87
39 158
32 146
66 111
132 88
77 126
104 87
193 139
140 182
25 60
162 107
71 197
100 74
173 19
187 153
128 39
86 162
81 65
23 22
177 87
101 108
27 46
100 88
81 86
29 19
26 99
193 171
92 83
129 105
79 30
133 177
61 99
60 155
195 57
95 1
171 18
135 186
146 82
14 114
98 52
36 110
135 162
101 126
54 100
176 171
181 198
121 125
175 94
144 90
160 2
163 87
53 6
187 38
125 77
104 169
13 86
143 188
154 48
133 101
123 169
193 52
181 196
157 108
164 90
29 145
14 35
89 64
92 143
168 91
25 17
28 56
148 95
200 181
154 140
172 49
75 51
37 117
134 85
168 12
146 65
190 150
25 144
136 12
193 142
58 28
56 45
198 16
187 92
21 30
118 84
98 48
124 53
76 30
34 64
43 18
29 64
123 150
39 41
81 51
166 167
70 79
37 11
66 48
172 108
164 142
59 20
86 144
113 39
36 79
65 169
25 122
154 130
72 118
161 95
67 85
50 118
136 135
132 185
187 89
23 30
35 94
76 111
161 110
51 20
89 153
135 141
27 12
7 14
163 66
187 83
9 86
144 186
34 183
157 11
199 130
180 192
167 15
154 114
60 24
27 169
171 182
177 82
166 45
175 183
75 175
98 38
160 39
66 185
124 131
80 183
169 5
165 108
26 30
188 57
71 153
28 44
9 99
100 194
124 50
71 131
51 106
60 138
173 188
3 144
31 198
40 94
125 28
60 146
31 125
154 186
55 130
146 3
167 28
200 81
87 149
78 55
35 150
109 11
93 127
71 115
50 122
67 134
34 12
177 149
186 33
135 125
110 134
199 198
118 22
148 8
165 115
122 107
98 196
147 112
55 56
78 111
137 88
195 77
21 115
151 58
165 150
132 103
130 113
100 117
70 196
119 12
200 109
71 53
157 24
198 53
121 21
77 114
156 113
163 170
32 112
60 121
187 125
128 185
74 188
136 55
178 156
13 111
62 11
125 79
177 27
81 139
114 141
189 139
87 22
42 94
10 35
181 39
63 11
200 156
124 144
48 94
38 88
86 41
108 51
170 117
35 110
123 110
10 74
200 188
130 185
71 148
181 153
77 192
100 182
109 20
10 91
118 21
167 53
187 45
166 60
14 108
47 84
78 64
174 157
151 52
104 152
31 139
167 104
64 111
97 41
177 56
71 187
9 76
168 92
14 161
181 89
65 56
78 162
140 40
162 56
3 197
159 99
91 82
86 111
77 164
50 88
171 106
97 44
51 21
119 198
97 1
53 108
100 46
25 77
26 100
71 173
122 44
71 129
47 173
115 1
189 149
66 62
28 16
119 139
132 157
179 94
77 105
69 143
122 138
3 114
160 162
41 24
113 91
83 3
200 136
135 134
163 61
196 111
43 182
144 142
36 76
51 49
50 106
93 113
167 12
101 106
126 22
78 135
200 110
23 187
133 187
157 30
193 122
25 49
155 5
43 113
32 113
189 3
10 120
175 41
19 196
9 81
80 104
2 15
68 12
200 141
4 35
103 139
59 24
171 152
181 76
181 176
124 171
9 179
139 111
25 130
172 99
147 22
166 50
146 184
132 102
55 39
26 135
136 160
122 39
181 182
108 49
172 151
104 45
149 134
191 131
174 10
55 48
180 17
159 91
110 85
10 12
185 22
14 155
113 38
170 171
114 130
42 28
53 8
3 8
132 18
121 11
188 52
116 186
100 121
95 152
119 4
200 146
7 166
92 131
56 5
60 69
68 146
35 151
54 101
64 56
131 149
26 49
180 87
146 39
10 139
4 111
54 199
61 74
8 96
3 185
100 152
19 56
120 192
142 88
138 134
122 70
19 76
146 87
75 32
25 118
128 98
75 82
140 108
186 84
187 194
112 28
81 97
46 158
174 112
7 62
98 21
32 138
38 52
26 67
146 20
14 96
167 198
54 194
60 86
4 185
135 42
56 52
195 67
48 18
200 114
9 190
174 80
170 13
4 86
154 24
39 18
116 164
133 117
137 39
175 39
128 41
167 8
66 88
77 161
53 62
124 129
119 177
80 64
173 195
25 48
133 125
163 76
34 104
81 198
15 12
68 73
34 192
162 79
14 144
156 80
63 10
11 76
35 103
168 39
54 111
192 15
121 155
59 169
146 5
83 49
157 48
34 147
13 137
95 33
146 162
67 165
26 192
10 81
114 22
80 17
61 150
196 91
148 89
177 181
189 42
17 59
74 70
7 131
123 8
136 192
21 41
50 144
93 11
49 79
121 27
170 36
192 196
113 169
71 136
170 103
187 8
43 151
194 17
119 164
156 102
32 96
16 52
195 196
152 44
123 17
126 76
102 17
125 131
44 91
4 60
148 171
145 11
168 162
17 24
68 65
120 149
14 180
168 176
38 6
178 82
4 147
148 151
152 84
92 67
42 107
89 72
83 28
54 84
87 150
159 19
144 33
92 87
68 160
155 139
195 114
156 195
131 162
136 83
171 84
153 188
42 87
80 65
159 93
22 84
107 111
145 61
54 118
40 188
128 15
196 6
35 60
7 169
40 106
53 52
179 115
95 51
168 14
102 131
190 1
23 178
71 64
103 15
63 194
42 81
200 42
157 138
66 86
74 8
144 38
174 167
189 15
98 84
54 61
102 151
135 10
64 141
32 114
177 42
97 118
72 18
83 51
112 11
55 33
14 111
134 45
47 6
86 22
69 109
60 181
199 95
35 76
7 35
159 123
139 46
34 40
177 159
128 48
11 134
7 36
177 35
86 186
125 72
109 30
163 190
51 96
151 88
77 73
83 18
160 15
160 195
25 183
163 155
4 184
168 5
174 132
198 40
37 59
125 111
126 82
100 164
72 30
69 150
169 41
187 41
188 197
126 99
56 129
42 30
28 150
187 177
103 90
171 38
72 109
36 169
92 1
153 45
126 153
179 86
173 90
174 164
44 6
186 65
116 190
34 98
64 90
99 22
54 77
160 17
16 150
146 108
68 31
186 12
23 162
23 69
98 161
133 22
87 127
189 72
3 18
168 25
68 127
40 70
130 192
7 109
187 31
28 127
151 149
63 12
172 149
119 113
13 198
120 141
26 94
184 79
177 180
114 56
9 199
50 123
135 72
83 85
155 82
103 106
178 51
12 20
128 7
173 181
130 44
163 132
71 99
103 57
185 52
40 84
151 139
3 110
156 2
59 18
26 65
70 188
165 175
10 155
80 161
186 24
200 39
116 30
187 178
63 20
2 143
32 189
61 97
10 114
26 109
147 88
12 90
119 105
171 33
75 153
68 192
174 34
178 11
57 134
42 105
161 190
63 105
191 103
31 81
4 170
159 80
61 158
152 79
116 20
78 152
63 116
170 48
166 120
162 45
121 24
22 90
35 87
166 96
198 57
103 107
122 182
182 88
179 76
195 140
163 173
168 93
78 106
103 155
180 123
168 50
71 25
34 6
192 94
103 112
96 127
124 150
23 115
60 162
23 94
128 22
100 93
147 161
2 162
136 13
10 45
133 126
196 57
70 158
26 31
65 85
66 94
115 183
116 87
49 82
54 9
31 159
153 158
189 87
31 117
186 142
68 46
55 185
25 149
170 130
119 75
108 96
83 40
130 5
63 185
80 108
173 77
25 143
157 80
54 146
122 162
121 130
142 44
198 144
84 1
136 39
40 36
173 80
86 70
92 120
186 6
166 136
189 12
168 65
104 56
108 41
55 122
15 18
64 6
100 42
160 91
145 138
19 184
64 142
170 140
50 15
166 101
69 181
35 116
125 16
139 182
164 176
166 20
34 185
119 54
59 188
4 194
195 52
10 61
193 22
4 118
144 109
55 183
165 59
157 196
124 103
4 81
116 134
16 22
13 183
32 101
96 91
174 24
37 86
19 15
11 46
81 72
77 101
131 48
78 35
199 53
60 52
27 171
108 197
2 138
14 179
55 64
120 69
116 155
62 56
166 111
23 41
160 86
10 77
156 48
100 198
132 105
48 44
181 141
119 35
55 99
191 117
72 137
192 30
23 56
107 138
32 28
172 186
192 22
98 101
19 82
163 179
119 106
60 139
78 179
160 120
83 59
123 153
86 12
136 85
31 46
104 155
168 193
167 196
94 188
55 91
110 91
56 134
132 199
179 82
57 183
179 117
80 16
112 183
60 175
66 17
61 142
190 186
8 142
111 30
174 163
42 137
168 19
47 118
27 129
104 44
181 15
47 113
16 196
179 22
29 57
144 48
156 60
175 96
91 18
185 38
54 99
60 45
70 182
120 107
67 188
86 143
23 24
145 101
71 44
92 175
50 183
168 141
123 51
43 10
103 73
78 149
108 171
25 32
75 164
181 57
98 169
191 112
65 91
72 88
68 130
26 106
99 5
144 185
166 150
42 22
7 103
68 18
71 178
148 156
63 36
37 75
162 44
200 70
62 176
164 111
92 171
35 184
23 73
58 97
100 137
119 90
43 3
23 191
110 79
156 87
99 62
176 45
157 3
195 142
152 20
118 15
47 184
114 158
14 92
25 42
119 95
181 1
37 199
114 106
29 188
145 97
58 70
10 52
170 118
59 97
99 110
179 112
63 175
136 63
173 72
36 12
98 33
160 57
78 83
66 175
54 196
177 199
160 176
190 85
14 105
191 109
100 175
77 48
116 176
159 8
193 165
78 20
99 21
7 38
97 106
124 181
120 164
157 176
9 97
172 86
136 19
43 4
177 198
103 56
13 34
104 62
54 173
189 33
54 58
147 69
100 14
68 88
123 108
154 80
122 111
135 41
14 2
23 75
32 158
167 74
83 17
47 69
40 164
148 192
124 140
131 5
104 182
66 197
40 87
108 30
167 192
200 96
81 46
187 145
53 190
161 186
69 111
133 158
132 148
140 44
199 190
115 20
116 101
130 169
9 107
167 1
23 13
186 197
172 33
119 132
9 14
122 51
66 181
103 131
77 85
170 20
86 72
126 30
129 39
64 62
53 65
95 84
9 197
35 48
80 18
13 144
191 59
9 110
114 48
27 82
10 184
122 82
10 177
154 28
195 169
99 82
55 30
47 76
132 13
177 121
168 187
166 172
47 172
40 28
15 22
132 46
29 149
78 104
171 22
163 158
174 138
191 41
23 175
35 108
155 88
23 186
37 176
179 150
78 164
86 142
132 24
149 52
169 118
198 56
61 41
108 22
177 64
14 53
63 87
120 24
160 14
27 38
92 105
184 183
94 134
174 111
191 97
154 189
53 186
81 24
126 96
89 142
130 8
68 134
166 116
121 67
80 46
93 169
131 46
55 8
121 86
167 77
7 184
175 142
43 84
112 73
194 115
128 19
54 85
14 106
130 141
16 111
10 117
62 184
21 105
102 86
95 49
153 139
4 104
35 143
112 8
62 150
161 115
31 87
35 79
171 90
159 138
172 28
169 171
97 197
71 152
83 146
196 127
160 101
29 137
165 155
198 183
34 118
57 45
144 175
80 41
47 85
78 41
43 48
125 93
10 115
65 33
187 164
165 111
74 1
9 36
131 110
195 118
166 142
147 28
2 64
150 111
26 183
7 190
35 98
124 193
151 96
29 15
166 66
119 18
119 40
86 45
133 84
200 83
99 155
98 198
187 157
147 182
94 150
23 51
13 99
144 21
72 57
9 196
163 164
40 21
13 118
136 10
195 143
121 16
181 107
133 69
28 65
163 109
5 76
23 28
179 121
193 138
200 62
200 168
195 59
87 21
28 111
195 109
77 103
62 41
27 106
149 51
170 134
53 103
121 90
117 109
191 1
161 176
66 151
37 69
42 74
117 183
191 116
160 18
3 104
161 70
135 111
35 33
72 183
135 80
184 6
9 3
121 3
23 146
193 198
167 79
32 11
173 16
146 144
7 56
166 137
74 118
107 188
128 63
75 177
71 68
117 39
34 141
180 103
7 73
47 140
117 131
14 141
160 118
37 55
102 161
47 142
6 127
23 151
184 30
5 196
62 171
71 11
103 19
59 5
150 45
48 183
135 17
185 30
25 155
13 104
23 19
133 152
54 18
178 139
200 53
77 198
120 146
59 196
159 188
167 107
152 52
153 5
35 124
145 139
173 175
53 197
132 173
14 94
35 180
163 196
107 57
167 98
71 120
181 106
148 19
67 197
104 36
42 76
66 12
119 84
42 70
188 5
71 15
160 193
11 184
97 90
131 6
178 62
32 36
83 147
4 95
4 9
198 18
120 162
174 38
17 175
167 82
32 127
190 149
174 143
83 101
71 158
63 178
119 137
64 185
194 64
191 21
37 143
140 21
144 111
92 194
26 140
128 103
14 131
19 91
194 196
59 139
68 129
197 20
140 145
54 107
194 188
53 82
84 85
132 95
47 79
43 155
142 24
60 169
192 106
40 44
102 181
172 12
27 149
105 20
116 76
196 84
87 196
122 30
129 46
69 58
164 171
187 131
62 70
155 84
69 82
151 39
155 52
191 179
168 139
166 67
63 52
99 134
7 123
75 161
111 44
149 82
42 86
113 171
159 27
43 26
58 79
124 145
11 1
189 109
135 152
159 60
34 94
110 111
35 182
107 5
137 19
37 17
141 20
137 20
102 34
69 99
200 11
191 110
83 117
26 59
64 44
166 115
100 56
72 91
74 113
87 1
137 18
191 19
195 101
55 19
194 123
167 91
180 197
77 36
35 139
187 169
13 142
129 38
29 74
21 106
122 196
121 95
55 36
112 36
66 69
98 44
14 153
32 172
26 55
37 95
144 51
14 140
47 151
154 5
110 106
131 109
191 80
127 1
125 190
98 149
93 150
92 56
166 13
7 3
71 104
151 57
17 79
168 28
194 99
63 19
128 179
177 130
10 171
121 118
37 84
83 116
135 189
71 30
112 51
77 131
151 40
157 117
65 152
3 115
115 18
112 105
26 2
47 4
32 177
76 115
10 190
119 154
155 59
101 8
155 46
148 22
63 184
175 70
77 142
23 70
122 19
3 169
93 142
151 87
137 76
42 176
166 46
7 192
68 78
165 186
92 49
40 18
157 88
43 28
121 138
37 174
136 150
13 77
8 39
72 38
160 59
108 21
162 57
194 59
199 64
26 179
47 112
34 199
28 175
148 125
27 85
128 136
89 175
199 196
144 113
147 181
48 59
174 64
118 24
28 8
75 124
61 93
9 52
179 140
173 106
130 57
78 185
103 175
200 162
120 42
160 152
10 86
23 43
43 73
68 35
193 109
81 62
87 84
9 198
179 39
186 5
102 108
135 101
120 1
32 117
124 189
81 192
51 12
125 48
159 41
170 15
72 115
54 72
56 18
28 46
149 49
191 38
54 52
68 16
187 73
200 138
97 94
47 183
48 38
47 176
67 20
129 118
76 129
103 196
131 106
19 162
92 15
78 6
193 17
29 117
136 175
172 105
37 73
25 21
98 90
177 21
137 6
31 109
152 96
13 146
182 20
42 41
98 91
130 108
76 6
112 20
71 8
136 5
192 111
179 104
179 27
58 16
107 96
124 120
130 94
167 34
143 65
79 18
171 196
117 82
14 116
170 141
77 33
161 57
102 69
155 12
13 40
21 18
29 99
191 115
147 91
102 87
102 142
13 70
26 8
176 24
185 141
125 198
181 62
147 8
71 183
145 79
35 114
116 44
170 188
194 189
113 105
154 36
57 111
143 8
136 151
2 161
90 1
76 45
26 37
35 32
93 24
191 84
16 115
63 81
13 149
41 150
55 51
136 84
58 150
112 17
66 59
140 162
167 193
187 127
95 97
166 94
47 103
194 90
4 113
163 6
164 188
196 45
91 134
17 184
62 51
68 175
132 106
62 33
195 155
78 89
125 142
4 70
64 8
114 118
33 12
42 85
66 134
53 143
35 120
63 107
170 29
194 2
47 75
31 189
96 6
177 157
49 197
99 109
68 29
120 27
187 105
128 135
92 42
199 12
49 22
12 84
58 6
125 143
2 59
31 149
71 21
27 150
27 39
148 153
31 28
75 198
126 72
32 94
170 38
128 59
28 107
119 125
78 175
137 171
102 152
115 111
75 36
3 175
113 8
50 101
58 111
156 41
176 134
2 87
32 57
170 39
75 125
122 12
86 99
102 197
19 1
180 53
65 46
93 158
132 109
112 139
166 12
98 46
160 168
75 127
167 106
74 48
4 98
50 105
119 195
117 36
143 182
99 11
100 55
128 194
100 99
101 30
102 56
196 82
163 20
80 130
163 67
177 89
156 19
35 101
50 76
172 118
102 52
200 58
26 64
167 97
180 27
173 66
41 20
146 19
173 34
60 165
99 108
193 45
55 40
60 158
54 139
34 24
165 30
42 49
123 89
184 91
61 104
182 18
26 115
34 153
104 11
120 38
131 45
92 173
82 134
7 20
25 70
153 15
23 126
68 21
75 138
89 44
28 39
95 79
64 24
114 70
40 85
164 6
173 57
101 33
180 79
71 3
87 115
147 169
122 3
179 146
21 91
126 49
181 46
185 57
150 134
8 150
111 73
151 27
93 90
88 1
160 115
160 62
11 79
47 91
124 123
74 144
3 45
35 146
155 1
87 62
109 87
128 138
196 88
80 115
139 41
47 8
56 97
75 49
43 94
153 65
171 24
159 112
16 106
4 100
139 15
10 16
199 183
43 62
200 21
43 31
31 1
195 123
4 149
179 171
181 197
162 152
69 188
148 129
124 113
26 139
5 88
109 95
120 41
100 190
178 171
89 73
67 94
128 196
191 195
25 117
196 18
66 118
166 9
31 197
13 25
172 81
123 41
195 82
67 161
193 28
116 80
35 17
180 144
167 35
124 155
104 176
172 30
130 82
187 17
13 175
108 33
136 122
172 152
117 90
163 134
48 105
92 172
54 19
96 39
19 113
145 188
188 24
172 29
126 114
67 97
113 21
126 89
83 149
170 78
194 60
56 24
132 40
186 20
132 3
31 180
99 153
71 52
160 85
35 46
9 144
25 29
157 161
149 20
61 105
129 1
7 199
153 185
103 40
155 171
72 94
200 184
44 30
148 96
148 77
88 12
32 125
199 164
116 21
119 100
43 59
174 184
120 105
168 96
34 70
31 143
17 110
58 67
198 169
189 45
5 111
42 90
199 137
177 62
119 74
132 189
97 138
149 1
60 161
95 118
167 51
156 124
102 48
137 127
3 62
104 72
14 74
187 129
151 81
14 11
63 134
177 150
60 12
163 121
139 96
136 16
185 176
161 192
197 73
23 76
70 38
162 182
47 9
154 40
142 45
119 185
162 94
99 19
11 110
100 183
69 105
50 24
77 108
179 138
163 125
34 33
143 56
166 10
29 85
2 196
36 45
30 73
114 28
129 90
116 152
86 112
25 97
163 60
152 22
159 107
34 82
31 184
77 184
145 106
182 44
37 62
179 108
136 155
92 127
165 46
49 183
14 28
133 198
23 54
125 44
41 84
34 59
124 15
133 142
189 116
10 50
68 173
72 186
156 196
119 153
4 61
10 196
36 155
63 42
194 197
136 80
55 196
4 45
139 152
59 134
175 88
153 87
143 72
102 122
133 138
19 169
195 64
37 125
168 83
179 62
145 114
63 49
124 141
179 80
133 85
83 123
22 134
103 97
43 195
16 91
200 167
56 158
3 99
147 52
55 22
83 120
175 44
168 143
25 179
177 16
174 4
148 115
132 197
7 110
103 88
101 113
194 120
90 182
78 91
139 18
157 36
192 85
78 138
145 115
156 90
83 56
78 10
161 40
130 109
197 6
7 187
60 50
53 101
178 41
4 106
44 1
98 6
69 41
139 21
133 52
68 87
41 138
7 162
98 184
178 118
2 185
152 38
192 62
7 177
154 76
156 98
140 51
69 70
95 115
190 15
68 138
2 91
27 138
199 109
89 94
62 149
159 94
157 103
68 33
168 171
164 57
167 173
81 105
186 164
72 106
7 138
102 28
96 24
164 88
62 141
179 155
166 61
168 113
114 52
55 17
4 165
136 191
156 46
132 99
4 10
172 199
133 10
126 196
23 83
124 40
128 56
40 113
10 36
178 131
131 21
77 72
190 17
43 99
186 90
167 171
161 153
174 1
103 98
117 89
61 24
135 48
200 19
170 10
136 142
168 163
161 129
61 196
63 90
136 115
35 129
194 184
136 47
53 21
55 5
157 81
160 188
26 157
27 1
13 57
184 51
166 68
113 12
63 100
54 122
144 27
101 104
2 61
199 67
76 85
144 45
165 130
15 85
141 85
112 175
51 196
133 15
42 27
195 154
47 44
148 140
135 69
42 145
7 57
77 87
49 33
113 106
55 2
193 21
78 180
161 48
35 65
194 79
63 142
117 130
67 131
137 85
2 39
159 161
77 12
54 115
136 24
188 20
159 165
35 80
170 77
166 180
156 199
185 184
149 57
38 15
173 129
177 107
43 177
148 87
66 27
168 174
103 6
13 110
60 171
189 169
130 6
63 45
172 38
155 129
26 68
161 52
4 181
32 194
124 106
179 165
182 84
133 131
7 148
54 33
177 81
154 65
83 45
119 91
193 99
164 158
125 58
199 175
156 130
166 98
181 105
149 94
178 179
98 123
47 115
143 111
106 115
75 27
58 106
81 122
62 94
54 189
178 135
143 36
147 74
120 22
170 111
70 138
121 17
14 32
159 194
156 151
130 79
46 73
163 17
3 27
15 134
154 77
34 138
196 85
78 131
31 199
119 51
196 197
13 123
155 70
115 24
77 51
199 189
11 127
125 59
113 85
113 175
8 152
29 152
48 90
58 22
188 142
198 184
70 12
163 180
13 24
70 171
122 48
47 14
120 108
14 93
145 94
140 107
115 57
117 196
76 158
194 46
43 16
29 104
56 79
9 49
99 143
121 114
98 185
4 183
129 152
162 73
58 52
175 46
200 13
66 65
48 97
164 51
178 172
92 79
79 142
127 33
148 116
10 17
109 137
17 108
154 89
117 96
154 188
160 197
23 35
98 158
178 129
195 86
21 84
50 34
50 113
132 53
86 193
140 16
83 52
122 96
163 198
40 49
75 107
102 77
67 143
26 116
189 30
116 192
180 186
127 45
107 155
14 186
62 105
57 85
194 16
160 151
54 47
170 158
83 89
153 20
86 165
86 145
160 70
121 171
191 99
90 30
154 29
53 24
143 88
10 6
124 176
58 176
43 186
35 125
50 61
135 139
74 28
43 158
100 118
154 147
149 39
27 8
178 13
66 70
63 76
63 72
29 40
9 95
69 45
199 162
168 190
31 182
120 190
180 89
36 62
135 15
173 38
83 41
148 145
167 2
100 193
97 176
81 90
125 186
156 85
23 29
28 139
95 30
79 91
123 106
106 183
28 169
59 45
151 116
53 86
172 90
140 8
10 72
113 30
180 112
117 111
83 152
154 93
53 130
51 84
163 112
140 196
168 173
195 3
78 188
163 110
54 136
163 95
153 184
54 183
156 114
146 99
32 143
180 28
191 91
32 137
173 62
92 190
31 141
34 91
107 108
135 65
109 85
137 64
83 82
117 175
193 104
145 46
83 91
119 83
96 182
181 36
133 13
145 142
156 189
170 184
13 158
68 150
40 109
119 136
56 30
178 59
123 12
107 115
154 3
132 42
172 59
123 184
171 44
98 65
136 87
67 52
198 65
193 197
140 36
8 41
114 79
195 99
200 112
103 183
68 177
180 107
26 154
173 135
78 194
191 125
139 127
128 79
128 69
177 126
168 130
76 96
26 177
74 109
92 5
55 123
116 146
66 123
101 57
71 132
29 16
170 131
175 188
17 1
3 134
170 162
200 92
78 87
178 110
14 76
81 84
10 5
97 76
159 20
94 111
178 31
186 49
81 70
87 90
145 87
11 21
19 79
130 186
32 29
39 183
171 39
101 130
145 1
167 176
37 93
67 185
94 152
25 79
62 185
81 150
78 60
41 85
56 138
165 52
136 109
136 6
200 29
9 189
96 22
47 32
174 121
55 41
36 139
40 171
144 164
67 40
187 51
151 77
23 147
50 121
38 24
187 34
199 46
87 33
65 197
13 120
140 52
16 70
168 88
35 95
86 51
137 84
27 139
86 73
178 190
4 145
148 28
120 59
156 61
177 108
133 68
196 134
71 92
177 189
4 195
75 111
47 74
14 87
169 129
128 83
179 34
191 188
198 130
151 41
104 96
49 18
120 21
190 72
145 152
124 51
72 28
80 79
19 115
40 131
89 109
67 65
116 62
78 79
31 185
4 136
159 77
119 108
40 65
79 12
44 52
50 22
116 126
145 169
147 192
2 134
136 57
173 142
178 22
107 141
41 115
95 141
67 184
177 70
109 171
200 100
187 1
55 112
121 52
26 91
48 150
196 115
170 100
195 180
107 79
133 53
195 183
27 143
133 149
102 83
131 59
29 5
164 127
83 186
14 162
193 81
69 40
200 55
94 20
195 129
101 59
132 139
200 1
165 110
166 24
152 91
148 64
42 89
53 5
5 15
171 88
100 5
166 102
141 38
157 12
180 134
40 41
69 108
176 52
32 151
162 65
108 44
154 82
31 146
154 79
170 107
87 176
104 150
83 30
32 105
105 1
170 37
43 105
136 153
173 196
97 51
140 76
8 183
165 85
104 95
149 184
88 18
13 15
114 164
62 110
10 164
28 22
25 115
29 122
193 105
64 152
26 20
167 125
75 66
124 88
179 151
27 196
15 39
133 175
166 2
110 105
31 92
47 87
194 185
188 196
151 28
166 141
189 40
24 30
60 95
168 97
145 28
9 13
37 40
200 69
39 182
128 10
96 138
94 18
143 115
112 144
156 79
147 61
180 83
148 2
177 66
2 144
145 185
34 144
125 129
173 36
157 147
29 150
168 138
191 20
159 131
175 20
37 178
36 70
141 84
130 106
47 189
126 87
116 184
181 29
107 84
102 140
83 143
83 5
123 58
190 38
103 12
54 135
175 108
37 20
127 24
189 140
43 12
133 91
29 197
25 28
47 114
23 169
135 117
132 142
58 82
6 138
29 44
55 109
125 76
80 149
181 184
100 53
128 166
179 81
168 21
121 38
107 175
130 65
141 90
36 44
17 5
129 15
181 65
111 12
130 36
103 64
78 13
173 194
40 111
4 74
123 16
172 95
42 36
135 52
166 107
113 5
196 38
170 22
193 51
61 165
157 96
151 110
154 182
66 112
126 73
16 88
83 141
50 69
34 96
162 22
92 82
178 121
170 114
43 9
194 134
197 127
190 112
119 14
32 85
92 16
77 2
39 88
162 49
92 77
146 118
120 15
200 78
46 45
173 191
23 171
63 66
26 120
191 17
155 110
145 110
10 123
128 189
32 181
69 76
147 1
50 102
144 95
4 76
10 137
89 192
177 116
100 195
136 162
100 65
187 124
118 115
186 91
9 181
153 155
144 138
142 91
191 57
13 62
77 113
126 141
102 195
174 50
157 150
180 41
128 105
146 114
181 87
178 65
186 149
61 70
40 48
114 49
77 28
112 6
31 157
83 188
159 29
125 88
39 84
71 73
92 164
35 53
167 189
160 6
83 198
174 32
122 59
80 145
75 10
169 90
78 48
136 164
150 44
58 91
39 90
47 56
54 147
87 38
154 45
36 41
25 75
181 161
185 79
199 6
13 192
66 120
116 6
148 139
185 152
132 188
166 152
83 145
104 185
26 101
190 110
106 33
42 198
194 72
186 155
146 57
14 110
13 117
31 108
194 177
13 179
7 61
92 180
145 8
149 111
179 182
187 18
116 88
16 134
13 22
17 134
153 113
103 190
133 148
101 105
145 104
167 151
168 33
77 98
21 134
27 65
47 153
169 188
38 84
32 111
93 183
180 169
162 188
174 185
146 48
168 126
43 111
170 109
49 52
126 183
168 76
172 171
159 48
193 103
100 149
199 152
78 1
198 158
90 127
191 56
37 141
25 95
154 8
147 140
121 126
44 46
36 22
161 175
181 188
97 38
72 171
133 42
141 115
177 186
71 60
93 56
77 137
194 141
62 76
14 193
122 118
29 108
189 38
108 39
63 146
23 106
160 182
187 59
125 153
154 164
71 48
87 85
43 141
172 67
188 111
9 186
194 198
14 29
26 129
80 184
16 118
71 101
200 170
185 15
198 126
89 61
43 54
75 42
159 155
121 182
132 59
144 115
124 1
100 76
181 127
34 134
86 101
173 15
54 187
77 129
61 36
34 125
78 178
122 134
97 21
130 48
172 107
160 79
194 161
155 41
148 81
80 69
67 146
10 125
21 12
35 83
93 64
157 130
147 117
89 139
7 102
106 182
145 44
162 118
40 152
119 68
23 12
2 145
86 27
160 99
166 48
71 14
43 198
186 41
119 115
49 12
67 48
35 52
27 94
116 161
34 76
117 85
28 82
13 35
25 72
93 76
70 45
200 38
37 39
160 169
58 188
35 39
28 87
151 183
167 14
2 142
154 58
103 105
182 127
69 123
177 146
143 16
128 35
140 143
156 177
53 169
78 102
98 39
143 134
46 24
10 59
132 31
87 96
4 49
126 105
162 6
13 190
162 184
191 15
198 141
180 56
4 32
61 149
145 182
133 193
80 152
125 39
71 66
23 86
155 196
156 192
107 169
79 196
76 41
104 82
192 142
67 19
102 146
58 95
72 152
95 12
7 67
124 66
180 154
101 46
2 183
128 89
83 29
67 152
25 108
178 183
128 173
118 1
132 34
108 134
160 90
199 125
198 90
189 18
88 46
17 196
133 28
3 12
69 127
66 8
114 62
77 116
119 130
92 147
47 131
181 142
71 94
100 173
147 15
160 184
4 12
24 45
168 151
80 134
170 150
26 88
132 135
101 36
170 135
99 1
40 101
192 87
169 185
26 168
47 93
112 79
59 141
173 73
103 36
178 86
140 171
170 192
113 127
167 195
194 67
74 111
123 145
198 33
50 96
69 53
159 145
19 182
4 27
141 142
145 164
50 147
42 17
175 51
153 46
124 81
119 122
62 84
63 190
174 48
4 67
142 182
168 6
136 66
133 100
174 106
3 33
58 115
65 171
145 144
173 115
51 88
101 87
80 137
80 40
38 138
63 132
50 2
178 90
74 183
109 175
144 59
200 103
165 114
77 181
52 85
43 109
114 134
66 84
102 134
128 77
50 82
149 127
195 106
168 29
35 138
25 137
172 24
2 164
118 52
62 39
9 57
8 182
26 189
128 51
59 11
166 87
14 30
4 101
143 118
75 1
143 62
21 138
175 38
102 143
31 33
71 45
160 125
10 109
124 69
31 45
76 73
166 23
106 20
168 72
53 19
2 197
154 97
99 111
116 158
31 49
123 96
157 65
78 124
92 35
119 138
167 188
34 95
119 5
83 6
46 182
13 156
3 145
112 152
42 108
47 82
100 84
54 68
25 198
55 192
15 84
69 158
13 134
193 190
94 129
160 49
199 188
129 96
50 11
17 22
154 56
35 22
188 129
157 118
53 105
133 164
77 62
199 58
35 141
128 132
121 109
176 127
122 38
200 28
77 183
80 15
190 8
2 81
128 43
14 164
192 158
56 8
118 88
54 151
190 87
74 104
146 28
69 153
116 57
151 118
63 177
69 20
137 134
189 185
103 184
194 45
32 17
148 103
69 155
198 97
75 149
187 30
157 169
199 8
94 142
174 165
122 164
160 121
1 20
78 66
77 58
198 149
103 111
29 161
80 88
161 51
137 113
99 30
12 52
118 106
200 185
136 41
63 144
159 172
120 106
173 35
128 139
34 8
145 40
93 30
81 114
14 189
133 3
198 150
133 184
54 140
170 152
95 90
136 111
47 196
100 158
184 111
112 155
195 39
9 150
100 17
69 104
193 97
68 36
23 5
119 109
52 20
9 152
119 188
199 27
156 184
173 20
119 174
2 40
63 176
103 65
26 66
69 90
58 30
32 76
143 138
10 56
53 36
78 141
163 29
47 147
35 61
114 88
139 76
92 117
123 22
42 52
21 33
69 139
117 153
200 66
29 101
32 53
19 18
147 183
191 159
199 39
54 81
68 110
47 100
48 12
86 89
173 112
22 82
148 144
23 96
44 18
135 171
160 110
74 56
167 110
164 139
68 143
72 134
26 73
133 196
125 141
61 20
178 162
125 101
167 64
157 197
7 116
194 131
48 85
8 111
121 107
170 126
32 155
67 115
177 162
167 146
100 28
177 40
143 149
131 171
31 44
35 127
196 52
162 46
26 159
144 99
102 184
14 171
123 46
109 22
133 139
51 57
195 110
50 185
141 22
31 98
135 130
161 96
70 184
128 183
167 60
180 143
151 21
122 110
171 12
25 110
163 159
128 31
121 116
2 118
157 51
135 77
153 96
63 127
75 116
68 152
163 75
25 193
99 49
190 162
200 123
50 51
155 184
126 192
131 150
100 177
77 95
78 155
55 81
178 87
187 144
147 152
188 82
133 56
194 10
128 91
132 124
43 39
71 41
117 164
60 61
163 55
97 196
9 20
136 11
132 94
101 3
99 152
47 80
125 139
37 91
157 145
136 167
170 120
168 196
157 141
34 131
120 16
167 100
178 8
81 5
174 40
168 16
40 17
37 175
119 60
14 80
75 114
23 173
66 96
25 156
9 83
68 140
114 184
55 50
192 17
122 183
3 162
191 18
160 130
2 21
102 189
92 140
54 170
153 52
168 82
190 94
55 164
66 188
186 46
81 126
198 36
121 85
50 41
10 106
128 144
10 131
186 175
29 175
190 64
50 103
81 185
192 115
37 103
172 111
11 82
152 197
109 70
78 123
185 24
189 46
198 103
81 196
185 158
42 95
80 139
194 77
128 52
180 116
68 90
147 3
23 18
194 95
175 49
125 112
11 18
151 153
187 103
110 45
179 98
173 70
160 156
172 36
98 81
159 33
196 141
43 35
165 27
151 190
11 22
140 165
144 97
143 57
72 48
34 176
64 1
86 93
9 157
117 38
180 124
198 64
195 161
126 19
119 97
136 101
195 27
16 56
136 37
40 142
180 150
93 22
180 85
194 109
161 99
123 59
191 127
34 41
188 84
169 85
195 85
167 155
164 44
29 169
81 53
89 152
56 108
69 162
119 140
38 45
167 154
125 183
81 183
200 54
55 21
105 183
35 55
194 101
9 178
2 106
107 95
71 39
81 18
67 46
181 164
159 76
143 141
104 196
50 93
34 117
53 196
89 144
29 51
199 84
146 45
148 83
174 11
191 34
168 94
180 171
188 115
13 30
55 138
190 185
187 67
40 64
63 121
75 141
4 89
5 150
126 88
22 73
121 197
35 84
33 84
121 36
59 106
133 59
88 6
117 188
153 16
71 130
101 12
123 193
116 113
146 106
168 45
66 198
69 164
83 96
128 112
103 46
92 32
77 155
155 115
76 21
101 62
39 52
103 1
200 161
58 114
53 164
86 98
34 90
124 30
43 98
77 6
43 139
147 184
132 33
35 24
179 77
31 130
10 57
63 162
10 44
172 85
121 169
189 181
105 6
162 142
187 199
132 178
11 152
156 171
108 5
37 165
97 188
63 109
16 139
107 48
180 52
193 186
4 156
187 188
108 24
78 88
125 104
173 28
200 56
160 82
170 145
26 80
31 134
92 116
120 51
48 164
43 107
42 153
4 82
163 191
51 22
153 38
123 94
139 88
172 198
136 38
72 158
180 135
186 106
47 141
89 48
147 66
25 194
170 116
124 172
55 139
181 155
103 188
168 109
140 169
77 30
5 171
125 8
50 58
34 193
190 164
128 168
112 185
68 83
185 46
110 196
86 91
32 33
136 33
178 2
157 17
2 27
68 188
74 44
148 69
136 117
170 2
67 82
71 67
72 22
121 81
101 110
128 178
92 27
200 40
26 134
9 127
160 11
110 183
71 24
40 5
25 27
62 169
170 55
170 113
132 8
55 82
7 77
118 82
189 70
97 24
109 139
130 188
32 175
149 24
165 73
160 163
33 183
100 165
17 129
135 83
174 61
191 102
43 127
121 64
66 145
69 110
161 46
35 162
172 65
190 95
124 77
156 198
172 17
37 189
122 186
100 40
103 5
178 56
132 84
116 3
192 79
47 104
14 39
71 167
173 138
122 104
150 38
4 31
36 51
147 165
92 158
37 184
28 129
100 199
55 126
28 62
193 107
125 175
31 97
120 126
29 153
146 152
49 150
17 96
128 57
164 46
116 61
76 91
157 58
140 97
165 141
195 48
59 182
133 180
154 34
140 126
66 114
25 123
176 5
190 196
133 38
75 105
179 32
135 3
194 84
34 188
34 51
119 142
191 142
29 46
173 199
78 46
98 104
178 113
132 171
99 33
178 34
168 99
25 105
156 15
91 24
7 161
100 153
89 95
177 1
63 34
43 42
10 141
166 194
95 18
58 1
81 67
29 142
104 41
64 118
89 41
200 77
75 152
180 161
200 177
126 48
168 46
62 73
150 1
61 139
181 41
27 5
172 44
9 182
179 74
99 51
34 152
174 127
120 158
63 51
154 123
138 24
31 183
65 12
54 57
32 196
60 125
128 121
141 44
63 84
55 113
37 15
198 48
149 182
47 41
68 154
172 88
43 41
6 20
78 113
32 130
154 81
125 61
174 74
135 104
129 18
92 161
40 96
199 72
7 196
131 20
75 130
110 88
147 57
104 165
109 184
120 193
113 52
61 33
31 16
17 188
117 84
67 79
132 65
2 11
61 134
92 109
115 52
79 45
116 16
193 87
165 11
148 189
4 79
168 80
168 179
105 138
28 5
189 131
160 3
109 90
135 196
140 1
50 1
146 30
151 145
178 159
55 199
35 2
43 165
102 82
66 67
59 82
173 117
26 160
69 152
120 86
119 3
120 144
122 93
96 197
156 39
166 53
165 8
151 143
63 32
66 127
65 196
74 27
55 117
43 178
114 1
23 11
110 188
132 191
129 45
146 129
160 157
7 65
17 158
172 83
165 62
193 56
43 187
68 74
10 62
161 112
89 62
120 74
128 176
29 70
4 112
35 115
69 182
7 145
15 57
58 155
190 62
104 28
71 151
160 89
133 66
61 52
189 74
75 62
103 44
48 22
62 65
120 29
42 144
162 137
200 88
167 40
180 6
105 182
148 45
107 45
59 110
119 81
74 139
147 123
48 142
86 138
11 45
180 2
165 22
100 59
58 96
188 118
38 22
192 107
46 12
162 11
42 199
149 142
123 45
80 110
55 97
136 20
54 80
93 96
165 118
128 67
79 84
148 179
177 22
123 197
200 196
148 100
147 198
191 16
164 82
55 137
88 45
59 197
13 135
58 127
67 39
16 108
29 58
168 1
187 106
174 70
25 20
64 138
40 27
133 116
58 45
193 158
28 52
66 18
47 1
86 169
198 5
29 139
150 15
50 135
148 3
75 162
181 49
200 150
119 37
10 121
108 111
177 76
71 76
93 88
154 57
189 137
83 67
137 12
7 100
77 49
74 96
195 33
58 192
172 93
15 52
87 51
34 151
169 51
136 89
117 44
35 134
135 154
181 131
173 172
47 108
55 16
19 158
74 20
133 51
198 69
195 107
22 85
37 48
17 111
50 52
9 96
200 57
172 56
189 20
65 115
104 105
40 91
124 190
159 83
57 20
32 108
186 85
122 101
48 106
87 17
69 144
54 103
123 131
60 193
185 118
7 96
65 111
42 45
94 1
63 67
78 67
32 183
151 91
79 197
23 130
74 57
157 73
163 32
163 184
167 13
71 90
65 18
131 18
16 12
172 109
179 51
163 39
161 90
180 38
123 134
35 96
128 113
59 49
37 97
101 90
122 58
87 49
43 81
157 142
146 41
178 142
77 56
40 22
63 1
187 148
199 28
194 144
27 6
43 173
132 81
35 152
195 15
166 26
10 95
59 39
187 173
180 115
97 82
174 75
79 115
72 52
37 102
35 15
184 115
52 183
162 96
114 65
151 155
191 89
34 105
133 120
104 186
150 30
170 42
135 172
99 90
62 139
129 134
176 18
173 159
192 44
156 161
54 150
187 102
132 87
17 141
187 104
179 129
166 179
186 88
43 140
44 82
174 114
181 11
180 194
126 110
181 118
151 150
103 17
66 64
168 30
128 143
28 59
9 104
23 179
166 110
193 113
100 11
167 144
64 76
100 161
87 152
102 138
90 6
114 113
136 114
13 10
42 147
121 144
92 10
177 18
82 1
78 151
174 190
9 158
152 142
35 89
14 137
26 14
14 115
75 65
98 142
77 99
63 126
171 1
101 152
190 88
139 30
66 158
142 52
40 139
83 183
17 12
31 36
59 152
189 21
54 114
174 17
154 111
58 62
143 164
54 21
177 98
108 150
92 197
107 91
123 44
145 165
81 176
144 8
187 88
126 138
67 49
51 44
75 5
32 149
140 183
86 69
103 39
153 149
44 57
4 39
170 175
151 181
147 104
119 103
166 127
40 138
74 196
195 38
191 129
77 122
177 60
81 169
107 105
9 142
25 175
37 32
113 88
189 17
102 95
175 97
26 188
168 49
147 145
50 33
37 105
137 56
50 182
187 138
185 106
92 148
92 46
181 139
66 107
25 51
161 12
37 2
66 51
96 158
148 181
172 20
26 199
91 158
177 28
197 45
135 38
159 56
50 104
66 116
200 144
163 84
97 96
35 90
114 183
173 176
94 79
26 51
79 188
54 167
200 124
101 22
147 162
9 183
100 82
9 58
163 167
70 88
75 179
110 176
4 87
59 30
117 144
32 186
48 52
136 77
92 81
166 59
179 169
116 97
23 185
43 61
70 90
26 35
99 162
133 114
103 41
110 84
157 41
140 29
172 19
41 91
71 133
54 177
189 104
157 190
101 24
87 94
193 188
136 157
60 83
83 86
8 45
71 55
49 129
146 138
114 171
192 52
9 18
145 192
160 73
31 105
43 196
63 197
96 134
86 3
153 131
92 118
65 184
7 195
174 66
144 11
53 29
63 113
63 57
7 173
163 3
172 42
159 89
42 19
175 57
114 17
28 176
119 192
139 110
9 143
105 90
102 76
60 41
89 169
140 88
77 150
128 3
78 196
170 83
29 113
187 61
166 65
159 156
163 70
169 158
119 32
129 84
138 73
72 90
170 122
111 6
107 18
27 19
145 30
163 53
149 76
55 42
80 53
106 196
80 97
106 105
10 199
154 109
31 137
54 89
76 38
148 62
200 173
166 154
62 106
127 158
136 146
31 38
54 86
75 134
61 185
49 90
160 143
43 149
47 57
78 19
74 165
9 45
29 165
114 137
17 182
72 155
43 166
192 6
31 12
63 179
15 158
48 84
84 46
113 134
99 127
32 184
26 197
178 84
34 21
23 155
148 123
34 169
187 147
47 117
161 117
25 58
19 85
177 67
36 48
47 121
9 169
107 8
83 61
69 95
173 146
50 6
194 138
102 70
176 15
75 41
102 79
170 193
167 165
117 101
77 111
122 127
61 59
55 124
102 35
166 4
136 103
177 5
166 125
74 79
154 110
102 121
172 97
166 72
101 73
117 134
154 184
43 37
26 151
126 122
58 138
80 141
87 12
35 49
191 184
67 138
23 199
98 15
104 192
95 164
174 123
62 91
121 44
146 131
107 142
43 49
93 141
72 87
34 182
124 153
174 41
13 154
135 59
32 99
23 154
31 115
164 20
25 24
157 67
19 97
174 67
22 6
178 61
47 15
98 89
31 152
146 127
48 175
25 138
162 85
151 62
146 158
15 127
19 11
14 79
42 140
165 41
186 171
25 106
75 120
168 37
53 48
92 51
121 53
112 56
63 99
122 57
56 196
125 5
100 2
167 39
113 118
77 3
58 162
107 88
72 138
14 195
79 44
8 20
165 16
86 141
62 134
71 46
100 77
9 74
98 162
31 13
122 143
63 15
37 108
3 38
60 153
152 18
124 179
60 185
123 61
46 138
38 115
98 182
130 62
109 17
190 143
50 196
80 27
113 6
145 90
132 187
194 6
4 157
56 183
25 52
160 190
65 41
74 17
132 69
23 136
198 176
178 27
65 110
23 3
157 183
132 177
34 42
147 190
136 180
99 169
40 8
136 113
28 164
31 59
115 127
67 169
72 96
53 99
54 36
129 30
80 196
39 134
174 135
120 80
157 5
113 141
7 44
143 52
122 46
147 164
89 106
176 39
160 179
68 167
136 32
144 5
124 28
195 10
173 56
37 111
163 85
174 65
47 97
16 142
43 15
28 76
130 16
100 6
88 33
124 112
132 60
101 112
9 162
4 22
187 151
170 179
53 112
56 21
26 6
125 21
16 158
2 186
132 113
100 35
145 118
25 50
74 130
126 171
93 59
169 6
117 94
160 92
120 181
5 182
138 30
166 183
143 162
80 39
195 88
36 171
160 103
78 12
104 38
108 85
100 81
38 183
59 149
125 181
154 52
200 198
120 67
55 186
113 15
28 138
60 101
196 182
92 86
99 171
68 2
119 16
91 84
124 87
159 141
69 89
26 156
200 105
196 20
32 154
114 85
173 50
174 89
193 19
95 11
86 137
35 72
92 112
25 91
25 126
133 109
135 199
34 84
166 197
186 134
163 82
151 138
22 18
122 188
14 78
104 158
5 12
148 36
65 150
36 91
163 101
169 49
13 122
194 61
5 21
10 33
168 183
36 8
116 129
93 91
71 56
99 183
119 19
132 192
23 68
104 109
175 176
120 165
114 175
130 164
119 167
82 18
75 158
37 110
180 185
108 138
107 30
122 106
23 149
64 51
180 19
78 59
38 90
163 102
160 126
192 169
199 145
174 118
100 120
165 153
113 182
168 105
133 161
120 138
62 138
31 11
47 129
98 144
170 97
89 171
174 148
185 51
200 129
156 146
149 118
170 17
133 58
160 88
34 81
53 175
112 96
128 85
50 193
34 52
125 18
194 83
157 192
69 56
147 87
180 196
156 40
178 40
27 33
108 12
157 143
170 157
71 38
25 64
58 152
142 85
198 45
161 5
104 46
65 134
64 38
151 111
200 63
60 154
116 106
4 134
114 93
107 94
147 129
89 186
161 11
120 189
50 141
168 84
139 115
40 165
194 111
64 169
8 24
189 49
66 139
113 185
63 145
68 72
171 142
106 6
2 94
190 137
34 93
193 36
13 153
28 84
108 105
40 114
25 188
70 20
29 184
123 130
172 76
75 53
171 57
75 70
190 144
136 49
53 95
121 103
72 97
69 165
75 3
193 127
77 143
81 61
59 91
153 79
70 22
100 52
174 30
189 8
31 122
133 129
187 150
194 8
53 56
93 62
184 106
13 162
117 165
114 196
136 131
136 190
167 111
134 158
181 28
177 91
61 153
120 33
151 15
160 56
150 127
157 158
163 36
165 134
100 98
109 197
29 93
148 159
25 84
181 80
2 6
47 81
153 108
7 94
32 171
165 192
141 88
53 88
112 182
47 122
75 150
47 29
189 111
2 175
9 53
62 188
78 134
37 94
150 105
170 84
95 38
166 176
144 62
140 134
22 45
23 20
68 153
40 158
51 158
41 105
25 10
83 162
135 56
190 158
121 139
67 183
159 52
32 41
42 53
199 94
121 33
160 12
9 137
81 108
36 15
194 165
165 131
137 62
122 155
156 126
132 125
166 143
5 82
179 60
109 106
120 145
117 185
9 88
74 176
34 103
190 155
17 183
154 162
63 129
92 69
168 2
15 82
26 34
42 11
4 188
124 3
78 108
7 69
188 18
157 56
60 87
2 99
149 5
170 69
83 142
160 75
13 121
151 104
65 129
177 79
37 79
64 188
23 98
14 81
172 58
108 115
145 74
75 199
189 127
51 118
43 119
187 155
48 169
126 155
26 136
12 30
95 105
13 176
178 5
173 155
133 32
55 189
5 197
129 88
42 184
75 58
179 144
19 38
48 33
128 154
25 99
39 115
135 24
13 67
154 106
32 153
144 28
83 104
142 1
65 11
124 137
137 95
35 117
120 142
26 75
167 101
192 82
80 8
143 171
15 138
92 98
172 87
43 79
125 126
136 56
11 141
148 61
54 16
146 197
178 57
121 137
4 143
139 45
16 36
193 15
71 2
190 192
60 106
148 82
109 105
151 3
63 117
168 158
119 59
155 6
143 93
14 1
27 96
155 22
158 85
34 143
60 38
114 84
60 20
83 27
29 144
108 46
183 1
149 106
180 162
74 106
78 62
49 88
101 18
185 150
66 126
63 133
139 85
175 21
78 143
181 84
200 197
177 88
29 88
178 91
160 194
191 105
71 198
77 153
188 1
124 95
180 113
170 196
27 64
100 124
7 88
80 2
47 45
148 12
43 45
97 158
71 139
60 77
164 196
9 60
9 98
187 130
179 186
128 159
168 73
58 185
136 79
23 47
43 86
200 169
159 88
40 89
61 12
151 188
40 74
83 114
145 19
74 49
161 27
63 135
60 53
102 107
36 85
83 53
5 183
10 108
94 196
198 104
91 33
114 155
87 30
15 45
145 158
83 150
119 162
96 20
195 20
8 196
47 36
133 64
116 162
157 22
54 121
146 192
129 57
171 79
75 159
181 12
117 74
174 105
14 124
189 27
133 185
165 88
32 121
163 182
172 53
156 180
161 21
132 153
104 30
74 82
148 90
64 65
40 107
59 88
3 57
161 56
39 30
75 69
47 96
121 145
190 67
88 84
150 24
162 105
4 137
91 111
13 143
61 118
175 11
7 180
160 9
139 79
139 184
90 18
14 129
98 122
154 126
3 70
135 176
136 138
9 22
151 24
162 41
11 182
166 139
60 107
75 196
109 94
146 21
27 109
178 151
92 141
95 127
3 15
98 17
160 32
7 107
167 149
154 33
67 15
63 158
163 98
163 105
178 18
86 5
35 38
40 186
168 42
119 31
87 129
27 183
167 80
68 174
180 183
132 27
165 87
11 96
55 90
82 105
153 74
180 40
189 161
184 196
9 29
102 11
176 41
15 183
116 138
123 84
37 156
40 143
194 139
170 194
2 176
31 66
74 46
27 57
35 123
16 138
104 59
98 131
109 62
72 108
32 34
63 153
17 171
181 123
83 58
2 33
136 130
104 127
147 171
126 3
43 40
75 97
7 133
93 97
159 183
25 124
177 193
121 183
112 186
155 94
26 50
56 11
126 137
14 169
101 183
34 149
181 114
50 66
75 16
156 34
17 90
63 82
32 95
166 22
28 18
189 97
63 25
10 88
168 137
125 146
131 127
145 93
31 48
104 115
80 142
69 185
94 171
22 127
86 117
80 106
123 139
7 183
198 1
10 104
72 164
195 58
68 38
103 150
34 67
151 192
159 30
1 24
83 15
15 6
29 59
157 62
137 185
67 74
3 30
3 5
153 39
107 164
151 29
78 53
117 106
167 133
60 16
82 183
184 22
55 115
43 121
7 78
177 101
181 171
150 82
95 183
19 48
156 73
86 116
86 118
47 62
123 87
34 74
63 70
64 33
185 6
136 82
116 49
91 45
68 77
35 74
78 147
51 45
102 53
133 134
83 161
10 162
173 67
19 110
197 21
170 93
173 164
3 109
5 138
93 87
166 198
132 55
60 131
86 6
95 134
199 103
124 73
195 108
200 91
195 181
83 127
67 88
107 12
72 49
136 112
178 143
131 41
104 39
189 198
157 152
87 70
38 111
181 3
140 117
66 104
43 148
146 145
78 156
191 175
68 193
96 90
198 140
200 122
31 74
47 198
173 120
156 121
189 16
35 62
40 39
166 99
86 184
78 169
26 176
188 96
25 153
2 155
128 14
42 101
17 113
181 130
195 122
187 66
191 11
63 164
99 18
81 45
175 1
27 114
98 74
143 15
123 103
199 83
81 44
3 129
163 65
13 12
157 79
133 18
131 56
68 60
112 149
156 59
200 187
74 149
124 115
94 22
177 83
60 96
162 70
112 5
16 45
7 122
36 6
199 106
151 73
175 24
153 84
179 135
135 185
146 94
71 19
137 105
123 76
119 36
23 10
144 196
121 22
17 57
93 94
167 139
63 159
80 118
26 96
43 197
70 118
114 139
178 138
66 115
58 51
83 185
93 15
163 52
93 36
143 150
100 126
74 185
157 134
71 74
69 138
133 194
53 150
179 164
56 22
70 183
92 44
174 94
3 192
177 184
17 91
153 24
56 127
43 78
4 72
116 144
35 155
166 83
164 150
25 196
55 6
137 33
16 127
75 19
146 74
195 76
173 130
37 58
89 74
132 25
174 54
186 76
166 88
67 112
26 44
8 88
14 60
53 140
163 83
67 182
170 108
194 74
103 48
200 163
77 185
13 177
125 46
153 62
137 49
101 5
26 4
55 57
23 137
162 196
32 82
128 97
167 50
89 70
7 45
7 164
159 86
59 22
132 126
9 91
78 115
68 89
132 90
82 111
175 79
157 49
166 76
186 107
163 100
159 158
128 174
125 91
102 190
101 91
124 89
131 105
181 144
17 30
29 61
163 140
13 139
135 81
170 51
149 152
86 20
132 51
128 137
128 90
100 105
112 57
181 24
59 15
147 64
159 24
80 190
190 16
116 122
174 92
11 129
121 89
113 24
132 175
147 90
4 56
170 176
87 76
14 151
184 57
7 70
103 146
135 74
71 107
166 187
5 118
178 89
26 184
128 157
31 84
151 49
80 164
47 13
104 153
81 41
43 64
108 1
181 97
117 52
190 20
37 16
194 91
176 138
12 158
99 186
148 154
14 85
159 114
128 149
157 86
180 70
92 11
132 183
156 169
5 73
7 22
103 104
167 11
32 110
14 8
120 172
83 125
168 189
132 58
89 111
101 67
193 129
186 97
173 157
98 45
139 158
163 28
10 76
68 64
133 150
54 48
140 79
61 21
197 88
150 182
43 199
154 99
119 57
177 105
197 91
100 142
16 169
78 198
110 8
4 73
37 113
173 3
10 172
126 107
63 14
4 159
136 94
26 5
5 91
66 108
133 5
170 182
35 81
72 24
68 178
75 8
131 185
9 89
42 175
55 103
37 41
55 182
55 67
200 171
185 115
7 101
168 108
13 193
190 105
179 152
81 158
181 40
151 56
166 188
157 21
35 153
58 130
43 72
31 27
155 24
41 33
41 52
177 8
25 197
7 142
192 141
159 12
154 17
25 30
106 91
141 134
175 5
80 62
81 21
173 150
120 28
146 176
68 139
9 6
174 13
155 197
68 156
67 106
192 96
162 176
102 117
104 130
191 197
182 82
98 79
166 186
102 182
147 73
60 19
168 184
53 106
92 30
174 131
104 18
55 76
180 118
74 93
123 36
112 158
87 182
7 41
180 16
100 72
159 140
112 141
