InstanceID
1_20_4
NumObjects
20
NumFactors
4
Weights
23.603334566204694
34.651701419196044
31.27069683360675
0.790928339056074
48.86128300795012
21.096820215853597
95.1916339835734
99.99046588986135
25.166218303197184
98.66663668987997
55.57510873245724
43.71079746096251
42.471785049513144
77.3223048457377
28.11902322857298
20.947237319807076
25.137920979222493
2.037486871266725
28.77015122756894
85.9512136087661
Budget
444.66637428612705
Profits
-4.7206669132409385
-6.930340283839209
-6.25413936672135
-0.1581856678112148
-9.772256601590025
-4.219364043170719
-19.038326796714678
-19.998093177972272
-5.033243660639437
-19.733327337975993
-11.115021746491447
-8.742159492192503
-8.494357009902629
-15.464460969147542
-5.623804645714596
-4.189447463961415
-5.027584195844499
-0.407497374253345
-5.754030245513788
-17.19024272175322
FactorLoading
-0.07695088688120899	0.5634453591087298	0.23314788428074662	-0.12645586972931455
-0.0856351682044918	-0.467570377253566	-0.2949799355419749	0.15181451899996734
-0.051614620674327094	-0.4040774309531765	0.08233752957897966	-0.46197041879351675
-0.4170393538841062	0.23101439433908322	0.24611217104257	0.10583408073424061
-0.24159060827129641	0.1993068151018147	0.44393950220030165	-0.11516307442658724
0.013540332577443914	0.2898584796282049	0.21627651958808136	0.48032466820626984
-0.26299203233756496	-0.26345131932145094	-0.022191793860915077	0.451364854480069
-0.19456780644792482	0.09416951885877434	0.3724948302020217	0.33876784449127917
0.5148629711054435	0.004661686136417265	0.24883397058950285	0.23164137216863634
-0.38441136185217295	0.33767424740062424	-0.23112143139860186	-0.04679295934860095
-0.22515104100350247	-0.06101809965086047	-0.02297482041617327	-0.6908560389294638
-0.33908123311767135	-0.34233346311518686	0.08086176693788483	0.23772353682925695
0.11452851400716413	0.6343993069775467	0.12918039362586686	-0.12189178538942236
-0.014103300731604707	-0.4886705498419097	-0.37775137673864645	-0.11947477268783913
-0.41668074230955066	0.1047066396150036	0.38711123003921655	0.0915013880362292
0.27541564882559744	-0.38498467723434504	0.24581031960766886	0.09378935433238866
0.23433763208045533	-0.35109654005317315	0.18658099544779216	0.22798483241857936
0.35968218148407916	0.11953956624427842	-0.1296188008013095	-0.39115945147033293
0.173981640095495	0.7214475355999019	0.0215650971158301	-0.08300572718877297
-0.230250076105877	0.04014539382145599	-0.41800064890079525	0.31160388117187177
Conflicts
8 1
14 3
4 20
11 5
17 11
14 8
11 15
5 20
13 3
14 17
9 11
15 18
20 18
12 20
13 2
16 8
3 11
7 1
9 18
13 18
17 6
10 5
17 18
6 20
5 12
5 6
7 18
4 1
10 3
16 19
17 12
15 1
9 17
14 11
19 17
3 16
5 15
13 1
7 12
14 10
17 1
9 20
4 8
2 12
9 3
9 12
13 12
4 12
11 6
2 5
11 18
3 20
8 18
19 1
16 1
12 1
4 11
8 12
16 12
12 18
7 10
7 3
2 18
15 20
13 11
2 15
10 11
13 6
11 1
16 15
3 18
7 20
4 19
7 2
11 8
4 6
9 2
4 15
19 5
14 5
14 15
7 4
16 20
5 18
13 14
10 6
17 5
19 11
13 10
14 16
5 1
4 9
9 1
16 18
20 1
14 6
