InstanceID
1_40_4
NumObjects
40
NumFactors
4
Weights
23.603334566204694
34.651701419196044
31.27069683360675
0.790928339056074
48.86128300795012
21.096820215853597
95.1916339835734
99.99046588986135
25.166218303197184
98.66663668987997
55.57510873245724
43.71079746096251
42.471785049513144
77.3223048457377
28.11902322857298
20.947237319807076
25.137920979222493
2.037486871266725
28.77015122756894
85.9512136087661
7.695088688120899
64.03962459899388
87.35441302706855
27.85824200287785
75.13126327861701
64.4883353942093
7.782644396003469
84.81854810000327
8.56351682044918
55.32055454580578
46.33502459235987
18.582130997265377
11.198087695816717
97.6311881619359
5.161462067432709
53.80295812064833
45.56920516275036
27.93951106725605
17.824610354168602
54.89828719625274
Budget
875.663722420145
Profits
-4.7206669132409385
-6.930340283839209
-6.25413936672135
-0.1581856678112148
-9.772256601590025
-4.219364043170719
-19.038326796714678
-19.998093177972272
-5.033243660639437
-19.733327337975993
-11.115021746491447
-8.742159492192503
-8.494357009902629
-15.464460969147542
-5.623804645714596
-4.189447463961415
-5.027584195844499
-0.407497374253345
-5.754030245513788
-17.19024272175322
-1.5390177376241798
-12.807924919798776
-17.47088260541371
-5.571648400575571
-15.026252655723402
-12.89766707884186
-1.5565288792006937
-16.963709620000653
-1.7127033640898361
-11.064110909161155
-9.267004918471974
-3.7164261994530756
-2.2396175391633433
-19.52623763238718
-1.0322924134865419
-10.760591624129665
-9.113841032550072
-5.58790221345121
-3.5649220708337204
-10.979657439250548
FactorLoading
-0.37097066286146885	-0.27708308536172055	0.24611217104257	0.10583408073424061
-0.24159060827129641	-0.28338404834548303	0.3598622689566333	0.11516307442658724
-0.013540332577443914	0.08164525982001836	0.4244897393962679	0.48032466820626984
0.26299203233756496	-0.285643113182366	-0.32371230299439335	-0.12765255148567567
-0.28873732530669916	-0.3724948302020217	0.29062924008176605	0.04813860440951312
0.5195246572418608	0.06125697741080227	0.18757699317870058	0.23164137216863634
-0.590953157912963	-0.1311324513398342	0.23112143139860186	-0.04679295934860095
-0.22515104100350247	-0.06101809965086047	-0.13411736738452418	-0.5797134919611129
-0.09292924093459032	-0.5884854552982679	-0.08086176693788483	0.23772353682925695
0.11452851400716413	0.6343993069775467	0.06707598581028917	0.18399619320500005
0.014103300731604707	-0.4586955849544314	-0.40772634162612476	-0.11947477268783913
0.41668074230955066	-0.05906805420618744	0.04563858540881616	0.47861261807544575
-0.6490562651461806	0.011344060913761833	-0.24581031960766886	0.09378935433238866
0.23433763208045533	0.5376775355009653	-0.10114152075349336	0.126843311665086
0.35968218148407916	0.11953956624427842	0.39441622403148235	-0.12636202824016007
0.07932544266802011	0.09465619742747489	0.743012632715732	0.08300572718877297
-0.14342678198362901	-0.08682329412224798	0.45814604272225123	-0.31160388117187177
-0.1367024459331192	0.43009909735597285	-0.1210169093220832	0.31218154738882475
-0.0196910347806325	0.07099309232405893	0.09813174807332459	-0.811184124821984
-0.050763183886257224	-0.02413048119640382	-0.5732919772384013	0.35181435767893765
0.5209910188917961	0.09339575305229308	-0.06412523927359093	-0.3214879887823199
0.23851588402844426	-0.6280493418549531	0.06535913919028413	-0.06807563492631852
-0.36400338991488757	-0.2482928140547025	0.16379818761242837	-0.22390560841798157
0.5519005128586842	0.08567210278440185	-0.09960626297976871	-0.2628211213771452
0.08814371884969696	-0.24979848302523178	0.3365111283033577	0.32554666982171354
0.22034769839921053	0.3328103833944891	0.43803007543193284	-0.008811842774367529
-0.18476637288365794	0.11655009608176181	0.201709059137249	0.49697447189733124
-0.26207837215495156	-0.20798907345066708	0.13674691173238518	0.3931856426619962
0.4142391705919144	0.25786965865615863	-0.003752742983850199	0.3241384277680768
0.41291676539748745	0.05677577652215726	-0.09488222449185857	-0.4354252335884967
-0.22942398956867383	-0.07966218019678717	0.6436204424009688	0.04729338783357018
-0.04748253620274423	0.009653732047648411	-0.13531812712485203	0.8075456046247553
0.4016806296191564	-0.03324493889503266	-0.5597125454948462	-0.005361885990964765
-0.23283975024246018	0.5405978620455496	0.09628512167058001	0.1302772660414102
0.010117762521448581	-0.0017886539937457258	-0.7935297137728246	0.19456386971198114
-0.18077869477928443	-0.17540304652573369	0.5035251783876444	0.14029308030733745
-0.02977664628848764	-0.24044403662171487	-0.14072513168179257	-0.5890541854080049
0.15755639598925963	0.13196218692565953	0.45521672010148295	0.2552646969835979
0.1472248613938436	-0.23891466962994956	-0.6068250894846574	0.0070353794915494205
0.794672371628695	-0.18045806397576358	-0.020863103972145858	0.004006460423395586
Conflicts
32 33
4 22
31 8
28 24
2 12
7 18
9 35
9 12
32 36
11 6
2 5
11 18
40 1
3 20
40 18
24 1
16 1
33 12
2 30
13 18
23 4
40 8
29 16
27 18
36 33
33 20
10 39
35 39
34 20
13 2
25 27
29 11
38 24
33 30
11 15
31 29
3 39
19 20
7 2
34 15
34 11
8 38
4 9
4 34
19 21
5 38
27 38
5 33
5 24
13 3
36 39
35 20
4 11
17 20
10 11
25 11
37 5
31 18
14 6
37 11
19 1
32 17
13 20
31 10
26 6
31 6
16 36
11 21
5 1
22 15
36 38
36 5
7 1
16 24
15 33
37 14
38 6
12 30
11 30
37 18
6 24
27 12
35 12
13 30
13 40
7 17
40 24
34 19
4 30
27 17
13 34
28 8
19 38
5 12
26 1
25 28
16 18
17 5
37 33
32 20
40 15
16 15
13 21
2 39
37 17
25 39
39 33
29 38
25 40
4 6
26 24
39 12
29 28
23 8
3 18
21 33
14 40
26 14
14 20
19 12
40 28
8 12
13 33
10 15
23 17
14 24
4 18
14 15
28 12
2 19
4 1
35 28
13 27
29 3
13 29
15 20
34 1
16 21
8 15
10 40
38 30
19 11
34 18
7 27
23 36
15 39
40 36
32 39
32 28
26 15
9 1
25 36
29 19
16 20
4 5
8 5
25 20
31 21
23 37
14 30
23 6
4 16
8 30
2 16
25 5
21 6
3 15
14 33
14 18
26 37
31 28
19 17
26 4
13 11
23 10
23 1
28 16
28 30
37 36
32 12
2 21
15 18
28 5
30 24
31 34
35 11
16 5
26 2
10 24
7 38
27 6
35 3
31 36
33 6
12 1
37 24
29 12
23 18
2 17
14 10
36 21
3 40
37 25
37 19
3 1
26 32
9 3
10 21
15 30
27 15
29 33
9 34
28 21
13 10
7 8
29 36
26 29
27 11
23 15
9 27
23 3
39 21
23 24
31 14
34 2
29 39
4 29
17 1
37 27
37 30
14 1
23 28
35 19
31 22
23 14
21 18
31 27
13 8
32 6
26 13
11 8
11 12
9 6
10 16
7 23
31 39
32 10
40 27
23 9
5 30
40 22
23 38
31 16
29 40
14 11
23 40
7 6
22 12
31 2
16 12
26 5
10 27
26 22
31 35
28 33
27 24
2 40
7 37
10 19
37 15
33 18
32 29
10 12
21 20
23 11
9 18
32 5
26 19
19 15
35 40
7 14
4 13
27 30
26 40
40 16
27 22
17 12
23 30
13 28
34 29
3 19
10 36
31 24
38 1
29 18
35 16
32 24
23 16
8 20
22 30
34 28
7 9
2 20
2 3
9 24
4 12
25 14
2 36
37 3
39 6
40 5
19 33
35 6
4 8
16 33
25 35
29 6
4 38
8 22
23 39
7 20
36 15
12 24
9 21
34 39
36 12
29 5
35 8
13 17
32 2
22 24
7 5
9 25
4 15
14 13
9 20
23 33
1 20
23 13
36 6
25 30
23 34
2 24
14 35
34 8
26 31
38 33
11 39
23 12
10 17
26 20
4 35
21 15
21 30
39 18
11 24
35 15
7 4
10 2
26 16
9 30
25 2
25 3
9 38
34 36
2 28
3 38
38 20
32 34
40 6
33 1
23 19
37 12
13 22
37 38
11 33
35 24
36 11
13 5
23 27
28 6
9 36
11 1
39 20
4 20
32 15
17 21
27 28
4 10
15 6
8 33
