InstanceID
1_50_4
NumObjects
50
NumFactors
4
Weights
23.603334566204694
34.651701419196044
31.27069683360675
0.790928339056074
48.86128300795012
21.096820215853597
95.1916339835734
99.99046588986135
25.166218303197184
98.66663668987997
55.57510873245724
43.71079746096251
42.471785049513144
77.3223048457377
28.11902322857298
20.947237319807076
25.137920979222493
2.037486871266725
28.77015122756894
85.9512136087661
7.695088688120899
64.03962459899388
87.35441302706855
27.85824200287785
75.13126327861701
64.4883353942093
7.782644396003469
84.81854810000327
8.56351682044918
55.32055454580578
46.33502459235987
18.582130997265377
11.198087695816717
97.6311881619359
5.161462067432709
53.80295812064833
45.56920516275036
27.93951106725605
17.824610354168602
54.89828719625274
37.097066286146884
89.41659192657593
64.80537482231894
41.70393538841062
14.456554241360564
62.24031828206811
87.23344353741976
52.49746566167794
24.159060827129643
88.48369255734127
Budget
1156.71047418537
Profits
-4.7206669132409385
-6.930340283839209
-6.25413936672135
-0.1581856678112148
-9.772256601590025
-4.219364043170719
-19.038326796714678
-19.998093177972272
-5.033243660639437
-19.733327337975993
-11.115021746491447
-8.742159492192503
-8.494357009902629
-15.464460969147542
-5.623804645714596
-4.189447463961415
-5.027584195844499
-0.407497374253345
-5.754030245513788
-17.19024272175322
-1.5390177376241798
-12.807924919798776
-17.47088260541371
-5.571648400575571
-15.026252655723402
-12.89766707884186
-1.5565288792006937
-16.963709620000653
-1.7127033640898361
-11.064110909161155
-9.267004918471974
-3.7164261994530756
-2.2396175391633433
-19.52623763238718
-1.0322924134865419
-10.760591624129665
-9.113841032550072
-5.58790221345121
-3.5649220708337204
-10.979657439250548
-7.419413257229377
-17.883318385315185
-12.961074964463787
-8.340787077682124
-2.891310848272113
-12.448063656413622
-17.44668870748395
-10.499493132335589
-4.831812165425928
-17.696738511468254
FactorLoading
0.40467263869902004	-0.03622478467409107	0.2958893785372485	-0.2632131980896404
0.3033988122056488	0.2931381946770988	0.10602012863271026	-0.29744286448454216
-0.27551933532993544	0.18949998329878093	-0.06142403303029953	0.4735566483409841
0.19456780644792482	0.19862569120849916	0.5975471577439724	0.009259344599603647
0.5148629711054435	0.08881871748764603	0.39445436848484783	0.0018639429220626003
-0.3200111699127468	-0.06440019193942614	-0.481213448794078	-0.13437518935374904
-0.14716190329632184	-0.023228918056367842	0.13875313971784653	0.6908560389294638
0.1387630205269108	0.20031821259076055	-0.11736491632457335	0.5435538505577553
0.8781082146105776	-0.018182524090082586	0.03419032122136012	-0.06951894007797965
-0.2248507679922378	-0.06300675657890653	-0.2149163260023701	0.4972261494264856
0.10283157795639708	0.5675890046051004	0.2380780294022733	0.0915013880362292
0.14164408841125242	0.13377156041434501	-0.5945099842250838	0.13007436694931873
0.4732302657566332	0.07686746715223669	-0.0353364392247586	-0.41456582786637153
-0.6088405485296671	-0.0630660391482103	-0.31803599217281997	0.010057420149302665
0.5255633522703727	-0.3698658234250243	-0.08169310839598753	0.022877715908615537
-0.060839588162864056	0.20955588176446893	0.3679671022135895	-0.3616374278590775
0.36064918663946144	-0.11478977958392522	-0.3761772926423643	-0.14838374113424901
-0.05835664215643366	-0.446234910386478	0.29497603989174315	-0.2004324075653452
0.1609952325109647	0.2148098429698535	0.0683456557080262	0.5558492688111556
-0.2064021511982954	-0.5564274115307188	0.12321846157678729	0.11395197569419846
-0.48766682865498767	0.14056736192162278	0.29928676919307584	-0.07247904023031371
-0.25866238457932944	0.02864873678418256	0.2430843822137292	0.4696044964227588
-0.185426424532527	-0.6274271972416934	0.11064403487285346	-0.07650234335292616
0.4314597241256688	0.44872953411428007	0.051566510707445445	-0.06824423105260569
-0.8860097719878384	0.06470937020413747	-0.0009864006717050788	-0.04829445713631908
0.12865407685466002	-0.4711355759545275	-0.13061015810639476	0.26960018908441774
0.22363717069593014	0.025304440508418846	0.6248096887948467	-0.12624870000080435
0.26826295612968565	0.6259310054339169	-0.04214533655056418	-0.06366070188583328
-0.0992834999475467	0.6005173593155575	-0.10273287948917598	-0.19746626124771982
0.16828405178779438	-0.16743649270819372	-0.45354785653295937	-0.21073159897105254
0.12327189909039471	0.27981141850831115	-0.10019855359866714	-0.496718128802627
-0.18490479945556437	-0.008050316934795854	0.5351578358905409	0.2718870477190989
0.3743360562656801	-0.31945308243338166	-0.21297382567739942	0.0932370356235388
0.23349786159334274	-0.006918047695714691	0.3668893475003796	-0.39269474321056297
0.13000446608849714	-0.08327979029800914	-0.682625553457862	-0.1040901901556317
-0.10369066522262793	-0.022751035954957644	0.2450487388156286	-0.6285095600067858
0.5727890180392909	0.04553336131855157	-0.29343351152037433	-0.08824410912178315
0.3827104494114293	0.10936034936317629	0.2287112385059098	0.2792179627194846
0.12447770039032235	0.23616922552567488	-0.5481592018653629	0.09119387221863984
0.08103682762762077	0.23042656059515476	0.44028689813318844	-0.24824971364403603
0.3515589128548322	0.3899744503296283	-0.2545567793581016	0.003909857457437882
0.3068748530690204	0.1033218177516464	-0.3930598997880079	0.19674342939132528
0.0053280541965672334	-0.3711739969039798	0.22947475273061735	0.39402319616883563
0.19237851088814661	-0.020778879899994607	0.3406223578346046	0.4462202513772542
0.07028567817620557	-0.5994166201560713	-0.27654916705961896	0.05374853460810414
-0.018869332122823712	-0.12628538129148725	-0.1984077733637455	0.6564375132219435
-0.1489015272986327	-0.018833652194917283	-0.6084950753533225	-0.22376974515312753
-0.4302699716766629	-0.2826588057327488	-0.03978553273462082	-0.24728568985596744
0.44507230875997705	0.07571938814917534	-0.4555221907542044	0.023686112336643195
0.15678475710000206	0.12462230113422668	-0.3991104321158536	0.31948250964991765
Conflicts
36 33
33 20
10 49
35 50
47 34
13 20
43 47
25 2
42 27
29 11
38 45
33 24
11 30
31 15
29 48
50 3
39 20
19 22
4 2
7 34
34 15
47 11
8 38
4 9
4 8
19 8
5 21
27 49
5 33
42 5
46 24
13 3
47 46
36 39
35 20
11 45
4 48
17 20
10 11
25 11
43 5
37 31
11 18
45 18
14 42
49 6
37 11
19 1
32 17
47 20
13 31
26 10
31 46
16 36
11 21
5 1
48 22
36 15
38 46
36 5
9 12
7 41
48 1
16 24
48 18
7 33
33 6
14 33
15 44
37 14
38 6
12 30
46 30
48 11
37 50
24 18
27 6
11 12
6 12
13 35
47 30
13 40
7 17
40 24
34 19
4 30
47 17
34 27
13 8
42 28
41 33
43 20
19 38
5 12
42 6
50 11
49 41
26 1
25 28
16 18
48 41
5 44
17 33
37 20
32 15
40 15
16 41
43 13
31 21
29 2
17 39
37 42
25 39
39 33
42 29
43 38
47 40
43 25
4 6
27 12
26 24
39 12
29 28
23 8
3 18
25 27
50 48
42 33
40 21
14 40
14 20
14 48
19 12
38 44
40 8
28 8
13 12
15 22
43 15
23 10
14 17
4 15
14 28
2 12
4 35
28 49
13 27
3 45
13 11
25 41
48 20
49 15
44 1
34 21
16 8
10 39
36 30
11 38
9 19
9 34
27 18
7 23
50 36
46 45
43 49
50 15
40 39
47 36
32 39
15 33
9 36
25 45
42 19
29 16
26 20
4 14
5 8
5 20
25 21
29 39
47 25
23 37
43 30
14 6
23 4
16 44
8 30
2 16
25 46
47 21
3 6
14 15
27 33
14 38
37 18
26 11
4 31
28 17
19 46
26 4
11 41
23 13
10 1
23 28
16 48
29 49
46 44
3 28
37 36
32 12
2 21
15 18
49 8
5 46
34 11
50 10
43 48
5 15
41 18
42 24
49 30
41 6
23 47
26 38
37 44
31 34
35 11
16 49
26 2
43 24
10 38
4 5
35 3
14 30
25 20
31 36
6 1
48 12
30 45
37 28
29 24
12 18
23 26
17 15
13 2
10 34
14 21
36 12
41 12
3 40
37 25
37 19
41 1
26 3
9 44
50 49
37 3
41 46
47 48
37 10
37 21
33 30
3 15
13 50
4 44
4 33
15 6
37 27
25 29
50 33
21 46
42 44
13 28
10 42
42 18
42 11
7 27
7 8
29 36
26 45
43 29
27 11
23 15
4 18
5 38
9 27
23 49
3 39
16 21
9 20
34 41
23 24
31 3
47 14
13 34
34 2
49 18
40 41
39 21
4 29
45 1
15 30
46 1
37 17
27 48
37 30
37 1
14 44
28 48
23 45
35 49
23 19
48 15
31 22
23 14
4 42
9 8
12 46
43 18
31 27
32 6
35 12
26 13
21 18
11 8
2 39
9 6
42 30
10 16
31 39
32 49
10 21
29 46
23 9
5 30
16 15
40 22
23 42
47 38
47 31
40 16
14 29
40 27
22 6
12 45
31 2
8 12
43 28
26 5
35 41
43 41
19 48
10 27
26 28
35 8
50 44
31 28
50 27
5 41
2 30
7 40
19 15
33 1
9 31
29 22
43 17
10 12
23 18
9 32
19 33
29 19
35 38
42 49
4 36
25 44
20 30
7 18
37 49
26 40
7 37
27 45
23 46
48 8
44 12
47 13
41 30
34 22
40 6
4 19
10 3
36 24
43 11
43 22
29 12
34 38
32 24
23 16
14 45
44 20
43 8
10 15
3 19
22 46
9 30
6 46
34 28
9 50
4 45
2 5
2 20
31 50
48 46
42 2
3 24
4 25
14 36
37 2
3 33
21 33
15 39
19 6
47 15
40 5
9 33
15 45
26 22
34 1
23 35
37 6
42 8
35 16
16 12
29 6
4 38
22 39
23 20
7 46
3 44
48 24
47 9
42 21
41 45
4 12
43 4
47 29
7 2
10 8
35 17
13 48
5 22
5 24
7 12
25 30
26 9
4 16
9 13
36 41
34 44
23 43
2 24
35 44
14 12
48 17
34 8
26 31
38 33
21 20
11 39
26 37
23 12
17 45
7 10
6 20
14 13
43 35
4 21
9 21
6 45
29 21
29 30
39 18
34 39
13 49
11 46
15 24
35 29
47 6
2 3
38 1
19 44
26 16
14 24
25 42
47 2
25 3
14 41
9 38
14 46
34 6
43 46
2 36
28 16
43 40
3 38
36 6
32 40
2 6
10 33
47 1
23 36
44 45
37 12
13 41
22 45
50 38
37 46
28 5
35 24
36 11
2 38
27 5
27 28
31 6
26 29
23 31
9 40
43 36
11 1
34 18
4 20
37 15
28 12
17 1
28 24
49 46
26 6
8 33
40 20
39 1
35 6
13 15
7 45
34 24
50 16
37 35
10 44
13 33
25 8
7 16
8 39
7 14
33 12
35 1
35 2
29 27
38 18
25 22
31 10
42 15
9 42
4 1
31 41
31 1
25 48
31 14
17 5
9 10
47 42
43 12
13 10
3 16
3 49
36 38
37 32
21 1
14 49
23 48
36 44
2 27
19 41
2 28
32 34
29 33
38 15
40 45
50 24
11 33
28 45
23 3
14 34
9 5
32 5
3 20
49 22
27 20
40 30
19 49
25 50
19 11
13 16
36 45
49 44
35 30
13 39
32 16
7 24
24 30
31 19
2 1
31 8
47 35
3 22
29 5
