InstanceID
1_60_4
NumObjects
60
NumFactors
4
Weights
23.603334566204694
34.651701419196044
31.27069683360675
0.790928339056074
48.86128300795012
21.096820215853597
95.1916339835734
99.99046588986135
25.166218303197184
98.66663668987997
55.57510873245724
43.71079746096251
42.471785049513144
77.3223048457377
28.11902322857298
20.947237319807076
25.137920979222493
2.037486871266725
28.77015122756894
85.9512136087661
7.695088688120899
64.03962459899388
87.35441302706855
27.85824200287785
75.13126327861701
64.4883353942093
7.782644396003469
84.81854810000327
8.56351682044918
55.32055454580578
46.33502459235987
18.582130997265377
11.198087695816717
97.6311881619359
5.161462067432709
53.80295812064833
45.56920516275036
27.93951106725605
17.824610354168602
54.89828719625274
37.097066286146884
89.41659192657593
64.80537482231894
41.70393538841062
14.456554241360564
62.24031828206811
87.23344353741976
52.49746566167794
24.159060827129643
88.48369255734127
44.08974233731111
40.467263869902006
73.67868019103597
95.38034231508577
9.518559239746228
51.967533179373014
1.3540332577443914
30.33988122056488
70.25571355154578
59.65370068827476
Budget
1395.0631991106623
Profits
-4.7206669132409385
-6.930340283839209
-6.25413936672135
-0.1581856678112148
-9.772256601590025
-4.219364043170719
-19.038326796714678
-19.998093177972272
-5.033243660639437
-19.733327337975993
-11.115021746491447
-8.742159492192503
-8.494357009902629
-15.464460969147542
-5.623804645714596
-4.189447463961415
-5.027584195844499
-0.407497374253345
-5.754030245513788
-17.19024272175322
-1.5390177376241798
-12.807924919798776
-17.47088260541371
-5.571648400575571
-15.026252655723402
-12.89766707884186
-1.5565288792006937
-16.963709620000653
-1.7127033640898361
-11.064110909161155
-9.267004918471974
-3.7164261994530756
-2.2396175391633433
-19.52623763238718
-1.0322924134865419
-10.760591624129665
-9.113841032550072
-5.58790221345121
-3.5649220708337204
-10.979657439250548
-7.419413257229377
-17.883318385315185
-12.961074964463787
-8.340787077682124
-2.891310848272113
-12.448063656413622
-17.44668870748395
-10.499493132335589
-4.831812165425928
-17.696738511468254
-8.817948467462221
-8.0934527739804
-14.735736038207193
-19.076068463017155
-1.9037118479492456
-10.393506635874603
-0.2708066515488783
-6.067976244112976
-14.051142710309156
-11.930740137654952
FactorLoading
-0.548635145519931	0.09029969417368999	-0.23341260882070336	-0.12765255148567567
0.28873732530669916	-0.17308526587375206	-0.49003880441003567	0.04813860440951312
0.5503342139580574	0.03044742069460571	0.18757699317870058	0.23164137216863634
0.590953157912963	-0.1311324513398342	-0.03668918830901258	0.24122520243819023
-0.22515104100350247	-0.19513546703538465	-0.034283263234169636	-0.5454302287269432
0.09292924093459032	-0.13713357603625154	-0.45135187926201636	-0.3185853037671418
0.11452851400716413	0.6253896562287293	0.0760856365591065	0.18399619320500005
-0.4727988856860361	0.19034608209089998	-0.21738025953522477	-0.11947477268783913
0.10403265240715243	0.31264808990239823	-0.05906805420618744	0.5242512034842619
0.6490562651461806	-0.011344060913761833	0.09501489788673623	-0.2445847760533213
0.23433763208045533	0.6388190562544587	0.09695033672967579	-0.02989297493541021
-0.47922174772835757	0.28680330390198683	0.10761292012949553	0.12636202824016007
0.07932544266802011	0.09465619742747489	0.16990800768493486	0.6561103522195701
0.14342678198362901	-0.08682329412224798	-0.5689989144621472	0.20075100943197577
-0.3334668802659493	-0.23333466302314276	0.1210169093220832	-0.31218154738882475
-0.0196910347806325	-0.07099309232405893	0.8067495431241256	0.10256632977118296
-0.07489366508266104	-0.001686470235323645	-0.5716055070030777	-0.35181435767893765
0.5209910188917961	0.028495489668299623	0.06490026338399346	-0.3856132280559108
0.23379261754870795	0.00472326647973631	-0.6934084810452372	0.06807563492631852
-0.1498122904503374	-0.46248391351925267	-0.16379818761242837	0.22390560841798157
0.4771885892298522	0.1603840264132339	0.09960626297976871	-0.2628211213771452
-0.08814371884969696	0.11724436047884201	-0.4690652508497475	0.32554666982171354
-0.5531580817936996	0.34423736312728903	0.09379271230464381	0.008811842774367529
-0.30131646896541975	-0.06296795899720964	0.13874110014003938	0.49697447189733124
0.26207837215495156	-0.20798907345066708	-0.09404778859474905	0.4358847657996323
-0.5187784041916781	0.15333042505639494	0.003752742983850199	-0.3241384277680768
-0.41291676539748745	0.15165800101401583	0.01843321954897581	-0.4169920140395209
-0.22942398956867383	-0.14998937642546806	-0.5732932461722879	0.04729338783357018
-0.04748253620274423	-0.14497185917250044	0.41744282059257354	-0.3901027840321818
-0.43492556851418906	0.11187663683325333	-0.44783590866159284	-0.005361885990964765
0.23283975024246018	-0.05134683389609873	0.5855361498200309	0.1302772660414102
0.010117762521448581	0.0017886539937457258	-0.7556188969104389	-0.23247468657436676
-0.18077869477928443	-0.3280074380468172	-0.3509207868665609	0.14029308030733745
-0.2702206829102025	-0.14072513168179257	-0.5793730972684696	-0.009681088139535277
-0.11459727224260452	0.17492131067231464	0.45521672010148295	0.2552646969835979
-0.1472248613938436	0.8164651254079345	-0.029274633706672493	-0.0070353794915494205
0.794672371628695	0.08313019682021294	-0.1181909711276965	-0.004006460423395586
0.23575508887341523	0.38739494216312687	-0.34061500951089574	-0.036234959452562165
-0.5006945287542528	0.36969498218715957	0.1116483926045555	-0.017962096454032128
0.1689491220420971	0.7384280510743615	-0.028134952972339367	-0.06448787391120203
0.32750222905990234	-0.43323883413919884	-0.23420502226196693	0.005053914538931892
0.33154753550474747	-0.4286085427124666	0.06407691510669888	-0.17576700667608702
0.14583848288175938	0.47375596083241844	0.2639996047560693	-0.11640595152975286
0.38631823418622857	-0.018967946320894047	-0.14717605209266127	-0.4475377674002161
0.04463615405960475	-0.19183010325423067	0.142214587077508	-0.6213191556086566
-0.002138132012198257	0.030298489211911805	-0.43494681151738956	0.5326165672585004
-0.20332901820866178	0.016646349148148554	-0.15194408418880978	0.6280805484543799
0.06787121630720594	-0.7065406151382083	0.027302568914780778	-0.19828559963980497
0.329019879767831	-0.5332555575816316	0.08013145253341825	0.057593110117119206
0.006617533175209189	-0.060847059999108666	-0.483193242872894	-0.44934216395278814
-0.30678076587215863	0.5160320944589465	-0.07016014092924672	-0.10702699873964816
0.02221083124361134	-0.5676691360038257	-0.29713375822264676	-0.11298627452991616
0.03817553408846597	-0.10218241264304884	-0.7777290414611078	0.08191301180737742
-0.051602866551024196	-0.20253751218578908	-0.03806367571197833	-0.7077959455512084
-0.8327539260832255	-0.15559740921218035	-0.004912853595127942	0.006735811109466194
-0.3111639550185994	0.03458305169861764	0.2534593874427935	0.40079360583998946
0.16744070186847004	0.03404929574284976	-0.1127495136625345	0.6857604887261457
-0.37153281279682693	0.10645956694118341	0.35868786515564244	0.16331975510634722
0.5336429080222036	-0.00867822685363806	-0.35922716879968	0.09845169632447837
-0.27553739810352784	-0.0016720459541086363	0.27345366034127183	0.4493368956010917
Conflicts
5 33
42 5
46 24
13 3
47 46
36 39
59 20
55 35
11 45
4 51
48 20
17 11
25 10
43 11
37 5
31 58
11 18
58 18
14 45
42 6
37 49
11 51
19 51
60 1
32 17
47 20
58 57
13 31
26 10
31 46
16 36
11 21
58 1
58 56
5 22
48 15
58 36
53 38
5 46
9 36
7 12
59 41
48 1
60 16
18 24
7 48
56 52
14 6
33 44
56 15
14 59
37 38
53 6
54 30
12 46
48 30
50 11
37 18
52 24
27 6
11 12
6 12
13 35
47 30
13 40
17 59
7 52
40 24
34 19
4 55
27 17
13 34
56 8
42 28
41 33
43 57
54 20
19 38
5 12
50 57
60 11
49 41
26 1
60 28
25 18
16 48
56 41
5 44
17 33
37 20
32 15
40 15
16 41
43 13
31 21
54 29
2 39
37 17
25 42
42 33
43 29
56 38
47 40
43 25
4 6
27 12
26 24
60 12
28 39
29 57
23 8
3 52
49 18
25 49
50 27
42 48
33 52
40 21
14 40
14 57
51 20
14 48
19 59
17 12
7 44
40 8
28 8
55 12
60 56
13 42
15 22
43 15
23 10
17 51
14 51
53 24
4 18
14 15
28 12
2 52
19 1
4 35
51 49
13 28
3 27
29 45
13 29
11 41
25 1
48 5
49 20
15 44
53 59
34 1
16 21
8 15
10 40
38 30
19 11
55 52
34 18
7 27
23 54
50 36
46 57
49 45
43 50
15 39
55 40
55 36
47 60
32 39
42 51
28 48
55 59
32 48
15 33
26 15
9 1
25 36
42 45
54 19
29 16
26 20
4 14
5 8
5 20
25 56
13 58
29 39
47 25
23 37
43 30
23 4
16 44
8 30
16 56
54 2
25 46
47 21
3 6
27 33
14 38
26 11
4 57
54 57
31 28
19 46
26 53
4 8
53 56
13 60
10 1
23 28
53 16
48 49
60 29
46 44
3 28
46 30
37 51
32 36
21 12
2 56
15 18
58 49
8 46
11 5
50 34
10 50
43 48
28 5
3 18
42 24
55 30
49 57
58 51
41 6
23 47
27 38
37 44
31 52
34 11
35 16
43 49
2 5
10 59
41 57
7 25
4 28
27 5
3 49
35 30
14 25
31 20
6 1
48 12
59 45
28 30
37 24
29 12
54 18
23 26
17 15
13 2
10 34
14 21
36 12
41 12
3 59
37 40
37 25
54 41
54 3
26 32
55 39
60 15
34 41
51 18
9 44
50 49
3 57
37 54
41 46
60 48
47 55
37 58
10 21
37 33
15 30
13 50
4 56
4 44
33 6
15 57
37 27
25 57
29 51
53 52
50 33
55 3
40 57
34 52
9 46
42 21
55 44
10 42
42 18
42 11
7 8
29 36
26 43
29 27
11 15
23 60
54 5
40 38
13 27
23 9
56 49
3 39
9 20
23 24
50 3
47 31
34 40
34 2
40 59
51 39
29 21
4 39
53 29
45 1
1 30
54 46
32 12
27 48
37 30
14 1
28 44
48 45
23 49
60 58
35 19
23 53
54 48
23 31
14 53
4 42
9 53
53 8
43 18
5 21
27 56
58 8
54 6
26 35
13 21
8 18
56 59
54 12
9 6
51 30
14 16
10 11
7 34
49 39
32 10
21 57
29 46
5 30
16 15
40 22
60 42
23 38
40 16
48 11
41 52
23 40
7 6
59 22
12 45
31 2
8 12
43 28
5 57
26 41
35 58
43 41
19 48
10 27
26 22
28 57
35 8
50 44
27 24
50 51
60 41
2 30
7 40
37 10
19 57
37 15
33 18
31 22
29 59
54 53
43 17
10 12
43 20
55 21
23 11
9 18
32 5
26 19
59 33
19 15
36 38
35 59
14 28
42 49
13 8
4 36
25 44
52 30
19 20
7 58
60 40
26 7
26 60
27 16
22 45
48 46
23 48
8 44
47 58
41 30
23 13
58 28
42 57
42 29
34 22
40 56
3 19
10 57
36 51
31 24
4 11
22 12
34 29
38 1
41 44
29 18
54 35
32 24
23 16
37 53
54 42
44 20
43 8
10 15
22 46
9 30
6 46
55 34
7 41
50 52
9 57
4 45
2 20
50 58
2 48
42 3
9 24
53 12
4 25
14 36
37 3
21 33
39 6
47 54
40 5
23 45
9 33
53 19
55 45
50 15
26 3
55 1
48 8
23 35
58 59
37 6
55 60
42 8
50 16
35 44
25 53
16 12
29 6
42 38
8 22
23 39
46 20
7 3
58 52
52 44
14 29
23 57
36 15
55 48
47 24
9 21
42 34
41 39
36 45
4 22
43 7
47 29
43 5
7 2
10 55
8 57
35 17
13 48
59 6
2 6
42 53
49 5
22 24
59 5
58 30
9 25
26 4
4 15
14 55
13 52
23 33
1 20
23 44
13 36
15 6
60 19
25 52
59 30
34 44
23 43
60 2
7 24
14 35
34 17
26 8
31 42
38 44
33 20
21 39
37 11
10 17
4 59
60 46
14 30
13 53
43 35
4 21
49 15
6 45
29 30
54 39
39 18
34 49
13 46
11 24
35 15
26 2
4 3
19 52
26 16
14 24
47 2
41 15
9 48
9 38
23 46
43 34
36 46
2 58
28 16
43 40
3 38
47 38
56 20
35 57
36 6
34 56
32 40
59 57
10 33
47 1
36 57
53 44
43 46
23 19
12 52
37 45
13 44
41 22
38 45
37 50
47 11
5 24
35 11
43 36
2 17
50 5
23 27
28 6
31 29
26 31
43 1
53 18
39 20
15 20
32 21
31 59
17 56
24 1
28 52
49 52
4 46
6 44
8 20
29 1
35 39
9 13
9 12
60 50
7 45
34 24
26 57
35 20
37 55
10 44
31 55
13 59
13 33
26 52
56 5
25 58
8 41
16 8
7 39
14 52
28 49
54 59
54 33
35 12
37 1
26 54
2 41
38 18
9 8
56 45
31 12
9 51
4 1
31 41
31 1
25 48
31 48
37 52
17 5
55 53
57 1
48 59
9 10
13 41
47 12
43 52
13 10
3 16
37 28
8 1
23 36
2 12
35 27
37 35
53 49
32 45
34 33
29 38
15 52
40 45
50 24
22 39
11 33
42 30
28 45
23 3
60 44
9 34
9 14
37 36
3 20
49 22
52 20
53 27
40 30
19 33
25 17
37 19
13 32
54 16
49 44
35 5
39 30
13 25
60 27
38 33
54 27
36 11
60 30
32 16
26 58
9 19
3 46
55 57
53 30
37 2
14 44
9 31
47 8
35 3
53 15
29 5
4 38
55 17
48 38
56 18
59 51
47 59
9 15
9 4
23 15
25 11
32 56
13 17
51 44
16 24
29 41
59 12
26 27
27 21
27 39
53 40
29 3
56 24
17 18
17 49
13 45
58 19
49 6
48 21
56 11
41 38
26 21
35 41
19 30
13 20
2 59
19 18
50 21
31 32
2 57
42 41
11 8
39 12
27 18
31 49
59 18
34 51
53 46
31 53
58 6
11 52
12 33
50 46
36 30
27 22
13 22
2 49
31 44
57 30
48 33
14 39
37 21
7 55
53 39
33 30
32 38
55 27
51 45
4 30
23 56
43 60
10 41
23 25
32 29
9 59
3 21
25 24
53 28
26 38
54 22
25 8
10 8
32 60
51 33
31 56
26 6
14 33
43 24
7 16
9 45
38 12
2 11
28 11
47 14
54 31
42 12
3 56
13 57
9 58
50 42
60 6
32 44
38 20
32 1
21 52
37 13
17 24
34 8
21 18
27 46
21 20
32 34
15 1
40 49
58 20
43 2
13 15
6 30
60 38
37 39
60 51
34 58
54 14
6 57
32 3
3 36
59 1
49 38
39 52
16 46
4 19
7 11
22 38
19 12
58 5
12 1
36 49
54 1
31 34
19 49
7 28
37 47
25 34
10 16
21 15
60 53
50 1
56 44
9 37
35 49
35 22
23 58
55 16
