InstanceID
1_80_4
NumObjects
80
NumFactors
4
Weights
23.603334566204694
34.651701419196044
31.27069683360675
0.790928339056074
48.86128300795012
21.096820215853597
95.1916339835734
99.99046588986135
25.166218303197184
98.66663668987997
55.57510873245724
43.71079746096251
42.471785049513144
77.3223048457377
28.11902322857298
20.947237319807076
25.137920979222493
2.037486871266725
28.77015122756894
85.9512136087661
7.695088688120899
64.03962459899388
87.35441302706855
27.85824200287785
75.13126327861701
64.4883353942093
7.782644396003469
84.81854810000327
8.56351682044918
55.32055454580578
46.33502459235987
18.582130997265377
11.198087695816717
97.6311881619359
5.161462067432709
53.80295812064833
45.56920516275036
27.93951106725605
17.824610354168602
54.89828719625274
37.097066286146884
89.41659192657593
64.80537482231894
41.70393538841062
14.456554241360564
62.24031828206811
87.23344353741976
52.49746566167794
24.159060827129643
88.48369255734127
44.08974233731111
40.467263869902006
73.67868019103597
95.38034231508577
9.518559239746228
51.967533179373014
1.3540332577443914
30.33988122056488
70.25571355154578
59.65370068827476
63.893483969362094
87.23474485143244
54.8635145519931
26.299203233756497
52.64433516590159
46.501931862871636
27.551933532993544
46.182259118045124
95.18613955904868
28.873732530669916
66.12321555087209
19.45678064479248
39.3193497656424
99.07406554003964
55.03342139580574
58.07816346526631
76.83586278313636
51.952465724186084
51.486297110544356
99.81360570779374
Budget
1968.2654521427385
Profits
-4.7206669132409385
-6.930340283839209
-6.25413936672135
-0.1581856678112148
-9.772256601590025
-4.219364043170719
-19.038326796714678
-19.998093177972272
-5.033243660639437
-19.733327337975993
-11.115021746491447
-8.742159492192503
-8.494357009902629
-15.464460969147542
-5.623804645714596
-4.189447463961415
-5.027584195844499
-0.407497374253345
-5.754030245513788
-17.19024272175322
-1.5390177376241798
-12.807924919798776
-17.47088260541371
-5.571648400575571
-15.026252655723402
-12.89766707884186
-1.5565288792006937
-16.963709620000653
-1.7127033640898361
-11.064110909161155
-9.267004918471974
-3.7164261994530756
-2.2396175391633433
-19.52623763238718
-1.0322924134865419
-10.760591624129665
-9.113841032550072
-5.58790221345121
-3.5649220708337204
-10.979657439250548
-7.419413257229377
-17.883318385315185
-12.961074964463787
-8.340787077682124
-2.891310848272113
-12.448063656413622
-17.44668870748395
-10.499493132335589
-4.831812165425928
-17.696738511468254
-8.817948467462221
-8.0934527739804
-14.735736038207193
-19.076068463017155
-1.9037118479492456
-10.393506635874603
-0.2708066515488783
-6.067976244112976
-14.051142710309156
-11.930740137654952
-12.778696793872419
-17.44694897028649
-10.97270291039862
-5.259840646751299
-10.528867033180317
-9.300386372574327
-5.510386706598709
-9.236451823609025
-19.037227911809737
-5.774746506133983
-13.224643110174418
-3.8913561289584964
-7.86386995312848
-19.81481310800793
-11.006684279161147
-11.61563269305326
-15.367172556627272
-10.390493144837217
-10.297259422108871
-19.96272114155875
FactorLoading
0.590953157912963	0.012728530680126582	-0.1550931089687202	-0.24122520243819023
-0.4202865080388871	-0.034283263234169636	-0.4110550393731942	-0.13437518935374904
0.09292924093459032	0.05423266236173152	-0.08290091367452002	-0.7699371830291581
-0.4564461494422447	0.28347202079364875	0.0760856365591065	0.18399619320500005
0.4727988856860361	-0.19034608209089998	0.23314577092372413	-0.10370926129933977
-0.10403265240715243	0.1838248721639919	0.18789127194459376	-0.5242512034842619
0.6490562651461806	0.021364317415316858	-0.0849946413851812	0.2445847760533213
-0.14164408841125242	0.7315125999236616	0.09695033672967579	0.02989297493541021
-0.4732302657566332	-0.2927947858737112	0.10761292012949553	0.12636202824016007
-0.07932544266802011	0.26456420511240974	0.3280169398974475	0.32809341232212264
-0.14342678198362901	0.38213657028674364	-0.2736856382976516	-0.20075100943197577
0.3334668802659493	-0.23333466302314276	-0.07156102885183047	0.3616374278590775
-0.09068412710469143	-0.38475483911869524	-0.4219947040054304	0.10256632977118296
0.07489366508266104	-0.001686470235323645	-0.42801141722492697	-0.49540844745708834
0.1609952325109647	0.38849127604913103	0.06490026338399346	0.3856132280559108
0.2064021511982954	0.027390466350412535	0.00472326647973631	-0.7614841159715557
0.1498122904503374	-0.46248391351925267	-0.31522475580009623	-0.07247904023031371
0.4771885892298522	0.053206914347389	0.1071771120658449	0.3624273843569139
0.08814371884969696	-0.09728270568283004	0.019961654796011974	-0.794611920671461
0.5531580817936996	-0.34423736312728903	0.03436032402640565	0.06824423105260569
-0.3642844279626294	-0.13874110014003938	-0.4476936140893071	0.04928085780802416
-0.47006744560561864	0.09404778859474905	-0.03567441860881981	-0.4002103471908125
0.5187784041916781	-0.15708316804024514	0.19788972776727243	0.12624870000080435
-0.26826295612968565	-0.29631181028181763	0.01843321954897581	0.4169920140395209
-0.0992834999475467	-0.2801298660465952	-0.5732932461722879	-0.04729338783357018
-0.04748253620274423	-0.562414679765074	-0.17937118506112926	0.21073159897105254
-0.40308331759870586	-0.14371888774873653	0.44783590866159284	-0.005361885990964765
0.19295511639036023	0.03988463385209995	-0.05134683389609873	0.7158134158614411
-0.011906416515194307	0.6818827221838675	0.07373617472657146	-0.23247468657436676
0.18077869477928443	-0.052719166814058305	-0.2752882712327589	-0.49121386717389837
-0.2702206829102025	-0.6256891269341658	-0.09440910201609642	-0.009681088139535277
0.10369066522262793	-0.010906607019976589	0.17492131067231464	0.7104814170850808
-0.9117558908782168	-0.05193409592356124	0.029274633706672493	-0.0070353794915494205
0.4920707987746056	0.3026015728540894	0.08313019682021294	-0.12219743155109208
-0.12447770039032235	0.49867233064621974	0.34061500951089574	-0.036234959452562165
0.08103682762762077	-0.7893526833137916	0.1116483926045555	0.017962096454032128
-0.3515589128548322	0.5558182602616264	0.028134952972339367	-0.06448787391120203
-0.3068748530690204	0.45386621013008077	-0.23420502226196693	-0.005053914538931892
0.33154753550474747	0.2744292683264169	-0.15417927438604973	0.2398439217827859
0.14583848288175938	0.06731890790638184	0.4064370529260366	0.3804055562858222
-0.07028567817620557	0.316032556010023	-0.16614399841355532	-0.4475377674002161
-0.04463615405960475	0.19183010325423067	-0.10709622946422104	0.6564375132219435
-0.002138132012198257	-0.16559704748135173	0.29964825324794964	-0.5326165672585004
-0.20332901820866178	-0.16859043333695833	0.3410093258637916	-0.28707122259058826
-0.5207916969091524	0.25362013453626187	-0.027302568914780778	0.19828559963980497
-0.28140705823422874	0.5808683791152338	-0.08013145253341825	0.057593110117119206
-0.006617533175209189	0.5440403028720027	-0.37947441848526675	-0.06986774546752139
0.30678076587215863	-0.19271833804451188	0.3934738973436813	-0.10702699873964816
-0.43798992848227636	0.15189003876516072	-0.29713375822264676	-0.11298627452991616
0.03817553408846597	0.015278980598388392	-0.08690343204466044	-0.8596420532684852
-0.051602866551024196	-0.20253751218578908	-0.572668404832229	-0.1731912164309577
0.1251884614834997	-0.7075654645997258	-0.15559740921218035	-0.011648664704594136
-0.3111639550185994	-0.21220608151860643	0.07583635762280472	0.40079360583998946
-0.2014899976113198	0.1127495136625345	0.421862448596912	-0.2638980401292337
0.37153281279682693	-0.10645956694118341	0.027285339374907958	0.4947222808870817
0.5336429080222036	0.00867822685363806	-0.3377127050641424	-0.11996616006001593
0.27553739810352784	-0.0016720459541086363	-0.36729961455311266	0.35549094138925086
-0.508905009018882	-0.03725506947849411	0.2481934400719057	0.20564648143071818
0.5005030440446516	-0.11005367270979383	0.21530322700875604	0.1741400562367985
-0.516493346753492	0.15739788240056374	0.301414223867434	0.024694546978510257
0.12682209451429638	0.3335447592131222	0.3963949491727903	0.14323819709979113
-0.10047327958679597	0.20158352953039893	0.4738129804509692	-0.2241302104318359
-0.5890475927882088	-0.14272480723819037	-0.16504062677698905	0.10318697319661174
0.2927920602067655	-0.02194278503382452	0.205750124771525	-0.479515029987885
-0.17061014476928138	-0.003958939810561057	-0.038145692871884185	0.7872852225482734
0.14053166647904503	0.0718604632895985	0.2980977208558213	-0.48951014937553516
0.4753755148230152	-0.17949169629327444	-0.19797352028785453	-0.14715926859585582
0.14274190775736728	-0.18067383795345093	-0.4848429222592636	-0.19174133202991817
-0.11494446502637201	0.22807722124495222	-0.023622801355395406	-0.6333555123732804
-0.5327282827799431	0.10490289020495314	0.2087549992553579	-0.15361382775974586
0.24604431627956425	0.1629877265674895	-0.07439335461426344	-0.5165746025386828
0.03800123901405583	0.1581607333418953	0.5141073312017754	0.28973069644227345
0.10357566191590961	-0.5883236898659112	-0.08252048186554783	0.22558016635263134
-0.15317432929543684	-0.13806134813651805	-0.04343555874664151	-0.6653287638214036
-0.028940528985839542	0.7169858550043282	-0.21798453968991893	-0.036089076319913316
0.4326715861449224	0.1131237291204823	0.39681115855018234	0.05739352618441296
-0.1121202850195624	0.05683676356838485	-0.15214639173252453	0.6788965596795282
-0.0005760322037271504	0.6340297607431469	-0.2573177271308871	0.1080764799222389
-0.28651699142603926	-0.06932990530032646	-0.21736153977720885	-0.42679156349642544
-0.010670221735126217	-0.08580790130061522	0.605961834024975	0.2975600429392835
Conflicts
13 34
56 8
54 28
77 38
55 5
70 76
50 11
16 1
48 56
69 44
64 33
32 15
15 41
77 16
29 2
37 25
29 33
68 38
70 12
27 24
60 76
39 57
29 72
67 18
25 27
42 48
14 52
26 65
78 20
14 76
71 17
38 44
72 28
72 12
55 56
60 77
79 22
43 15
74 51
78 17
53 18
4 15
14 28
66 76
68 1
51 49
77 28
67 27
77 29
11 41
25 1
69 20
49 79
65 59
34 16
8 15
10 40
38 30
55 11
52 73
9 34
63 18
71 27
50 36
57 45
63 50
55 79
40 36
55 60
42 59
15 33
65 73
36 45
29 19
26 80
14 61
4 69
8 5
77 56
47 29
23 37
43 61
14 70
4 44
80 30
54 16
2 5
25 46
47 21
67 70
14 15
27 33
14 18
26 37
4 11
31 59
53 17
68 72
56 11
74 1
28 16
60 44
67 28
46 30
36 51
56 76
2 15
8 18
11 5
63 34
50 74
43 48
56 79
69 67
41 18
42 24
55 30
58 70
49 57
53 38
26 44
75 34
43 16
69 2
26 43
74 59
56 38
61 41
7 25
68 5
27 70
67 49
14 30
41 20
65 6
48 76
59 45
37 28
12 24
54 18
26 79
66 17
78 74
36 76
41 12
37 3
37 19
54 1
54 67
9 18
63 49
67 46
60 41
58 74
37 21
54 3
77 62
70 33
79 57
27 57
51 52
50 33
34 3
9 21
42 77
74 11
7 27
71 8
27 45
75 15
13 40
27 73
23 49
3 39
80 73
35 41
50 3
31 14
14 34
77 51
34 66
49 18
40 41
64 51
21 39
4 53
65 45
80 44
79 30
65 46
54 37
27 51
37 30
78 65
60 56
58 49
60 53
23 15
78 53
68 73
53 8
76 46
43 69
61 33
27 56
31 77
58 72
61 6
35 76
26 77
21 18
11 8
54 11
66 12
39 6
51 73
80 62
71 34
23 31
49 39
32 74
13 57
27 12
23 46
63 73
5 79
23 16
47 38
60 16
14 29
75 48
41 52
71 40
7 6
12 45
31 66
16 76
43 72
69 58
31 48
31 27
60 74
26 8
35 44
31 50
69 30
7 66
74 57
37 15
33 1
9 59
32 17
63 64
43 75
21 12
43 74
61 20
75 21
9 32
69 19
79 38
35 61
7 40
78 28
42 72
68 77
25 36
50 27
19 52
71 58
40 49
7 60
37 13
40 16
22 45
48 46
48 8
76 33
77 5
47 58
23 41
13 42
34 22
68 6
19 64
3 74
31 24
68 11
22 12
34 29
44 1
16 41
54 64
23 80
42 53
78 72
10 79
9 30
70 46
55 62
34 58
7 41
52 57
4 73
50 66
58 46
42 2
67 24
53 73
4 12
25 78
2 36
37 52
3 21
15 39
19 70
47 79
5 45
9 33
50 67
55 1
72 48
35 59
36 6
68 60
63 72
42 62
64 59
35 80
53 16
64 12
63 6
4 38
42 8
23 63
7 67
63 52
78 29
36 15
55 76
63 24
64 73
34 21
36 41
68 12
43 4
7 29
43 47
71 69
66 40
55 74
35 8
13 17
70 6
66 53
69 5
7 76
26 73
23 4
68 16
78 79
13 55
33 73
23 20
23 65
13 36
50 41
42 70
64 79
60 19
25 52
59 30
34 44
7 2
7 44
78 35
8 44
38 33
26 11
23 76
10 45
71 70
26 20
68 59
78 61
35 77
43 68
62 15
21 73
70 45
63 29
77 49
11 46
15 24
35 29
47 6
2 67
7 4
66 74
59 1
42 66
3 52
78 41
64 15
14 46
6 46
66 36
43 80
67 38
47 56
59 20
56 59
2 6
47 74
63 1
53 45
43 12
37 64
44 45
11 57
47 5
75 35
27 38
69 48
13 6
31 29
9 31
43 36
11 1
34 53
61 18
63 20
4 39
79 21
79 12
42 21
65 56
61 52
10 49
68 46
26 15
70 79
8 33
63 40
21 1
35 6
77 15
9 76
37 50
7 62
7 61
16 24
62 57
37 55
74 44
55 59
4 77
23 77
6 18
26 10
64 5
71 76
72 16
7 78
61 59
65 12
26 54
66 41
78 27
29 18
9 38
72 52
78 76
63 22
56 12
10 15
9 51
4 1
31 41
31 1
13 65
63 5
61 17
9 61
77 41
68 52
47 42
77 12
10 3
80 49
3 64
36 38
11 21
8 1
14 49
23 48
13 44
53 27
63 51
47 28
2 41
33 52
40 79
24 45
50 22
39 22
11 45
60 3
9 14
9 5
33 20
5 20
66 67
31 20
27 30
58 33
29 76
25 17
19 11
37 77
16 45
49 5
35 30
13 39
27 46
54 27
75 36
67 48
63 57
55 53
66 1
37 14
62 44
72 73
47 3
61 5
47 10
38 73
75 79
68 79
25 11
37 56
77 17
51 44
80 24
80 15
29 41
75 74
60 58
63 28
40 12
53 48
3 24
56 6
48 49
77 58
70 49
61 48
8 21
27 62
9 13
75 12
26 41
79 20
10 30
71 77
78 21
2 18
31 21
32 2
13 41
72 59
11 6
76 44
31 39
62 45
13 52
35 79
37 6
11 12
36 46
67 22
77 59
58 22
2 49
57 30
80 3
78 33
9 78
63 21
7 55
9 53
39 33
32 38
48 38
51 45
68 30
56 15
37 17
74 49
23 25
67 21
77 8
7 53
53 20
6 44
54 22
25 8
10 72
69 21
32 62
31 70
26 78
1 30
71 16
53 12
23 66
43 28
71 3
66 73
38 12
66 11
75 1
47 32
31 62
67 57
77 73
29 30
50 6
60 45
32 20
77 1
34 17
4 8
9 52
40 38
25 32
37 60
61 65
48 79
14 57
32 79
58 76
14 20
14 53
2 79
13 51
59 70
34 51
78 58
49 15
72 30
62 6
10 67
32 67
32 36
34 1
59 79
41 38
3 16
64 20
9 80
65 44
15 20
1 45
7 11
76 39
19 36
50 18
11 20
58 5
28 48
26 1
2 17
61 16
11 76
75 33
65 5
76 79
49 52
7 32
55 28
25 62
10 80
53 79
50 12
9 65
37 35
35 49
23 42
9 49
55 49
10 53
23 57
19 17
23 26
4 48
27 22
42 74
26 13
67 45
25 59
43 78
49 1
14 19
72 19
65 18
69 24
76 24
53 58
34 19
80 28
78 67
71 32
79 1
58 57
61 28
23 39
7 28
4 72
50 65
7 33
13 33
67 36
53 1
37 29
54 8
25 40
31 44
39 30
32 10
21 20
52 18
72 17
47 46
24 18
43 5
15 44
61 73
76 49
39 73
9 48
64 39
37 22
26 75
9 16
55 48
25 19
58 67
77 65
65 48
78 39
66 70
53 33
7 63
68 76
47 50
34 8
43 59
47 70
32 64
31 35
78 42
39 12
73 18
40 17
56 44
71 37
14 77
27 19
2 62
2 48
34 62
63 11
63 59
2 39
71 5
58 11
47 33
77 69
70 21
66 20
36 8
7 54
19 30
73 20
3 67
37 1
11 52
19 48
37 78
47 65
8 73
1 18
36 33
63 76
51 46
36 48
76 41
27 76
38 6
4 13
42 33
31 67
71 28
50 77
62 30
29 64
61 45
74 61
48 44
64 57
40 74
43 41
68 64
53 51
3 30
13 72
37 58
67 52
59 76
32 76
36 20
71 66
31 5
26 40
19 39
58 64
56 46
72 18
71 20
58 24
3 33
63 30
75 14
7 46
68 22
27 39
54 50
23 44
72 11
19 49
10 66
10 21
19 57
43 57
40 51
3 73
68 15
40 59
62 38
66 5
54 78
7 3
29 73
70 1
50 44
4 2
76 22
25 67
78 49
21 30
10 48
59 24
16 21
55 3
42 49
24 20
29 56
47 34
7 77
16 8
48 73
68 61
11 38
46 73
19 12
72 65
63 10
46 24
37 32
77 2
50 42
56 5
10 42
47 55
36 56
9 70
71 21
69 74
40 24
62 79
31 19
78 11
36 11
28 22
72 5
44 20
7 39
4 32
37 24
47 30
23 61
10 17
32 22
10 52
2 45
63 15
34 69
10 38
23 62
48 62
54 68
42 45
7 10
66 45
60 27
17 41
78 5
8 45
69 16
7 80
55 21
72 74
27 11
2 52
43 55
28 12
63 74
43 65
7 47
67 72
4 36
55 45
35 62
10 58
7 16
27 28
48 52
7 13
23 9
34 15
77 46
52 24
35 28
36 79
63 38
56 21
42 56
10 56
68 80
4 42
40 33
60 66
33 46
6 57
26 21
17 39
53 15
72 44
65 38
3 41
64 56
74 21
5 21
31 10
56 24
55 29
4 28
77 21
27 16
29 48
63 2
47 66
13 79
7 52
43 35
75 73
14 12
77 27
66 22
22 57
37 33
42 79
80 21
63 78
68 39
8 46
7 59
57 1
40 20
77 45
71 43
53 30
61 49
37 67
21 57
35 73
55 61
55 65
3 51
29 79
34 67
14 38
28 65
26 36
55 70
61 36
67 76
72 8
37 69
34 57
77 53
6 20
6 73
71 42
14 73
5 18
67 8
34 33
55 6
31 8
4 80
17 33
34 45
4 40
13 74
63 35
35 56
17 49
78 1
13 28
8 52
36 17
7 37
80 61
72 15
9 20
36 70
26 14
79 39
79 73
40 27
14 8
37 40
33 30
8 41
5 6
53 76
7 35
35 72
13 46
50 21
71 14
23 74
37 5
56 33
65 30
27 52
14 67
23 56
63 65
35 22
16 70
50 57
35 12
27 61
61 51
34 61
19 65
34 28
60 61
49 38
58 41
65 49
77 19
19 22
35 20
29 69
72 6
63 55
25 14
42 3
32 42
74 33
50 32
32 27
6 1
76 15
3 22
77 30
59 18
13 15
71 64
60 80
58 28
71 45
37 76
63 68
3 49
43 77
9 25
2 56
47 11
64 24
22 33
2 57
13 80
35 60
43 66
5 46
17 59
31 58
40 8
3 76
7 19
50 60
17 15
77 22
53 39
2 70
55 73
43 67
37 18
75 80
65 41
42 15
32 70
4 3
4 17
66 24
37 72
23 10
10 16
50 80
63 70
36 49
56 20
19 51
37 48
71 75
43 18
79 18
40 45
66 58
44 18
48 51
79 45
66 46
26 58
74 28
9 62
75 52
14 55
62 21
10 24
54 73
42 38
26 62
78 16
47 9
7 65
47 17
58 62
37 57
14 10
10 11
66 79
16 62
33 24
14 39
9 75
42 46
60 57
77 11
16 36
74 12
60 21
69 64
25 56
78 10
7 18
58 79
60 72
9 60
71 35
71 24
61 79
55 69
68 44
68 66
74 70
78 31
23 75
26 6
10 64
27 64
31 61
4 24
68 41
32 69
23 19
68 14
24 30
10 22
4 54
3 15
53 6
43 64
49 12
65 33
53 3
42 12
78 36
55 24
60 12
71 6
55 42
48 24
43 76
56 1
40 46
69 8
32 60
63 53
29 44
71 29
4 45
4 63
79 15
2 30
78 40
26 18
37 80
73 1
74 65
41 46
80 5
67 44
14 79
77 64
31 38
27 6
13 19
19 76
28 45
54 52
47 57
7 75
74 24
69 46
16 56
50 79
13 20
76 73
7 36
25 60
26 46
27 41
54 56
14 27
54 49
7 30
4 21
31 51
48 22
37 27
74 62
78 77
68 69
25 75
31 57
7 5
59 15
74 8
37 16
28 5
43 8
23 28
75 17
72 20
60 49
50 8
72 36
64 49
17 70
4 78
16 38
13 66
68 9
15 73
59 11
65 76
16 65
69 56
2 16
59 46
7 14
75 64
34 11
72 24
71 68
28 17
34 5
65 11
2 74
51 38
58 20
71 13
58 51
9 35
4 47
49 41
35 19
35 42
66 61
54 72
25 55
31 18
27 48
68 19
53 11
17 62
72 64
36 18
80 18
77 52
3 56
5 52
4 59
51 57
6 45
29 57
48 21
32 59
47 68
62 41
66 44
39 44
67 1
19 18
35 1
10 35
49 33
19 21
26 29
4 31
10 29
35 69
63 37
31 65
47 64
54 31
61 11
62 33
47 63
10 62
25 64
22 46
37 12
40 52
66 33
71 22
71 1
13 22
71 74
4 57
40 56
17 8
14 64
16 18
46 45
14 48
61 30
77 33
21 45
57 20
72 79
54 34
48 18
32 5
63 27
14 33
80 12
13 59
26 74
28 49
71 44
68 33
54 74
71 2
31 73
3 28
35 5
3 61
2 27
7 45
78 19
66 39
80 39
74 52
47 76
78 45
50 64
59 44
61 44
19 28
27 17
40 64
80 51
4 55
9 2
3 46
37 20
35 53
29 11
34 73
60 18
17 21
26 48
54 61
4 14
48 6
47 52
51 12
76 1
32 1
69 70
35 18
20 18
43 46
47 53
9 12
68 70
23 45
68 78
25 42
78 18
80 6
78 22
75 24
4 79
35 74
64 22
54 25
46 18
72 45
63 25
2 12
28 33
26 59
68 65
42 1
51 30
26 32
43 30
28 73
29 6
54 75
42 27
25 41
3 72
7 1
22 52
51 18
19 16
65 1
71 60
47 36
11 22
32 33
69 28
80 27
63 69
11 44
26 38
67 5
2 1
45 30
15 30
43 11
2 73
70 39
25 38
19 8
48 57
10 41
72 22
69 72
59 49
64 21
31 56
23 73
23 58
23 32
16 57
33 18
4 5
35 38
54 41
70 22
54 59
38 20
3 65
75 59
9 55
42 57
13 50
47 72
58 56
53 70
78 15
8 24
76 6
50 46
38 45
9 73
60 62
49 30
68 17
14 32
32 18
17 38
23 24
16 22
23 64
29 61
32 45
63 62
7 38
69 22
69 33
3 18
28 18
3 5
63 3
50 28
40 22
77 61
54 48
32 66
58 15
37 66
65 20
75 50
58 12
47 16
17 24
54 12
7 50
29 16
13 35
43 40
3 62
48 30
54 57
68 31
15 52
31 36
3 58
13 27
32 46
7 12
50 69
72 1
9 15
71 49
2 20
37 10
19 5
74 5
26 64
68 13
47 78
46 44
31 30
78 50
34 24
79 46
68 49
37 9
