InstanceID
2_200_4
NumObjects
200
NumFactors
4
Weights
36.679641243992435
52.38785747844117
21.025643065331256
81.93381354589955
50.13711485175227
55.9355291249767
52.35591995602322
41.586956811060325
54.01515230225699
68.95665499806216
14.383562117576144
68.51373583088719
2.713772987044938
78.538308867304
68.92782419536385
24.225804087259807
71.13230268543043
40.345880506972186
75.17994681674702
15.166215690199358
13.843052661356104
21.669573401865083
92.13495071511821
2.2690854550639017
9.385894572668096
89.95211529739282
6.1337690573772585
17.946257567606196
97.13845566337673
22.085994733641634
39.265048411445555
63.59661113669155
93.08445570998553
37.291192773134
47.91296480401843
2.5347408581361863
11.688219699258529
57.96978492340894
42.756443606081305
2.540768597200427
5.158409677317399
94.06776283975509
7.837696073047118
41.89389417310612
95.07082819980961
10.431726968562272
66.47730781546122
87.67354360480456
85.06762172093167
64.95842702389199
59.126879041700775
39.407536499904474
9.096977800083605
79.37657730258303
21.155213366860238
77.74019547941657
4.55382335086707
35.396201651376536
73.29630988421407
3.3877450571498713
85.28440753574283
17.576462129106595
1.0085810462101996
35.25804949148086
80.00240373225871
61.56026913827775
40.01365328064066
28.575925075733966
80.82027526094929
80.3032063781114
25.792813596400045
70.07165119936212
35.636313320762625
53.67569544765212
65.99681815697221
99.07894811963483
88.75574765714786
41.53099480964308
49.75663989803623
19.58875154815949
82.35798370491891
15.855473154595877
12.876623229982398
94.39726053503676
36.519891168388966
77.43929062273051
98.88054979326108
64.23363358608687
66.19649448497138
48.71537654842457
5.665794565448223
5.474885329710499
71.64228360927574
56.05408530552087
92.9078904555952
21.537385849099877
49.56680986772679
14.09950507704063
26.69540618473778
44.66232957181617
35.09044304677824
85.44311970543401
5.1743335239632815
12.237858256529698
3.3675508478897553
79.6688080700491
50.1391760392474
38.18012806703472
89.9859286152055
6.729931756664809
33.35668324800534
72.57205462206629
10.616672164265427
27.71652603765611
74.46823319552436
18.80512637377343
0.23931975517421655
87.0487567863361
97.56724678940658
77.87484636090112
22.84693358631087
55.10897753878356
25.64674569153422
14.764028525784756
82.46368380480118
5.225685685318604
68.94996374148292
55.4420585618008
1.2160221223451506
74.12102681963395
99.43105559285563
55.932148851167526
57.98387993059564
64.51216114108851
72.05610642446464
35.263375297350194
40.71838162922363
96.86744778583778
44.89163896782535
64.93414628424765
32.41339889614736
89.35467301780946
77.92306371399629
9.361325416790734
9.723598584790484
44.72952136694095
74.86954596902417
58.53275212983213
53.64351571360761
45.4866199090167
24.038931884729053
38.67770572816007
24.31190990396448
36.41094208150102
6.584411364315668
40.996679928493094
54.5383435676905
33.522956572245754
56.794246590249564
81.86273918122478
22.098450781913904
15.509316836979492
43.52300534125118
96.03501834143509
96.7995605693876
82.648667939938
16.787533308293145
56.79152371754503
89.07238670048321
72.77353939874509
41.85603034697844
89.6034120286944
94.17109632294043
49.32405632730714
60.5265397138258
22.292635096630995
89.58708389348024
66.26090813722712
50.48855181447958
32.927600244646584
85.81578897150621
29.885702273101632
20.854939673117446
53.009635393319996
82.2224805358909
43.416458821615244
10.089024264110513
47.822029978275715
76.80053262272004
73.90934114594454
24.199840885941448
16.94962764698453
80.60441136242744
53.148231306015646
43.10155118947723
54.40760374500575
45.19098005550959
14.634088552427272
64.50381210399227
40.85223363817605
Budget
4870.756288798766
Profits
-7.335928248798487
-10.477571495688235
-4.205128613066251
-16.386762709179912
-10.027422970350454
-11.18710582499534
-10.471183991204644
-8.317391362212065
-10.8030304604514
-13.791330999612432
-2.8767124235152286
-13.702747166177437
-0.5427545974089876
-15.7076617734608
-13.785564839072771
-4.845160817451961
-14.226460537086087
-8.069176101394437
-15.035989363349405
-3.0332431380398717
-2.7686105322712207
-4.333914680373017
-18.42699014302364
-0.45381709101278034
-1.8771789145336193
-17.990423059478566
-1.2267538114754517
-3.5892515135212393
-19.427691132675346
-4.417198946728327
-7.853009682289111
-12.71932222733831
-18.616891141997108
-7.4582385546268
-9.582592960803686
-0.5069481716272373
-2.3376439398517057
-11.593956984681787
-8.551288721216261
-0.5081537194400854
-1.0316819354634799
-18.813552567951017
-1.5675392146094236
-8.378778834621224
-19.014165639961924
-2.0863453937124543
-13.295461563092243
-17.534708720960914
-17.013524344186333
-12.991685404778398
-11.825375808340155
-7.881507299980894
-1.819395560016721
-15.875315460516607
-4.231042673372047
-15.548039095883315
-0.910764670173414
-7.079240330275307
-14.659261976842814
-0.6775490114299743
-17.056881507148567
-3.515292425821319
-0.20171620924203992
-7.051609898296173
-16.000480746451743
-12.31205382765555
-8.002730656128133
-5.715185015146793
-16.16405505218986
-16.06064127562228
-5.158562719280009
-14.014330239872425
-7.127262664152525
-10.735139089530424
-13.199363631394442
-19.815789623926968
-17.751149531429572
-8.306198961928617
-9.951327979607246
-3.9177503096318977
-16.47159674098378
-3.1710946309191756
-2.5753246459964796
-18.879452107007353
-7.303978233677793
-15.487858124546102
-19.776109958652217
-12.846726717217374
-13.239298896994276
-9.743075309684915
-1.1331589130896447
-1.0949770659420999
-14.328456721855147
-11.210817061104175
-18.581578091119038
-4.307477169819975
-9.913361973545358
-2.819901015408126
-5.339081236947556
-8.932465914363235
-7.018088609355648
-17.0886239410868
-1.0348667047926563
-2.44757165130594
-0.6735101695779511
-15.93376161400982
-10.027835207849481
-7.636025613406945
-17.9971857230411
-1.3459863513329617
-6.671336649601068
-14.514410924413259
-2.1233344328530857
-5.543305207531222
-14.893646639104873
-3.7610252747546857
-0.04786395103484331
-17.40975135726722
-19.513449357881317
-15.574969272180223
-4.569386717262174
-11.021795507756712
-5.129349138306845
-2.952805705156951
-16.492736760960234
-1.0451371370637208
-13.789992748296584
-11.088411712360159
-0.24320442446903012
-14.82420536392679
-19.886211118571126
-11.186429770233506
-11.596775986119129
-12.902432228217702
-14.411221284892928
-7.0526750594700385
-8.143676325844726
-19.373489557167556
-8.97832779356507
-12.986829256849528
-6.482679779229473
-17.870934603561892
-15.584612742799257
-1.872265083358147
-1.9447197169580968
-8.94590427338819
-14.973909193804834
-11.706550425966427
-10.728703142721523
-9.09732398180334
-4.807786376945811
-7.7355411456320144
-4.862381980792896
-7.282188416300204
-1.3168822728631335
-8.19933598569862
-10.907668713538099
-6.704591314449151
-11.358849318049913
-16.372547836244955
-4.419690156382781
-3.1018633673958984
-8.704601068250236
-19.20700366828702
-19.35991211387752
-16.5297335879876
-3.357506661658629
-11.358304743509006
-17.81447734009664
-14.554707879749017
-8.371206069395688
-17.92068240573888
-18.834219264588086
-9.864811265461428
-12.10530794276516
-4.458527019326199
-17.917416778696047
-13.252181627445424
-10.097710362895915
-6.585520048929316
-17.16315779430124
-5.977140454620327
-4.170987934623489
-10.601927078664
-16.44449610717818
-8.683291764323048
-2.0178048528221026
-9.564405995655143
-15.360106524544008
-14.781868229188907
-4.83996817718829
-3.389925529396906
-16.12088227248549
-10.62964626120313
-8.620310237895445
-10.881520749001151
-9.038196011101919
-2.9268177104854542
-12.900762420798454
-8.17044672763521
FactorLoading
0.14353660872008667	-0.07745722741076433	-0.1369671626566833	-0.6420390012124657
-0.005503741997503031	-0.32402597087944907	0.2137495991321925	-0.4567206879908554
0.2974035932986896	-0.031423769139509616	0.17132999429039275	-0.49984264327140804
-0.16036082536737295	-0.3921619136337948	0.42081671087709505	-0.02666055012173718
0.2802516840551814	0.04537035139790646	-0.5106568547730868	-0.16372110977382537
0.09646433866558346	0.12626834775248952	-0.39886993231008194	-0.3783973812718451
0.36404165433527114	-0.007575958177237663	-0.04907769470542145	0.5793046927820698
0.4398707935506847	0.09236609100492754	0.26935269473355405	0.1984104207108337
-0.37249652714285264	0.1867736069179251	0.15809486924845606	-0.2826349966907662
-0.2766382722576757	-0.008985136694290574	-0.007066511614857829	-0.7073100794331759
-0.06984308863371913	-0.18159322180214432	-0.5656163810486372	-0.18294730851549934
-0.22636432360284364	0.18115471604956856	-0.2327875062596252	0.3596934540879626
0.03497188015789732	-0.321873145660039	0.3516838191529459	-0.2914711550291178
0.16962893667890788	0.32650777818616517	0.2686245697603191	-0.23523871537460783
0.07464595096925408	0.047113183107953205	-0.39433132647720104	0.4839095394455917
-0.19956376460542313	-0.00024279707745278323	-0.47124975148563086	0.3289436868314932
0.11913403764280428	0.5232761768317964	0.1250006641846828	-0.23258912134071652
-0.399283912886629	0.01715200169041986	0.3869267931174065	-0.1966372923055446
0.007510239543222275	0.28427410862906455	0.12851862053820273	0.5796970312895104
0.06544868410116855	-0.019934763187022364	0.5045277318499635	0.4100888208618456
0.4634370671314578	-0.07918473004375115	-0.06825865107020723	-0.3891195517545838
-0.29999774166423565	0.3927165289771586	-0.22299223696156623	-0.08429349239703954
-0.15852935297320703	0.04566898147964027	0.6476198366750523	0.1481818288721004
-0.44525120713699984	-0.04236624219900209	-0.19202769314383406	-0.320354857520164
0.45422452314311124	-0.01897120236589478	0.19235817016430068	0.3344461043266933
-0.7068880386275642	0.06562769393923684	-0.09604183292744017	-0.13144243450575877
0.31292277588264716	0.2479821079497908	-0.232674113166488	-0.20642100300107402
-0.15122842790871371	0.1768779058270744	-0.33877221423361714	-0.33312145203059473
0.06424001647212596	-0.2821195312774487	-0.5761216101379927	-0.07751884211243265
0.03130831745623275	0.37689368213427366	0.3025537884516656	0.289244211957828
0.21052023264844988	0.07505671412332005	0.1574319902254644	0.5569910630027657
-0.18831584259986833	-0.011299960305170442	-0.005310933949429719	0.7950732631455315
0.6201535839185117	0.009170111836975137	0.22112807455226768	-0.14954822969224546
-0.3404665673590317	0.25296519202081447	-0.08609197306770211	0.32047626755245173
0.07270969207559963	0.44971871051258105	0.054392682225797184	0.42317891518602213
0.3152817042508729	0.429862144578395	0.15056175090696056	-0.10429440026377157
-0.4053029588645274	0.16581798925265723	0.2428821545248976	-0.1859968973579178
-0.09621438101474933	-0.5389215116636732	-0.11660902127380779	0.2482550860477697
0.3780529347497834	-0.09485470343600988	0.45297192089096616	-0.07412044092324055
0.038398463309249564	-0.08650730172021226	-0.25899020673459017	-0.616104028235948
0.1774396026535534	0.6735946503384633	0.11377199479310574	0.03519375221487753
-0.28859214838884384	-0.45554199913966387	-0.13647690945057933	-0.11938894302091296
0.29114124857441315	-0.10608284994712291	0.2086020120402967	-0.3941738894381672
-0.501491779904951	0.2546288775463055	0.07614018598567185	0.1677391565630717
-0.2116377144672359	0.6220932441302311	0.10249308875852536	0.0637759526440076
-0.23223407821605613	-0.30341934443800733	0.45717940720963424	-0.007167170136302303
0.08827463452620754	-0.24583690239147638	0.25663533913685077	-0.4092531239454653
-0.5935232333676375	-0.11833343459461743	-0.1529769023391292	-0.13516642969861592
0.4308389404186639	0.24949210775711328	-0.27601457081652603	-0.04365438100769681
0.0455532937433738	-0.4580371426809431	0.15242082487103747	0.34398873870464564
0.09846330785861412	0.5961316845668245	-0.2044573145414208	-0.10094769303314055
-0.4747119652225935	0.3558188864824836	0.021960464837684546	0.14750868345723833
-0.278592793060191	-0.003961972431674621	0.2523815204303854	0.46506371407774894
0.21759812560754055	-0.5590862927148688	0.19903337542953237	0.024282206248058325
0.16170031008124064	-0.19580290085793517	-0.21933344375386188	0.4231633453069623
0.5696520974212915	0.3568949847710057	0.05537293010172606	-0.01807998770597674
0.13501210689885146	0.4230993985690259	0.09989852764691531	0.34198996688520733
0.13142572539754194	-0.05004853615621463	-0.1420305828713646	-0.6764951555748788
-0.23344860791449218	0.22267446585140838	0.17471648855583743	0.369160437678262
-0.05534193921231312	-0.29794415398748986	0.5598936836898041	-0.08682022311039295
0.03852592248025699	0.21572578636237494	-0.40087114364600596	0.3448771475113621
0.2303443251235282	-0.10235255740242577	0.3728039856913419	0.29449913178270415
-0.418527021936538	-0.2220421757896569	-0.15945668152857828	0.1999741207452268
0.04496019522912098	-0.22300384318553945	-0.6827257300941616	0.04931023149117797
0.08093531822792044	-0.1701625675922287	0.15577663271272568	0.5931254814671252
-0.3722130768180911	-0.17922241107907078	0.06242148570375816	0.38614302639907994
0.039740607783146364	-0.4955254491557395	-0.4282680298790733	0.03646591318204084
-0.0017348797394172166	-0.3753867810928806	-0.028110200039467292	0.5947681391282349
-0.11532261440240066	-0.12281317242175582	-0.2306364745506435	-0.5312277386252
0.7684369802953404	-0.04183102832036112	0.11506161003292781	0.07467038135137072
0.034478595374870524	0.3506853731774302	0.3505017682464857	0.26433426320121356
-0.5947536932185817	-0.06445646237171165	0.3254694822337103	0.015320362175996305
0.11353466195840922	-0.0016268444417855132	0.6198139720693534	-0.26502452153045186
0.026831228111361405	0.41792545063681596	-0.016150425474154684	-0.539092895777668
0.39590454093712113	-0.07105286327298521	0.4614200021889625	-0.07162259360093115
0.3953713692210741	-0.35566299762290465	-0.009669216177562667	-0.2392964169784586
0.28603889803796023	0.3357023184094421	-0.30064314259356006	-0.07761564095903761
-0.5926243896826464	-0.057131794191717544	-0.2159678919042476	-0.13427592422138845
-0.08327757050086237	0.07887698963266354	0.18712276769069924	-0.6507226721757748
-0.757597144532058	0.059303814500352825	-0.08030472755793006	0.10279431340965917
0.25288523855453193	-0.11906648471712344	0.31308023250945793	-0.3149680442188867
-0.11128394145724929	0.06029748971196991	0.19431140286651005	-0.6341071659642707
-0.12371714870281902	-0.5614992834428938	-0.26434895939686487	-0.050434608457422314
0.264022107800995	-0.029288419278948874	0.03191807960776383	0.6747713933122923
0.2699873074689687	-0.11361528346781458	-0.3849950241923157	-0.23140238487090103
-0.3143587472738536	0.20966000750964398	0.3216834339780765	-0.1542978112384259
0.5031239484707672	-0.021953496825879215	0.4438057910117956	0.031116763691557914
0.061796104785837525	-0.6548227120220662	-0.2118827146423956	0.07149846854970066
-0.7630597679890418	-0.020808092358747476	-0.1752876276453772	0.04084451200683348
0.026176982521358028	-0.11199407169694653	-0.6722143065751687	0.18961463920652677
-0.18970573304638938	-0.012942572392734997	0.036076110689979624	0.761275583870896
0.17772166252002708	-0.544510779158887	-0.22663025178053497	0.05113730654055093
0.20764980362181507	0.612985167608671	0.08550130975127024	-0.09386371901824364
-0.48561514972092334	0.16675600246056432	-0.28592684594170414	-0.06170200187680819
-0.12201493276929898	-0.19092987132038308	-0.017458871165759948	0.669596324744558
-0.010942516817613157	-0.14363041645096275	0.4996046245019552	0.3458224422294689
-0.09382524965417738	0.03178785492120717	-0.15324367590454857	0.7211432195200669
0.1049237200655353	0.030819477577909593	-0.83816340650099	-0.026093395855565138
-0.271906483505304	0.3307799339386761	-0.012993379003331196	-0.3843202035526887
0.20452327948425553	0.09756373632119097	0.4721433118392506	-0.22576967235530288
0.2396743308085254	0.35422388406577143	0.3200654917814787	0.08603629334422447
0.19822309481913813	0.060566732700946035	0.6441418281043512	-0.09706834437556466
0.1431149342940634	0.09927357325357855	0.44754395212229436	0.3100675403300637
0.14835161933967056	0.1142233574349405	0.5757738878285017	-0.16165113539688725
-0.09253797456762003	-0.7140279207366294	-0.039264648171088545	0.15416945652466207
0.022946677666651816	-0.3718871570915707	-0.040691696971181246	0.5644744682705962
0.1792730971354879	0.41674227311084877	0.2557603826321757	-0.14822424712148763
-0.05857844826977576	-0.4735333234047303	0.4476834520783721	-0.020204776247121803
-0.4344349958478102	0.4623293104807735	-0.10036304213279101	-0.0028726515386252593
0.05485216520082048	0.12919821317601698	0.8120401095787881	-0.003909512044374397
-0.12242426751386826	0.05513261629374555	-0.5964700524423334	0.22597306375005277
-0.5432151822465654	-0.1977478347031525	-0.07703594031979577	0.18200104273048634
-0.3622060505939111	-0.09223857651531353	0.4097208516988835	-0.13583452119189188
0.018239654629965907	0.37231133454649856	-0.24071143901367464	-0.3687375718098609
-0.36693994791860307	-0.09356526955730016	-0.4515692073809936	-0.08792557514310317
0.3699938218891694	0.12648533969601727	0.2486993497542982	-0.2548214886605151
-0.20944200441427352	0.44824693312191544	-0.04091371780578901	-0.30139734465802204
-0.3810656798448624	-0.03803602037233689	-0.36761913681092406	-0.21327916297187666
-0.37740913672418586	0.3773485519956663	-0.14021700476645815	0.10502530651368969
0.14467788594162512	-0.2066686662644599	-0.4221483488461062	0.2265050989478088
0.25793461699898446	0.1074064352349764	0.10441220739719559	0.5302467403688436
-0.005501354627622801	-0.411108253655454	-0.5139232617529648	-0.06946712996395843
-0.012531164761481861	0.6828820371359425	-0.2228980333696673	0.08168876473290831
-0.07023741601656242	-0.6137894285534178	-0.056276865913257756	0.25969628951676205
-0.14703466714299562	-0.2075079296854343	-0.400290087461475	-0.2451673157100951
-0.0026336941096243294	0.12404711743663932	-0.06921200956771201	-0.8041071788860243
0.530564447460256	0.1756450905004181	-0.11482638487985719	0.17896407715946872
-0.25332699029783257	0.014816054592938332	-0.5398392368249676	-0.1920177182842615
0.27772013675946505	-0.40739777077131967	0.006736845826033067	-0.3081452466431822
0.4395317321748431	0.11447331007963091	0.38923871119390685	0.05675624655161915
0.11347475449074484	0.1878398889615207	0.1603609128401695	0.5383244437075649
-0.4190805481113966	0.12830842365531825	-0.4260253904589737	0.026585637774311444
0.10623981715130437	-0.19372020615257557	-0.07078405584698721	-0.6292559208491328
-0.45715827910289697	0.13640955632663232	0.01895628204535127	0.38747588252511944
0.07768041114687407	-0.1493333286027032	-0.0007343358804670075	-0.7722519243699557
-0.24207188899954923	-0.2406950711909639	-0.23895227055688828	0.2782807692525986
-0.015176800451974337	-0.008462575041984888	0.5766603030080673	0.3997003214979735
0.13347554134570827	-0.3075455700323533	0.2687394515289938	-0.29023943709294464
0.0411305103774493	0.043159949412874266	-0.8911950546832936	0.0245144855263828
-0.22899899899517528	-0.4662609351577156	-0.1473821159392128	-0.1573579499078963
0.4129520938533311	-0.04354584307641729	-0.013708489982487304	-0.5297935730877643
0.11325330187972726	-0.270844819615899	-0.4368640800419621	-0.17903779846241163
0.44396789301824113	-0.13148062190891152	0.24929771966495085	-0.1752537654078965
0.029957092402821184	0.45640544339429256	0.057364872968660885	0.45627259123422537
0.6226343512113368	-0.24736233749951064	-0.05901907201140877	-0.07098423927774378
-0.1123415205024425	-0.1256668560478531	0.37981375312000476	-0.38217787032969963
-0.00033163108309297584	0.591247362297151	-0.36987815507409794	0.03854285154565806
-0.026048355163592607	0.02216453042587818	0.7786810276116218	0.17310608679890738
0.5719491193647059	0.3153635347168131	-0.10466847767914156	0.008018868239339394
-0.2842864051121887	0.034268744309556176	-0.0899894544381259	-0.5914553961401292
-0.18751190477123614	-0.1911607834493263	0.606497933307611	0.014829378471826526
0.4958058934872924	-0.39239783216141166	0.10221316902306832	-0.009583105328227592
0.36090369233465824	0.15071285695864378	0.35574198054892814	-0.13264147015776984
0.3660554005013663	-0.08492050925487704	0.2196871919242256	0.32933689831953106
0.2909708356079055	-0.05210003179113043	0.6234863756284552	0.03344275697250887
0.635194430744018	-0.13432366055811196	-0.19567917613398111	0.03480273256388888
0.23656709918723107	-0.3855969469561553	-0.21879055106640743	0.15904540279020618
0.08356029428064926	-0.043709060037604885	0.22428405888853775	-0.6484465867932081
0.3768290358760271	-0.10112413862618586	-0.07559048103016064	0.4464563444676264
-0.6814942267485722	-0.17413000241707977	0.039230219549063694	-0.10514555128528436
0.18199812506349655	0.13655721476872218	-0.5450233450811646	0.1364213150866167
-0.6592077340875864	0.10504542595075073	0.08582980508393945	0.14991703487772345
-0.7014412073062017	0.007984042500728927	0.28448417546498517	0.006090574728084164
0.5869123915953669	0.21782703864546415	0.18915902230289805	-0.006101547456270895
-0.5508848444254666	-0.2029033391528201	0.08447837653913548	-0.16173343988257782
-0.7313475892126564	-0.10281307560364761	0.16137720430008384	0.0044621308836121365
-0.20763149542117376	0.4812562100191946	-0.28964903691190047	-0.02146325764773116
-0.09838526227644495	-0.4588071326326604	-0.38427732485763055	-0.05853028023326412
-0.09705637264563594	-0.8774478783432582	0.021709982211726375	-0.0037857667993794752
0.7060603028829269	-0.0923771510571354	0.11194527439581159	0.08961727166412614
-0.16308798465449748	-0.08090456906789556	0.17748316063286262	-0.5785242856447443
-0.628410473172988	-0.26253514025063573	0.020914417342740244	-0.08813996923363598
-0.4904715397546	0.014147858802919133	-0.3354666615662987	-0.1599139398761822
-0.009459122391796138	-0.3440786923832442	-0.2796847985507771	-0.3667773866741826
0.8826800562922281	-0.03503167657381434	0.049560326369564756	-0.03272794076439278
-0.1469415194498993	0.33894384046615533	-0.04626316694346477	0.4678514731404806
0.28239526389082115	0.5913627271140209	0.12183647118688423	-0.004405537808273685
-0.48189185487462294	0.229477162216698	0.013305570832039537	-0.2753254120766395
0.3323683413074241	-0.13093608335301732	0.22225194372311674	0.31444363161644184
-0.23306975183726797	0.4901663341923139	0.11068062004398427	0.16608329392643384
-0.13152875675871312	-0.11285777350457304	0.18685191826120606	-0.5687615514755078
-0.20626835190130421	0.10211145682339717	-0.522424246512373	-0.16919594476292565
0.14268856862742418	0.267398608145343	0.4392629160783872	-0.15064990714884563
-0.24387848946219637	0.14882603127099014	-0.0407669877048531	-0.5665284915619604
0.3892428656776292	0.10395283853148274	-0.13972203988639165	-0.3670822559044964
-0.5126182967259352	-0.05738746929636318	-0.18867754630624156	0.24131668767146008
-0.05819734825583467	0.3118536214400158	0.36859686432666794	0.26135216597748157
-0.04840454306068698	0.009548553705341911	-0.6827292766563136	0.25931762657765756
-0.09622546753551808	0.4357432251594635	0.44736986424520286	-0.020661443059815543
0.49113123010325777	-0.007191245380058664	-0.3717458062118373	0.1299317183048463
-0.4370004021087377	-0.05118861799036489	0.011171512599790656	-0.5006394673011068
-0.1330722835635174	-0.2839601490604564	0.4407944003818203	0.1421731669942059
0.22239175784494947	0.15302314838342612	-0.2080800851631195	0.4165050086085049
0.012163440412121584	-0.42008431145105085	-0.4568830585148076	0.11086918962201997
0.7812559388519715	0.015497479330798702	0.20285154145875106	0.00039504035847870433
-0.40915304867549285	0.2791659283419281	0.26712975052358745	-0.0445512724589916
-0.09322373067701761	0.366328271713797	-0.33218327604793774	-0.20826472156124765
-0.2003343024483617	-0.5143969022720287	-0.13593406284989173	-0.14933473242971784
0.38005291068841474	0.3893309929137565	0.16055017299789598	0.07006592339993278
-0.24849844922953768	0.0029829404762677925	0.30426620909836455	0.44425240119583
Conflicts
113 18
53 58
190 76
58 141
192 73
117 143
63 38
87 127
46 1
4 97
153 113
55 158
163 64
65 33
25 5
92 81
133 143
199 17
153 24
120 45
175 155
112 51
41 39
157 29
25 73
166 96
177 59
25 15
87 1
199 97
129 1
94 91
122 1
194 8
113 15
179 146
73 85
161 8
126 74
198 48
9 169
83 58
182 33
190 18
175 84
159 61
108 196
100 195
88 85
167 101
47 196
156 194
128 54
146 21
125 91
74 164
180 90
26 29
173 32
72 19
126 144
53 118
59 185
3 188
192 20
68 148
132 164
132 123
153 87
195 72
104 110
65 17
167 52
195 117
8 82
66 161
121 147
157 104
25 32
50 149
119 31
86 36
149 197
60 196
180 135
25 42
84 85
68 177
193 57
2 105
26 119
142 57
10 117
136 199
32 153
159 34
101 129
67 112
157 79
119 80
187 155
7 179
23 109
53 93
113 111
103 16
113 129
193 62
200 97
3 192
14 90
113 134
148 126
136 13
110 85
92 34
41 118
189 58
105 90
15 138
2 81
42 154
195 40
66 153
29 97
150 46
121 52
132 162
131 64
10 5
9 42
173 65
168 79
43 59
10 180
67 141
63 65
4 34
7 48
68 57
114 64
108 182
187 24
151 18
68 33
42 97
110 196
188 24
117 16
200 29
191 187
103 40
101 150
184 22
181 17
81 87
113 138
125 199
67 88
186 12
170 64
55 195
157 107
23 18
81 93
79 176
29 95
146 131
162 6
160 65
92 85
63 81
156 125
71 188
39 84
89 122
151 34
140 48
26 88
66 79
126 44
124 11
135 124
147 69
83 181
42 56
164 110
129 111
79 33
83 176
125 41
185 39
191 36
151 59
140 109
80 144
122 152
126 17
43 100
181 104
31 141
129 90
130 112
194 144
175 20
181 51
3 21
49 134
100 165
133 189
16 97
195 21
108 52
137 192
156 58
136 79
178 51
75 38
124 53
172 161
172 85
36 182
2 122
93 88
23 114
16 183
37 148
72 38
48 127
131 52
25 97
4 122
78 16
131 111
72 73
197 106
65 95
54 108
36 196
127 20
193 153
162 30
89 150
92 61
140 16
72 97
26 42
54 189
141 138
36 84
168 136
92 142
160 159
89 74
27 90
42 198
49 21
99 196
192 51
29 65
109 33
125 45
198 62
66 147
71 134
23 62
17 182
6 18
100 164
109 91
163 68
144 38
162 197
68 8
66 193
179 62
125 161
49 106
51 152
74 38
160 19
174 126
23 197
163 81
166 175
60 147
192 115
128 99
78 184
112 21
190 49
122 70
37 2
163 109
130 38
177 144
125 105
102 83
68 66
156 87
8 6
102 116
11 49
117 36
34 154
190 182
117 197
116 112
27 110
98 108
63 1
77 130
139 171
34 192
147 67
14 70
71 53
194 30
40 165
33 85
136 129
103 112
61 107
115 1
151 84
189 44
187 145
104 91
139 129
16 113
153 182
64 22
173 38
78 197
95 6
43 107
43 32
133 96
128 65
164 52
178 122
142 45
2 161
32 96
131 39
180 162
132 53
98 198
81 197
139 1
58 41
118 52
123 162
28 15
159 179
27 51
161 51
135 152
198 86
132 126
31 19
187 189
178 189
154 53
125 36
19 59
146 175
160 34
144 93
121 89
37 193
135 184
87 22
11 96
162 15
62 73
13 199
154 64
37 65
168 59
184 24
78 98
25 115
80 44
160 185
13 86
189 89
81 117
128 40
5 46
27 108
50 150
119 1
104 93
132 110
71 55
145 73
106 82
66 57
56 51
34 161
122 33
42 22
13 81
153 150
180 106
21 18
143 41
25 154
120 106
108 15
167 15
23 68
47 65
59 56
25 64
61 30
19 84
47 122
43 93
186 115
54 116
88 115
126 171
47 110
101 6
26 191
102 86
108 184
188 6
200 76
63 79
166 169
170 87
153 56
42 82
152 142
185 176
178 118
119 151
133 109
5 158
181 93
193 152
32 51
120 15
25 135
119 168
87 65
175 90
187 162
35 98
11 21
3 91
114 110
16 95
189 1
7 124
11 84
178 91
47 111
151 103
122 106
68 137
7 153
153 59
177 193
94 188
69 134
178 40
7 6
4 146
100 95
60 98
40 49
83 69
25 10
110 91
4 103
29 44
81 70
66 95
120 126
154 134
25 24
159 89
166 151
63 179
9 198
124 2
200 86
191 35
199 171
187 175
47 52
23 142
173 53
16 185
34 6
135 29
157 24
16 70
165 84
135 6
31 69
168 94
47 56
104 184
114 39
83 123
148 92
149 52
166 183
62 45
19 138
180 65
77 58
78 180
34 110
78 51
159 190
32 42
170 83
10 97
114 113
68 154
83 188
168 175
71 135
131 99
99 113
141 196
169 164
173 114
61 162
54 178
200 26
13 171
63 69
128 199
22 91
47 35
131 51
180 137
8 57
101 87
102 185
161 82
160 167
71 73
34 76
76 82
120 181
97 6
185 6
26 86
55 175
167 33
14 195
55 2
180 127
9 2
34 59
194 10
179 57
87 129
101 61
136 92
195 45
63 189
174 129
43 46
23 200
177 161
11 171
159 16
180 177
64 5
195 52
10 188
178 55
103 19
136 135
17 87
155 82
15 6
7 121
147 81
146 99
68 186
166 8
199 53
104 64
86 113
99 24
133 18
14 32
110 12
149 15
37 91
113 110
26 10
7 70
37 117
56 196
178 165
71 196
171 141
69 57
178 20
126 22
152 183
15 88
34 97
67 64
153 95
35 164
132 75
144 85
124 149
135 97
124 141
167 103
77 98
26 180
159 116
170 77
89 110
50 161
9 97
135 17
4 39
52 18
104 192
60 5
93 41
47 57
6 111
69 169
198 130
160 67
67 1
180 199
99 152
174 74
48 18
67 57
119 173
55 139
135 175
145 82
58 113
152 106
128 190
172 30
54 13
174 3
58 145
92 124
58 28
79 158
71 107
130 51
104 162
121 103
148 86
5 138
9 194
131 196
93 87
26 190
156 126
69 28
92 194
153 82
67 164
194 102
25 110
169 85
154 105
71 162
152 182
116 142
159 104
14 106
53 94
13 151
61 16
159 131
198 70
166 19
185 141
61 17
35 157
131 176
28 149
4 104
166 41
146 134
126 48
147 52
47 12
194 79
124 94
166 71
144 76
89 8
193 105
132 31
200 118
182 158
17 169
100 34
89 67
34 84
67 165
174 82
159 115
103 39
120 146
196 33
143 96
130 96
136 57
26 31
37 111
109 15
81 96
190 183
79 115
24 45
198 97
119 198
49 115
29 188
100 44
60 143
81 99
132 100
38 12
129 49
50 189
66 69
93 182
107 82
159 139
157 199
121 76
157 127
142 196
63 49
79 73
54 105
7 197
172 40
190 61
19 12
149 171
172 138
147 157
161 96
61 93
52 134
17 142
73 1
54 10
131 127
114 192
140 57
75 104
185 91
151 104
124 40
37 20
148 155
140 105
173 24
100 60
173 140
14 57
39 96
19 96
193 41
104 8
78 94
200 148
83 196
165 73
77 188
68 130
48 152
23 129
27 88
170 56
10 141
139 105
101 28
114 48
139 79
181 108
126 150
108 115
184 127
60 122
10 79
34 127
160 173
154 103
66 141
4 62
174 75
128 133
41 138
79 45
8 84
149 6
40 12
80 184
81 103
94 115
83 182
74 65
126 110
110 24
133 82
165 115
101 126
170 34
112 110
102 101
80 76
136 14
188 22
43 14
68 196
35 80
75 88
168 22
42 45
86 3
80 57
77 155
144 16
50 97
128 176
95 106
60 149
9 175
195 49
163 137
124 183
123 81
36 95
173 50
66 182
54 50
27 113
189 127
199 21
103 146
143 112
133 151
133 103
170 148
71 139
159 172
172 62
8 24
75 2
125 149
98 5
112 16
125 108
173 120
3 142
124 110
14 134
7 53
160 181
129 44
113 52
128 48
133 81
119 125
179 189
26 34
165 106
78 21
163 159
43 152
41 44
47 129
93 138
120 73
152 184
148 115
14 39
81 118
163 143
92 191
155 182
83 153
145 143
153 149
199 186
174 107
3 104
177 157
180 73
100 130
109 64
19 164
140 59
59 46
74 131
119 8
98 113
187 109
42 99
37 159
152 24
4 192
156 145
69 2
191 173
140 175
161 93
4 149
173 199
79 5
10 45
102 2
133 11
47 102
71 77
108 24
194 162
186 175
9 5
80 145
64 152
80 188
75 3
83 104
130 72
190 1
23 54
83 82
65 184
70 152
103 158
36 171
162 113
128 55
168 29
146 87
195 30
178 183
187 48
199 39
98 1
15 115
178 24
14 95
42 116
54 154
200 17
35 51
19 196
156 184
140 142
194 62
114 12
118 105
92 39
63 149
66 127
170 52
151 89
35 8
37 31
166 179
167 42
71 136
117 97
177 99
133 89
156 129
180 189
89 91
109 76
145 36
160 33
102 15
25 125
135 109
119 18
101 175
63 70
65 176
148 198
152 96
114 72
163 116
55 164
123 145
50 2
40 70
149 115
3 107
25 180
77 66
75 73
119 6
25 151
200 160
146 106
33 134
189 123
40 3
80 139
81 143
195 150
81 84
177 146
71 63
31 20
61 33
194 65
16 24
80 18
173 194
53 197
95 88
35 34
151 66
136 94
173 55
99 48
119 45
132 199
35 76
175 49
199 190
145 59
71 80
123 30
109 24
137 88
65 149
26 4
109 141
150 84
29 39
181 30
76 91
169 196
7 176
106 20
3 153
99 74
68 22
137 93
118 30
164 105
128 37
154 116
86 190
74 94
38 57
61 15
34 46
23 146
105 18
66 93
174 104
15 84
128 193
66 116
162 64
31 6
31 197
53 112
63 68
63 28
193 28
77 93
160 154
4 130
200 22
53 28
58 149
23 81
78 53
157 140
128 122
123 169
63 139
189 51
100 53
168 107
171 118
58 39
161 155
14 107
14 40
31 72
111 30
12 138
70 33
177 184
23 169
165 19
189 153
9 178
151 155
174 14
10 137
80 150
200 64
122 95
174 182
179 29
36 51
133 134
193 86
189 139
14 189
98 36
122 197
71 184
173 81
173 135
200 143
63 97
149 73
180 74
116 73
101 19
151 113
187 8
92 48
71 68
50 105
37 118
71 99
83 127
67 17
92 46
168 91
17 39
11 118
179 117
86 143
200 110
81 176
120 62
162 150
60 3
31 130
136 31
60 46
53 17
180 52
123 64
19 18
139 158
163 85
58 44
11 1
147 20
41 33
178 19
116 114
23 152
43 134
78 116
146 20
148 179
128 2
10 103
133 52
168 92
60 90
43 34
14 65
137 139
196 84
148 99
49 158
147 111
29 143
138 85
116 79
124 10
151 81
132 32
83 57
181 67
89 57
174 70
180 169
190 175
13 57
16 18
7 112
168 45
93 44
78 150
58 107
39 45
163 8
168 11
34 2
78 103
139 111
181 175
26 97
194 117
135 32
166 184
35 198
180 152
43 135
135 118
165 30
165 169
8 21
127 52
7 93
28 22
199 169
55 36
126 3
119 117
181 81
14 171
133 72
49 33
11 5
54 58
166 51
87 57
136 189
145 56
99 21
118 196
65 73
60 116
135 16
32 20
166 172
32 177
185 8
188 30
31 157
200 190
191 82
121 81
114 158
8 41
124 84
116 137
167 90
120 140
29 134
187 154
68 86
150 111
141 90
163 1
31 129
90 183
171 84
181 36
100 173
147 61
167 105
151 112
191 57
63 192
60 52
2 176
77 59
7 24
188 82
98 85
58 11
185 11
170 159
190 141
117 49
129 106
63 136
53 81
112 48
25 20
31 122
74 182
166 103
199 117
102 181
122 137
37 56
102 118
165 85
100 29
71 84
66 164
198 196
125 144
110 44
125 3
80 106
193 112
13 183
15 33
172 20
199 15
153 143
47 85
133 194
177 155
10 2
166 75
191 182
25 149
25 162
136 70
142 33
13 61
81 74
178 58
174 194
95 188
84 30
136 93
42 65
193 8
180 186
159 24
119 3
130 150
178 45
176 6
131 169
170 42
11 150
27 184
69 18
132 157
121 85
189 24
194 157
110 129
200 7
190 30
22 88
26 19
47 33
13 2
179 48
200 57
119 52
149 185
43 162
35 65
178 157
170 13
81 161
178 81
40 150
164 30
100 20
108 176
28 5
56 111
107 70
103 129
115 73
137 38
9 116
7 3
37 131
98 2
109 111
77 199
165 79
194 88
98 161
55 184
40 73
161 24
97 85
80 143
143 15
174 133
100 106
9 161
63 130
128 192
10 18
68 35
194 161
177 131
190 137
80 58
119 98
118 111
86 184
170 101
83 45
109 19
178 172
99 52
2 56
53 96
7 144
135 18
140 118
60 185
124 199
103 41
191 105
97 76
40 95
7 150
168 106
178 93
13 108
26 181
133 156
36 88
54 36
71 42
119 64
19 46
100 99
43 45
4 87
159 184
123 6
124 177
107 6
148 89
148 105
140 126
119 86
78 73
83 88
80 17
121 28
153 76
200 135
4 69
89 169
189 72
136 17
39 91
121 183
146 76
63 172
173 41
123 76
156 198
2 19
170 88
9 54
167 10
180 190
43 36
70 96
117 96
37 116
103 30
32 190
102 38
145 93
68 36
173 57
75 116
173 183
26 9
6 1
42 57
174 124
173 74
103 105
96 20
41 142
187 198
110 141
124 103
37 124
128 4
78 138
60 180
186 48
51 158
98 165
58 185
43 30
31 59
63 138
109 139
47 138
197 158
135 164
167 59
119 126
55 50
71 98
195 104
132 175
27 106
93 94
56 12
34 48
167 81
132 104
144 82
13 146
23 51
61 150
68 84
103 175
174 153
17 139
36 73
172 94
186 76
113 185
92 60
2 198
156 48
16 82
4 5
40 85
49 44
102 22
106 33
140 145
194 143
13 90
107 108
117 72
177 86
29 161
66 24
174 175
121 196
71 93
135 193
122 88
96 45
37 198
195 99
75 112
190 113
151 197
178 84
22 39
189 151
67 183
100 177
75 103
104 82
15 196
72 91
59 118
19 16
147 46
168 120
155 46
165 175
177 79
172 125
68 31
66 185
28 16
42 105
48 6
75 185
165 107
147 134
170 192
32 69
2 28
72 5
155 110
86 40
103 144
25 45
36 17
92 127
54 199
198 155
4 159
130 56
109 108
148 96
29 155
43 9
185 183
43 165
64 8
199 19
71 81
99 82
57 20
124 17
180 101
157 21
5 57
101 16
104 52
36 183
154 45
26 44
170 66
114 36
168 98
113 169
191 104
113 24
102 53
77 6
140 146
130 44
154 185
34 80
146 44
68 17
200 139
31 154
187 152
38 118
75 62
92 44
26 1
54 40
71 82
14 46
161 1
90 33
186 28
34 138
16 111
170 48
29 20
11 188
53 122
91 24
160 176
108 129
97 183
148 152
116 162
139 33
148 142
160 48
175 142
75 52
162 28
168 12
124 196
57 138
186 182
140 193
156 70
9 15
147 141
168 25
193 90
63 134
195 123
114 41
124 125
151 8
197 18
116 58
165 38
152 1
60 19
9 164
32 182
178 99
28 171
116 109
78 30
173 97
160 1
43 186
4 185
16 44
185 152
55 140
131 153
173 111
122 76
74 56
80 29
4 76
87 142
181 58
4 168
65 57
146 24
75 158
100 101
100 104
140 107
47 172
156 46
71 90
54 181
196 85
14 122
177 58
145 20
19 142
112 142
145 3
63 13
95 90
198 11
116 84
169 129
124 50
3 139
42 115
117 137
173 157
151 33
41 91
167 78
192 6
4 16
170 8
156 57
186 41
189 27
189 91
10 123
147 82
77 110
116 186
78 122
43 176
49 20
114 169
200 146
146 88
123 3
135 5
160 193
43 112
63 140
150 115
74 88
148 103
115 45
68 24
188 115
140 65
189 101
179 67
48 108
126 114
64 164
58 105
130 24
136 190
47 186
187 184
170 69
102 84
31 142
148 157
82 158
80 64
200 175
165 114
124 98
55 146
92 72
66 11
87 97
23 131
166 67
148 98
135 8
7 63
102 165
47 76
116 40
123 87
135 30
68 56
27 30
77 49
108 171
71 127
94 1
14 24
42 134
180 107
36 41
174 33
151 67
167 107
54 152
31 162
179 104
157 19
2 45
159 105
40 130
167 113
140 58
145 38
46 105
176 38
177 176
166 111
113 85
40 24
69 182
177 122
14 120
125 181
43 21
66 6
35 172
80 116
189 79
94 182
77 138
35 115
163 129
14 82
76 38
198 16
144 109
3 17
26 80
7 1
155 91
160 64
168 77
186 176
135 74
54 177
80 82
135 80
32 134
132 84
13 69
148 21
161 183
13 18
123 139
174 156
81 192
179 69
163 58
55 155
68 162
66 192
103 46
13 157
136 139
67 87
132 78
132 67
173 180
124 24
75 102
147 12
132 87
154 57
75 152
147 57
153 18
37 90
13 197
54 149
86 72
124 44
135 67
166 47
74 93
167 198
114 129
168 141
102 48
133 61
146 90
54 35
66 91
91 46
193 165
163 100
62 90
83 18
170 5
195 176
196 57
124 45
119 102
189 48
68 108
174 195
116 64
170 112
81 141
60 106
63 35
83 41
27 115
169 82
40 94
4 197
3 131
125 11
68 194
137 39
4 12
4 199
100 50
163 105
116 141
168 28
191 72
122 48
193 198
191 179
147 99
153 30
159 67
32 165
110 38
16 169
101 72
63 27
174 147
170 142
63 67
4 98
50 193
119 28
114 184
123 104
136 65
103 1
179 123
141 73
193 52
28 36
55 42
119 51
186 6
198 152
109 20
80 94
104 164
172 104
12 134
99 44
119 9
198 103
77 185
66 134
190 74
124 52
31 33
200 18
92 59
35 138
166 144
166 189
160 77
10 88
86 28
154 150
63 161
179 118
145 118
1 30
154 85
54 169
168 102
44 52
26 18
148 172
121 57
157 39
63 145
23 139
69 80
78 102
42 89
172 33
29 86
132 19
159 97
178 152
36 49
133 135
200 169
191 141
25 172
125 142
126 155
168 40
25 89
120 192
180 115
179 108
136 177
132 77
88 45
23 57
77 52
9 135
28 11
129 91
124 89
130 94
119 41
191 18
120 127
161 196
193 56
54 85
143 182
26 59
120 91
125 46
43 19
103 107
166 101
94 138
54 52
99 57
191 11
140 18
166 72
21 57
79 52
132 15
197 118
17 52
77 158
25 142
147 42
151 185
35 121
13 62
42 96
119 110
177 90
77 76
119 146
10 62
151 115
180 6
149 41
102 64
25 22
71 109
23 151
60 112
99 5
162 11
18 45
124 106
27 104
47 25
117 88
174 1
41 1
26 112
161 57
129 24
179 99
81 27
95 1
37 9
177 199
16 38
194 188
71 170
14 66
192 38
198 176
116 185
190 8
143 104
143 74
119 73
112 164
48 96
148 22
190 85
180 66
13 110
63 187
75 193
2 65
119 187
156 19
104 73
98 101
185 196
46 82
71 58
136 73
7 193
181 88
146 46
193 49
156 62
157 110
164 11
66 129
154 152
19 108
49 182
124 41
144 152
27 176
83 114
120 8
36 8
71 25
135 120
151 36
94 76
14 110
77 108
126 12
19 197
53 183
191 27
171 158
140 24
168 17
87 90
119 131
130 16
9 148
170 31
170 155
193 192
119 127
53 36
155 1
170 196
78 80
101 137
185 73
100 46
58 88
90 85
190 107
88 20
94 73
31 50
50 65
153 48
17 76
150 41
86 105
177 118
199 24
113 197
200 170
95 142
50 107
180 130
13 6
167 116
177 95
120 72
39 33
118 84
132 141
198 143
166 65
53 108
126 165
26 73
190 197
195 22
72 1
114 28
16 20
149 88
7 40
141 127
2 20
170 151
75 27
163 172
160 49
16 90
123 192
33 44
99 39
75 34
32 140
140 6
67 122
27 64
58 16
157 196
51 183
4 41
144 48
41 85
96 91
39 20
122 20
148 65
121 30
40 96
9 122
92 106
7 116
70 183
9 172
75 53
56 142
174 121
27 138
172 80
75 126
191 56
68 48
191 62
7 191
162 93
10 6
37 130
104 48
158 1
180 94
156 197
172 87
159 153
188 20
188 138
35 94
190 62
195 82
116 192
23 91
9 189
9 63
178 57
75 74
14 184
148 134
190 161
68 38
75 66
61 56
133 77
171 196
194 53
10 64
31 164
139 138
75 110
75 135
168 105
198 84
190 101
121 113
135 129
66 99
116 127
97 110
29 89
32 58
55 35
47 60
177 56
192 138
187 138
69 105
114 97
144 108
26 101
119 152
70 21
60 99
102 146
40 169
119 79
70 5
139 85
26 152
26 129
130 79
90 182
88 134
198 175
68 5
135 141
154 38
110 1
197 33
149 94
71 181
113 56
125 85
143 114
66 36
14 5
19 95
65 96
148 186
173 165
23 196
58 150
172 123
148 28
104 56
19 183
92 97
132 136
151 95
179 15
100 17
54 126
74 28
9 106
10 67
93 11
129 141
83 90
37 182
53 85
9 65
7 142
170 176
145 155
80 20
102 169
114 44
71 94
75 141
173 185
190 72
66 38
149 1
71 29
89 139
139 188
162 46
196 20
103 58
159 145
169 88
159 198
69 17
7 66
122 19
132 64
92 65
86 16
179 1
81 67
154 28
4 118
113 188
179 44
122 182
156 16
101 36
122 16
114 176
121 176
119 121
42 123
152 8
131 142
55 123
74 169
11 73
186 152
9 138
193 183
193 53
119 193
93 139
23 75
114 175
7 54
167 21
28 82
147 33
166 118
198 138
81 21
17 46
34 185
26 50
13 137
67 41
180 28
56 185
101 105
117 183
133 83
126 127
187 93
37 101
101 155
52 138
54 32
166 150
144 36
9 141
23 83
86 48
116 150
154 190
169 15
135 24
2 130
196 134
80 79
55 122
175 18
123 80
151 83
21 88
154 99
119 93
63 137
5 183
163 151
31 121
101 30
125 40
163 88
173 96
195 106
200 33
130 137
16 184
107 155
181 57
124 147
189 184
29 70
200 87
146 96
199 122
68 187
177 94
79 142
19 44
77 165
61 131
168 184
63 157
100 6
31 172
43 76
32 17
140 20
132 10
187 176
145 19
75 58
67 182
123 186
55 196
83 165
83 34
180 122
187 134
163 102
97 142
104 196
179 41
5 182
78 176
14 98
132 142
55 88
191 55
185 22
10 89
113 196
9 92
185 111
83 48
34 67
196 115
11 134
198 67
32 99
110 134
71 7
148 135
23 69
135 189
191 48
172 193
66 152
101 3
165 176
26 172
187 12
77 118
59 150
114 99
179 35
53 111
157 165
117 79
102 113
69 116
135 28
104 153
31 171
47 3
34 106
156 38
11 142
4 152
37 66
69 190
32 144
37 142
78 157
174 100
55 114
69 74
58 24
163 174
114 65
180 138
21 41
4 82
13 153
86 144
27 1
98 111
69 197
97 39
177 113
94 127
101 188
31 34
25 36
28 127
191 131
185 188
185 38
156 159
151 138
199 64
157 45
157 192
128 178
61 96
47 183
31 64
187 55
119 164
17 56
106 84
180 51
200 193
86 62
187 75
167 77
14 117
54 162
17 111
136 176
34 73
117 5
3 44
194 40
42 113
178 144
71 161
103 24
35 33
59 41
31 58
136 60
118 141
43 159
60 114
34 3
32 155
2 15
149 84
42 162
83 66
68 183
103 11
145 84
136 122
128 110
3 185
26 40
27 39
166 176
86 104
29 150
132 24
120 197
109 88
160 116
2 192
35 161
174 90
122 107
3 110
36 24
71 49
191 153
43 108
174 151
200 52
51 30
101 192
16 8
29 74
145 11
104 33
187 89
197 20
168 169
173 118
129 127
104 57
53 145
68 113
105 45
56 150
128 56
10 150
43 146
169 6
95 39
122 74
67 175
75 39
168 134
22 41
113 106
28 111
97 84
67 150
178 142
191 83
23 154
25 31
68 59
25 57
31 28
61 185
89 84
145 126
199 106
145 88
133 74
7 55
166 52
40 108
132 189
32 36
185 1
32 65
179 65
128 74
140 137
61 5
120 144
175 88
154 69
21 90
181 138
123 17
53 149
177 2
102 149
117 19
9 176
169 22
150 44
69 126
175 138
63 144
26 189
63 176
175 73
102 79
173 39
60 120
154 89
195 90
55 112
112 49
177 84
184 141
161 88
195 77
162 38
19 1
197 150
39 183
140 1
11 79
13 122
109 38
132 181
131 144
23 123
186 64
43 66
137 18
124 12
11 20
89 137
11 38
98 112
86 97
50 137
116 85
120 85
120 46
94 134
14 183
66 131
137 65
3 57
72 59
121 87
174 35
178 199
174 6
57 134
163 165
132 58
172 114
78 114
172 98
26 51
102 150
199 147
163 154
189 172
180 89
43 94
101 176
147 109
10 134
48 12
8 85
163 117
113 118
148 140
36 118
165 61
12 84
195 149
180 110
43 73
119 129
147 130
47 70
143 158
103 57
27 87
35 96
168 50
113 73
54 89
159 91
80 149
133 114
79 20
170 50
123 130
114 149
199 121
199 33
37 167
19 70
199 165
124 171
193 15
121 138
174 148
31 79
185 171
9 33
120 61
157 36
32 122
132 180
135 192
173 48
129 142
162 105
27 62
26 25
92 149
194 108
60 162
56 49
148 81
189 182
58 158
167 80
63 120
101 48
116 108
153 158
177 141
174 176
109 142
51 88
159 84
99 162
93 118
185 158
136 32
50 177
178 29
25 147
72 76
99 49
137 115
78 97
140 40
151 48
50 180
49 88
119 63
145 12
120 175
163 45
193 141
25 156
100 55
77 115
37 51
148 84
69 113
62 88
3 169
136 180
74 33
156 196
160 122
167 169
43 137
191 140
168 67
86 169
195 185
128 140
136 82
107 106
135 84
160 102
160 186
137 107
70 11
179 94
159 64
71 167
108 111
184 106
55 34
8 129
150 182
43 11
117 95
56 45
58 110
42 33
119 35
132 109
54 2
150 21
174 184
157 38
36 142
2 88
193 39
47 79
74 41
34 109
132 8
55 171
173 137
11 197
56 110
98 139
67 33
199 145
86 70
10 80
35 135
61 90
75 199
132 40
27 164
83 183
157 111
194 153
34 18
185 44
173 177
14 67
172 24
93 110
28 76
179 90
91 134
200 192
130 118
181 8
56 52
114 185
74 162
112 169
151 30
110 45
116 89
95 85
43 85
10 21
19 49
55 143
56 79
75 161
54 137
9 150
42 30
46 90
132 120
78 89
146 115
107 76
114 142
168 76
10 184
37 177
53 146
32 121
172 190
171 21
83 19
22 158
167 69
87 84
53 88
32 130
193 146
151 154
92 42
102 131
92 57
104 11
163 171
167 41
139 73
67 99
187 151
34 198
43 184
71 191
23 177
128 175
149 127
32 120
163 72
133 54
91 105
166 163
165 51
61 88
200 39
109 56
131 108
161 197
156 151
23 104
132 27
32 1
157 134
22 57
54 83
25 145
156 86
141 12
195 15
151 21
177 88
153 52
116 65
171 88
131 171
132 176
148 189
143 28
167 121
122 114
77 94
102 94
124 112
131 79
189 45
173 70
154 126
47 55
178 89
140 158
122 79
133 70
200 144
66 103
26 146
86 112
125 53
194 152
26 27
180 22
167 18
9 113
81 107
130 186
60 76
168 49
187 67
105 183
53 62
178 69
198 111
4 106
69 137
81 48
195 88
145 62
199 44
194 181
101 183
177 87
199 34
28 196
43 114
50 165
195 110
58 74
144 155
110 96
7 29
66 87
68 34
190 93
132 30
71 100
191 120
147 113
9 115
66 111
148 121
47 135
143 30
68 176
80 192
61 73
119 147
103 96
126 115
103 88
155 150
109 21
89 62
100 193
167 3
110 182
112 52
132 88
167 162
166 10
10 111
103 89
126 76
77 146
164 141
166 60
114 107
156 35
196 52
178 3
48 85
99 65
100 138
28 59
187 124
102 3
69 96
132 155
126 5
42 79
194 155
9 52
191 124
72 45
119 32
7 123
133 76
195 156
74 79
89 51
168 18
124 150
4 93
104 76
194 2
148 158
31 110
156 51
137 8
69 155
121 80
99 134
4 101
10 145
55 10
7 122
50 127
153 197
135 171
35 62
58 93
153 90
177 27
145 49
37 64
169 97
135 91
173 109
68 105
16 138
179 135
174 154
132 94
2 183
181 169
174 49
176 90
189 95
155 158
100 76
62 115
35 18
53 46
198 27
191 192
151 40
91 111
28 52
38 1
32 24
60 36
12 1
107 44
58 130
193 107
180 61
86 162
152 38
165 131
189 104
132 107
166 181
42 94
200 91
178 112
86 90
163 180
195 34
43 88
163 115
157 17
128 109
132 22
53 192
71 133
143 183
118 90
151 158
172 141
133 78
75 67
71 102
198 5
135 145
195 114
11 52
55 134
9 180
175 45
9 197
140 127
34 150
77 157
25 53
172 183
119 34
74 64
143 19
53 51
29 141
136 197
50 151
189 152
111 90
72 108
54 67
47 145
27 169
27 185
37 138
173 3
126 153
195 177
125 182
171 39
123 117
92 5
42 2
72 62
162 59
92 107
54 73
43 48
4 182
13 103
200 186
166 73
34 89
53 91
151 139
144 185
22 12
161 162
35 101
17 94
122 62
72 79
125 147
89 52
200 115
195 120
98 186
4 189
48 65
161 15
116 24
128 182
49 79
28 79
69 192
53 40
141 197
135 83
137 196
14 149
43 40
128 181
168 185
86 182
178 106
13 144
61 134
101 49
136 88
155 8
174 78
2 197
71 87
62 15
63 95
72 141
29 186
190 94
119 25
95 12
133 173
184 105
161 141
54 159
116 117
189 126
77 5
112 152
159 186
102 90
113 105
174 115
137 164
4 27
31 137
131 137
68 117
32 86
164 196
103 184
95 176
114 79
114 33
163 98
94 197
9 154
141 33
171 138
29 169
7 57
194 145
27 118
63 59
163 193
60 105
9 195
174 144
124 76
108 41
123 61
22 96
131 36
184 182
100 93
60 110
97 12
38 46
62 188
116 95
55 176
66 105
50 188
141 134
33 158
178 82
192 11
191 126
61 182
154 181
34 165
48 196
75 84
42 80
72 64
100 102
151 73
47 95
80 52
7 152
25 194
26 79
143 17
160 155
168 53
147 126
102 135
135 185
166 104
128 183
166 14
142 134
47 188
191 10
132 16
120 87
31 61
192 118
173 116
156 106
2 116
184 73
17 197
75 121
147 83
114 127
145 114
7 2
135 76
178 16
50 98
58 76
144 164
166 82
71 165
96 127
7 147
117 162
137 129
142 91
62 142
48 171
133 146
92 178
165 196
47 44
173 76
2 90
128 123
195 164
161 118
60 69
79 88
36 176
198 82
174 45
87 76
133 58
168 73
191 95
171 20
122 145
160 134
61 142
191 115
49 90
177 192
42 46
153 20
125 76
3 134
125 171
43 42
28 118
78 64
23 153
74 76
163 147
192 97
38 45
77 65
176 188
135 62
78 38
103 188
89 87
47 156
74 107
40 143
7 104
126 118
53 153
185 49
154 101
70 39
154 111
194 41
100 171
3 70
143 137
121 161
17 48
170 72
114 16
117 152
25 60
23 60
43 109
171 82
155 183
168 100
155 76
94 105
104 112
9 72
157 105
22 45
166 110
145 15
191 165
199 120
26 35
78 27
136 109
19 118
141 6
164 118
166 1
177 20
37 55
55 41
50 138
107 118
126 94
167 146
130 105
153 115
135 89
94 184
100 152
15 183
117 21
15 44
119 189
37 15
62 184
71 89
165 164
132 9
192 41
184 91
67 93
177 142
123 8
125 197
124 33
181 107
31 184
161 90
122 11
50 6
200 96
86 95
153 108
43 123
154 142
149 8
179 36
16 139
165 110
113 115
173 103
166 117
23 157
195 24
92 199
146 149
23 111
177 42
7 101
97 24
16 186
26 111
31 22
92 16
54 61
125 141
72 30
159 193
43 139
40 88
121 73
119 109
148 197
92 138
193 24
199 20
132 60
35 79
179 154
193 197
179 150
166 161
13 111
104 72
19 21
140 183
92 77
181 45
42 103
125 138
69 130
47 84
148 87
130 62
198 69
180 15
68 25
71 59
62 108
56 118
31 95
200 66
119 136
154 56
179 2
66 90
132 171
164 38
4 20
200 157
7 51
173 152
124 16
133 139
34 36
78 34
177 82
32 27
48 46
163 3
75 5
102 127
37 164
100 62
43 150
54 16
163 24
136 112
99 185
112 44
65 169
60 65
87 44
133 33
124 188
7 5
83 106
25 2
126 138
102 117
37 73
86 116
159 152
191 53
57 73
178 33
21 12
43 170
160 21
93 33
83 98
132 114
124 120
132 161
81 6
56 39
132 106
16 73
173 89
167 58
55 83
71 52
173 142
26 160
37 94
170 168
68 164
165 44
10 146
102 145
77 190
10 34
156 183
164 22
50 101
10 147
139 141
70 115
189 83
101 109
145 99
155 73
168 81
174 180
140 197
178 188
32 88
192 12
93 164
136 143
168 195
154 80
34 86
9 89
170 105
58 134
126 24
117 188
93 39
34 111
125 61
90 57
32 101
136 144
39 118
67 38
47 161
159 98
3 149
189 33
166 192
131 46
66 122
193 87
179 193
137 70
15 46
181 27
152 73
60 146
149 152
112 15
130 90
148 154
37 78
156 105
198 110
61 20
13 135
66 169
144 162
78 90
170 68
160 78
66 113
25 17
181 145
125 84
52 111
146 48
95 183
132 68
119 96
152 188
177 115
35 194
37 133
84 134
4 160
75 192
5 52
103 118
196 24
25 165
162 108
124 179
119 84
200 53
31 85
50 56
23 16
124 85
128 113
189 105
5 118
27 65
16 39
87 139
191 111
23 198
161 182
128 57
37 25
159 130
153 110
146 15
194 165
35 130
27 171
119 95
160 69
168 150
126 33
66 16
25 185
16 15
54 96
154 176
168 142
143 155
52 73
54 196
110 5
54 38
124 70
92 58
196 183
173 129
159 117
194 111
147 153
191 77
23 115
179 106
102 69
11 184
71 159
16 134
146 52
78 42
69 146
168 159
25 140
14 193
116 45
4 134
74 127
56 138
62 49
19 17
60 55
49 45
139 182
177 183
134 24
34 141
86 129
133 69
28 41
171 76
9 199
196 39
147 155
99 107
166 127
63 47
42 73
43 130
96 30
109 115
103 142
153 127
194 16
26 60
154 12
160 86
70 44
133 36
180 21
89 27
95 20
60 82
35 175
144 27
156 190
121 162
50 46
189 61
48 188
120 190
200 184
198 33
14 199
163 146
80 176
50 33
32 53
185 184
136 52
173 5
125 93
23 76
165 5
119 180
43 38
167 96
166 125
167 83
44 84
28 106
26 89
164 12
64 182
100 52
199 82
133 68
58 183
94 22
107 39
170 116
165 138
7 187
137 155
124 59
163 39
120 150
124 156
104 130
188 158
66 40
180 67
138 91
175 150
34 125
180 27
116 93
190 87
123 106
146 183
159 49
172 22
53 1
73 45
21 134
10 15
181 113
179 18
173 176
144 52
51 45
140 95
191 50
168 87
199 164
15 52
193 59
59 105
154 33
53 27
4 77
133 182
61 188
161 5
131 21
58 184
179 139
157 70
127 138
167 172
143 33
178 147
132 168
117 144
130 97
135 38
157 164
195 53
177 107
26 74
75 138
198 192
116 51
74 97
83 130
172 115
160 180
81 98
161 184
25 80
43 101
181 196
68 173
14 86
181 150
157 145
98 155
91 1
94 38
132 51
98 193
116 175
72 134
157 126
35 195
63 193
77 111
166 92
148 112
92 53
163 62
13 120
90 18
178 135
93 65
17 59
172 64
62 12
128 194
190 118
122 108
103 93
154 36
58 155
2 146
154 82
143 93
7 114
53 175
200 65
32 111
157 41
121 3
114 111
32 83
75 129
157 118
181 53
168 161
61 113
26 167
156 137
137 19
187 188
168 118
32 11
26 178
97 111
82 6
124 69
165 192
60 89
29 90
6 91
180 164
168 58
111 158
63 86
147 104
130 131
181 134
50 73
136 53
141 115
178 50
181 105
60 164
181 142
9 73
2 162
156 188
63 135
161 20
142 22
128 19
176 1
104 16
163 139
35 197
164 188
35 152
62 149
14 25
136 162
75 100
117 184
77 91
49 52
98 49
180 3
67 107
102 114
185 18
147 184
65 152
168 5
2 80
125 183
135 65
167 5
82 20
31 29
93 1
67 39
2 109
173 151
166 197
119 20
54 113
79 183
37 189
151 130
116 17
17 33
13 45
10 190
108 20
166 164
62 185
86 131
141 20
172 91
64 12
153 142
29 45
130 91
40 84
63 100
96 38
189 164
147 140
199 162
92 12
140 192
174 42
195 1
167 134
177 190
98 171
187 125
103 67
173 172
152 90
78 95
99 56
200 80
136 188
93 21
101 182
105 127
192 70
108 134
47 106
10 33
148 31
128 191
160 149
133 195
79 6
163 118
37 141
42 145
17 1
34 21
64 149
60 151
200 134
69 152
127 24
148 25
171 46
137 41
168 154
83 67
136 171
180 41
179 79
124 49
164 176
174 77
166 6
56 41
75 190
178 116
114 93
188 21
92 10
107 188
179 107
78 139
146 70
35 153
146 108
191 79
124 115
11 115
133 179
133 147
14 73
98 175
160 114
29 107
192 57
152 49
46 20
174 140
53 70
108 150
147 44
37 29
55 180
100 74
169 184
69 115
68 161
4 144
2 144
112 175
100 144
89 182
23 80
48 15
40 186
121 64
50 116
181 176
135 64
135 139
69 161
191 60
25 192
151 97
111 73
87 20
93 108
76 21
10 105
161 126
170 91
165 141
109 184
26 66
177 165
87 62
148 82
94 85
35 84
170 35
199 88
170 100
26 175
35 125
199 90
125 146
166 68
57 46
75 82
140 3
70 46
177 196
16 188
31 189
195 129
192 169
55 161
162 118
178 130
55 46
136 159
50 69
143 52
196 127
35 110
13 3
147 72
101 8
128 108
75 70
74 186
125 77
77 46
200 117
180 165
121 72
144 84
159 123
136 138
151 76
37 4
191 149
154 18
148 185
13 34
68 50
81 82
162 164
122 175
38 138
10 153
167 75
117 169
186 150
130 1
69 101
160 161
179 20
7 18
125 27
43 89
159 5
180 33
55 157
66 157
50 66
86 87
174 108
113 97
23 17
143 6
133 12
143 61
142 84
170 58
43 3
4 165
148 182
47 81
135 11
113 95
54 115
148 57
200 182
171 38
4 88
175 197
3 175
81 130
170 129
170 20
157 64
119 58
178 104
36 52
79 44
128 107
89 30
194 64
54 76
40 161
63 50
25 184
133 167
128 49
65 22
16 17
59 11
5 39
151 152
55 77
9 160
97 176
159 181
167 126
27 48
7 88
40 158
154 196
13 100
197 84
146 197
175 164
80 59
4 99
199 109
54 55
109 175
26 150
83 140
31 56
99 127
32 137
191 155
35 69
55 67
104 183
63 84
89 1
92 123
100 28
43 191
148 109
6 158
31 114
180 195
187 171
185 138
116 30
78 20
109 52
74 138
159 11
176 142
49 118
165 188
200 183
128 41
74 171
2 143
131 24
59 91
98 86
14 64
174 36
157 53
117 62
136 101
71 43
170 154
114 130
199 87
48 184
123 182
183 158
26 169
161 44
123 70
171 183
144 20
93 184
125 193
200 155
50 34
139 88
25 62
62 95
121 67
187 107
180 18
143 57
170 74
37 194
136 77
47 19
193 130
50 61
48 115
58 192
144 138
183 24
187 19
132 35
152 20
77 120
139 82
50 64
122 130
124 114
187 140
168 151
149 118
105 82
103 52
25 49
23 98
103 164
118 6
135 140
152 76
131 162
128 5
100 105
47 179
129 197
114 6
153 96
77 12
33 183
68 32
199 188
176 183
66 199
121 40
198 112
100 49
94 12
176 57
178 196
88 91
189 155
169 5
29 11
92 100
146 45
171 115
26 161
86 176
110 188
76 141
126 164
177 22
69 12
17 152
135 72
119 192
23 39
35 61
178 138
9 107
189 17
161 131
136 131
59 196
148 153
128 130
128 166
97 96
136 165
165 20
123 28
121 131
121 144
181 137
113 155
54 106
116 76
75 131
156 65
98 67
179 116
177 140
146 62
87 185
11 138
55 69
40 72
164 138
10 172
2 112
14 53
14 11
165 17
100 73
163 92
21 45
163 197
43 196
26 92
98 17
168 24
16 76
133 150
191 5
147 95
80 15
93 76
78 50
160 162
41 57
66 104
50 1
162 57
27 129
189 197
126 107
167 142
23 175
163 51
180 120
170 45
42 90
195 138
39 12
42 111
126 106
128 45
164 96
78 74
136 103
78 66
160 12
142 20
141 182
2 12
126 183
166 153
13 126
140 52
60 53
47 148
191 161
149 22
145 108
171 41
86 188
23 53
35 40
143 38
13 38
13 101
184 84
71 175
69 109
35 58
60 169
154 153
100 126
5 88
104 36
75 12
56 76
2 17
177 74
125 72
142 127
190 73
71 179
99 36
160 62
178 60
116 6
176 96
178 115
134 1
71 34
132 185
9 196
99 18
47 86
135 70
40 138
83 80
195 158
136 69
189 39
35 10
156 45
47 155
194 176
23 102
194 184
66 150
25 6
172 196
173 175
187 123
29 59
19 20
179 131
116 70
125 49
189 146
132 34
114 51
62 113
63 14
177 120
180 145
130 87
77 117
200 90
62 52
89 104
168 133
168 2
128 116
42 176
146 49
67 21
63 190
76 129
22 138
25 11
61 51
54 134
27 155
111 12
179 72
113 164
94 6
119 174
3 74
174 122
156 1
51 82
145 51
111 1
102 155
191 38
122 105
63 58
62 17
64 44
169 21
9 139
191 190
121 175
178 191
69 30
82 90
187 105
167 123
28 57
124 121
64 97
160 175
181 94
102 134
16 12
194 131
115 82
148 156
126 175
66 44
60 103
37 107
179 151
19 186
38 24
99 15
26 68
77 89
92 172
75 35
3 137
37 145
34 96
170 97
4 179
110 18
107 152
167 93
187 10
131 85
136 28
181 171
126 134
78 121
66 188
178 52
195 70
162 1
151 172
86 2
14 35
35 109
189 77
95 30
147 106
4 6
99 45
97 38
104 87
61 149
190 6
179 3
7 43
102 110
106 73
162 12
140 84
193 79
195 36
89 44
29 88
192 149
83 101
16 152
13 97
128 111
116 49
124 175
163 65
62 39
14 103
68 95
178 143
121 79
6 134
129 12
128 88
167 191
72 57
163 191
160 150
164 20
9 82
106 111
116 74
184 138
124 39
160 189
153 84
128 18
27 162
14 30
47 176
144 186
148 73
26 110
3 39
125 114
121 39
49 85
23 3
99 118
192 1
161 95
23 134
143 138
26 176
167 157
95 8
148 27
162 182
74 108
60 107
170 177
151 141
40 171
136 146
47 133
179 180
72 85
114 109
200 9
50 108
71 111
55 66
93 127
82 33
157 154
4 107
77 198
83 193
165 56
75 44
67 184
70 24
75 125
188 46
81 49
178 131
157 12
9 126
37 172
75 188
199 49
174 9
167 22
55 38
133 59
118 96
27 82
31 143
136 154
42 72
198 44
43 24
115 84
145 138
114 164
43 61
66 86
81 95
71 189
77 142
17 149
191 144
29 22
37 12
162 106
18 24
142 138
32 66
68 41
100 140
135 101
180 171
191 183
192 176
54 130
100 137
38 15
90 24
157 152
26 41
174 64
61 158
150 82
191 158
64 107
60 95
131 139
98 74
194 193
187 70
54 184
48 51
60 29
146 114
3 51
160 56
11 41
7 74
7 94
116 28
32 46
78 52
2 87
75 59
31 86
5 15
101 44
155 95
109 106
80 98
178 154
79 57
77 99
26 16
78 144
193 70
155 21
65 59
2 8
19 169
103 18
186 107
100 83
38 196
144 46
7 92
181 101
81 97
156 67
60 42
92 182
175 94
59 115
163 78
179 39
9 186
132 41
84 182
78 61
100 48
68 77
68 69
31 24
125 6
43 193
71 86
93 85
67 94
103 38
193 182
132 74
102 196
154 52
42 93
191 125
70 138
140 108
161 3
25 177
172 192
2 44
170 54
8 39
194 48
13 189
144 18
19 139
136 123
2 11
192 18
128 105
78 153
74 62
65 97
25 155
126 73
53 143
35 29
190 130
174 125
106 127
34 113
125 107
23 85
54 64
87 51
200 112
75 81
16 164
47 62
191 102
121 46
13 17
79 118
136 91
63 183
64 6
170 82
155 138
50 156
62 56
81 62
123 99
62 129
174 69
140 62
195 41
36 138
149 39
128 131
47 181
184 88
153 17
74 18
42 164
174 46
193 143
179 199
98 29
187 101
104 175
126 51
153 141
37 195
72 51
50 147
19 6
13 109
187 153
124 151
92 186
173 6
178 56
167 88
126 131
22 115
193 45
19 65
107 33
50 62
190 169
122 39
140 122
154 184
146 127
186 87
61 109
166 129
119 122
110 197
58 18
98 190
140 176
143 76
139 118
168 146
14 129
101 24
145 113
194 138
4 42
28 64
170 55
92 51
168 117
47 18
179 114
47 131
96 196
123 101
19 129
159 199
54 78
79 84
113 39
32 82
102 199
114 155
199 51
23 140
132 79
164 197
146 72
23 49
63 107
54 147
156 84
132 11
177 188
67 169
129 57
176 8
9 34
116 126
178 171
144 139
177 97
31 113
16 127
100 77
133 124
70 15
185 85
174 152
92 24
136 151
124 56
16 142
181 11
180 98
156 111
161 74
166 42
34 186
76 88
10 143
35 52
172 111
116 165
166 106
87 45
148 30
157 2
124 134
145 90
163 194
151 142
196 22
41 73
75 181
63 181
15 20
179 24
170 111
67 46
81 30
13 79
126 152
35 72
156 30
7 49
17 64
174 158
12 6
149 56
163 20
66 62
75 50
148 38
7 31
130 134
121 158
188 15
189 110
157 130
14 85
34 175
187 51
178 17
116 134
168 129
87 110
3 38
171 18
32 76
101 107
17 22
60 28
114 5
143 105
167 53
136 64
151 27
103 152
145 8
84 183
119 112
94 11
179 182
100 98
103 113
159 88
179 127
38 141
156 81
26 15
174 159
173 159
133 190
17 155
166 190
53 67
51 171
66 181
93 24
2 62
102 193
83 192
190 12
187 65
180 12
34 42
113 12
168 34
49 111
78 123
63 178
120 52
106 30
199 181
22 183
119 40
114 11
126 108
122 127
50 51
159 8
147 112
5 24
59 111
136 185
31 93
121 12
60 79
55 79
177 172
28 176
83 79
150 22
4 157
119 82
86 15
117 48
32 77
66 183
86 20
190 19
35 118
92 103
132 49
163 12
83 2
69 97
75 198
69 36
166 195
40 139
101 96
155 39
117 138
145 61
72 139
166 50
43 68
174 181
10 32
198 104
180 142
165 139
126 130
36 39
124 109
173 59
10 196
93 18
4 184
167 193
199 30
111 127
163 175
195 86
13 193
40 196
191 100
16 41
194 101
83 70
34 17
133 3
136 80
60 127
116 59
7 196
121 24
71 54
68 94
77 38
10 144
170 109
128 17
130 111
125 65
187 121
195 89
157 59
36 6
92 21
103 193
166 107
157 90
153 139
146 17
47 90
178 2
103 86
170 103
70 38
144 1
107 38
43 70
83 51
93 62
187 36
7 26
166 81
119 170
103 8
113 84
83 150
66 12
102 45
123 57
121 130
75 15
173 77
176 45
10 118
14 143
97 52
125 81
200 93
121 97
161 45
40 162
140 5
55 98
174 118
159 188
82 1
91 30
193 51
62 24
175 149
174 97
120 116
119 10
163 199
78 155
56 184
5 176
165 113
131 41
167 65
190 192
81 39
166 37
161 67
53 126
168 162
8 52
58 45
133 29
72 182
195 193
180 29
32 72
23 108
4 121
171 15
26 151
7 25
183 1
25 193
3 20
115 52
125 158
161 61
187 180
117 45
198 8
83 49
48 182
191 157
156 131
194 28
63 19
123 107
140 114
193 22
148 53
74 197
132 89
143 118
156 157
38 85
119 195
145 85
112 94
132 173
153 64
148 64
60 81
159 48
101 70
151 6
13 104
5 1
117 85
86 22
123 93
68 60
161 85
156 175
200 150
103 62
128 141
50 58
177 6
174 168
121 98
129 115
166 21
3 158
95 197
60 190
197 96
125 130
152 150
200 55
42 120
55 172
167 159
178 59
114 150
130 36
35 88
49 91
178 105
61 186
93 48
42 141
100 118
67 65
7 174
19 152
83 52
33 24
178 96
60 67
68 195
156 17
63 87
7 28
159 58
172 171
14 51
145 164
68 6
180 72
4 169
99 130
100 82
163 106
117 155
50 129
66 143
125 64
174 101
25 87
143 44
13 165
165 171
175 182
160 192
34 143
122 99
144 176
154 197
133 154
13 127
151 1
132 97
107 24
28 45
2 115
137 22
56 164
42 41
192 197
55 145
194 1
179 59
186 1
15 105
190 196
61 183
100 134
47 36
195 51
112 131
25 19
53 52
119 186
179 197
200 147
135 121
58 61
16 150
194 44
50 41
172 149
174 173
51 138
170 187
78 57
128 85
100 123
55 91
155 59
14 138
198 64
19 105
167 118
154 108
7 164
83 44
43 103
60 8
2 104
186 70
29 111
167 152
129 46
58 52
156 2
27 91
125 52
117 112
65 82
92 96
35 181
32 59
7 22
170 181
63 52
132 44
26 36
128 198
86 53
124 126
160 107
77 29
156 29
68 126
48 155
195 79
157 85
169 20
121 91
2 93
31 111
60 66
131 8
133 60
178 185
43 161
190 153
49 138
71 169
14 176
69 21
25 106
98 28
95 46
178 35
72 24
3 48
160 74
114 18
125 118
47 48
26 87
108 105
37 105
108 38
198 38
101 99
47 169
68 74
179 138
31 127
178 34
179 66
104 138
179 76
104 152
35 143
200 196
195 93
122 183
108 49
178 114
72 176
43 199
17 118
154 8
170 136
34 38
15 22
180 118
114 118
29 40
87 73
56 82
102 104
76 106
156 97
125 5
69 6
124 20
167 188
67 127
116 5
9 48
116 104
107 36
149 110
133 94
126 82
166 16
120 65
136 72
7 15
148 2
42 3
162 17
40 113
48 197
93 64
37 109
178 14
117 41
13 186
49 150
125 38
10 82
97 152
37 125
55 94
63 121
187 15
21 105
159 77
146 57
169 73
14 19
179 52
157 27
28 87
75 56
81 58
162 186
121 41
135 105
54 155
181 162
133 87
149 196
26 84
154 129
92 74
160 151
74 82
114 87
174 198
7 128
195 142
114 22
116 140
195 103
77 181
10 44
62 33
173 112
19 38
99 158
4 49
111 45
198 105
133 10
195 61
177 139
195 107
145 127
191 145
28 182
198 40
185 110
119 70
130 182
132 188
60 183
200 197
43 65
61 192
191 106
194 195
128 86
116 19
80 38
166 102
80 28
8 197
145 165
2 137
98 12
9 85
155 111
31 8
26 120
200 108
77 11
26 82
170 98
68 61
93 107
184 76
133 149
50 57
162 8
63 196
102 76
60 32
67 52
3 146
189 176
80 162
58 138
191 39
180 109
132 90
166 12
123 198
57 158
71 121
27 73
109 169
178 49
120 17
4 45
65 110
153 138
8 20
47 74
63 46
95 41
71 3
98 105
68 185
66 154
151 122
91 73
107 17
195 165
16 5
198 36
117 56
83 3
181 99
154 73
40 46
92 131
156 82
86 196
143 24
3 164
9 96
167 95
107 97
16 155
103 97
47 39
75 124
72 155
194 99
66 65
40 184
168 124
151 41
194 105
3 99
155 197
128 79
80 126
162 188
63 41
116 81
179 38
2 169
159 41
128 134
167 164
1 45
81 144
94 196
174 91
31 193
15 111
7 156
55 20
27 70
165 64
124 113
75 150
192 196
180 104
109 197
29 113
187 39
125 117
112 87
188 5
50 3
165 12
63 147
160 84
130 12
28 1
10 130
80 183
2 49
163 38
144 134
196 46
31 188
34 118
34 144
153 144
68 179
81 153
83 38
109 182
108 94
136 134
94 142
120 137
47 124
145 158
78 99
8 134
189 82
159 120
81 19
14 157
75 154
2 97
144 115
23 27
28 108
188 183
65 185
169 108
173 8
173 15
64 33
147 22
131 143
150 158
191 129
14 59
104 141
68 89
125 51
92 126
62 182
54 182
167 194
37 62
109 84
62 44
140 8
178 186
189 22
199 150
130 115
69 15
71 144
144 165
140 88
184 150
123 164
64 129
86 59
28 183
168 191
55 197
17 164
54 148
169 150
174 162
193 111
175 183
148 100
14 130
63 109
135 33
60 137
151 120
7 78
200 2
174 120
14 145
94 51
120 6
108 141
117 8
7 69
151 137
91 82
23 1
42 192
26 69
83 62
146 142
157 72
3 72
199 48
108 188
166 32
23 122
72 171
13 188
159 27
27 16
78 188
130 5
92 1
102 5
147 186
65 6
173 155
68 124
152 158
133 199
154 87
145 5
17 45
121 33
154 141
169 96
120 101
194 198
8 182
191 1
86 175
77 88
31 87
132 17
166 40
170 36
200 73
29 76
58 12
121 42
41 158
23 44
87 38
101 38
187 120
89 38
135 73
99 129
75 153
78 1
87 11
31 199
189 150
173 104
131 33
13 175
193 155
163 110
59 8
4 90
162 51
178 74
119 85
60 182
26 81
50 164
109 94
4 59
149 49
179 46
61 46
42 109
137 94
114 56
142 106
86 108
112 72
25 93
78 192
37 27
123 5
177 34
102 66
102 61
76 158
176 22
181 122
179 181
9 29
124 66
43 27
143 196
43 163
156 181
166 114
187 17
64 169
122 158
92 35
87 82
17 73
199 111
80 152
193 109
87 196
168 35
104 150
163 156
37 85
34 103
26 174
68 151
172 12
187 11
43 104
153 1
167 98
126 87
107 57
11 85
175 158
19 106
191 12
71 151
200 123
180 155
98 8
194 115
67 82
40 79
10 84
63 159
130 82
126 88
119 161
34 53
172 48
132 63
92 36
128 149
47 22
101 93
78 77
178 139
10 176
136 104
27 49
26 61
149 11
187 38
26 159
200 6
166 4
163 63
92 154
119 171
89 190
55 49
78 198
186 127
101 41
21 115
65 52
50 158
146 104
29 117
3 197
43 77
26 149
37 110
119 105
133 5
14 118
132 134
87 6
44 134
68 121
98 134
57 1
13 95
138 183
193 129
155 152
153 196
26 192
165 155
55 80
177 156
170 144
164 88
181 16
39 6
10 11
123 142
128 34
77 141
11 111
26 166
98 94
50 153
69 183
154 137
160 50
27 131
98 22
121 45
36 184
199 176
145 21
40 64
164 15
54 136
107 22
93 183
108 183
84 127
119 114
154 131
125 153
71 22
143 84
100 141
40 1
83 17
106 183
190 36
40 5
63 8
187 113
197 57
66 107
199 107
164 45
69 122
7 119
174 85
120 109
78 140
200 187
43 160
10 98
124 81
99 8
55 152
127 134
93 196
194 69
146 144
54 165
23 141
161 165
164 82
17 176
25 189
39 52
25 95
75 155
6 90
80 129
3 162
63 32
16 149
140 139
80 51
175 108
53 110
195 151
16 30
163 173
53 190
135 88
128 44
3 5
26 170
198 153
35 126
177 39
65 139
156 130
167 149
130 158
25 176
168 10
189 36
56 155
80 134
98 117
152 57
191 172
48 169
147 197
62 91
189 67
94 15
191 101
156 12
9 121
137 52
51 1
53 41
78 100
10 104
104 74
37 88
74 87
122 73
69 62
195 38
55 51
57 85
149 183
147 65
78 70
87 105
19 87
135 81
154 96
37 173
180 198
119 142
187 56
93 192
131 110
130 20
5 45
192 152
99 38
89 149
168 14
191 143
148 180
135 126
71 78
11 139
9 14
146 74
60 18
54 53
172 58
196 90
188 91
131 164
179 145
92 102
149 76
168 66
170 156
151 22
187 159
197 115
193 27
154 183
47 5
190 27
172 45
23 58
101 141
74 196
53 87
119 158
165 22
194 151
106 182
181 33
102 44
7 27
69 16
148 190
95 45
47 130
200 49
117 24
4 194
117 139
132 153
53 105
169 185
75 76
157 143
103 48
77 8
97 141
187 58
42 76
185 96
185 41
199 94
168 158
89 192
132 146
131 88
160 191
29 108
101 45
54 74
65 79
103 155
77 1
7 134
31 173
133 105
185 45
163 48
69 129
192 15
170 104
147 115
174 169
179 198
197 142
25 161
63 108
13 116
186 56
104 45
188 79
58 36
86 94
146 85
5 150
194 87
200 159
146 130
131 97
16 84
164 1
71 187
170 95
74 48
167 4
26 114
49 142
2 58
99 73
77 84
80 33
75 146
79 196
190 64
12 105
31 91
86 106
10 171
42 16
129 38
92 111
23 59
181 65
80 67
189 94
47 54
102 95
29 103
63 18
81 108
187 74
14 155
114 139
100 56
147 129
9 117
193 33
129 105
197 183
51 115
34 27
86 74
100 96
104 49
47 154
166 87
140 152
72 165
177 138
163 95
103 165
25 44
199 142
171 150
35 20
55 156
26 85
136 12
71 50
123 190
186 164
135 162
163 195
99 186
159 22
141 111
176 158
191 34
198 118
169 44
156 155
68 73
106 46
4 21
130 169
71 195
200 89
142 182
114 186
156 182
50 143
179 6
35 73
3 49
28 94
104 85
75 1
23 195
98 96
116 197
74 44
123 91
140 111
60 171
121 150
55 64
200 21
78 6
10 116
68 193
134 73
40 109
166 24
36 106
48 41
161 138
170 186
112 188
103 153
125 192
163 50
124 145
132 73
34 16
148 127
101 196
104 171
107 56
115 44
186 113
166 188
199 158
64 51
199 27
170 86
142 1
37 35
71 141
125 58
151 146
192 45
11 44
58 122
146 91
13 179
100 116
145 72
160 171
56 197
23 106
92 161
199 143
172 175
165 153
177 19
107 46
92 28
103 137
71 10
153 49
192 82
32 189
38 183
197 85
63 101
90 134
40 18
98 153
37 79
129 84
40 82
86 181
42 61
23 162
92 13
47 157
163 11
166 94
54 34
72 87
187 28
112 76
166 55
160 179
144 5
7 192
32 40
151 108
3 56
177 40
54 109
87 18
28 38
92 93
35 154
166 185
29 114
177 62
181 117
133 39
47 187
116 176
9 188
145 16
153 164
47 189
36 150
86 142
103 185
67 110
77 30
77 51
37 156
9 105
199 101
62 155
136 198
16 107
167 177
128 58
167 64
179 17
135 144
109 12
100 41
19 141
50 135
100 147
128 92
154 70
163 148
136 191
187 111
81 175
148 77
76 138
107 185
174 102
9 193
95 129
34 45
39 1
23 160
100 90
173 85
136 58
68 30
61 105
47 197
59 142
65 85
36 134
130 52
160 115
123 144
166 7
191 181
133 187
94 150
199 83
122 115
157 44
32 172
102 172
42 193
101 62
135 39
146 58
23 82
34 19
115 18
178 176
194 175
150 6
119 104
194 39
29 57
43 58
31 195
100 186
14 17
102 162
55 131
124 5
137 15
121 17
102 115
93 149
98 197
72 192
69 114
116 3
24 30
192 79
199 56
180 2
12 24
69 162
86 153
43 183
71 143
70 185
135 188
186 90
192 141
23 5
70 51
192 59
194 107
120 155
7 171
187 165
174 79
132 61
151 49
102 6
143 108
75 194
162 158
17 141
133 48
77 149
50 30
147 85
87 85
188 127
50 115
23 192
108 91
133 55
67 108
53 82
131 113
186 184
61 138
7 13
179 156
91 18
83 105
13 152
200 24
98 158
161 112
51 12
162 137
189 99
26 123
43 131
121 112
96 24
98 142
187 73
159 28
192 188
63 85
55 24
159 141
187 142
76 183
154 83
119 16
70 88
9 56
172 139
104 12
82 30
185 105
179 10
25 109
124 57
2 181
132 158
102 141
71 24
120 115
71 33
13 87
179 195
135 42
107 183
181 190
63 164
21 1
47 61
175 33
195 152
81 171
128 189
180 194
142 73
164 106
159 50
155 49
91 158
184 188
4 46
156 116
13 19
13 140
166 191
29 138
53 196
135 114
14 87
29 144
116 196
71 113
29 145
75 97
81 72
189 3
124 138
67 30
42 161
4 79
98 141
188 106
173 164
23 52
140 113
14 148
89 141
128 146
136 97
39 138
170 1
133 86
49 73
60 50
75 91
187 82
191 171
146 8
174 164
160 70
83 8
54 31
186 11
43 190
102 105
168 103
28 46
5 105
53 113
68 12
31 183
37 175
115 134
167 182
42 108
192 76
132 159
38 158
164 85
59 134
147 84
165 108
81 90
187 97
187 193
87 88
200 121
71 57
2 101
54 164
37 135
117 114
125 88
63 89
14 80
75 36
193 99
196 6
123 65
181 110
89 127
29 196
152 82
100 30
75 180
99 197
188 182
103 3
81 16
172 21
195 188
60 193
121 118
128 160
180 140
31 21
145 144
27 114
123 153
34 20
156 139
200 47
89 108
78 181
162 85
13 49
12 73
53 169
32 91
13 131
48 149
170 140
49 127
100 192
36 152
133 155
23 191
146 152
86 8
135 115
177 16
13 80
15 30
131 84
159 189
35 56
95 182
162 73
23 121
178 18
69 44
178 86
124 3
151 93
78 46
114 196
7 12
77 152
166 66
156 6
119 190
66 140
3 8
178 70
192 91
67 85
131 49
188 111
47 99
168 164
120 105
168 152
35 77
92 76
108 6
89 175
174 51
90 30
152 85
92 114
163 34
133 32
19 93
195 192
83 149
187 84
178 124
86 11
129 150
198 6
174 30
23 11
151 91
75 130
189 171
194 29
84 24
64 62
28 90
117 91
131 184
133 197
47 108
136 106
41 82
57 30
161 28
194 142
159 12
29 140
92 3
163 9
93 70
145 169
156 113
68 106
107 175
156 24
2 134
101 89
83 81
187 33
28 65
63 10
14 34
102 190
172 198
137 62
87 176
9 22
157 141
47 125
130 108
48 45
140 49
132 198
114 45
7 21
55 72
163 69
7 169
37 136
161 134
198 99
124 35
37 123
34 98
116 12
112 73
97 70
10 51
126 96
7 120
120 184
103 143
31 1
11 18
32 103
71 182
165 137
112 5
171 105
175 129
123 74
62 22
135 51
200 69
175 82
177 175
47 2
193 21
198 94
19 188
87 39
165 183
98 188
61 137
169 46
5 85
37 95
125 28
78 65
68 146
50 125
198 19
179 155
77 150
157 86
81 101
147 145
50 29
165 48
157 99
119 157
198 12
89 131
6 183
69 181
136 99
109 73
182 183
25 124
156 112
78 69
3 82
40 20
152 39
198 24
145 109
133 130
95 184
102 186
100 67
139 22
62 197
194 81
99 87
25 152
26 30
123 86
42 98
89 95
124 127
9 75
177 49
198 20
59 38
177 127
121 188
140 19
195 65
159 70
60 101
169 142
174 191
109 36
122 169
125 155
136 42
192 129
37 129
151 44
172 57
51 21
25 56
157 18
160 99
75 189
194 130
2 22
68 58
8 12
74 30
29 84
78 25
63 175
159 106
169 57
157 65
23 187
157 101
81 56
156 103
104 65
13 107
72 12
126 190
62 183
128 121
75 49
110 90
53 152
26 106
56 182
145 45
65 46
121 157
75 51
58 46
148 44
117 61
62 196
148 55
175 139
87 46
86 127
35 90
54 153
43 54
189 116
178 73
35 142
163 89
157 11
116 153
72 118
99 46
113 22
23 42
70 106
55 118
159 155
69 39
76 134
67 138
3 73
114 8
132 39
4 109
32 193
47 159
10 182
48 113
52 30
116 96
40 111
83 184
32 48
165 111
26 164
9 179
166 17
53 186
13 198
162 169
54 195
71 157
38 88
137 36
159 74
145 137
173 22
43 148
124 144
162 24
128 135
35 146
139 20
106 15
166 155
195 5
98 146
166 30
55 109
47 69
32 157
14 109
121 82
165 33
5 20
166 160
120 29
171 176
149 158
25 79
193 73
189 64
159 124
40 17
169 127
28 139
166 140
171 111
177 152
40 51
58 97
68 83
166 85
144 39
43 116
157 94
168 172
25 86
122 84
76 57
55 33
100 154
100 120
29 48
145 17
128 24
146 67
120 48
71 137
14 18
170 160
67 197
131 118
126 85
166 80
74 73
198 59
16 87
16 93
198 51
63 61
37 168
132 135
142 18
7 165
161 48
54 197
155 149
163 198
136 68
159 55
26 17
195 109
125 1
103 74
54 19
189 158
200 116
181 149
61 24
149 5
193 150
136 163
137 141
167 189
69 118
159 197
173 16
180 1
156 49
164 183
75 46
193 88
195 62
184 18
46 33
37 3
169 39
120 113
10 39
158 45
13 27
60 22
43 55
59 24
119 37
135 45
49 41
34 108
147 40
177 109
147 137
109 90
7 103
121 58
54 117
53 59
157 150
43 84
147 108
71 103
140 21
82 24
179 34
191 2
122 93
31 46
95 5
136 196
26 177
166 2
173 153
156 176
50 85
199 130
104 139
135 12
80 127
54 142
180 59
131 109
200 171
200 46
120 59
116 198
126 143
120 79
13 154
116 190
4 115
191 193
187 77
103 127
71 105
161 64
200 78
172 130
179 153
25 114
133 196
78 62
181 28
166 57
192 64
16 175
26 124
180 48
72 6
184 96
2 36
9 120
60 93
81 164
11 39
62 134
136 3
81 110
31 158
47 49
26 6
60 56
194 19
11 15
167 34
199 12
124 157
10 28
14 131
31 104
168 74
92 64
74 183
118 138
146 196
122 162
96 33
63 151
114 95
50 122
65 11
9 133
156 96
51 184
136 115
124 22
63 15
189 198
94 46
13 176
129 33
94 33
52 33
195 81
172 34
115 6
101 186
130 164
190 38
167 30
54 91
185 30
153 11
69 110
116 169
91 115
193 127
59 49
109 18
170 131
195 153
198 21
144 97
178 46
188 39
133 25
172 19
120 39
187 158
157 8
89 94
89 126
34 129
178 85
71 173
71 20
153 79
2 164
96 18
200 68
193 94
194 159
21 182
64 115
43 12
170 29
63 76
26 121
155 88
58 56
149 184
128 82
157 62
193 186
116 97
55 1
70 188
28 12
89 79
177 48
93 141
69 22
89 105
190 11
112 65
109 113
16 33
181 141
171 24
69 171
59 149
119 175
23 20
103 33
35 57
174 196
122 185
84 105
145 129
91 12
166 36
85 30
59 184
191 180
192 84
195 137
36 33
186 88
79 150
190 111
53 188
86 99
97 45
133 162
2 91
62 59
86 111
192 49
139 8
114 106
191 52
146 38
175 79
43 182
42 5
101 122
132 196
95 38
175 41
70 82
4 188
83 158
145 95
64 41
83 21
3 30
187 16
27 56
151 11
4 3
28 169
47 164
92 180
172 103
161 108
71 95
138 88
37 40
83 96
199 79
43 144
99 88
161 84
50 38
60 15
17 158
128 145
194 197
139 51
43 149
166 162
80 88
172 8
87 12
15 21
147 19
101 165
23 28
55 149
42 84
77 80
9 10
148 69
75 196
152 118
94 152
175 11
37 113
191 189
164 182
147 58
180 30
37 19
199 153
160 52
154 107
10 30
126 19
4 18
159 177
75 99
112 153
78 196
168 52
48 30
14 164
69 24
190 186
153 61
57 88
76 33
180 5
60 124
139 110
150 141
55 127
40 155
121 96
128 187
130 64
92 25
115 30
125 16
179 162
162 196
151 134
165 6
81 139
136 161
191 81
37 174
123 21
71 124
79 127
177 73
136 87
179 103
191 142
167 94
192 95
54 127
58 196
195 80
194 5
95 84
194 172
132 131
144 183
104 142
26 63
147 139
102 88
154 49
34 176
187 103
11 51
184 158
63 90
106 115
58 175
168 8
43 180
187 50
147 64
165 49
186 94
72 88
143 184
128 77
119 33
42 107
28 105
101 51
186 45
15 57
95 57
54 5
141 52
28 48
81 183
2 126
148 116
71 118
9 192
155 171
37 76
168 156
31 15
160 145
25 12
136 90
193 85
71 132
151 53
121 152
104 70
119 169
69 141
71 27
140 115
25 66
13 99
126 185
154 91
147 185
71 76
191 14
37 155
9 18
25 137
173 146
120 84
179 81
41 90
143 176
47 185
2 38
59 169
14 41
170 70
78 113
83 141
40 175
43 49
37 179
98 33
54 82
55 81
72 186
100 162
61 129
23 21
72 48
140 38
100 169
68 37
37 89
26 163
93 96
39 85
173 84
175 39
7 159
43 39
22 1
170 184
145 67
194 129
47 127
164 79
40 36
184 134
157 116
48 97
170 11
141 158
179 5
40 110
157 30
147 48
69 70
53 61
101 22
77 171
123 165
102 140
13 172
163 5
116 118
58 109
159 79
123 82
71 129
117 39
124 161
120 51
159 29
37 132
60 83
91 45
148 1
178 22
148 188
122 113
170 18
179 126
117 111
191 117
62 79
133 46
117 6
7 39
118 134
119 27
174 81
200 191
100 61
9 74
145 30
193 64
192 62
160 131
88 84
191 28
61 59
173 198
155 79
53 16
114 183
153 162
108 51
54 131
117 12
17 49
66 130
48 70
162 91
63 195
172 155
35 6
71 193
14 196
108 57
95 82
9 131
146 145
195 181
48 94
48 38
9 8
43 173
130 139
99 110
132 193
65 164
128 83
145 48
93 73
77 44
195 146
173 79
3 112
52 20
199 16
66 158
124 48
42 24
69 38
119 91
31 18
62 158
155 38
190 171
136 121
154 65
65 138
87 48
80 12
34 139
180 112
53 106
79 22
17 82
77 137
13 56
119 181
124 117
151 140
32 150
180 143
159 38
35 139
199 161
198 141
148 50
189 138
188 142
87 155
128 87
125 44
180 141
59 175
19 22
50 144
76 127
144 62
72 185
140 182
112 97
161 97
154 41
178 75
178 181
37 77
121 108
76 12
66 98
93 90
13 15
69 72
98 88
138 6
140 110
78 152
135 127
69 89
187 88
68 143
61 6
107 171
199 41
140 56
29 164
103 27
6 24
119 107
67 149
103 115
154 6
36 90
63 5
39 15
92 177
154 20
128 21
78 146
130 143
168 109
34 169
200 56
50 24
198 30
149 12
78 148
29 127
128 93
72 46
58 153
13 39
74 90
189 145
128 42
104 5
3 76
72 18
167 72
177 51
137 30
13 155
121 15
94 20
51 20
35 105
13 88
29 109
66 8
88 82
48 175
187 79
180 121
11 152
163 179
200 189
32 117
191 80
90 52
131 134
87 197
170 57
189 18
124 99
135 44
130 41
116 98
124 88
80 99
102 28
14 161
33 73
163 74
9 173
68 39
149 142
51 85
155 106
32 5
68 141
43 33
128 162
138 158
143 109
180 62
159 134
110 6
14 1
98 45
86 115
165 99
155 97
186 57
50 117
48 59
43 175
50 154
168 160
151 79
42 126
157 186
72 164
166 39
69 111
89 21
104 18
172 73
168 114
168 188
160 60
123 103
147 175
161 30
87 94
157 15
86 80
167 184
157 188
116 131
27 127
3 15
29 139
137 108
87 96
144 118
55 110
137 185
173 143
86 158
160 68
147 193
3 27
128 29
47 28
135 40
98 73
142 24
37 57
157 81
117 130
36 169
174 193
127 158
140 198
147 87
26 71
36 59
6 52
70 91
124 139
63 194
60 58
2 46
61 141
166 152
14 108
3 171
5 90
62 118
34 90
107 111
50 131
132 70
122 110
92 105
78 82
175 171
174 171
95 73
110 111
144 150
47 195
146 188
78 28
7 68
119 178
105 85
180 159
27 79
124 8
160 182
25 126
47 27
77 126
120 198
109 192
190 134
162 96
161 19
112 19
172 146
131 18
200 172
173 52
176 105
21 196
4 15
113 70
78 141
83 84
147 127
50 183
177 194
9 81
29 146
92 173
195 46
132 190
181 140
172 67
60 123
92 188
43 56
127 57
61 144
31 94
117 99
169 49
174 172
25 113
35 137
140 155
31 83
154 140
187 122
95 44
78 96
94 171
196 82
56 6
132 28
135 66
86 149
128 195
43 136
96 138
161 6
125 143
50 102
78 55
109 6
163 60
35 74
92 98
14 152
80 73
193 123
110 51
55 186
155 176
87 15
59 85
140 79
144 96
74 84
169 111
63 21
92 41
162 134
71 110
4 25
51 182
112 28
5 111
200 124
166 149
121 142
26 78
48 44
110 152
25 85
25 173
133 17
179 152
157 181
120 123
154 19
140 89
78 108
54 12
74 175
80 21
156 18
4 191
27 18
125 123
179 121
58 96
11 30
14 173
34 12
60 131
81 28
68 4
50 59
54 190
179 95
145 186
179 83
144 143
89 130
132 36
178 137
196 12
37 92
191 151
42 81
68 157
168 27
132 46
155 45
2 5
108 127
44 90
167 89
72 138
119 159
108 8
133 110
68 107
14 197
60 129
170 15
55 11
43 174
25 116
198 28
77 127
149 21
102 157
51 24
40 30
172 61
59 127
63 154
116 88
98 20
164 171
19 88
83 91
160 41
22 90
112 84
151 175
13 21
65 141
184 142
133 159
155 90
162 33
118 91
69 3
151 116
187 41
101 52
167 151
172 46
63 162
154 164
72 129
83 39
178 145
130 48
81 52
17 90
10 162
200 27
4 91
14 2
61 152
193 20
151 65
93 5
151 143
200 102
97 21
80 137
74 11
56 24
23 199
9 25
153 73
162 44
173 94
186 185
78 135
66 2
9 102
124 36
198 15
110 15
5 127
192 56
47 123
43 155
119 113
11 22
67 76
97 115
23 84
159 30
71 31
184 79
35 149
42 27
121 126
2 94
148 143
19 127
7 67
69 84
178 32
53 150
119 48
128 164
53 30
157 109
178 180
170 106
71 108
61 62
180 182
117 115
89 165
147 73
133 157
61 22
7 84
34 74
124 93
200 125
64 88
4 13
75 45
193 138
7 11
27 137
92 55
87 107
104 21
100 32
156 158
163 66
54 156
167 32
123 84
119 15
169 158
31 138
89 46
194 114
160 80
104 108
25 84
172 36
8 127
128 200
174 143
83 134
123 126
181 109
14 188
191 112
188 76
190 22
9 130
147 138
135 60
12 82
159 39
78 91
132 96
114 15
156 91
187 42
63 115
48 56
147 183
31 12
179 91
100 155
4 123
169 1
119 39
195 27
142 183
126 6
178 169
149 91
13 138
124 97
124 65
132 3
145 104
173 161
101 152
27 95
87 49
171 91
3 18
10 1
170 150
93 106
38 39
83 64
55 150
140 82
17 108
87 33
149 38
58 176
78 5
26 104
81 80
12 20
116 144
121 143
97 171
159 143
185 88
173 40
75 90
16 176
13 190
174 190
113 30
10 114
154 39
156 161
195 113
31 182
34 40
14 142
34 94
31 175
187 146
162 149
181 115
136 194
87 138
109 96
198 144
200 85
11 6
10 164
35 22
107 196
59 139
194 3
179 183
42 146
80 108
160 25
159 122
17 41
143 11
22 38
9 30
138 90
195 125
98 84
140 36
11 91
142 82
37 151
106 196
123 158
93 8
23 185
48 106
13 141
9 104
56 5
140 150
50 42
80 61
172 15
72 106
137 197
40 76
122 184
174 112
67 73
10 198
178 110
32 74
166 59
170 190
146 95
9 79
159 85
128 137
72 162
141 96
187 182
198 93
41 15
191 116
63 91
26 130
82 73
179 196
187 20
191 194
192 111
28 110
56 91
69 184
153 91
55 198
95 164
187 95
114 70
143 142
103 110
4 100
10 186
17 21
62 6
67 49
175 96
35 2
120 57
2 106
177 121
2 141
179 74
174 113
191 159
43 187
102 34
191 184
98 152
150 96
101 106
172 74
120 152
122 104
181 46
163 121
180 103
163 114
63 37
191 3
151 29
196 158
143 164
42 130
65 158
29 15
50 197
154 155
145 57
190 39
14 153
115 33
101 85
31 53
55 15
39 111
100 181
96 82
117 93
79 1
50 39
102 74
104 99
144 196
144 188
177 105
53 129
86 56
103 61
133 183
108 85
152 141
61 11
66 190
53 117
58 144
50 91
29 153
67 106
150 15
196 88
170 161
38 21
9 177
190 17
181 97
4 124
166 145
128 129
50 169
100 51
140 153
81 76
49 57
13 14
61 155
128 117
199 113
178 127
168 194
19 134
100 159
159 17
181 126
67 114
144 19
122 57
128 96
146 111
133 62
98 181
9 12
168 48
192 90
162 56
144 8
38 91
104 107
157 67
67 12
9 170
79 105
198 182
121 117
72 82
83 120
160 144
62 164
179 93
170 146
14 56
181 192
93 46
69 143
162 20
98 40
3 33
104 165
66 106
131 22
174 34
36 149
122 186
156 110
140 96
145 101
157 114
186 24
120 147
163 124
98 145
35 41
24 158
50 141
112 93
121 120
7 107
103 45
53 161
132 52
197 44
57 33
156 89
55 58
100 94
100 179
135 143
187 181
25 61
180 111
42 95
136 193
120 103
16 109
151 28
136 179
10 93
173 45
147 143
192 162
166 78
34 115
174 66
99 28
81 182
68 2
7 136
157 103
133 6
119 54
198 81
75 149
147 15
42 28
13 22
37 81
94 21
58 65
98 38
122 188
170 164
71 97
10 61
107 65
99 61
80 65
146 139
167 161
166 99
131 70
32 125
66 117
112 70
36 79
53 162
71 48
180 157
68 21
70 76
78 22
3 106
75 107
32 21
187 116
101 15
60 51
65 91
67 36
190 139
119 30
63 39
167 145
116 183
80 181
36 91
119 36
31 179
10 20
174 165
112 6
60 17
184 15
152 18
178 103
195 141
75 64
19 28
145 46
200 70
32 39
99 139
59 45
39 141
37 36
108 70
157 112
23 176
140 17
195 182
199 192
132 179
163 111
180 35
16 171
170 110
135 90
132 191
23 8
195 116
43 22
9 114
9 41
9 59
67 113
181 21
152 91
22 33
182 18
77 87
78 193
40 134
70 1
159 44
59 183
10 16
140 161
25 122
167 84
77 20
200 195
77 27
61 64
126 65
191 49
170 10
181 155
72 152
144 79
133 192
81 94
145 176
86 51
124 104
153 36
120 134
167 46
120 2
89 106
81 17
165 57
81 165
3 186
108 110
166 108
125 186
34 122
135 196
152 30
92 185
112 138
33 1
8 96
103 99
36 111
64 30
163 187
52 105
119 61
71 17
13 65
116 11
47 194
103 192
66 155
123 46
19 90
26 5
132 98
146 143
110 105
117 185
75 80
156 3
57 45
99 112
173 69
113 51
129 21
60 189
137 91
170 185
77 56
173 138
126 113
122 141
28 62
194 183
200 181
178 149
9 40
173 196
29 91
31 96
131 56
69 85
200 107
32 151
180 125
71 183
120 70
78 32
75 144
98 44
200 177
125 110
62 82
83 74
160 169
107 158
68 140
58 139
131 155
35 140
120 107
194 61
168 189
122 59
142 6
36 18
128 100
137 21
125 70
199 36
173 162
25 59
168 3
147 131
144 24
92 73
95 139
95 21
110 21
82 18
170 60
10 169
23 63
29 49
22 111
147 91
60 57
98 6
174 63
131 87
148 83
156 85
153 93
34 181
14 181
10 131
69 91
160 100
159 53
32 107
54 167
132 139
92 95
4 155
23 125
110 94
31 27
199 116
171 127
102 138
98 185
149 45
114 85
167 190
126 8
136 164
133 137
146 22
81 114
167 110
28 152
16 45
102 72
7 36
19 51
89 145
102 42
75 156
120 3
129 88
163 42
35 182
104 115
23 156
109 105
51 57
31 84
64 138
102 33
98 82
157 69
74 27
166 123
66 51
121 109
125 126
10 197
143 149
197 127
110 8
101 113
60 88
166 18
113 182
60 139
112 17
168 56
53 79
136 126
143 186
61 74
51 22
17 15
92 151
137 176
118 82
109 110
32 102
102 144
166 135
86 67
81 41
49 12
43 95
87 41
195 118
27 59
173 184
2 190
136 78
86 183
81 20
37 93
9 51
59 158
78 2
144 95
132 76
80 27
200 168
78 49
63 24
148 123
167 163
86 138
86 49
137 59
96 85
70 142
87 141
115 85
2 153
35 111
60 108
167 49
58 90
186 49
81 188
125 94
49 18
168 180
156 69
80 115
98 41
64 96
32 95
119 67
13 187
184 129
135 99
181 116
179 82
23 40
173 82
126 129
44 6
35 66
23 32
79 111
172 154
170 152
66 30
173 145
100 35
148 175
59 88
62 139
124 62
75 18
135 10
107 176
54 120
81 65
175 184
8 44
78 194
47 31
130 107
166 138
179 22
174 103
131 76
89 114
124 185
13 181
116 111
43 80
119 44
60 35
42 199
60 33
4 145
25 70
44 85
44 24
200 101
60 125
71 178
35 134
121 95
130 30
84 45
141 88
168 130
28 107
13 118
29 106
117 51
110 106
184 5
62 20
129 158
190 15
188 90
80 90
160 39
34 158
7 32
79 24
147 98
132 82
103 116
102 129
83 86
180 76
77 113
63 167
145 106
54 192
75 22
172 39
174 16
187 177
131 138
7 59
9 49
47 165
13 66
137 95
75 113
198 17
140 93
17 185
77 112
161 18
23 72
137 97
132 187
133 161
125 33
71 140
53 15
177 83
60 49
60 153
174 29
66 165
117 107
71 176
10 96
9 77
32 146
65 5
55 121
37 17
32 87
148 138
117 122
58 152
32 147
178 150
174 72
170 65
125 111
154 51
71 45
11 97
174 161
54 81
151 85
160 57
117 27
167 1
55 44
42 184
160 32
119 179
83 27
139 108
35 82
126 97
195 121
19 57
199 149
110 41
27 105
167 36
140 80
95 22
172 27
29 112
98 126
157 139
130 106
54 99
7 132
37 140
8 76
27 109
7 41
193 29
31 177
5 21
71 120
25 179
71 138
166 64
154 127
153 94
175 15
122 46
109 158
121 99
181 186
35 85
169 118
186 22
193 93
160 120
125 116
25 117
161 36
174 150
135 177
93 91
98 30
101 33
68 199
143 110
148 72
162 95
172 131
74 137
138 105
174 89
99 138
191 146
145 149
103 17
72 153
126 105
116 184
131 197
156 192
169 139
86 79
71 150
181 59
81 3
49 82
3 108
14 165
126 91
172 185
31 35
157 73
135 53
133 102
62 111
160 165
110 73
107 52
86 171
8 46
179 105
128 139
199 115
80 11
178 30
154 118
77 61
146 89
94 111
126 41
93 113
31 67
161 65
128 3
113 150
125 188
121 34
123 29
77 140
83 110
42 1
81 127
132 192
148 187
19 33
119 132
163 22
190 82
140 196
56 141
69 188
200 145
108 44
67 134
100 36
123 62
34 183
34 182
143 107
102 97
128 177
112 192
146 165
60 20
143 134
167 100
163 162
161 129
86 84
191 42
8 73
64 49
125 162
77 105
49 184
191 97
9 185
115 90
133 123
167 92
195 157
122 90
172 120
26 8
103 138
189 12
200 79
74 36
124 19
26 62
133 165
2 51
114 182
174 11
123 196
31 75
13 60
32 156
189 108
98 90
66 145
48 118
160 110
173 115
156 121
195 169
92 20
61 139
75 48
200 42
50 134
14 8
51 142
7 4
191 147
199 46
157 20
7 50
121 129
28 49
160 58
132 25
64 87
169 171
160 101
31 102
86 137
23 4
31 140
144 175
23 93
147 70
11 176
19 182
67 104
191 169
116 8
2 1
181 39
200 35
63 22
32 30
122 176
113 176
193 18
147 74
9 125
77 175
54 66
176 138
130 76
180 172
133 19
117 161
151 98
26 173
25 198
42 15
60 61
154 72
72 84
17 5
34 145
118 115
92 155
43 188
103 84
92 179
200 75
29 52
167 179
60 117
123 73
157 96
156 8
200 153
68 11
83 97
69 98
192 44
177 189
159 162
43 106
71 44
191 59
166 158
29 18
25 29
43 145
187 3
161 76
31 48
167 109
21 111
164 90
174 67
98 110
104 59
197 111
129 182
193 110
67 61
126 21
174 55
54 172
8 22
116 67
51 33
50 67
47 199
100 19
4 113
48 57
179 122
137 169
180 95
157 137
61 175
157 33
147 29
9 171
89 107
31 198
26 139
192 142
177 10
116 188
199 146
171 44
28 8
181 74
34 171
14 36
26 171
112 183
121 90
103 111
144 45
174 58
8 138
164 46
60 70
50 90
179 147
111 183
23 179
74 39
4 198
184 171
3 52
31 36
93 59
180 153
60 154
177 33
114 162
36 20
104 1
112 24
156 41
34 197
92 8
2 114
23 159
160 6
43 154
135 149
139 184
66 101
139 57
180 49
178 10
86 109
157 97
72 175
193 58
119 197
123 134
107 48
19 11
22 106
178 87
195 44
89 188
133 31
189 117
200 8
198 87
37 33
181 12
180 175
195 74
147 181
101 112
98 52
136 182
137 142
196 30
35 97
154 94
170 16
81 184
53 123
198 49
139 41
162 110
23 158
42 196
119 196
167 120
71 40
54 104
50 109
77 169
185 24
16 196
66 21
152 115
172 145
148 35
175 30
75 14
156 66
31 134
79 38
100 175
122 8
179 115
5 51
79 41
118 183
166 70
120 18
47 182
57 24
119 97
81 104
112 171
169 176
36 5
89 19
172 109
109 44
4 75
161 72
132 14
167 154
50 79
121 20
119 156
101 127
54 75
159 76
154 59
128 150
198 114
175 24
60 77
62 21
63 155
169 105
40 93
39 182
166 147
165 95
27 141
69 107
19 36
62 11
42 150
143 87
148 60
43 120
187 150
191 107
37 160
61 114
167 129
25 153
59 164
192 182
177 70
25 77
102 151
197 82
192 33
190 122
146 110
23 2
170 78
23 148
66 85
128 167
189 193
140 112
34 39
77 19
31 97
72 183
194 141
165 143
177 85
72 41
16 88
75 106
132 163
107 18
178 151
170 3
172 110
199 185
199 134
130 33
198 158
157 169
77 182
189 41
31 165
198 61
100 91
108 88
14 139
200 154
174 56
112 74
92 171
78 195
147 198
128 148
92 192
47 17
49 46
126 18
14 113
61 65
153 105
130 142
157 189
103 91
83 108
117 150
121 111
165 70
68 152
168 62
181 103
179 80
41 111
66 56
121 18
189 42
144 112
160 83
172 157
2 175
35 186
170 84
140 130
7 76
161 106
128 180
54 86
63 112
155 164
136 45
78 106
172 38
148 93
172 5
4 173
76 73
177 5
116 90
80 158
181 22
47 9
98 183
86 52
66 162
100 127
53 107
105 1
175 6
75 29
171 1
163 196
2 89
191 75
169 152
78 19
7 16
185 79
109 62
144 192
31 98
48 76
23 144
43 132
4 95
172 105
63 77
64 110
54 139
23 47
14 28
61 19
79 197
65 30
58 91
136 55
154 97
34 142
195 130
151 56
60 30
98 53
7 162
154 114
109 150
161 171
68 44
103 169
104 24
159 150
200 179
63 182
28 142
92 183
54 17
162 5
75 24
72 36
156 154
28 33
47 59
102 49
119 120
7 133
187 164
190 16
68 49
43 117
142 21
28 20
87 24
61 108
168 95
64 15
80 165
119 76
80 5
69 153
25 139
157 74
103 140
136 187
103 49
47 178
192 105
146 184
58 1
100 117
102 137
147 77
86 114
121 116
128 15
99 175
71 114
68 15
36 185
59 95
170 30
27 45
101 73
62 51
170 145
32 188
169 106
170 79
47 15
37 39
100 84
116 39
179 27
136 10
194 42
174 22
172 86
106 105
100 16
60 6
187 117
77 53
160 61
151 144
154 130
173 11
104 97
71 142
168 163
155 51
188 134
77 134
170 92
9 137
195 101
63 124
181 96
159 158
9 159
187 192
37 83
172 51
157 106
66 3
26 142
163 150
144 113
40 62
145 185
198 41
146 164
200 152
4 148
40 44
86 139
193 175
81 57
41 52
81 186
82 85
77 104
161 185
140 101
135 96
174 127
124 83
29 12
112 186
29 38
170 165
180 11
122 171
193 117
157 52
133 64
147 151
13 89
79 15
171 8
17 30
189 59
64 90
4 143
178 126
191 20
13 106
28 164
52 45
43 179
177 93
97 91
159 138
195 161
60 41
97 30
77 3
187 87
71 116
119 72
128 1
75 77
9 84
147 56
65 175
187 186
146 107
28 84
94 57
71 92
153 176
148 49
100 185
27 107
148 146
166 63
108 142
163 21
128 52
55 126
155 11
123 79
9 190
163 103
92 140
40 90
31 118
72 22
99 150
180 105
123 197
63 110
25 107
68 142
194 12
4 181
28 21
80 182
177 11
135 138
58 59
104 186
163 158
23 34
173 192
74 85
11 45
193 65
103 126
51 105
195 140
198 122
40 61
188 197
4 171
41 88
146 113
19 62
178 94
172 70
80 112
153 109
77 33
187 195
100 161
132 111
101 1
40 117
112 149
159 20
13 121
81 152
109 1
166 88
25 41
13 125
50 93
180 183
123 140
200 104
190 40
38 127
131 141
67 105
63 30
133 158
54 22
26 168
54 129
199 29
3 144
47 34
132 59
71 168
31 126
114 115
23 174
5 6
140 22
126 104
130 109
159 147
43 6
100 158
200 138
28 51
60 11
159 107
145 175
149 85
138 84
42 6
10 46
26 13
86 118
124 164
40 58
123 11
32 161
133 92
160 117
68 153
144 110
148 20
