InstanceID
2_40_4
NumObjects
40
NumFactors
4
Weights
36.679641243992435
52.38785747844117
21.025643065331256
81.93381354589955
50.13711485175227
55.9355291249767
52.35591995602322
41.586956811060325
54.01515230225699
68.95665499806216
14.383562117576144
68.51373583088719
2.713772987044938
78.538308867304
68.92782419536385
24.225804087259807
71.13230268543043
40.345880506972186
75.17994681674702
15.166215690199358
13.843052661356104
21.669573401865083
92.13495071511821
2.2690854550639017
9.385894572668096
89.95211529739282
6.1337690573772585
17.946257567606196
97.13845566337673
22.085994733641634
39.265048411445555
63.59661113669155
93.08445570998553
37.291192773134
47.91296480401843
2.5347408581361863
11.688219699258529
57.96978492340894
42.756443606081305
2.540768597200427
Budget
872.6705084037038
Profits
-7.335928248798487
-10.477571495688235
-4.205128613066251
-16.386762709179912
-10.027422970350454
-11.18710582499534
-10.471183991204644
-8.317391362212065
-10.8030304604514
-13.791330999612432
-2.8767124235152286
-13.702747166177437
-0.5427545974089876
-15.7076617734608
-13.785564839072771
-4.845160817451961
-14.226460537086087
-8.069176101394437
-15.035989363349405
-3.0332431380398717
-2.7686105322712207
-4.333914680373017
-18.42699014302364
-0.45381709101278034
-1.8771789145336193
-17.990423059478566
-1.2267538114754517
-3.5892515135212393
-19.427691132675346
-4.417198946728327
-7.853009682289111
-12.71932222733831
-18.616891141997108
-7.4582385546268
-9.582592960803686
-0.5069481716272373
-2.3376439398517057
-11.593956984681787
-8.551288721216261
-0.5081537194400854
FactorLoading
-0.05158409677317399	0.026792863957297186	-0.8623006676670797	0.05932237160244913
0.6495842702389198	-0.2010919469703969	-0.02605921883872897	0.12326456395195429
-0.0455382335086707	0.16601390015993167	-0.5658498211255634	0.22259804520583426
0.010085810462101996	0.16567881082896396	-0.17681587362374263	-0.6474195050851914
0.25792813596400044	-0.5451039278171135	0.0051706888283789	0.1917972473905072
-0.41530994809643085	-0.4722475284750478	0.10323200462486959	-0.009210518803651757
0.12876623229982398	0.23643267938406565	0.578773693666478	0.056027394649632356
0.054748853297104993	0.00190909235737724	0.4304958198297635	-0.5128462345157543
-0.1409950507704063	-0.1259590110769715	0.2287140368298901	-0.5043319013227321
0.03367550847889755	-0.08870307408639944	0.674309498135194	-0.20331191929950898
-0.10616672164265428	0.22740011083739908	-0.3921537137406095	-0.27427945377933716
-0.7787484636090112	0.09173910425434983	-0.1051849000307048	-0.02432753210593419
0.05225685685318604	-0.6372427805616432	0.13513720063318257	0.1753631619519882
0.5593214885116753	-0.020517310794281096	-0.0652828121049287	0.3548783885891149
0.3241339889614736	0.12478240071677993	-0.20042507316422298	-0.3506585371575235
0.4472952136694095	-0.13803230762891183	-0.16336793839192043	-0.25130454030975824
-0.06584411364315668	0.17727498539648812	-0.1209903217753654	0.6358905791849898
-0.15509316836979492	0.06589133944934411	0.5976428839931087	0.18137260818775225
0.16787533308293145	-0.4000399040925189	0.32280862982938174	0.10927613299516792
0.22292635096630997	0.27031421230676145	0.11202483386518658	-0.394734602861742
0.20854939673117445	0.09030762599984188	-0.5593008669840458	-0.14184211028493787
-0.47822029978275715	-0.26087311167668825	0.02891191476775501	0.2319946737727996
-0.4310155118947723	0.020894288660323612	-0.09216623689496162	-0.4559239625499425
-0.14353660872008667	-0.21442439006744762	-0.4895941309119507	0.152444870300515
-0.005503741997503031	0.10009931998413468	-0.22392665089531438	-0.6704702871230479
-0.2974035932986896	0.20275376342990237	-0.2645546635359868	-0.23528797973542126
-0.34596706077261974	0.20655567822854803	-0.42081671087709505	0.02666055012173718
0.2802516840551814	-0.04537035139790646	-0.48849301262344147	-0.18588495192347065
0.09646433866558346	-0.5251382800625715	-0.12218496333686213	-0.25621241793498295
-0.36404165433527114	-0.007575958177237663	0.2639004192045524	0.3644819682829388
0.4398707935506847	0.3617187857384816	0.14108579546264433	-0.057324625248189376
0.385746212841807	0.17352392121897076	-0.15809486924845606	-0.2826349966907662
-0.19950384079852124	-0.07713443145915444	-0.008985136694290574	-0.7143765910480337
-0.25143631043586345	-0.16176043544227792	-0.4038559456063593	0.18294730851549934
0.14744011803904988	-0.07892420556379376	0.18115471604956856	-0.5924809603475878
-0.03497188015789732	0.6735569648129849	-0.2538021191979736	0.037669035831144226
0.16962893667890788	0.32650777818616517	-0.46179893490802715	-0.042064350226899805
0.07464595096925408	-0.44144450958515424	0.17714576700586915	-0.3067637724397225
-0.19956376460542313	-0.1284764326648582	0.34301611589822545	-0.3289436868314932
0.6424102144746007	0.01593691284712606	-0.10906375133755675	-0.23258912134071652
Conflicts
7 39
7 18
14 11
3 39
34 24
27 8
37 30
26 24
25 35
37 27
14 32
37 38
11 38
40 5
22 39
2 24
24 30
28 22
32 12
40 38
25 11
8 38
25 16
25 33
3 15
7 21
17 38
14 2
4 22
17 6
31 5
37 25
37 21
2 17
7 16
5 8
29 30
23 39
27 39
34 6
14 30
13 30
35 12
26 36
25 40
20 1
37 40
31 22
40 17
13 32
13 1
34 29
27 21
37 12
29 21
19 38
6 18
40 28
7 2
27 18
34 28
32 21
33 1
17 15
28 15
8 18
29 8
29 27
32 30
26 23
13 16
22 38
8 21
31 40
3 38
8 15
21 20
23 3
35 17
5 39
27 36
28 30
40 11
4 20
7 15
31 16
19 6
22 20
13 15
40 18
37 6
23 8
6 24
28 18
26 5
7 8
27 5
23 11
35 22
29 36
3 22
26 33
20 30
16 11
14 36
2 1
25 2
19 33
3 33
16 1
10 5
40 22
10 27
26 8
37 13
32 16
7 9
6 30
26 1
7 11
7 17
40 27
22 1
31 21
27 24
14 38
28 12
15 39
25 18
16 24
11 6
31 38
37 24
35 36
29 40
35 2
9 2
16 38
9 39
28 24
35 10
26 25
14 6
25 10
10 2
34 12
32 2
34 36
23 22
35 28
26 18
35 1
32 17
17 22
9 34
27 30
8 39
31 15
21 39
15 33
21 1
10 18
16 15
31 34
2 30
37 3
29 17
26 16
28 33
10 30
13 11
23 25
28 20
23 33
4 6
17 20
13 38
4 11
21 33
28 21
19 5
9 17
2 40
25 24
36 30
10 8
13 17
9 6
7 30
9 16
28 17
31 18
9 10
37 19
4 12
14 12
37 5
2 39
14 27
29 12
27 17
32 34
3 27
4 35
13 12
31 30
17 30
2 5
9 5
23 36
4 15
35 29
33 6
2 20
9 22
19 21
10 19
2 18
10 11
4 29
29 24
9 14
38 20
38 1
3 19
26 4
7 29
26 31
16 20
37 4
38 12
35 24
29 28
12 30
25 21
31 35
14 34
35 21
4 27
24 20
22 6
2 38
31 6
40 19
23 27
25 39
26 39
14 24
4 31
35 27
4 18
35 39
8 30
23 12
29 22
37 36
25 15
19 15
25 28
31 27
4 36
11 33
19 1
10 39
16 22
9 35
33 20
32 19
5 21
36 11
34 30
3 5
35 30
27 38
3 28
2 11
9 12
26 3
7 27
14 16
10 34
12 20
23 18
13 14
4 19
25 8
37 18
3 30
27 28
23 1
15 6
34 27
31 17
23 35
22 24
23 38
7 35
28 16
10 22
13 34
21 30
7 14
14 22
7 32
38 30
4 5
5 15
4 21
6 20
25 19
34 11
4 24
7 19
10 33
35 19
19 22
17 33
36 33
26 12
9 15
10 38
23 37
4 1
36 1
5 33
17 5
7 25
26 27
29 39
9 29
31 20
32 38
7 33
9 1
27 1
1 30
2 8
34 18
21 22
8 33
10 6
9 19
33 18
4 3
36 21
40 24
37 39
4 28
2 21
10 15
26 29
19 39
16 8
3 16
8 22
3 40
17 1
38 33
14 19
32 40
36 5
7 4
26 14
25 34
37 31
3 1
29 15
23 29
37 10
16 39
9 8
14 3
26 6
8 20
26 34
2 33
4 34
25 3
23 9
32 1
40 15
13 10
34 22
7 13
23 4
16 17
4 33
11 39
37 22
23 10
7 3
