InstanceID
2_50_4
NumObjects
50
NumFactors
4
Weights
36.679641243992435
52.38785747844117
21.025643065331256
81.93381354589955
50.13711485175227
55.9355291249767
52.35591995602322
41.586956811060325
54.01515230225699
68.95665499806216
14.383562117576144
68.51373583088719
2.713772987044938
78.538308867304
68.92782419536385
24.225804087259807
71.13230268543043
40.345880506972186
75.17994681674702
15.166215690199358
13.843052661356104
21.669573401865083
92.13495071511821
2.2690854550639017
9.385894572668096
89.95211529739282
6.1337690573772585
17.946257567606196
97.13845566337673
22.085994733641634
39.265048411445555
63.59661113669155
93.08445570998553
37.291192773134
47.91296480401843
2.5347408581361863
11.688219699258529
57.96978492340894
42.756443606081305
2.540768597200427
5.158409677317399
94.06776283975509
7.837696073047118
41.89389417310612
95.07082819980961
10.431726968562272
66.47730781546122
87.67354360480456
85.06762172093167
64.95842702389199
Budget
1151.9891174520474
Profits
-7.335928248798487
-10.477571495688235
-4.205128613066251
-16.386762709179912
-10.027422970350454
-11.18710582499534
-10.471183991204644
-8.317391362212065
-10.8030304604514
-13.791330999612432
-2.8767124235152286
-13.702747166177437
-0.5427545974089876
-15.7076617734608
-13.785564839072771
-4.845160817451961
-14.226460537086087
-8.069176101394437
-15.035989363349405
-3.0332431380398717
-2.7686105322712207
-4.333914680373017
-18.42699014302364
-0.45381709101278034
-1.8771789145336193
-17.990423059478566
-1.2267538114754517
-3.5892515135212393
-19.427691132675346
-4.417198946728327
-7.853009682289111
-12.71932222733831
-18.616891141997108
-7.4582385546268
-9.582592960803686
-0.5069481716272373
-2.3376439398517057
-11.593956984681787
-8.551288721216261
-0.5081537194400854
-1.0316819354634799
-18.813552567951017
-1.5675392146094236
-8.378778834621224
-19.014165639961924
-2.0863453937124543
-13.295461563092243
-17.534708720960914
-17.013524344186333
-12.991685404778398
FactorLoading
0.09096977800083605	-0.30310558699820866	0.19719342541796303	-0.40873120958299225
0.03387745057149871	-0.32008456594226664	-0.37900108232837537	-0.2670369011578593
-0.4001365328064066	0.21546615857637086	0.18442134593980963	-0.1999759626774129
0.35636313320762625	0.18039382126889492	0.1639595575171	-0.29928348800637883
-0.1958875154815949	-0.30167888349876737	0.3260134380688269	-0.17642016295081087
0.6423363358608687	-0.13205657036643648	-0.2144125917053057	-0.011194502067389145
-0.5605408530552087	-0.15588198303754863	-0.21265606846319463	-0.07092109544404801
-0.3509044304677824	-0.09571886525037931	-0.4078079013361784	0.14556880294565988
-0.38180128067034724	-0.11959047972212677	0.3984675257595809	-0.1001407138479451
-0.1880512637377343	0.0891139966388268	0.4675170715786825	0.2553176680447564
-0.2284693358631087	0.027998121052233538	-0.2946223184724934	0.44891022461216434
0.012160221223451506	0.5422603643945565	0.1867896825783315	0.2587897318036605
0.35263375297350197	-0.054550063318734354	0.3133772479524102	-0.2794389357553535
-0.09361325416790733	-0.6856173829720555	0.11431609303813173	0.1064532698219054
-0.24038931884729053	-0.21447688024287648	-0.08156895804590913	-0.46356484286392385
0.33522956572245755	0.07473723356247342	-0.135416636391974	-0.45461656432309505
0.43523005341251175	-0.5251201300018391	0.007645422279525027	0.03200439430612412
0.41856030346978446	-0.30917509051766645	0.16829872629949305	-0.10396587971305604
-0.5048855181447958	0.15772356322747538	-0.2332617575625313	-0.10412916106519754
-0.43416458821615245	-0.09593176571704753	0.292128451425709	0.17777519464109104
0.16949627646984533	-0.07250213238956915	0.5640457047648599	-0.19395588637572558
-0.1463408855242727	-0.2621814508574878	-0.23651578465816225	0.35496187896007725
0.18831781620427446	-0.032883260139179304	-0.19325576469213912	-0.5855431589644071
-0.1422068841015205	-0.29313704412510866	0.3456100745371393	0.21904599723623153
-0.40262676630252114	0.033620052507170595	0.3950544330893633	-0.16869874810094498
0.08398717304685088	-0.008433880859331389	-0.5550287475354894	0.35255019855832836
-0.169849000357712	-0.14799458708682978	0.6081382955898109	0.07401811696564731
-0.2130766277741838	-0.21506965049444715	-0.15928487341453312	0.41256884831683593
0.06498151304617439	0.2785186457550892	-0.5911371277228892	0.06536271347584721
-0.96527063978159	0.009036127255972692	0.02018408952861339	-0.005509143433823915
-0.42635512574976175	-0.45966220093803933	-0.023192753380876674	-0.09078991993132224
-0.07351159286951181	0.27572679220773244	-0.12153839943600198	-0.5292232154867538
0.024494135076497336	-0.02341282534269995	-0.15498017185883617	-0.7971128677219665
-0.2577401850462129	0.5385042158570594	-0.16775297487867702	0.03600262421805067
0.011785573105776104	-0.20976866894497825	-0.43676124174553865	0.341684516203707
-0.4403810377508852	0.4026464093220872	-0.13250110415524552	0.02447144877178209
-0.4066784832453805	-0.31168769378643235	0.0056036933984380255	-0.27603012956974915
-0.05776947295192425	0.03733496258674074	0.8748044142054239	0.030091150255911137
-0.12233217116897688	0.7687181108829486	-0.06818496597272672	-0.04076475197534779
-0.49037279512759535	-0.20185985603614354	-0.023664829837322765	0.28410251899893835
0.6875465604202735	-0.014700752928571426	-0.08331002044333324	0.21444266620782182
0.0466885175984737	-0.638438863256604	0.09769623609386957	0.2171763830510527
0.25696242047625195	0.10734153670778035	-0.06613297080569058	-0.5695630720102771
-0.3211919550167637	-0.08472018780839075	0.4955146566186934	-0.09857320055615215
0.6004781894169704	-0.1709763694875206	-0.129666604410841	-0.09887883668466801
0.013048476082891058	-0.15075317596061089	-0.2980943455319318	0.5381040024245662
0.049493520794788415	0.45318383623412184	0.15161657266991813	-0.3457060703011716
-0.03741484983626364	0.3212151413237039	0.6083168515379358	0.03305315730209668
-0.37623594606626476	-0.06498117427294092	0.440982982936043	-0.11779989672475133
-0.06585883066470766	0.26053556799204314	-0.22847125719289352	0.4451343441503557
Conflicts
3 21
7 17
48 38
14 2
4 22
17 6
31 5
25 44
37 21
37 17
2 16
7 48
5 8
29 30
23 39
26 24
39 45
50 27
34 49
43 6
14 30
45 30
13 12
35 41
26 48
25 36
13 40
13 1
40 20
37 31
40 22
13 17
13 32
44 1
42 44
34 29
27 21
37 12
29 21
19 38
6 18
40 48
28 48
2 44
7 41
27 49
49 18
34 28
32 48
21 1
17 33
28 15
15 44
8 18
8 46
27 30
32 38
19 48
11 38
26 23
13 16
22 38
8 21
31 40
3 41
38 15
26 8
41 24
50 21
3 20
35 46
5 39
23 45
23 36
42 27
28 30
40 45
4 11
7 20
16 15
31 41
47 6
19 20
13 22
48 15
40 18
28 22
37 6
43 15
23 3
2 8
3 6
47 38
13 30
31 16
28 18
26 5
7 8
27 5
48 5
26 50
11 45
23 35
36 22
29 3
26 22
33 44
43 30
43 20
16 11
7 47
21 44
14 36
2 1
25 2
19 49
3 33
16 33
46 1
10 42
5 18
40 28
47 22
10 27
37 13
47 16
7 32
9 6
49 30
26 1
7 11
37 46
17 21
7 44
40 27
22 1
21 45
31 27
50 24
14 38
28 12
15 39
25 18
16 24
47 48
41 6
37 38
47 46
42 24
35 36
47 44
29 40
35 2
9 41
2 38
16 39
9 24
35 28
13 10
42 15
26 25
48 6
14 44
50 10
43 25
10 2
34 12
32 29
34 27
35 22
26 35
17 1
32 15
43 13
17 22
50 34
43 9
49 44
8 39
47 15
31 49
21 39
50 33
15 1
21 18
10 16
13 34
31 44
2 30
47 37
3 17
26 29
16 28
10 33
13 11
23 25
28 41
22 20
28 6
23 17
49 33
4 6
17 20
13 38
21 33
28 45
19 44
5 45
9 17
2 40
35 42
24 1
46 30
10 8
47 24
13 28
25 17
11 46
9 48
6 30
7 9
12 18
31 10
9 37
19 12
4 41
41 12
37 42
47 5
2 39
27 11
14 50
48 12
32 41
3 27
35 49
4 13
31 12
17 30
43 48
5 30
42 2
23 9
34 30
15 6
4 35
29 33
2 6
9 22
19 21
10 19
43 46
2 18
47 11
23 10
29 11
41 45
25 49
48 24
32 28
14 20
38 41
43 8
49 38
3 1
26 19
4 29
7 26
31 8
26 20
37 16
4 50
38 12
35 24
27 24
29 28
12 30
25 21
31 35
16 1
14 32
14 35
4 20
22 24
31 38
19 6
42 40
9 2
23 46
47 27
26 39
42 39
14 24
4 48
47 18
35 39
8 30
49 22
50 29
37 41
37 36
37 15
47 25
43 50
19 15
25 45
27 28
31 36
4 37
11 33
19 1
10 39
16 22
9 35
33 20
32 19
5 21
36 11
26 16
3 5
35 30
50 2
12 24
37 27
28 38
42 41
3 11
3 12
48 45
27 39
7 16
14 10
24 20
28 46
23 18
13 14
4 19
43 35
4 8
37 25
3 22
22 30
22 6
23 27
42 28
1 45
23 42
17 44
9 15
27 15
34 17
23 31
35 18
23 24
7 38
22 46
10 35
7 13
7 15
7 14
7 22
32 34
31 46
4 30
29 15
47 21
25 20
19 17
35 34
46 24
7 46
19 46
40 5
48 44
23 33
22 41
42 22
19 33
24 45
36 41
33 12
26 49
37 18
9 47
43 37
4 33
48 30
50 35
43 36
33 1
25 5
28 17
5 15
25 24
41 39
31 20
25 10
23 15
7 1
9 33
27 12
30 20
8 1
2 15
17 49
34 18
21 22
8 33
10 48
6 46
20 18
47 31
4 44
3 36
21 24
40 39
47 28
2 21
27 18
10 15
26 36
32 12
19 45
4 36
4 25
23 22
3 8
40 46
3 39
42 8
25 38
14 29
32 11
31 50
36 5
7 4
25 42
21 20
4 49
23 1
26 41
47 14
25 34
48 1
26 27
7 45
23 29
10 49
49 1
33 45
9 8
14 3
6 20
13 8
21 12
34 41
2 17
26 42
3 40
4 34
25 3
10 5
32 42
40 15
43 10
13 3
4 24
34 22
23 50
23 41
4 42
33 46
49 24
29 16
11 8
37 22
7 3
13 42
43 3
17 18
29 48
31 17
3 18
34 6
32 1
31 14
28 21
43 17
14 16
25 39
23 34
11 44
7 49
19 5
42 19
36 24
47 13
15 33
38 30
40 41
12 45
34 16
17 24
26 2
47 20
36 49
37 5
29 44
9 49
8 15
50 11
38 45
10 24
2 36
29 24
16 20
8 24
25 48
3 19
34 39
42 1
22 44
36 20
25 1
40 21
25 22
44 12
40 8
14 28
32 45
42 6
49 21
26 4
47 35
13 29
35 6
2 19
7 6
27 45
10 44
16 36
38 33
5 33
10 38
35 5
47 17
43 38
31 19
35 12
14 48
37 45
37 2
16 38
49 41
4 2
23 28
21 6
42 11
26 34
26 46
27 22
34 46
48 33
2 11
43 34
14 17
7 21
37 40
48 39
26 11
49 39
43 16
22 18
14 5
6 24
43 32
23 5
36 1
50 45
14 33
32 2
32 10
47 45
5 1
31 11
25 41
23 14
34 15
50 28
7 33
16 41
19 36
47 32
32 18
34 11
9 12
13 46
37 1
48 20
10 40
14 34
40 17
46 44
2 33
34 33
42 21
15 18
17 41
13 44
47 10
27 1
25 30
43 47
