InstanceID
2_80_4
NumObjects
80
NumFactors
4
Weights
36.679641243992435
52.38785747844117
21.025643065331256
81.93381354589955
50.13711485175227
55.9355291249767
52.35591995602322
41.586956811060325
54.01515230225699
68.95665499806216
14.383562117576144
68.51373583088719
2.713772987044938
78.538308867304
68.92782419536385
24.225804087259807
71.13230268543043
40.345880506972186
75.17994681674702
15.166215690199358
13.843052661356104
21.669573401865083
92.13495071511821
2.2690854550639017
9.385894572668096
89.95211529739282
6.1337690573772585
17.946257567606196
97.13845566337673
22.085994733641634
39.265048411445555
63.59661113669155
93.08445570998553
37.291192773134
47.91296480401843
2.5347408581361863
11.688219699258529
57.96978492340894
42.756443606081305
2.540768597200427
5.158409677317399
94.06776283975509
7.837696073047118
41.89389417310612
95.07082819980961
10.431726968562272
66.47730781546122
87.67354360480456
85.06762172093167
64.95842702389199
59.126879041700775
39.407536499904474
9.096977800083605
79.37657730258303
21.155213366860238
77.74019547941657
4.55382335086707
35.396201651376536
73.29630988421407
3.3877450571498713
85.28440753574283
17.576462129106595
1.0085810462101996
35.25804949148086
80.00240373225871
61.56026913827775
40.01365328064066
28.575925075733966
80.82027526094929
80.3032063781114
25.792813596400045
70.07165119936212
35.636313320762625
53.67569544765212
65.99681815697221
99.07894811963483
88.75574765714786
41.53099480964308
49.75663989803623
19.58875154815949
Budget
1883.4016505802672
Profits
-7.335928248798487
-10.477571495688235
-4.205128613066251
-16.386762709179912
-10.027422970350454
-11.18710582499534
-10.471183991204644
-8.317391362212065
-10.8030304604514
-13.791330999612432
-2.8767124235152286
-13.702747166177437
-0.5427545974089876
-15.7076617734608
-13.785564839072771
-4.845160817451961
-14.226460537086087
-8.069176101394437
-15.035989363349405
-3.0332431380398717
-2.7686105322712207
-4.333914680373017
-18.42699014302364
-0.45381709101278034
-1.8771789145336193
-17.990423059478566
-1.2267538114754517
-3.5892515135212393
-19.427691132675346
-4.417198946728327
-7.853009682289111
-12.71932222733831
-18.616891141997108
-7.4582385546268
-9.582592960803686
-0.5069481716272373
-2.3376439398517057
-11.593956984681787
-8.551288721216261
-0.5081537194400854
-1.0316819354634799
-18.813552567951017
-1.5675392146094236
-8.378778834621224
-19.014165639961924
-2.0863453937124543
-13.295461563092243
-17.534708720960914
-17.013524344186333
-12.991685404778398
-11.825375808340155
-7.881507299980894
-1.819395560016721
-15.875315460516607
-4.231042673372047
-15.548039095883315
-0.910764670173414
-7.079240330275307
-14.659261976842814
-0.6775490114299743
-17.056881507148567
-3.515292425821319
-0.20171620924203992
-7.051609898296173
-16.000480746451743
-12.31205382765555
-8.002730656128133
-5.715185015146793
-16.16405505218986
-16.06064127562228
-5.158562719280009
-14.014330239872425
-7.127262664152525
-10.735139089530424
-13.199363631394442
-19.815789623926968
-17.751149531429572
-8.306198961928617
-9.951327979607246
-3.9177503096318977
FactorLoading
0.12876623229982398	-0.029788499246134803	0.6650251055032304	0.17642016295081087
-0.4871537654842457	-0.15518257037662297	0.01962860898884511	0.3380350551502862
-0.21537385849099877	-0.28029424018626914	-0.4334108058786841	-0.07092109544404801
-0.051743335239632815	0.07063524732566417	0.7320526144890431	-0.14556880294565988
0.06729931756664809	-0.2662675149134053	-0.5662924536720015	0.1001407138479451
0.0023931975517421655	0.18565806618599212	-0.6824363041256267	0.129512432136639
-0.14764028525784756	0.10882717165749467	0.5681693811326696	-0.1753631619519882
0.5593214885116753	0.18188877968466421	0.2531002877322168	-0.005689444071443672
0.4071838162922363	-0.04173257338601721	0.5197580881801243	0.03132552214162221
0.09361325416790733	0.003622731679997493	0.35005922782150467	-0.5527047863305905
-0.24038931884729053	-0.0027297801923542586	-0.14365795824195593	0.6132229427183993
-0.33522956572245755	-0.2327129001800381	-0.2506849259097521	0.18137260818775225
0.16787533308293145	0.6586113463164485	0.14150892629449596	-0.03200439430612412
0.4932405632730714	-0.40279355701387254	0.04567684294246033	0.058289036770595715
-0.3292760024464658	-0.17560951569832994	0.35327237157026636	0.14184211028493787
0.10089024264110513	0.3332743455750473	-0.044055711566604705	-0.5217797002172428
0.4310155118947723	-0.1004668011653842	-0.27456180056411794	0.19395588637572558
-0.220993836130851	0.1369671626566833	-0.05056133759422621	-0.5914776636182395
-0.005503741997503031	-0.40895309903808985	-0.1288224709735517	0.4567206879908554
0.2974035932986896	0.031423769139509616	-0.10651656578842994	0.5646560717733708
0.16036082536737295	-0.2758859934423188	-0.11627592019147603	0.4474772609988322
-0.09242105390618227	0.2332009815469056	0.5106568547730868	-0.16372110977382537
0.09646433866558346	0.07338466169212854	0.05288368606036098	-0.777267313581927
-0.2130766277741838	0.158540984738325	-0.04907769470542145	-0.5793046927820698
-0.5322368845556122	0.26935269473355405	0.1330477072349865	0.06536271347584721
0.37249652714285264	-0.34486847616638117	0.2771258532569423	0.005509143433823915
-0.2766382722576757	-0.016051648309148403	-0.13366520518293767	-0.5736448742502382
-0.06984308863371913	-0.00366850423579268	-0.7435410986149888	-0.18294730851549934
-0.024494135076497336	-0.38302490457591487	0.2327875062596252	-0.3596934540879626
-0.3568450258179363	0.3516838191529459	-0.25546853081106713	0.03600262421805067
-0.16962893667890788	0.051925305371846475	0.5432070425746378	0.23523871537460783
-0.12175913407720729	0.31862190367367793	0.07570942280352311	-0.4839095394455917
0.19956376460542313	-0.00024279707745278323	-0.5185596153489369	-0.2816338229681872
0.11913403764280428	0.5232761768317964	0.3274986352694882	0.030091150255911137
-0.12233217116897688	-0.27695174171765213	0.4040787948078264	0.1966372923055446
-0.2917843481722868	0.12851862053820273	0.0700698264171058	0.5096272048724046
-0.08538344728819092	0.5045277318499635	-0.11233613421069055	0.29775268665115506
0.4634370671314578	0.14744338111395838	-0.1719431687035311	-0.2171763830510527
-0.3643039571840323	-0.32841031345736194	0.22299223696156623	-0.08429349239703954
0.15852935297320703	-0.04566898147964027	0.20171380837230712	0.5940878571748456
-0.44525120713699984	-0.15522698227997056	-0.07916695306286559	-0.320354857520164
-0.16380165204350194	0.2904228710996093	-0.21132937253019546	0.3344461043266933
0.6542939296988284	-0.11822180286797268	0.09604183292744017	-0.13144243450575877
0.03741484983626364	0.2755079260463835	0.2479821079497908	-0.439095116167562
0.15122842790871371	-0.1768779058270744	0.048129612330476634	-0.6237640539337352
-0.06424001647212596	0.0016188141925816968	-0.8566223272228597	-0.07751884211243265
-0.38297563662706713	0.025226362963439275	0.3025537884516656	0.289244211957828
-0.21052023264844988	0.07505671412332005	0.6066328315963472	0.1077902216318829
-0.18831584259986833	-0.011299960305170442	-0.5609243619250788	-0.23945983516988245
0.6201535839185117	0.009170111836975137	0.03491781891425361	0.33575848533025954
0.3404665673590317	-0.11919905370687833	0.21985811138163824	-0.32047626755245173
-0.5224284025881807	0.02308701062138918	0.031305671604408	0.42317891518602213
0.3152817042508729	0.429862144578395	0.024293415359077697	0.23056273581165443
-0.20502949380878954	-0.36609145430839507	0.2428821545248976	0.1859968973579178
0.09621438101474933	-0.13669094078681354	-0.40223057087685965	-0.3648641073215775
0.3780529347497834	0.09485470343600988	-0.5030907293159739	0.02400163249823284
-0.038398463309249564	0.29237465884249025	-0.05312284961231217	-0.616104028235948
0.1774396026535534	0.1653028757206927	0.5082917746177706	0.14896574700798326
0.28859214838884384	-0.3893903587289411	-0.06615164041072275	-0.2558658524714923
-0.26664600504770997	0.1305780934738261	-0.2086020120402967	0.3941738894381672
0.10939307887983718	-0.3920987010251138	0.2546288775463055	0.24387934254874355
0.2116377144672359	-0.6220932441302311	0.08192049959960745	0.0843485418029255
-0.5040553122127336	-0.031598110441329874	-0.45717940720963424	0.007167170136302303
-0.08827463452620754	0.21553124412855507	-0.2869409973997721	0.4092531239454653
0.018007066945095573	-0.5755161664225419	-0.2713103369337466	-0.13516642969861592
0.13792866952555172	0.29291027089311217	0.24949210775711328	-0.31966895182422284
0.0455532937433738	0.3593823971798564	-0.09865474550108666	0.4964095635756831
-0.5484905448036881	0.14610444762175057	0.2044573145414208	-0.10094769303314055
0.24127642514892966	-0.23343554007366385	0.3558188864824836	0.16946914829492288
0.278592793060191	-0.003961972431674621	-0.23289782238663337	0.484547412121501
0.21759812560754055	0.6697430504206687	-0.0883766177237324	0.024282206248058325
-0.16170031008124064	0.41513634461179705	-0.18892006339601286	-0.23424328191094945
0.5696520974212915	0.3568949847710057	0.05714050153364614	0.016312416274056663
0.13501210689885146	0.12391299439917458	0.39908493181676663	0.34198996688520733
-0.13142572539754194	0.19207911902757924	-0.2771741755582866	-0.3993209800165922
0.11401001115375853	-0.11943859676073365	0.22267446585140838	0.5438769262340994
-0.353286093199803	-0.27699005583810576	-0.2829036278516983	0.08682022311039295
-0.03852592248025699	0.24837052902165757	0.3682264009867233	-0.3448771475113621
-0.332696882525954	0.3728039856913419	-0.14865075573099196	0.1458483760517122
0.418527021936538	-0.23786407434190848	-0.1436347829763267	-0.1999741207452268
Conflicts
63 3
23 72
66 64
6 52
3 56
47 13
16 5
55 72
7 5
26 5
23 75
53 51
67 33
43 44
43 20
80 59
71 11
61 56
63 61
78 66
66 1
57 33
80 65
56 46
10 5
57 18
28 22
10 27
26 72
77 64
37 80
32 53
7 73
70 30
58 1
26 71
11 46
71 17
40 44
65 45
21 52
31 24
78 50
28 12
80 15
48 24
11 45
70 41
37 31
47 46
29 44
35 66
58 73
2 41
80 38
56 73
35 28
60 74
77 15
25 42
48 70
14 74
25 66
74 19
34 38
2 12
55 29
27 18
35 56
65 17
32 79
13 22
17 62
71 73
44 30
49 8
47 15
50 39
15 33
18 1
10 16
80 79
13 44
55 66
37 3
29 56
26 16
53 74
43 77
67 11
47 22
25 57
59 70
55 53
17 70
4 17
75 77
68 21
53 21
56 45
61 19
62 45
5 73
66 17
40 65
59 46
72 74
54 39
28 79
55 77
25 75
9 48
7 70
9 16
76 18
10 51
12 73
4 41
14 12
37 42
47 52
5 57
66 39
71 41
75 27
12 30
40 52
25 17
32 27
63 27
17 73
4 35
77 76
31 17
43 48
52 30
66 5
69 45
36 73
34 30
70 15
4 52
35 33
2 6
62 64
9 56
22 57
55 21
10 52
43 46
2 18
47 75
23 74
68 11
29 11
41 45
60 49
9 62
14 20
79 41
8 38
56 51
56 1
67 19
26 68
7 29
80 20
37 50
68 61
12 24
27 24
29 3
60 28
12 57
25 30
26 25
31 64
77 30
78 34
78 32
4 27
22 20
66 70
31 70
42 19
9 2
23 46
26 44
42 24
14 75
58 64
25 18
47 18
72 30
49 12
50 29
37 41
62 36
37 79
47 25
28 15
27 62
68 31
60 69
11 33
10 65
9 80
35 59
32 33
69 21
28 41
47 58
80 11
26 51
69 67
50 30
66 52
51 38
42 58
75 3
2 62
76 73
26 67
71 51
59 45
27 48
7 39
78 80
10 76
51 20
28 46
23 52
13 56
68 78
35 19
4 61
37 72
67 61
22 6
27 64
42 28
65 21
23 42
15 44
9 73
47 6
79 52
23 60
35 18
71 4
14 80
66 46
74 22
71 77
54 34
62 15
7 78
7 14
7 64
32 64
31 46
68 57
29 15
28 52
47 4
60 70
25 19
55 17
4 75
46 24
71 46
60 19
69 48
10 33
31 35
49 33
17 22
62 41
41 33
76 33
58 18
53 76
58 62
13 64
15 73
74 38
63 46
4 1
25 55
35 30
64 65
5 33
25 5
17 15
71 25
45 24
47 27
51 41
29 39
29 73
25 74
49 38
25 59
15 1
76 1
66 8
15 18
51 79
8 73
74 33
9 41
54 58
62 33
31 61
68 67
68 39
47 28
54 66
21 18
74 79
36 52
26 29
32 76
19 45
72 16
80 53
59 57
60 3
64 20
68 20
4 36
4 25
67 72
39 52
67 8
66 33
78 19
32 29
50 21
31 73
69 36
60 52
7 42
25 49
68 65
2 57
26 57
14 10
71 8
25 32
31 34
67 1
29 79
27 51
7 23
16 1
65 62
72 73
3 64
14 6
8 20
13 76
34 41
58 61
10 15
2 80
26 42
67 40
29 22
46 52
4 34
9 42
40 79
43 59
13 67
63 65
7 77
68 48
64 57
54 80
59 24
23 18
68 33
68 42
68 49
60 24
29 16
63 72
75 59
40 22
56 22
53 17
71 10
67 12
77 42
55 67
23 29
79 18
29 48
3 18
34 6
32 65
31 78
63 28
71 60
23 39
34 12
26 48
66 79
11 44
7 19
69 53
42 56
36 1
77 33
48 79
41 39
63 57
36 59
23 12
80 16
17 24
43 53
31 13
2 1
66 16
47 20
3 21
49 6
37 5
61 16
67 21
52 73
9 64
75 28
58 8
75 50
53 38
33 44
74 44
54 36
23 2
55 16
37 20
72 38
3 48
25 52
4 16
78 77
3 73
69 72
54 65
68 36
65 20
25 34
22 30
72 12
54 61
13 10
40 36
14 8
31 32
74 27
42 70
49 21
68 51
29 64
77 65
33 45
62 70
66 19
71 6
23 62
54 17
6 18
35 36
68 74
16 38
34 69
68 8
66 65
80 51
49 51
38 24
32 46
23 69
47 35
60 38
19 64
78 76
56 21
62 49
2 70
37 35
2 38
16 49
68 66
28 6
11 8
36 49
26 34
54 62
69 27
63 1
77 2
43 11
34 64
14 70
32 19
71 53
66 30
37 40
8 33
61 1
74 1
23 61
17 44
11 1
54 25
64 22
38 45
78 69
43 6
43 32
65 5
50 45
14 33
32 2
74 39
3 52
34 53
4 70
69 1
11 41
78 58
34 52
31 51
51 33
7 24
80 70
4 19
31 59
50 61
26 61
53 36
19 59
32 34
37 16
7 65
34 11
62 76
71 13
26 64
37 65
74 59
40 56
78 24
25 44
47 80
38 57
13 32
40 61
5 46
50 27
22 1
55 73
75 17
66 57
34 33
42 33
25 22
26 41
25 15
39 15
68 77
23 36
47 74
65 59
25 56
64 30
63 19
43 47
63 6
26 56
60 6
72 76
63 79
38 41
14 24
48 57
23 50
53 30
65 24
32 51
7 15
25 40
47 65
78 59
35 34
11 21
3 16
7 11
47 50
23 9
7 68
25 79
69 6
50 40
7 6
4 18
69 40
25 10
4 33
75 6
26 24
25 31
23 38
63 51
9 70
2 5
72 15
35 77
71 63
47 14
23 45
53 57
34 16
70 24
31 79
47 56
56 39
21 20
75 52
55 38
10 19
65 52
77 58
78 52
34 51
78 14
23 31
32 62
68 10
26 60
47 40
65 57
71 7
13 3
68 41
36 45
34 61
54 50
77 72
26 43
63 13
71 69
35 22
47 51
9 3
8 52
71 39
34 73
53 6
6 57
26 55
47 33
14 67
2 73
55 52
34 59
10 66
51 57
61 45
46 1
43 23
72 33
11 49
43 31
16 52
64 49
67 5
10 50
55 19
7 8
27 17
15 6
68 18
36 38
64 24
5 18
14 32
15 12
37 21
26 10
37 68
37 56
68 50
71 43
13 69
50 57
75 55
15 24
34 76
67 64
25 36
75 35
4 80
16 21
7 13
75 39
77 74
26 52
31 42
50 77
9 33
7 17
4 39
52 18
60 64
80 5
47 41
69 41
32 67
71 52
74 18
67 48
57 45
55 11
7 47
58 17
62 24
54 13
3 46
71 30
2 51
75 34
76 20
68 76
26 62
71 28
69 28
67 36
77 73
71 34
74 76
54 24
14 31
14 53
23 13
31 3
19 38
13 57
61 17
35 29
4 21
78 48
19 52
47 66
75 79
16 76
65 8
4 31
54 72
41 30
34 17
34 67
37 67
39 18
2 15
8 57
26 31
37 15
55 62
79 45
74 24
29 49
60 44
60 15
4 38
12 1
61 49
50 69
31 11
71 76
14 29
68 63
49 79
79 73
54 77
7 69
61 62
19 12
43 21
10 44
29 19
61 33
17 1
54 73
10 3
64 12
75 57
23 57
40 20
37 76
27 76
12 20
60 45
14 39
19 41
75 78
72 20
60 73
2 48
23 24
77 1
27 56
42 79
28 11
53 11
60 10
34 79
32 45
26 66
4 13
62 46
75 5
10 41
8 21
6 12
80 40
54 56
74 65
5 24
37 78
42 34
80 76
60 22
43 14
35 80
75 22
40 45
42 3
80 57
77 27
48 21
47 60
9 67
35 49
27 36
75 66
71 61
23 15
42 20
31 44
62 44
8 24
75 2
5 21
16 45
14 3
7 53
44 1
48 52
5 51
26 37
78 21
31 69
43 35
24 73
41 44
47 1
10 73
56 24
47 55
39 20
14 15
63 35
54 27
71 21
58 46
49 52
36 12
74 46
3 8
42 59
31 12
37 24
63 2
76 45
47 12
71 45
79 5
10 45
77 11
71 47
77 24
34 66
9 5
80 17
60 80
2 72
62 1
23 54
65 56
36 30
43 41
55 34
77 40
29 18
67 30
50 55
80 48
71 59
39 1
76 15
50 24
14 42
26 54
72 17
35 51
68 19
28 56
66 62
39 12
63 21
66 42
35 8
51 18
42 39
76 49
28 5
79 1
61 52
17 76
32 36
7 25
63 70
48 65
70 20
72 24
50 2
40 70
77 66
75 73
23 6
25 72
32 18
33 6
80 3
11 15
79 22
67 49
77 18
31 20
16 24
80 18
66 45
23 66
55 8
48 45
39 45
35 76
47 49
71 62
17 59
71 80
24 30
9 21
4 65
26 73
77 53
76 30
7 48
3 20
68 22
9 30
37 36
74 57
38 15
46 18
74 15
31 6
63 53
68 28
26 32
4 2
76 22
53 28
58 21
23 53
78 44
29 12
63 41
61 11
74 51
43 58
27 39
14 40
31 72
16 30
10 12
70 33
56 49
23 41
37 19
25 61
9 50
23 27
14 46
9 10
72 46
54 51
29 51
36 76
5 6
61 65
14 11
61 36
69 56
7 45
63 80
46 73
74 73
23 19
59 8
71 68
77 67
40 46
17 39
78 11
51 15
48 62
34 22
31 2
31 8
60 46
78 64
19 18
11 30
35 58
11 20
19 33
50 41
23 49
6 24
43 78
20 18
20 73
10 74
5 52
60 40
14 77
65 11
9 53
49 30
23 10
4 32
67 57
70 46
41 52
47 62
79 57
13 18
7 16
78 3
58 22
78 2
47 11
26 53
7 66
32 38
56 70
35 24
7 43
17 36
7 37
37 30
8 41
7 22
78 28
55 36
53 3
72 5
11 5
17 21
68 73
60 65
32 20
3 44
49 57
60 8
31 30
29 62
9 39
26 6
68 59
35 1
31 1
43 55
75 36
53 45
63 64
77 59
60 58
11 57
13 42
53 8
25 48
54 74
71 38
75 53
29 80
71 66
36 70
68 16
13 55
44 20
71 15
27 5
10 49
54 75
63 25
34 70
14 13
61 74
50 20
50 58
60 30
42 8
58 65
52 24
2 3
50 80
6 45
3 41
11 22
69 18
4 29
61 24
66 29
72 1
7 79
62 30
26 22
47 61
13 2
48 51
72 57
52 57
34 21
43 65
50 33
48 20
73 1
75 38
7 3
55 56
40 73
78 33
80 24
75 15
15 46
10 18
68 35
3 49
9 77
80 62
63 58
42 45
19 44
50 52
2 56
16 18
7 12
40 76
13 50
71 54
42 64
19 46
43 45
4 56
76 6
61 12
19 73
78 73
28 76
7 4
61 72
8 39
55 76
63 18
28 70
2 19
43 62
17 38
75 45
9 76
6 1
42 57
20 45
14 41
75 76
37 4
78 10
58 48
51 30
37 58
57 30
59 21
63 10
11 73
43 17
4 10
69 30
7 36
59 39
71 67
48 12
34 39
23 51
61 22
68 47
25 46
17 11
76 44
58 57
37 28
16 48
4 5
40 49
80 44
33 12
13 15
33 24
68 46
37 70
75 67
22 39
77 49
68 72
16 46
40 19
27 46
47 37
66 28
42 16
48 6
42 6
69 2
72 28
40 16
25 45
27 70
80 27
43 29
55 18
37 57
9 78
64 41
19 8
57 20
17 52
29 21
26 45
53 24
77 6
12 18
2 44
34 80
44 18
68 17
72 11
7 38
12 45
54 40
33 1
58 33
10 28
42 48
29 20
60 11
67 22
32 48
55 1
24 20
54 33
54 14
47 32
14 52
68 40
10 57
65 12
9 15
13 19
67 6
8 18
69 58
37 38
1 24
9 36
54 32
43 50
28 49
56 30
78 45
32 1
75 58
43 4
57 44
16 57
55 24
3 12
80 56
29 76
4 14
53 58
4 40
18 24
75 30
44 46
54 53
14 49
58 20
14 17
14 19
3 17
11 70
41 1
50 11
9 29
78 39
64 6
28 57
58 41
61 27
10 61
19 79
43 49
41 20
72 18
63 12
68 24
67 51
48 36
2 24
62 8
16 56
69 59
31 29
30 20
80 64
47 72
37 18
78 55
3 67
38 20
63 37
47 76
40 30
7 56
8 79
27 30
14 1
75 42
63 76
49 41
36 46
19 51
29 45
2 40
58 39
17 12
38 46
48 38
48 49
54 49
14 18
66 44
61 79
54 67
32 77
10 35
14 76
70 38
26 7
27 1
7 74
80 74
7 32
4 6
77 20
21 33
13 11
69 64
11 51
35 55
34 27
68 75
13 46
29 8
4 78
4 67
52 45
75 24
26 4
19 57
78 18
37 25
54 21
75 72
67 44
47 38
78 74
54 30
70 39
78 1
13 40
61 48
54 35
35 62
23 59
63 60
35 41
27 41
69 3
3 11
4 12
50 35
76 12
63 48
65 70
8 1
19 30
16 41
63 67
50 28
56 18
78 51
13 73
28 36
55 42
51 6
58 70
80 36
44 12
6 44
77 57
66 6
74 62
52 33
31 18
72 59
35 74
10 38
78 16
61 38
63 33
64 51
63 17
1 30
44 52
26 18
39 57
29 17
23 63
69 11
31 19
72 41
14 27
25 64
51 52
4 77
9 28
68 56
54 15
26 59
74 70
43 19
54 52
38 12
72 21
15 52
4 69
25 14
13 35
42 62
10 62
21 6
34 5
80 46
26 1
37 1
9 49
60 42
14 38
64 70
13 52
63 59
75 65
2 65
28 59
67 73
65 49
28 62
29 36
66 11
19 49
54 41
71 36
79 12
69 19
43 30
40 17
53 65
57 73
62 20
50 73
31 65
50 48
25 76
77 41
49 24
71 16
26 19
2 74
13 6
49 39
35 72
39 33
65 38
37 73
69 62
28 20
7 40
13 20
2 17
27 44
32 16
64 76
76 21
27 16
29 58
55 41
4 48
4 20
40 41
55 70
79 44
9 75
13 53
14 58
75 56
63 62
7 34
10 6
37 2
48 33
31 60
43 60
63 74
50 76
74 56
62 6
66 38
75 61
77 56
5 38
66 72
10 22
36 11
75 10
7 75
34 40
7 1
32 58
10 64
10 59
69 16
70 21
60 18
