InstanceID
3_100_4
NumObjects
100
NumFactors
4
Weights
81.16984049958616
98.84323655013432
80.76220876500786
97.00908450487537
14.006111319509863
50.94438024440222
5.869740597593154
0.4257960600515309
97.46379934512355
55.72251384524507
46.44219211852372
28.750905582916953
29.667422568049084
7.406140670186545
93.3822715119282
90.86247079387266
48.70178369398248
99.83365542219973
77.86784345523358
41.36363807491079
45.39047277606774
35.29550224135758
39.0673840146025
55.561284138980426
99.95078776658117
63.41548117024516
70.49372690283045
33.2357445964389
20.77455048550412
51.72703999377211
36.919136368796536
82.10130315255914
22.200300968290154
65.23099642029342
83.47008419211927
60.294851937842694
82.37081182259236
7.508171673301223
64.80468674119608
14.200619456349317
52.38606310706322
61.4037062877711
46.577560296931054
85.9138371612873
67.24265190607458
87.76539056979628
17.61588547250925
21.4903999903181
81.4266736759997
46.588502816506086
43.28910383035891
85.3442434417053
67.56362875342501
13.253287492426846
57.29564537432801
30.141651779469413
14.375710281694488
70.8855104425462
85.05110662921584
86.57568335290296
24.33719527390823
26.942116719892994
32.97546887834597
73.82966505980697
25.515777452374433
96.15322651992805
19.078313105885435
78.83723374408768
32.805904962218314
31.3879484342535
69.2984848190323
12.63986370880632
92.28889845744848
72.98781294761558
82.06148178751643
60.68752042248402
98.96835969933917
38.682369546247706
41.48337238375321
2.526738137602824
65.69926222171792
8.002174313155418
16.670654105889128
12.678774931938609
55.39627714445889
53.771870385342964
70.5091368568318
37.411769376383106
69.5401318194173
4.6016550918932975
12.56253308190216
30.176086799826862
93.85788520221281
47.58051909404397
22.496979486902013
71.46872407305258
18.523686142549245
58.69686816509849
86.78163945933584
86.46078997245579
Budget
2619.5346924451696
Profits
-16.23396809991723
-19.768647310026864
-16.152441753001572
-19.401816900975074
-2.8012222639019724
-10.188876048880443
-1.1739481195186308
-0.08515921201030618
-19.49275986902471
-11.144502769049014
-9.288438423704743
-5.7501811165833905
-5.933484513609817
-1.481228134037309
-18.67645430238564
-18.172494158774533
-9.740356738796496
-19.966731084439946
-15.573568691046717
-8.272727614982157
-9.078094555213548
-7.059100448271517
-7.8134768029205
-11.112256827796084
-19.990157553316234
-12.683096234049032
-14.09874538056609
-6.64714891928778
-4.1549100971008235
-10.345407998754421
-7.383827273759307
-16.420260630511827
-4.440060193658031
-13.046199284058684
-16.694016838423856
-12.05897038756854
-16.47416236451847
-1.5016343346602445
-12.960937348239217
-2.8401238912698634
-10.477212621412644
-12.28074125755422
-9.315512059386212
-17.18276743225746
-13.448530381214917
-17.553078113959256
-3.5231770945018503
-4.29807999806362
-16.28533473519994
-9.317700563301218
-8.657820766071783
-17.06884868834106
-13.512725750685002
-2.6506574984853692
-11.459129074865603
-6.028330355893883
-2.8751420563388974
-14.17710208850924
-17.01022132584317
-17.315136670580593
-4.867439054781646
-5.388423343978599
-6.595093775669194
-14.765933011961394
-5.103155490474887
-19.23064530398561
-3.815662621177087
-15.767446748817537
-6.561180992443663
-6.2775896868507
-13.85969696380646
-2.527972741761264
-18.457779691489698
-14.597562589523116
-16.412296357503287
-12.137504084496804
-19.793671939867835
-7.736473909249542
-8.296674476750642
-0.5053476275205648
-13.139852444343584
-1.6004348626310836
-3.3341308211778253
-2.5357549863877216
-11.079255428891779
-10.754374077068594
-14.10182737136636
-7.482353875276621
-13.90802636388346
-0.9203310183786595
-2.512506616380432
-6.0352173599653725
-18.771577040442562
-9.516103818808794
-4.499395897380403
-14.293744814610516
-3.704737228509849
-11.7393736330197
-17.356327891867167
-17.292157994491156
FactorLoading
-0.025055847328883996	0.8294868063442431	0.01606022937590046	0.12939711695097245
-0.7327516245131727	0.11924756576288487	-0.056665095767879814	0.09133571395606266
-0.2125692558465999	-0.5680900731409773	-0.13440959340542635	-0.08493107760699647
0.3298461010660396	0.02464005917397083	-0.09804463184277568	-0.5474692079172139
0.6203622646483067	-0.32904424895132767	0.028503629447692802	-0.02208985695267285
-0.33443961716454806	0.516901380408509	0.14667619027223	-0.001982812154712965
0.3453992329339579	0.6261169489396863	-2.545727562086597e-6	-0.028481272398793722
0.5361750228438464	-0.06321592265198195	-0.36882562643278205	0.03178342807138956
-0.1982592203665483	-0.4692595838840219	-0.3046423855311715	0.027838810218258292
0.2224360438951578	-0.38606988163796574	-0.17884818808327552	0.21264588638360093
-0.06692776122739752	-0.6887007750394971	0.19227326022302704	-0.05209820351007832
0.003628865909382828	0.685259331313878	0.2539978821753668	0.05711392060137244
-0.017259676620526854	0.7127288727810217	0.01686248061229345	-0.253148969986158
-0.054375189475874386	-0.22627668672904555	0.40080721967667543	-0.31854090411840463
-0.19606389047511508	-0.5896043321858502	0.13131725925412896	-0.08301451808490579
-0.21806358936200532	-0.055272867247218915	0.1729324627400366	-0.5537310806507392
-0.07021496172016084	0.24666347379368703	0.6342558601520527	-0.048865704334099425
0.3625065132252152	0.20810895629952708	0.053087968917238104	-0.3762965615580196
0.0967129099062618	0.45528339134401197	-0.439869784181276	-0.008133914568450251
0.16457683937009837	0.4356075331117646	-0.364349665815368	-0.035465961702769055
0.17690368007694435	0.11213316175675803	-0.056482120427002735	0.6544810377392949
0.1751708909345584	-0.74237165544325	-0.03691754377142131	0.04553990985077028
-0.5682015913982439	-0.2070151994428231	0.027949019798902297	0.19683418936003072
0.023811633676862565	-0.4472095745884117	0.15252269456647283	-0.3764560971682529
-0.12749546688077573	0.5664111241195258	-0.2926375398165155	-0.013455869183182978
-0.18324007967534017	-0.05704359015754723	0.21100810994654418	0.5487082202205684
-0.012066123268541062	0.6144599677472096	0.1811320577761404	0.19234185120810898
0.07991089938186069	0.06384761017369267	0.6689835162972664	-0.18725797414718026
-0.4363162857894778	0.1699318160424772	-0.3871069322019496	0.0066449659660954286
-0.0820927684686743	0.3514057002214428	0.33779137710548324	0.22871015420439966
0.5458354639890683	-0.004642202660729122	-0.3917899012969872	0.05773243205321532
-0.10531298603285344	-0.3960707118106641	-0.30174266884274337	0.19687363331373908
-0.14506812594260787	0.26308895817374367	-0.25806745822008037	-0.3337754576635681
0.2502301972109713	-0.11270463345587634	0.09993191389513267	-0.5371332554380197
0.3376999419933555	0.027614688972246393	0.05214152407597905	0.582543844958419
0.15816247187106036	-0.14817638400144784	-0.45747966368710213	0.23618148044038967
-0.05179363705746898	-0.11335310017019706	0.3451994682883788	0.4896537944839552
-0.06242492344119133	0.292430555243709	-0.2811983744588247	0.363946146856275
-0.13194029047551203	0.38942405698387694	0.12660873184954302	-0.352026920691068
-0.32271531592046765	0.09731923283647692	0.21446258487734005	-0.3655028663657154
-0.1360984758559094	0.22514002895765994	0.3569713861256878	0.28179010906074287
0.5011941609584958	-0.20794370041813925	-0.037609777144751	0.25325236147861396
-0.03502522248611495	0.03672127319926832	0.64181042162802	-0.2864430826865967
0.10433820316111242	-0.42715681095134084	0.46793744529468384	0.0005675405928629029
-0.0915992526158873	0.03940629611470947	0.2331409390857595	0.6358535121836437
0.12707724394193853	-0.6066794119447474	0.2239848903342614	-0.042258453779052685
0.5260142879992586	-0.02448070705167682	0.26342185344060653	-0.186083151508458
-0.12598885585726904	-0.6486051554325731	0.02254677235736402	0.2028592163527938
0.10450395764027265	0.027886352139646853	-0.15051213318177625	0.7170975570383042
-0.055853089593328464	0.5322626651859552	0.3477710803921885	0.0641131648285278
0.11493295486602007	0.23078312400784107	0.5902097263344357	-0.06407419479170318
-0.11806431579020105	0.2040615138353783	-0.6714423314982982	0.00643183887612242
-0.39016311614531185	0.1044510812303523	0.312839471895336	-0.19254633072899985
0.5328066181102167	-0.034769796646124895	-0.2964652326080177	0.1359583526356407
-0.16599421466954078	-0.34239446801981455	0.44609606640875343	-0.045515250901891235
-0.45525546779398085	-0.0020732676874191114	-0.02488861646420948	-0.5177826480543906
-0.5103882649725682	-0.12495982250526505	-0.1602634523404034	-0.20438846018176338
-0.01737197305636684	0.1941661548061433	0.11825864818400222	-0.6702032239534876
0.49770838392896666	0.14323613667706403	-0.18585135202080671	-0.1732041273731626
0.2770543499708673	-0.0577846090893821	-0.40676573805591043	0.25839530288384016
-0.06036704507470203	-0.5034363777708117	0.2629876723122664	0.17320890484221985
0.6287429263613444	0.06366389017951968	-0.2039157441495374	0.1036774393095985
0.27876712717333585	-0.48826804210998653	-0.06679239161320338	-0.16617243910347423
-0.039414487669822806	-0.4176719373464193	-0.04175461984497897	-0.501158955138779
-0.21059050191142603	0.39703309258607233	-0.3180814027593952	0.07429500274310641
-0.10388482781746577	-0.44025574401521084	0.21933048754919193	0.23652894061813146
-0.10978891537256263	-0.5016794899540102	-0.24765613308743717	0.14087546158598996
0.22601759169430435	0.04896077874546312	-0.4349345184478115	-0.290087111112421
-0.31366702286543124	0.029896949714954824	-0.06646509630371988	0.589970931115894
-0.07957147036633239	-0.26325275064388043	-0.5242597714033737	-0.13291600758641353
-0.06103943721948024	-0.6733504990318857	0.14465392512656838	-0.12095613862206567
0.12485569988251521	-0.08890288732417306	-0.3063225945136605	0.4799188182796512
-0.13826440629400105	0.5637253443569104	-0.2063964497268389	0.09161379962224969
0.20473206566276225	0.23394933420385433	-0.14396903522857674	-0.4173495649048067
-0.1903567673033879	0.3039508510346267	-0.2327239262635299	0.2729684553984555
-0.10581931775429654	0.08247898997804248	0.3060650189455576	-0.5056366733221034
0.09360953134951533	-0.34066147501538513	0.17183008409339995	0.3938989095416996
-0.47822157627705364	-0.1493201180300372	-0.25530297994419815	0.11715532574871101
-0.3808394235821022	-0.063259560915647	0.4792331090524389	0.07666790644981192
-0.022633870624036767	-0.26803871024102266	0.16724661327810342	0.5420808058568372
0.16572372088849163	0.5640177896650882	-0.2614743870269425	0.00878410241947769
-0.3482242828367683	-0.45120652543322826	-0.06297160813960012	0.1375975835904033
-0.07041378394142361	0.2913410473461773	0.003549361027222142	0.634695807685177
0.22376704346416032	-0.39297783967544864	-0.1337121191651851	0.24954299769520594
-0.255519827484628	-0.13544944457436614	-0.5472214594354639	0.061809268505542025
0.026156757508160267	-0.29780385697897027	0.24776976349998092	-0.42826962201288854
0.10789813159989592	-0.5980095610612524	0.11434021930406368	-0.17975208803478804
-0.31813864309420414	-0.3369292803817592	-0.2958823507401174	0.04904972578391931
-0.043709011403114895	-0.15864904778726596	-0.7912547449788849	-0.006387195830734216
0.2484052296597863	-0.10921364196615202	-0.32389211629060255	0.31848901208345914
-0.059172726911095985	-0.20042398252839488	-0.5714937987503699	0.16890949181013926
0.24179469955784194	0.5131981829723418	-0.1523632616360986	-0.0926438558337177
0.2456938835550857	0.6506468714130869	-0.09412239451061666	-0.009536850521210782
-0.18901456167641406	-0.28902477945390426	-0.39828240953282457	-0.12367824933685712
-0.10473815805692688	-0.09295660784218529	0.3851823618256578	0.41712287227523004
0.21298251889332764	0.6397008496192793	-0.024995529311693243	-0.1223211021756998
-0.1456005921341097	0.03135089748642805	0.4004106641560756	-0.4226378462233866
0.380731875425552	0.0356054960114911	-0.09186379075416151	-0.4917988378087954
-0.11832827154202774	-0.7743620444978168	-0.06492605131788243	-0.04238363264227307
-0.16050532450663257	-0.09697247430342903	0.5348894137240388	-0.20763278746589964
Conflicts
69 76
31 59
10 41
3 20
74 62
92 88
83 56
59 94
67 51
62 90
31 22
13 74
42 58
16 24
29 76
34 11
17 73
56 38
55 17
56 15
55 11
28 39
34 39
4 81
18 1
50 17
62 87
92 89
63 1
9 22
40 99
56 44
60 34
17 20
60 83
52 6
23 69
63 46
92 12
99 18
29 97
98 8
43 88
4 32
64 87
39 84
11 20
97 18
14 35
89 94
68 6
80 74
83 67
66 85
11 30
43 34
60 15
80 67
63 41
80 36
80 41
74 61
83 44
93 11
43 94
31 73
68 69
60 10
96 12
7 64
3 57
26 91
19 85
55 32
99 28
62 94
43 85
66 18
59 21
74 51
52 1
27 84
21 91
83 96
31 11
99 24
25 15
23 96
66 46
4 58
37 48
55 64
34 8
50 89
64 12
46 84
26 99
35 67
95 33
27 28
65 41
71 32
7 68
9 61
4 17
63 56
56 90
53 57
28 30
32 65
37 47
81 17
16 20
13 95
71 79
14 70
23 66
66 95
25 62
37 96
61 57
78 57
89 17
83 70
29 28
5 57
11 91
17 65
98 5
4 28
62 97
7 46
69 64
32 69
75 1
41 45
16 79
53 61
91 33
75 74
77 62
27 82
32 46
19 28
37 86
60 52
74 44
99 84
71 9
66 12
27 33
48 97
54 14
26 45
22 46
34 84
54 22
15 33
35 52
56 33
14 34
72 76
2 85
7 66
26 2
64 57
100 11
13 73
4 41
89 88
32 64
47 58
64 73
29 20
61 85
47 49
3 94
83 39
40 85
100 82
17 79
29 49
29 53
60 98
39 45
42 30
86 88
68 66
26 33
50 28
94 44
96 41
2 22
67 1
41 24
21 88
77 83
75 6
78 72
86 38
26 67
100 3
78 77
99 62
68 89
15 45
80 22
62 15
40 30
55 22
97 22
92 39
54 90
13 48
48 1
50 97
73 85
3 38
21 24
92 28
11 73
95 39
61 93
83 88
47 20
69 19
48 46
100 41
4 10
75 84
44 24
42 27
63 69
27 79
31 14
67 15
6 73
75 56
43 30
55 2
54 81
65 49
99 39
60 62
27 62
19 17
32 80
99 41
13 55
8 85
55 38
54 35
55 1
14 36
5 51
42 98
4 42
55 66
71 96
14 58
66 36
32 12
26 22
47 4
3 72
55 34
14 51
59 84
92 3
51 18
78 30
68 45
54 79
32 96
66 11
34 53
81 59
53 17
26 51
7 30
99 51
39 12
9 36
34 85
55 65
46 44
89 52
28 64
54 6
87 90
89 8
71 6
14 62
62 95
7 61
70 79
70 52
65 12
19 97
13 29
77 27
63 62
80 46
15 6
69 88
80 2
74 85
14 80
69 5
93 88
34 93
43 19
19 52
65 95
82 24
94 70
71 46
7 98
23 65
9 52
99 1
16 5
28 46
68 74
13 27
29 33
25 86
32 16
49 90
100 15
80 99
67 44
87 8
63 27
47 17
58 64
84 18
78 11
9 55
31 60
68 70
42 45
3 91
47 42
37 85
11 85
7 94
17 8
75 65
42 90
41 18
26 72
26 18
7 27
9 99
71 74
60 67
87 84
14 90
60 11
68 72
75 41
94 73
47 52
89 22
51 88
79 84
35 95
86 57
54 76
4 52
86 52
93 41
65 88
72 39
89 72
77 85
63 3
71 60
53 19
76 20
47 86
77 30
23 90
34 94
92 41
63 93
72 99
13 28
67 84
60 6
16 12
25 70
58 36
10 72
92 78
78 74
93 94
77 89
92 56
21 90
64 97
25 13
37 41
34 72
78 15
48 24
66 33
26 1
50 67
54 18
68 90
13 94
3 51
61 1
67 73
36 51
76 84
5 15
32 48
56 84
71 3
77 28
58 65
42 84
100 69
53 99
78 31
40 45
34 81
17 1
92 22
27 73
19 73
90 1
43 8
59 20
5 38
60 74
32 40
29 59
66 73
100 44
29 70
86 85
69 17
29 57
29 21
98 15
63 61
100 97
54 38
55 94
42 11
11 21
72 33
59 90
50 81
66 41
21 12
72 90
36 33
43 60
54 60
66 93
40 56
94 51
31 27
25 87
67 88
32 42
31 62
72 48
37 16
87 39
97 88
77 40
3 65
60 72
95 52
80 79
35 19
23 40
100 81
7 81
47 25
53 48
71 77
5 22
47 87
23 36
7 60
69 72
31 46
8 52
97 90
13 83
86 61
80 38
9 24
93 90
78 17
42 12
37 55
4 45
89 45
29 27
59 95
2 6
16 91
42 85
22 15
47 32
31 51
34 38
37 65
9 44
44 18
68 60
14 5
60 57
69 67
19 8
38 33
91 44
28 20
17 95
4 92
57 85
81 88
12 45
95 11
98 51
72 27
86 12
56 59
89 20
25 2
27 45
32 52
25 90
14 81
26 27
54 15
43 83
72 85
93 18
35 85
48 33
70 49
40 87
96 84
53 76
25 93
36 21
10 85
10 16
8 39
11 8
13 52
31 90
66 38
82 73
78 28
25 58
49 39
26 64
3 48
54 99
27 1
47 40
44 6
16 49
42 20
75 50
53 94
9 93
25 74
17 90
24 30
47 3
81 62
98 85
77 44
66 2
64 82
14 97
29 39
92 85
47 73
53 74
37 69
13 34
80 56
80 85
47 41
92 70
10 18
20 45
59 51
11 39
19 79
19 1
65 56
25 56
100 10
75 79
83 22
32 21
43 67
4 97
98 90
75 22
29 64
7 10
2 45
13 49
78 69
49 57
64 85
35 89
42 93
13 97
25 38
9 27
83 91
99 5
11 41
61 30
94 76
60 21
98 45
49 44
7 26
36 57
25 14
79 57
92 76
34 91
9 74
49 45
98 6
19 6
53 16
52 24
90 45
11 49
42 97
93 48
6 82
28 8
80 12
71 63
68 83
62 5
64 88
98 76
34 74
69 6
31 17
2 99
35 51
7 37
63 64
75 2
48 39
50 77
2 62
55 86
5 90
38 1
32 24
35 48
90 85
43 16
37 62
50 32
50 48
68 2
43 21
10 89
29 3
50 61
37 35
64 45
65 48
64 24
83 89
71 85
46 12
3 59
3 52
54 3
68 40
63 49
75 51
99 22
99 70
17 59
44 73
61 11
47 15
3 97
42 53
69 80
43 53
50 87
67 87
92 50
40 89
28 45
96 20
4 35
92 72
43 31
96 91
43 86
27 15
59 33
96 18
99 94
26 57
70 41
72 70
71 54
87 52
42 38
98 94
43 98
54 50
69 52
47 34
77 45
80 51
23 77
7 41
86 79
99 48
48 5
27 64
29 6
53 46
25 45
50 34
16 15
70 15
32 2
9 1
71 62
11 1
47 57
89 49
36 73
43 45
26 39
4 55
58 61
58 52
40 59
69 45
51 24
23 39
9 67
29 85
13 64
61 65
37 30
78 53
78 36
54 5
32 89
87 20
53 70
43 100
97 52
70 76
89 90
72 65
63 91
25 30
51 38
50 21
10 8
99 96
49 30
65 39
4 73
54 30
29 24
78 73
53 93
6 91
74 46
35 87
71 25
7 54
99 27
23 55
68 96
100 28
81 65
100 14
80 19
64 49
83 62
14 38
61 97
63 16
12 82
80 89
10 45
81 21
66 8
94 88
83 29
43 26
10 33
29 8
97 46
83 19
93 8
94 84
62 57
16 82
53 84
71 7
26 6
16 90
17 46
31 88
80 27
94 20
72 45
99 46
56 97
40 8
97 30
81 8
58 24
93 95
63 34
92 96
77 73
53 95
95 57
75 69
36 6
14 79
61 94
53 49
23 76
61 76
14 64
55 40
56 11
50 90
2 64
23 18
16 70
9 49
100 89
13 87
19 56
93 57
26 31
9 19
92 82
77 56
42 6
54 100
100 5
47 30
74 73
7 91
14 74
68 63
9 20
71 55
54 53
5 91
48 49
37 95
13 66
80 88
25 3
81 44
81 48
7 35
78 95
78 76
31 61
43 73
63 40
14 18
15 46
93 96
19 64
19 62
56 49
50 16
79 96
14 91
95 38
68 31
37 75
29 17
25 42
26 4
79 6
75 87
43 61
61 6
93 5
71 86
77 29
14 1
13 41
88 24
100 85
31 3
43 38
49 84
2 5
43 82
13 17
25 33
92 91
76 57
31 48
34 22
72 44
23 46
61 62
26 5
83 76
47 89
29 40
74 57
51 91
31 15
4 21
40 49
65 64
23 80
92 44
31 79
10 81
13 16
66 20
49 21
94 33
37 57
71 100
58 22
21 15
58 82
35 64
66 30
87 91
39 90
80 24
94 24
63 55
60 39
94 41
55 99
100 92
78 20
4 64
44 82
87 85
74 28
9 21
43 35
80 40
15 91
75 64
9 75
13 53
34 45
19 45
60 97
26 47
74 90
55 36
74 93
4 70
60 19
17 6
63 94
100 33
37 19
81 89
9 80
65 73
89 33
14 20
40 62
72 64
17 57
23 70
74 41
84 88
100 42
70 91
75 3
28 38
53 44
26 40
31 70
54 13
63 19
94 49
10 94
9 87
38 46
97 39
77 6
92 38
83 82
7 4
35 81
35 82
26 93
7 85
92 80
46 30
13 24
9 76
58 44
70 24
81 61
77 58
43 76
37 13
84 90
10 95
54 77
60 79
72 24
76 38
37 18
60 84
87 36
25 83
63 12
74 97
77 61
78 100
68 58
47 72
97 33
9 100
54 97
4 56
48 84
81 16
77 49
29 88
60 1
13 100
36 70
7 5
36 97
60 88
54 39
9 46
26 42
36 11
53 40
87 79
83 21
37 21
11 46
26 14
75 92
62 70
81 38
84 85
26 70
48 59
55 76
68 34
42 15
25 78
43 72
8 21
52 44
43 49
68 5
94 1
53 96
78 66
46 52
2 19
56 6
80 53
87 70
98 1
28 97
23 88
12 85
22 52
9 70
25 5
61 91
63 5
29 62
64 84
70 73
62 96
3 5
23 44
7 39
27 41
68 38
35 12
19 84
80 45
81 57
77 57
40 72
69 18
100 72
13 2
46 85
26 79
36 24
9 63
35 46
63 17
26 29
35 1
61 12
15 38
75 85
32 56
34 57
64 44
83 24
27 94
31 89
83 99
32 67
92 69
13 14
53 67
15 20
57 12
55 19
54 8
14 57
78 12
56 51
7 28
75 33
68 94
80 76
29 69
14 19
92 53
79 20
66 99
68 22
80 86
80 58
26 9
59 45
49 12
53 20
80 15
81 6
40 94
31 85
66 56
70 82
42 80
28 49
3 24
74 12
68 86
77 8
60 94
15 57
27 8
75 66
41 84
63 38
21 45
9 54
93 20
40 84
35 2
93 46
83 2
75 93
87 73
17 82
80 90
55 96
16 96
10 3
78 65
61 36
16 95
84 73
69 59
17 70
36 20
92 36
43 2
34 28
9 62
99 65
18 45
35 98
63 22
32 59
100 19
4 8
44 45
35 11
83 52
2 84
50 49
42 99
98 64
78 59
47 100
13 12
78 35
49 41
43 17
62 38
36 76
3 85
7 9
89 5
68 10
71 99
37 91
42 28
13 61
80 3
98 84
99 12
13 1
92 81
69 73
53 24
71 37
60 2
52 85
94 97
96 82
71 44
26 10
3 88
80 65
42 3
54 21
98 70
10 74
76 91
47 80
9 92
27 6
31 6
21 52
38 20
89 19
28 11
23 89
51 15
81 86
93 97
76 18
41 21
56 1
9 72
75 36
77 80
7 87
10 49
70 30
33 82
77 90
65 24
81 40
98 56
26 50
5 96
71 88
47 53
59 88
67 70
42 66
48 76
69 49
98 59
60 42
34 18
4 19
86 28
54 70
26 75
36 44
2 39
14 32
74 18
78 99
9 5
92 11
31 41
13 76
42 51
29 2
75 90
75 62
66 44
61 8
53 52
62 56
14 84
95 45
67 97
100 99
32 22
37 15
10 55
13 5
69 27
92 86
48 73
93 84
31 1
31 39
31 94
98 95
81 12
67 17
9 66
42 67
47 22
27 46
37 66
7 42
2 33
14 86
23 29
92 19
61 52
59 1
10 35
65 96
60 33
7 32
54 96
75 91
42 76
39 85
38 96
34 97
83 42
77 18
53 85
86 94
31 65
42 86
77 98
68 21
16 39
47 13
76 12
7 15
75 28
70 5
81 19
99 97
14 8
34 83
37 82
74 87
56 8
70 90
63 45
9 45
89 16
100 8
8 44
3 6
16 51
96 73
67 6
81 74
42 1
26 95
75 10
35 61
27 30
13 15
64 51
43 29
7 40
66 67
92 61
23 79
69 21
88 45
74 48
19 33
80 1
94 6
66 90
37 39
10 79
27 97
9 91
37 49
4 46
4 12
65 85
9 89
67 64
21 46
67 46
71 42
62 88
31 93
92 77
40 46
100 96
21 57
61 48
63 84
10 46
3 64
19 57
75 17
50 76
89 44
90 24
53 56
78 41
98 12
21 39
60 85
100 32
40 1
91 20
23 43
8 41
48 64
92 58
71 35
71 90
90 46
69 65
68 67
87 15
100 59
48 85
100 61
29 87
36 84
27 44
51 45
47 39
62 59
43 6
15 90
27 52
15 24
51 46
69 97
26 12
7 23
77 41
60 48
23 81
68 44
75 52
25 73
16 52
36 30
3 62
15 12
8 1
47 96
37 1
31 58
50 66
4 63
34 69
89 6
47 19
93 44
67 5
48 51
8 30
39 41
40 90
50 18
47 66
37 99
21 96
50 53
22 45
97 82
54 11
19 5
67 79
13 79
46 1
65 91
43 59
43 92
36 45
42 5
69 94
27 17
13 42
36 91
71 39
13 75
11 51
28 33
33 18
100 58
71 68
39 24
74 38
22 21
78 14
3 18
9 34
89 46
46 24
87 22
11 38
55 81
61 15
99 16
63 14
56 45
47 56
23 41
81 11
2 15
99 57
97 70
66 88
54 58
4 80
71 27
27 22
10 98
35 99
9 25
14 69
92 97
31 69
94 15
54 62
22 88
61 24
25 89
23 5
86 44
51 1
95 79
54 94
52 30
9 50
68 25
81 5
25 40
69 22
31 75
43 44
31 2
86 93
7 79
29 94
9 59
7 90
23 86
78 5
82 30
3 96
16 64
93 51
14 52
47 31
25 18
68 14
37 90
26 88
66 69
2 12
80 49
77 39
78 38
42 82
75 77
32 62
96 88
71 52
25 91
37 72
60 49
50 39
77 48
16 48
4 37
81 85
53 82
63 29
58 94
20 73
37 79
55 53
43 80
67 91
36 88
92 65
13 57
11 79
2 74
78 67
67 45
32 27
97 49
87 82
2 69
56 52
16 57
51 84
27 11
51 33
100 30
74 27
25 12
32 5
56 94
53 11
19 12
74 36
98 40
21 85
99 49
23 56
49 1
75 82
47 78
3 67
50 1
91 24
25 49
89 84
71 22
12 84
82 18
32 91
89 51
74 79
39 44
41 73
23 67
95 82
7 34
58 88
86 65
89 21
86 45
53 8
66 22
35 79
10 19
37 9
13 78
71 33
68 99
32 83
55 91
25 55
50 79
47 28
47 69
90 30
72 28
79 41
33 30
88 57
81 73
14 41
26 60
37 64
25 95
3 11
72 5
23 28
35 88
67 21
4 88
93 56
68 1
72 41
83 28
71 15
94 79
53 64
3 33
92 21
74 30
10 90
69 96
86 59
54 80
63 73
73 45
74 96
31 84
98 97
38 82
38 85
99 64
13 30
9 97
56 91
64 15
94 52
75 8
61 95
55 16
2 81
68 42
83 17
100 39
99 91
76 85
96 44
27 18
39 18
98 53
66 24
71 94
47 81
92 83
35 8
69 90
75 81
89 28
63 52
10 69
43 37
10 21
81 46
92 84
42 94
4 40
26 65
25 52
4 77
91 1
37 52
81 84
51 39
83 84
83 81
63 20
10 76
4 11
14 42
64 76
71 8
71 48
65 5
54 61
32 34
48 94
23 11
80 30
28 17
3 70
83 95
7 82
89 65
63 25
77 64
87 49
74 21
28 88
99 79
47 51
37 93
10 11
26 92
99 59
44 33
100 60
6 90
4 96
92 94
96 57
27 49
10 59
26 68
60 12
63 53
10 73
66 79
69 24
71 76
55 12
86 73
84 91
81 36
7 55
69 53
40 76
9 28
71 82
31 30
8 12
50 36
83 51
55 80
41 33
26 30
78 91
68 62
35 77
4 69
76 51
87 94
72 15
60 38
7 16
37 31
69 93
91 45
14 72
9 40
23 82
35 59
66 76
13 90
37 94
57 24
25 16
86 87
78 40
37 45
89 95
14 16
59 91
9 69
78 60
92 95
43 14
11 57
63 98
71 2
23 71
21 73
34 51
13 67
31 53
14 33
13 40
69 28
58 87
3 39
71 53
34 89
25 64
44 12
95 44
71 89
93 19
7 3
12 6
63 6
75 94
8 84
58 1
66 98
76 15
64 8
48 22
4 27
10 36
65 44
36 5
23 51
43 74
86 82
23 10
75 49
47 60
86 70
5 88
77 96
61 41
58 41
88 6
55 8
36 17
72 62
69 95
47 77
51 57
1 45
34 65
71 69
34 64
47 21
7 21
49 18
89 64
68 30
24 1
25 41
39 88
86 5
23 87
93 76
3 58
45 85
27 87
79 45
60 17
10 38
12 20
57 52
86 89
40 11
60 58
9 41
35 57
57 82
67 19
32 28
49 51
65 97
34 19
74 84
7 57
55 6
67 74
17 94
60 53
89 73
25 31
3 17
10 2
43 68
80 39
78 97
14 93
43 95
95 51
7 89
23 32
19 82
60 93
89 76
77 5
10 66
61 17
60 45
29 45
71 16
90 82
71 70
35 86
93 30
82 45
33 84
92 17
77 82
43 96
14 44
75 46
68 11
63 31
31 10
7 49
17 21
14 24
83 94
35 34
7 59
85 30
37 28
56 57
31 57
23 3
75 42
50 84
56 82
47 27
53 91
54 59
29 46
25 46
13 65
29 38
4 22
95 20
63 33
83 45
7 29
58 67
76 24
72 87
23 64
7 17
32 41
40 16
64 52
70 88
83 58
67 89
4 95
86 33
59 79
43 4
35 18
71 97
77 2
41 91
80 61
26 80
23 54
2 94
80 73
4 13
9 56
35 56
37 53
72 56
48 21
76 82
3 36
59 70
47 35
7 92
32 87
31 34
83 41
38 45
16 8
90 20
11 52
34 70
98 41
100 80
25 88
63 15
25 24
88 44
35 33
47 8
47 50
38 21
53 15
34 20
69 11
89 1
63 99
63 100
27 70
64 1
26 81
34 27
9 42
81 51
56 30
92 31
58 90
35 94
34 61
29 95
15 30
32 88
50 98
7 19
7 38
40 12
22 30
67 28
63 76
69 36
4 93
81 82
9 13
69 51
37 77
34 41
47 91
77 95
63 21
28 56
100 29
58 76
25 10
66 91
54 31
25 27
26 16
62 91
65 52
34 90
56 5
95 12
31 42
100 84
60 20
9 29
63 97
78 82
59 38
3 90
53 45
51 22
72 88
27 96
16 87
4 48
93 6
23 2
68 73
14 30
26 21
3 44
52 73
56 79
32 81
100 12
61 96
14 15
77 16
77 24
80 59
71 98
59 41
98 73
77 91
10 88
3 95
52 45
17 5
63 42
4 15
6 85
8 82
44 85
16 21
5 6
47 82
10 27
99 33
86 40
4 44
13 77
68 24
23 61
25 36
66 96
60 82
32 10
78 42
78 33
71 92
19 18
8 6
9 57
40 17
76 73
86 62
69 46
16 33
28 22
97 96
13 11
54 10
31 64
83 80
10 80
60 86
58 19
9 33
40 5
99 95
26 59
40 39
15 44
7 97
66 29
27 59
93 24
37 3
25 19
68 81
95 8
13 51
55 60
39 20
94 12
51 30
26 96
36 1
71 1
54 66
28 44
72 49
100 45
22 57
55 98
80 57
99 56
95 91
63 28
100 2
50 2
14 22
32 99
58 96
89 36
91 30
50 72
99 52
63 70
84 20
43 87
81 58
2 41
71 40
37 20
37 87
78 48
77 93
4 90
32 93
23 68
4 60
32 36
10 83
94 21
26 28
60 96
14 17
53 97
40 6
35 29
22 85
87 57
40 70
86 53
61 5
58 21
37 73
26 44
94 57
23 52
78 81
86 48
14 99
87 6
63 60
9 96
65 79
53 2
31 80
47 64
95 90
50 62
99 20
16 45
35 24
31 50
97 76
78 24
51 21
26 58
71 51
36 39
58 5
47 62
39 6
58 48
23 78
79 24
4 100
92 64
62 36
22 39
74 5
36 8
60 99
10 86
47 29
38 18
28 85
17 97
100 50
58 49
59 76
79 5
4 38
34 52
35 15
58 89
40 97
72 17
90 52
47 36
30 20
99 85
97 91
47 99
22 41
97 20
55 48
98 48
64 79
60 16
47 48
55 39
60 28
67 16
58 51
28 12
22 6
11 94
64 46
60 70
100 79
68 82
54 73
59 46
37 38
7 76
53 62
86 39
46 82
87 45
95 24
80 91
67 59
36 56
81 39
59 44
64 20
23 38
29 93
74 22
42 8
69 84
23 92
88 1
92 20
70 46
33 20
65 33
2 36
67 27
99 30
75 83
35 65
70 84
50 22
9 79
54 25
83 61
62 8
26 37
98 61
23 95
37 97
74 19
94 91
55 27
2 88
92 93
23 59
6 24
34 5
83 73
100 21
66 34
26 13
4 54
8 5
43 51
31 45
23 60
95 21
83 66
43 15
34 2
37 11
70 6
13 85
75 35
87 38
63 89
54 2
75 15
79 39
7 58
54 41
57 6
3 1
98 86
92 2
50 35
75 45
75 100
9 18
95 94
69 79
71 78
47 2
29 67
4 16
51 85
91 57
86 69
7 53
99 93
75 48
71 57
50 30
2 11
89 48
49 91
87 56
50 3
80 93
23 31
26 24
29 90
75 67
80 64
23 33
54 64
83 79
13 33
23 19
63 87
2 97
95 6
67 24
51 82
37 70
63 78
84 1
27 76
35 27
77 84
34 36
53 89
7 86
32 79
14 94
7 45
62 22
54 52
71 29
59 96
66 65
100 98
