InstanceID
3_150_4
NumObjects
150
NumFactors
4
Weights
81.16984049958616
98.84323655013432
80.76220876500786
97.00908450487537
14.006111319509863
50.94438024440222
5.869740597593154
0.4257960600515309
97.46379934512355
55.72251384524507
46.44219211852372
28.750905582916953
29.667422568049084
7.406140670186545
93.3822715119282
90.86247079387266
48.70178369398248
99.83365542219973
77.86784345523358
41.36363807491079
45.39047277606774
35.29550224135758
39.0673840146025
55.561284138980426
99.95078776658117
63.41548117024516
70.49372690283045
33.2357445964389
20.77455048550412
51.72703999377211
36.919136368796536
82.10130315255914
22.200300968290154
65.23099642029342
83.47008419211927
60.294851937842694
82.37081182259236
7.508171673301223
64.80468674119608
14.200619456349317
52.38606310706322
61.4037062877711
46.577560296931054
85.9138371612873
67.24265190607458
87.76539056979628
17.61588547250925
21.4903999903181
81.4266736759997
46.588502816506086
43.28910383035891
85.3442434417053
67.56362875342501
13.253287492426846
57.29564537432801
30.141651779469413
14.375710281694488
70.8855104425462
85.05110662921584
86.57568335290296
24.33719527390823
26.942116719892994
32.97546887834597
73.82966505980697
25.515777452374433
96.15322651992805
19.078313105885435
78.83723374408768
32.805904962218314
31.3879484342535
69.2984848190323
12.63986370880632
92.28889845744848
72.98781294761558
82.06148178751643
60.68752042248402
98.96835969933917
38.682369546247706
41.48337238375321
2.526738137602824
65.69926222171792
8.002174313155418
16.670654105889128
12.678774931938609
55.39627714445889
53.771870385342964
70.5091368568318
37.411769376383106
69.5401318194173
4.6016550918932975
12.56253308190216
30.176086799826862
93.85788520221281
47.58051909404397
22.496979486902013
71.46872407305258
18.523686142549245
58.69686816509849
86.78163945933584
86.46078997245579
2.5055847328883996
85.45426536731271
87.06028830490276
22.98111787428434
54.224633747193906
75.24141081112936
52.053581279655646
90.86642860439373
73.27516245131727
85.19991902760576
4.489780148927691
91.9348709012197
21.419187217745716
81.17673753262802
21.256925584659992
91.50689223930036
78.06593289875772
3.785733087898069
17.60656691910283
30.732615094988923
43.950947989625114
35.44861602400105
45.25307920827861
32.98461010660396
98.6889533102092
65.08054643250007
34.11618150726421
47.164870204462204
97.79101430473271
94.94065135996344
62.03622646483067
85.2602023866042
28.30356442194768
54.45764862994853
20.63153520034595
99.8017187845287
85.1340997573057
33.44396171645481
0.48370662844030576
57.992593303693575
85.38296711119955
8.250784537986355
97.15187276012063
34.53992329339579
97.15161818736442
87.66479673021506
99.6059159068403
12.537235304424232
16.52900908162891
53.61750228438464
Budget
4012.6516858277755
Profits
-16.23396809991723
-19.768647310026864
-16.152441753001572
-19.401816900975074
-2.8012222639019724
-10.188876048880443
-1.1739481195186308
-0.08515921201030618
-19.49275986902471
-11.144502769049014
-9.288438423704743
-5.7501811165833905
-5.933484513609817
-1.481228134037309
-18.67645430238564
-18.172494158774533
-9.740356738796496
-19.966731084439946
-15.573568691046717
-8.272727614982157
-9.078094555213548
-7.059100448271517
-7.8134768029205
-11.112256827796084
-19.990157553316234
-12.683096234049032
-14.09874538056609
-6.64714891928778
-4.1549100971008235
-10.345407998754421
-7.383827273759307
-16.420260630511827
-4.440060193658031
-13.046199284058684
-16.694016838423856
-12.05897038756854
-16.47416236451847
-1.5016343346602445
-12.960937348239217
-2.8401238912698634
-10.477212621412644
-12.28074125755422
-9.315512059386212
-17.18276743225746
-13.448530381214917
-17.553078113959256
-3.5231770945018503
-4.29807999806362
-16.28533473519994
-9.317700563301218
-8.657820766071783
-17.06884868834106
-13.512725750685002
-2.6506574984853692
-11.459129074865603
-6.028330355893883
-2.8751420563388974
-14.17710208850924
-17.01022132584317
-17.315136670580593
-4.867439054781646
-5.388423343978599
-6.595093775669194
-14.765933011961394
-5.103155490474887
-19.23064530398561
-3.815662621177087
-15.767446748817537
-6.561180992443663
-6.2775896868507
-13.85969696380646
-2.527972741761264
-18.457779691489698
-14.597562589523116
-16.412296357503287
-12.137504084496804
-19.793671939867835
-7.736473909249542
-8.296674476750642
-0.5053476275205648
-13.139852444343584
-1.6004348626310836
-3.3341308211778253
-2.5357549863877216
-11.079255428891779
-10.754374077068594
-14.10182737136636
-7.482353875276621
-13.90802636388346
-0.9203310183786595
-2.512506616380432
-6.0352173599653725
-18.771577040442562
-9.516103818808794
-4.499395897380403
-14.293744814610516
-3.704737228509849
-11.7393736330197
-17.356327891867167
-17.292157994491156
-0.5011169465776799
-17.090853073462544
-17.41205766098055
-4.596223574856868
-10.84492674943878
-15.04828216222587
-10.41071625593113
-18.173285720878745
-14.655032490263455
-17.039983805521153
-0.8979560297855382
-18.38697418024394
-4.283837443549143
-16.235347506525606
-4.251385116931998
-18.30137844786007
-15.613186579751545
-0.7571466175796138
-3.5213133838205657
-6.146523018997785
-8.790189597925023
-7.08972320480021
-9.050615841655723
-6.5969220213207915
-19.73779066204184
-13.016109286500015
-6.823236301452842
-9.432974040892441
-19.558202860946544
-18.988130271992688
-12.407245292966135
-17.05204047732084
-5.660712884389536
-10.891529725989706
-4.12630704006919
-19.96034375690574
-17.026819951461142
-6.688792343290961
-0.09674132568806115
-11.598518660738716
-17.07659342223991
-1.650156907597271
-19.430374552024126
-6.907984658679157
-19.430323637472885
-17.53295934604301
-19.921183181368058
-2.5074470608848465
-3.305801816325782
-10.723500456876929
FactorLoading
-0.5993909454958284	-0.36882562643278205	0.004328605319732226	0.027454822751657337
-0.1982592203665483	-0.08364088242779633	0.38561870145622557	0.3324811957494298
-0.2224360438951578	-0.38606988163796574	0.2769488759862029	0.11454519848067357
-0.06692776122739752	0.04022549573827727	-0.8407485395242469	0.05209820351007832
0.003628865909382828	0.9392572134892447	0.05639267796911884	0.0007212426322535936
0.017259676620526854	0.08527573493911511	-0.6443156184542	-0.253148969986158
-0.28065187620491994	0.028252272712933957	-0.3725549469637415	-0.31854090411840463
-0.44975489644103095	0.3359133262199343	-0.13131725925412896	-0.08301451808490579
-0.1959702231026248	0.02209336625938052	-0.2282053299872555	-0.5537310806507392
0.07021496172016084	0.15268916527185206	-0.7282301686738877	-0.048865704334099425
0.5706154695247423	0.053087968917238104	-0.16719096456481242	-0.2091055969932072
0.5519963012502738	-0.25931241620365264	-0.18055736797762334	0.008133914568450251
0.16457683937009837	-0.4356075331117646	-0.0829211421678604	-0.31689448535027664
0.17690368007694435	-0.16861528218376076	0.6138471149048428	0.04063392283445211
-0.1751708909345584	-0.652054462115369	0.09031719332788102	0.08245745362219159
-0.04128476295611505	0.7339320278849519	0.027949019798902297	0.19683418936003072
-0.023811633676862565	0.4472095745884117	-0.3756188322183951	-0.15335995951633064
0.2943693885444403	-0.3995372024558612	-0.2926375398165155	-0.013455869183182978
-0.18324007967534017	0.016740580253181703	0.04030300990436553	0.7597163301671126
0.012066123268541062	0.2524889346091228	0.36197103313808676	-0.37347390898424937
0.07991089938186069	0.6071688865100346	-0.1256622399609244	0.18725797414718026
0.007652772345587033	-0.42866351344389075	0.5570387482444268	0.0066449659660954286
0.0820927684686743	0.10673808738385171	0.2446676128375911	0.5665015313098829
-0.5458354639890683	-0.2771128755275225	0.11931922843019382	0.05773243205321532
-0.10531298603285344	-0.11324325643622402	0.5845701242171835	-0.19687363331373908
0.02474428315279087	-0.3834128009635607	-0.25806745822008037	-0.3337754576635681
-0.2502301972109713	0.11270463345587634	-0.44628930575410997	-0.19077586357904242
0.3376999419933555	0.07975621304822544	0.5580834642001227	-0.024460380758296374
-0.3063388558725082	-0.2144753158295507	0.24300434785755143	-0.23618148044038967
-0.16514673722766604	0.12067033866235599	0.22452912962602278	-0.4896537944839552
0.186189850803973	-0.16866562788092732	0.2811983744588247	0.363946146856275
0.13194029047551203	0.054859095834972615	-0.46117369299844735	-0.352026920691068
0.12073972439977276	0.2992948243571718	-0.21446258487734005	-0.3655028663657154
0.1360984758559094	0.061573433839261504	0.5205379812440862	0.28179010906074287
-0.5011941609584958	-0.24555347756289025	0.17867515113746024	0.07457721034115372
0.03502522248611495	0.03672127319926832	-0.024501927556837444	0.9037515767577793
-0.10433820316111242	0.42715681095134084	0.13163788712984514	-0.3368670987577016
0.04390813114378256	0.04769112147210475	0.03940629611470947	0.8689944512694032
-0.12707724394193853	0.7941714608124146	-0.03649284146659415	0.042258453779052685
-0.5504949950509355	0.26342185344060653	-0.13041381474100833	0.05566933676744967
-0.037138584195816504	0.08885027166145254	0.6486051554325731	-0.22540598871015782
0.10450395764027265	-0.027886352139646853	0.5959176251103488	-0.27169206510973165
0.10230670661234553	0.48580904816693815	0.3477710803921885	0.0641131648285278
0.11493295486602007	0.23078312400784107	-0.18536378970418488	-0.468920131421954
0.11806431579020105	-0.3609583537958807	0.5145454915377958	-0.00643183887612242
0.10261189231238887	0.39200230506327527	-0.312839471895336	0.19254633072899985
-0.5675764147563416	-0.22657305203023492	0.06989218057778279	-0.1359583526356407
-0.1099333531612332	0.3984553295281221	-0.44609606640875343	-0.045515250901891235
-0.20444796253947484	-0.2528807729419251	-0.02488861646420948	0.5177826480543906
-0.42980763208341655	-0.20554045539441668	-0.1602634523404034	-0.20438846018176338
0.01737197305636684	0.061910403778346446	-0.2505143992117991	0.6702032239534876
0.49770838392896666	-0.0812140133427448	-0.062022123334319224	-0.3590554793939693
-0.3348389590602494	-0.3342711111103873	0.07249462694552311	0.25839530288384016
-0.06036704507470203	0.08931259310241146	0.6771114569806667	0.17320890484221985
0.6287429263613444	-0.06366389017951968	0.0830277220526674	0.2245654614064685
-0.27876712717333585	-0.4541064978245066	-0.10095393589868329	-0.16617243910347423
-0.039414487669822806	-0.17623760143592904	-0.2831889557554692	0.501158955138779
0.21059050191142603	-0.17055529330241392	0.5445592020430536	-0.07429500274310641
-0.4333878648915819	0.11075270694109474	0.21933048754919193	-0.23652894061813146
-0.20719250834560543	-0.40427589698096744	0.24765613308743717	-0.14087546158598996
0.27497837043976747	-0.4349345184478115	-0.008364626248622109	-0.2817224848637989
0.1799226259656328	-0.16364134661475327	0.06646509630371988	-0.589970931115894
-0.07957147036633239	-0.08018366578177871	-0.7073288562654754	-0.13291600758641353
-0.46141251871451394	0.272977417536852	-0.14465392512656838	-0.12095613862206567
-0.21375858720668828	-0.3063225945136605	0.13381156775462233	0.3461072505250289
0.12669580751673393	-0.011568598777267125	0.7701217940837493	0.09161379962224969
0.20473206566276225	-0.23394933420385433	-0.5118448246739922	-0.049473775459391245
0.190456640048009	-0.3038509782900056	0.2327239262635299	-0.2729684553984555
0.18829830773233902	0.10934774799744273	-0.19671727094811486	-0.5056366733221034
-0.09360953134951533	0.5124915591087851	0.05329846695737772	-0.34060044258432187
-0.03142474330315759	-0.5961169510039332	0.25530297994419815	-0.11715532574871101
-0.3391787891883835	0.1049201953093657	0.4792331090524389	-0.07666790644981192
-0.2906725808650594	0.16724661327810342	0.03904835593694589	0.5030324499198913
0.16572372088849163	-0.8183531380795552	0.007139038612475446	0.00878410241947769
-0.3482242828367683	-0.07579217219743795	0.3754143532357903	-0.20056919173000343
0.07041378394142361	0.09317672800100407	0.1981643193451732	-0.6382451687123991
-0.616744883139609	-0.1337121191651851	0.2474214741456111	-0.002121523549594828
-0.16826071101804718	-0.22270856104094694	0.5472214594354639	-0.061809268505542025
-0.026156757508160267	0.5455736204789512	-0.3402437164057943	-0.08802590560709422
-0.5601082171626075	0.14579947549854078	-0.11434021930406368	0.17975208803478804
-0.006698906028475005	-0.31143973706572914	0.6328116311218765	0.04904972578391931
-0.043709011403114895	-0.15864904778726596	-0.05825633269848973	0.7393856081111294
-0.2484052296597863	-0.10921364196615202	0.15836519323383813	0.48401593514022356
-0.059172726911095985	-0.20042398252839488	0.15083411388383428	0.5895691766766749
0.24179469955784194	-0.5131981829723418	-0.08572463078586567	0.15928248668395062
0.2456938835550857	-0.3525827571060227	-0.3921865088176808	-0.009536850521210782
-0.07322668991557957	-0.1157878717608345	-0.6873071889867288	-0.12367824933685712
-0.10473815805692688	0.10429752741221532	0.37384144225562776	0.41712287227523004
0.21298251889332764	-0.547769220133439	-0.09193162948584033	-0.14731663148739305
0.12451372078613798	0.05243776883439977	-0.4004106641560756	-0.4226378462233866
0.380731875425552	-0.1274692867656526	-0.3272165936177376	-0.16458224419105782
-0.4807696270506805	-0.411920688989164	-0.06492605131788243	0.04238363264227307
-0.16050532450663257	0.09697247430342903	-0.011749344888035473	0.7307728563019029
0.12281893441094471	0.3359650464788815	-0.40593468561580015	0.13528133349437366
0.060352844247546944	0.7606782581229121	0.09977335159557743	-0.0791955460339635
0.3743666263062777	-0.28872813317149393	0.09317906753967509	-0.24372617298255328
0.08390914280118622	0.41478424698893135	-0.04137422285735104	0.4599323873525314
-0.08607681583941451	0.5952023185574224	-0.25922930284101486	0.059491562762148176
-0.22340367868529953	0.2310432902858146	-0.21951425544206127	0.3260387755868246
0.04012973883794202	-0.4698603960268717	-0.0396585690489446	-0.4503512960862417
0.6353986878122215	-0.046397137962641555	-0.14266046517490927	0.17554370905022765
0.3468591140912003	-0.4900097868231992	-0.1320434043189782	-0.03108769476662232
-0.2080871486020872	-0.16425649969236766	0.16651895555406537	-0.46113739615147975
0.23148308078154112	0.27876673346040337	-0.0634255071802845	0.426324678577771
0.04235826660373365	0.03901496572743102	-0.7760319154668598	0.14259485220197554
-0.23948592233350907	0.5868259355389123	-0.01503169539809135	-0.1586564467294873
0.3232581926823215	0.1554272538000412	-0.20831733414929987	-0.31299721936833746
0.17828743257788582	0.251583062492281	0.3613413274810102	-0.20878817744882294
0.035930148271680507	0.6551019169403705	-0.2400157702924146	-0.06895216449553443
0.2993229886977262	0.4098125459159867	-0.18886223701699345	0.10200222836929362
0.05037538081476489	-0.1382954677758157	0.04903564855974163	-0.7622935028496778
0.42636554968694185	0.12405093022653757	0.07538456924792403	0.37419895083859656
-0.6582800710169192	-0.0681734362304085	-0.21570637877626186	-0.05784011397641042
-0.14969425803523184	0.08268561345304537	-0.2779507769917344	-0.48966935151998836
0.6358905275739093	-0.0854919985610485	0.07900256775794023	-0.19961490610710197
-0.11491786727798448	-0.030949514808971124	-0.4463770168628498	0.4077556010501946
0.05554804951398595	0.08074626012491914	-0.5372547722273828	0.3264509181337121
-0.11266769058055193	0.20769211114190123	-0.2964893187788473	-0.3831508794986995
-0.8059685874349751	-0.034431357370102944	-0.03480570789916171	0.12479434729576022
-0.3217232862154995	-0.4642065813498768	-0.1601462478058262	0.05392388462879749
0.27653444387945303	-0.134135946881766	-0.2119856843879815	0.3773439248507995
0.39123186613591465	-0.13077638585589213	-0.2703252630849653	-0.20766648492322792
0.045971169576079385	-0.17589118731012343	-0.48015386226448586	-0.2979837808493113
0.11881822359906957	0.12501315188221307	-0.6088782411996074	-0.14729038331910993
0.00058680600679617	-0.02722980440758782	0.570761009786293	-0.40142237979932305
-0.06325033514450928	0.4596764374657645	0.22312017080554547	-0.25395305658418077
-0.48745106249789516	-0.15474298813068055	0.11141252636191279	-0.2463934230095115
-0.06336497281780162	-0.18201937866447215	0.6362604636340394	0.11835518488368679
-0.2394986185870165	-0.3243722822974078	0.22718801083219153	-0.2089410882833842
0.22298028487712473	0.03994339047931561	0.443044715525005	-0.29403160911855464
-0.6658148615950239	-0.01570813350273581	-0.04552220095318682	-0.27295480394905347
-0.26998518254610726	0.09171704327200114	0.4379782397087362	-0.20031953447315543
-0.5203742935356641	-0.17827518956621602	0.044460488177040514	-0.25689002872107936
-0.04166736802712023	0.19023337459287082	0.5372258257106073	0.23087343166940166
-0.5840234953020953	0.09294181369702326	0.2110960108584552	0.11193868014242625
-0.11765374125079409	0.19855435896492502	0.630540896919259	0.053251002865021935
-0.5113310229641495	-0.003838052965271954	-0.28024406292006687	-0.20458686115051172
-0.008075006852956257	-0.3649609250284742	0.2767989159936244	-0.35016515212494514
-0.3132190764061171	0.10337556934680414	-0.18679635191593746	0.39660900233114127
-0.0370352197574908	-0.3810305872495636	-0.2698860288585603	-0.3120481641343853
-0.0650425191073083	-0.08371417777005674	0.5590079339671952	-0.2922353691554398
0.36562765738395187	0.03217182338826219	0.5298710506690201	-0.07232946855876587
-0.16296554155459964	0.1925875542194091	-0.36545501330968544	0.27899189091630583
0.21962849279659968	0.5292279576967931	-0.21766183714240261	0.03348171236420461
-0.8954183307965198	0.03962051999533456	-0.014641471457933264	0.0503196777502124
-0.0058674257132784735	0.7401985400622666	0.12775223694853532	0.1261817972759196
0.36195260944202134	0.21826349679779944	-0.3456100808422995	-0.07417381291787972
-0.2951454924379642	0.2848102207822307	0.030014691888293976	-0.3900295948915111
0.07455128369812569	-0.0835544540801072	-0.7873798043297093	0.05451445789205778
0.01991421129257298	0.03691920655093606	-0.8163137652896	-0.12685281686689098
Conflicts
54 14
26 45
150 46
34 84
143 22
35 52
56 33
72 142
2 108
135 66
130 64
100 57
139 141
4 41
89 64
58 64
61 20
3 94
100 17
128 39
42 30
101 88
23 66
119 26
103 33
28 106
50 33
27 94
96 111
2 150
67 1
83 149
75 134
78 3
77 107
78 125
68 89
15 45
109 150
55 15
126 22
97 150
114 39
54 122
48 141
48 129
50 97
3 73
106 21
28 24
92 108
121 73
139 39
114 88
117 20
69 19
48 46
100 125
41 138
132 75
84 24
69 44
27 105
79 142
67 118
143 6
43 30
117 130
81 49
65 107
60 114
27 62
19 17
35 125
80 111
13 85
55 8
35 104
54 129
14 55
133 51
119 98
4 122
42 66
14 96
66 111
119 36
34 110
128 12
4 22
34 3
14 108
92 59
3 107
127 18
78 118
68 112
79 96
32 66
34 11
120 17
26 7
140 30
137 39
11 85
31 139
65 46
87 6
8 6
14 62
61 95
7 70
140 65
13 147
29 27
108 134
15 88
69 80
116 130
74 11
62 139
14 112
125 5
111 88
120 19
43 110
19 52
65 70
123 46
71 108
135 65
9 52
99 1
133 144
28 46
122 115
68 106
13 27
29 33
25 86
16 15
100 110
136 99
47 145
103 84
11 18
137 107
55 110
31 91
116 3
47 42
37 114
102 94
135 8
75 145
130 85
101 18
117 41
26 146
7 137
124 84
14 90
68 11
75 113
52 73
89 150
101 51
79 84
35 113
95 106
86 57
54 106
132 52
86 93
89 72
77 85
125 131
71 105
148 19
116 76
86 30
77 104
128 23
124 41
72 93
13 99
28 84
60 134
16 12
58 70
10 72
92 78
74 94
89 109
64 149
25 13
37 41
72 15
78 113
66 24
26 1
50 67
54 18
68 90
13 3
117 129
120 73
36 84
143 76
133 84
3 56
71 58
69 105
116 99
78 45
61 1
34 81
145 129
92 22
27 73
19 1
43 136
133 20
60 40
66 44
100 120
29 86
69 17
29 57
29 21
126 15
63 97
128 11
42 107
139 21
72 59
149 90
72 12
90 127
116 96
27 8
31 106
67 88
32 42
128 106
72 48
102 144
107 110
87 39
97 88
40 131
72 95
147 80
23 40
7 81
81 48
77 53
133 150
87 118
117 36
135 110
108 46
136 113
120 108
119 97
83 141
9 61
115 90
78 127
140 17
132 45
29 45
128 59
130 134
144 85
32 51
117 118
37 65
128 108
9 146
68 110
14 5
136 57
147 33
38 44
112 20
145 95
4 57
81 45
78 140
139 1
140 72
148 59
25 2
142 52
81 27
43 143
72 85
93 18
35 85
124 127
70 111
40 110
54 53
93 76
149 105
136 144
11 8
13 118
120 90
66 82
28 73
25 3
47 40
118 6
16 49
148 42
53 108
9 94
25 124
102 17
3 90
47 62
98 2
97 142
29 73
37 74
122 109
13 34
119 56
47 113
120 18
138 45
136 20
147 123
144 11
147 1
128 102
54 147
60 56
25 56
10 107
149 150
43 67
4 98
133 121
22 150
75 108
10 64
7 130
101 109
13 45
78 69
35 118
42 93
13 97
137 38
83 91
99 5
139 30
11 41
133 101
76 8
125 8
60 21
98 45
44 18
135 57
14 106
93 115
92 79
101 91
9 74
123 150
49 6
112 6
147 144
90 45
100 11
97 41
42 134
136 28
80 12
71 5
64 88
50 74
34 134
31 69
99 17
130 88
35 135
130 105
48 39
50 62
2 86
63 90
133 123
129 38
34 24
35 48
145 85
81 108
43 144
119 62
37 130
43 149
114 138
29 3
80 36
37 35
48 45
89 24
140 46
131 59
3 131
54 68
40 105
63 126
75 51
122 150
9 111
123 11
116 117
124 15
47 104
42 131
69 104
50 53
92 50
40 112
103 89
87 115
132 105
125 69
43 107
31 34
120 115
119 38
86 105
43 114
11 15
96 33
146 56
128 94
26 103
71 52
42 101
94 38
47 69
77 117
51 45
80 59
23 31
14 103
101 44
135 5
123 58
64 134
46 45
25 89
72 16
120 15
32 143
135 130
137 129
104 62
126 139
113 1
89 49
43 73
4 39
55 58
69 58
125 45
23 24
67 127
9 85
107 141
64 30
37 47
4 36
128 54
32 5
70 20
112 70
72 90
25 38
126 115
109 51
8 21
10 96
132 99
29 111
103 53
116 93
74 134
87 46
37 113
71 25
109 115
7 54
101 99
14 81
64 62
14 83
61 97
123 89
10 45
93 149
136 66
94 88
10 29
8 33
120 107
29 46
93 84
94 57
16 62
62 82
53 84
135 123
26 134
145 16
117 88
80 112
94 20
99 45
40 97
81 8
58 8
42 104
93 111
118 96
92 73
101 95
69 6
36 142
53 94
103 76
14 76
64 139
56 115
64 90
130 113
23 146
16 137
100 79
14 13
147 117
26 93
106 115
7 31
9 147
92 82
42 6
100 101
5 30
74 73
122 30
55 135
104 142
68 63
137 20
71 54
145 17
133 91
43 49
13 95
81 44
40 95
63 146
142 46
116 143
129 127
61 114
148 20
147 41
146 62
147 2
50 56
16 19
120 79
142 38
48 115
68 31
121 145
42 122
26 132
75 61
68 134
93 5
71 120
77 29
14 1
13 114
100 131
2 84
133 120
74 137
112 82
145 141
25 92
115 57
34 48
72 22
2 46
2 62
26 133
47 89
112 74
103 91
132 15
40 149
64 44
116 138
135 33
23 96
46 115
144 141
148 21
11 57
119 37
43 100
22 21
143 64
128 44
122 87
60 24
113 88
94 39
99 41
92 118
78 20
4 125
102 64
44 82
102 97
4 28
137 21
43 35
50 145
9 75
75 141
32 53
147 45
47 90
55 74
132 93
70 110
147 93
17 6
101 134
82 33
54 124
37 147
81 89
71 104
80 116
137 65
89 20
83 76
74 17
41 88
100 42
75 91
3 28
26 126
31 80
63 13
147 94
105 138
9 38
39 46
97 134
92 105
7 4
93 108
108 85
7 80
118 30
13 24
9 87
58 24
60 15
25 61
42 58
55 99
37 13
109 84
10 77
54 79
72 111
38 24
37 127
60 18
126 84
25 36
83 115
140 74
78 77
68 100
58 105
47 72
9 97
4 56
119 116
77 16
78 49
126 143
29 88
141 1
36 70
7 5
148 144
36 97
60 137
74 46
26 11
87 79
17 141
149 21
128 37
144 139
14 64
75 123
121 40
62 85
81 38
120 85
48 59
56 44
55 147
75 76
34 22
68 118
42 15
103 112
104 127
72 21
126 8
90 44
103 5
121 129
66 46
147 15
140 130
16 134
80 56
53 87
97 1
23 106
43 8
150 12
137 52
133 59
116 45
61 107
112 5
78 11
131 110
75 73
70 84
5 96
23 3
39 44
135 41
51 115
101 38
140 118
148 107
60 126
147 62
80 114
102 77
72 57
26 47
69 146
100 2
13 46
146 85
36 79
9 63
75 41
63 17
26 122
35 129
61 15
75 85
81 142
105 115
89 27
99 107
119 67
92 69
14 141
53 109
143 20
120 12
147 127
136 90
112 11
16 8
14 66
140 79
117 108
117 127
19 76
92 142
104 79
148 66
68 99
80 150
2 134
9 19
116 134
140 126
108 49
125 20
103 123
53 143
94 44
81 6
126 94
64 24
56 70
42 82
3 24
74 12
116 86
77 8
60 94
128 123
143 8
66 117
76 84
126 5
25 118
125 103
104 21
9 148
60 93
2 93
103 109
130 108
125 70
145 82
80 74
26 90
101 96
4 49
120 70
121 118
16 118
3 96
16 138
95 73
120 111
119 123
145 20
92 130
47 28
122 101
9 62
101 65
35 18
32 150
147 59
132 136
35 11
130 84
49 57
99 64
78 116
55 105
128 100
47 12
35 141
145 38
94 76
89 85
9 3
7 123
133 10
71 91
37 28
42 115
103 61
13 131
120 140
81 141
78 53
101 94
97 44
71 26
92 138
80 3
112 115
54 21
138 127
135 70
98 105
40 138
47 80
128 15
137 127
119 24
27 6
6 52
149 82
117 67
71 20
128 49
147 19
139 79
72 76
23 116
143 39
125 66
81 130
128 76
41 18
56 21
102 129
80 104
135 102
100 49
10 33
77 90
122 107
40 24
81 129
26 108
114 56
26 101
133 96
93 88
71 53
2 59
70 88
67 38
48 76
60 146
4 19
120 22
86 70
75 127
135 85
32 130
126 142
106 18
122 99
121 105
78 137
133 92
107 139
128 141
42 76
130 129
75 62
75 66
126 61
136 120
25 53
140 62
109 142
110 45
100 58
102 150
68 10
55 112
13 5
60 1
123 106
93 33
75 84
107 1
50 79
121 98
112 12
81 145
9 42
9 67
52 105
107 150
42 27
47 17
133 100
2 5
124 143
122 134
145 5
130 141
35 142
61 30
25 5
124 106
23 76
92 19
52 1
29 69
48 138
35 65
94 96
7 33
125 15
54 96
92 11
105 91
41 85
4 78
118 38
97 96
42 127
77 146
76 105
65 94
66 104
103 21
68 39
32 16
55 141
124 76
12 84
7 143
75 32
133 28
147 103
81 97
99 142
34 8
83 109
37 148
101 17
136 56
70 45
137 45
32 8
3 6
16 87
104 6
81 106
104 129
110 105
26 95
10 118
116 27
43 63
23 62
35 61
15 30
68 55
5 127
136 51
102 29
135 122
66 67
92 61
147 149
50 87
147 87
80 107
94 1
103 6
37 79
10 112
9 37
132 104
132 46
140 85
65 115
9 89
67 61
42 88
77 40
100 96
149 57
61 138
131 112
19 64
145 118
63 50
120 118
62 138
90 134
41 24
21 39
26 31
7 60
69 18
27 104
32 1
148 91
129 41
92 102
35 90
69 122
128 89
124 87
27 15
61 48
29 44
68 86
132 116
123 84
27 44
59 45
43 62
112 143
27 52
122 15
5 115
102 114
55 122
51 46
97 82
35 140
26 81
135 106
23 41
102 126
77 123
23 101
68 52
47 25
144 52
42 140
71 123
36 111
3 67
145 73
34 12
113 8
129 1
37 145
31 58
4 50
50 81
34 6
47 123
147 44
67 107
51 8
123 39
107 18
47 66
37 39
102 11
21 96
77 33
31 27
50 115
53 150
123 82
54 13
133 19
67 89
13 79
4 47
129 15
54 127
43 59
43 92
36 45
133 44
69 93
117 94
27 17
42 141
123 91
13 39
141 106
76 20
87 139
112 51
8 118
103 129
28 118
33 18
71 82
39 24
26 104
74 38
14 127
60 150
78 21
14 3
37 89
99 46
24 18
113 87
81 139
31 61
144 15
14 75
23 19
81 11
2 15
110 33
97 70
54 66
132 58
107 22
56 84
71 138
98 116
9 35
69 76
142 115
31 143
94 108
124 122
54 88
117 150
117 131
133 16
144 39
95 5
51 129
13 1
103 79
120 94
137 30
68 5
10 81
7 25
31 150
75 130
31 108
86 122
135 79
116 94
29 59
9 90
135 129
144 138
23 86
78 5
16 64
144 143
93 51
47 150
125 109
146 113
14 12
37 88
63 22
128 104
133 135
31 90
66 105
119 55
120 1
77 62
119 32
81 46
75 99
127 88
133 64
119 99
25 91
37 30
136 60
113 127
77 48
112 144
132 123
81 85
114 150
34 113
22 84
2 82
58 73
148 2
55 53
80 110
67 91
14 94
62 57
13 149
130 139
104 74
102 127
67 27
103 56
2 69
122 16
57 84
114 11
77 127
33 57
133 32
110 11
53 12
54 19
13 36
98 74
99 70
149 85
23 117
89 129
103 49
47 48
3 129
91 24
49 106
25 113
41 22
80 99
146 104
32 17
120 80
103 51
74 142
112 73
67 82
7 88
65 21
89 111
86 45
53 8
66 150
10 79
147 3
9 69
13 78
7 103
3 115
27 99
55 83
25 55
110 79
50 44
128 90
37 109
97 79
65 30
58 18
42 109
109 41
14 60
37 64
108 118
143 41
104 109
13 108
131 11
72 5
23 28
102 103
104 41
4 101
104 88
86 104
4 149
124 112
107 12
61 109
72 1
104 115
71 107
143 79
53 104
92 3
120 21
74 110
90 138
148 17
69 96
80 108
54 114
63 73
124 36
73 45
36 94
31 74
98 97
119 35
50 129
4 85
102 141
112 137
136 115
143 28
75 115
95 8
61 18
125 16
2 126
71 42
83 145
116 91
100 81
54 85
76 18
27 118
109 18
98 115
128 24
71 111
94 97
35 106
120 8
93 90
89 52
63 106
59 138
98 76
5 45
102 138
43 37
104 149
10 111
106 127
70 105
4 94
103 65
26 25
77 52
4 114
115 1
37 120
51 39
83 84
31 6
83 123
63 148
126 138
4 11
14 42
64 8
71 48
71 117
61 5
112 33
103 146
80 139
17 70
3 95
7 108
89 65
28 88
99 79
47 13
53 93
103 104
11 22
10 42
13 87
26 36
88 24
36 18
125 129
100 106
4 40
78 135
61 94
101 111
10 114
136 44
32 56
60 12
88 73
79 138
66 45
25 101
19 6
120 139
128 122
55 126
140 86
84 73
104 36
135 53
124 74
41 45
9 12
31 82
136 118
140 76
64 94
50 83
62 90
80 41
17 33
26 30
78 106
42 40
47 117
4 112
7 19
19 107
87 76
143 90
60 109
7 16
128 35
120 93
91 45
116 72
14 121
131 52
23 137
23 103
59 115
66 76
13 90
124 24
144 57
9 25
78 101
120 116
89 95
14 16
78 72
47 95
42 139
136 19
136 3
124 130
71 23
149 51
93 56
108 33
69 28
69 3
68 83
53 114
116 64
7 87
140 105
15 57
86 114
3 19
135 140
23 134
96 6
63 75
136 14
79 1
132 127
117 126
49 141
54 61
80 15
102 74
4 27
133 15
36 51
74 127
86 82
23 10
113 118
128 47
75 56
2 114
102 120
112 88
133 102
148 96
98 1
93 11
119 41
107 88
6 20
136 36
17 59
58 38
52 85
98 62
69 137
47 77
105 1
69 111
47 64
130 149
114 12
7 21
124 81
146 49
136 30
75 30
102 95
25 129
86 64
3 85
145 45
60 10
148 12
40 139
60 58
9 41
120 95
147 109
67 113
119 28
114 49
65 97
136 140
101 93
147 137
148 74
7 84
57 134
55 115
148 137
26 88
126 45
145 62
53 67
121 147
89 73
125 105
81 131
125 17
25 137
28 20
10 102
121 130
68 24
80 91
15 105
93 142
17 95
121 15
95 94
135 89
120 147
60 107
89 76
27 137
43 127
35 5
99 6
10 3
66 61
109 141
68 96
145 108
107 41
39 45
29 16
118 57
59 96
29 30
93 82
49 45
92 145
14 77
13 44
137 28
63 11
28 105
104 97
10 106
7 49
145 21
98 134
14 140
124 114
37 123
83 94
35 34
135 34
59 30
28 93
125 56
131 15
87 38
50 42
9 56
47 91
54 110
109 127
6 82
13 105
4 38
148 22
95 127
83 39
7 29
120 131
67 76
13 142
72 87
23 17
131 30
102 27
135 145
126 118
144 64
98 88
23 132
60 34
43 4
71 18
130 91
80 61
109 36
26 112
23 130
4 141
54 137
37 98
56 149
48 118
53 76
148 53
109 20
119 18
72 138
47 3
47 59
35 110
108 41
144 38
148 139
34 41
100 80
11 88
25 15
63 5
138 44
78 60
35 41
119 33
136 47
128 73
50 121
47 114
117 38
53 149
101 15
34 104
88 20
2 80
3 57
69 11
123 29
63 85
63 30
70 82
50 30
9 1
26 64
147 89
137 111
42 81
51 30
130 118
92 64
35 67
29 95
143 30
42 3
23 50
7 46
135 147
150 30
63 69
93 127
13 51
124 77
121 115
114 91
28 149
133 29
116 126
10 134
9 91
21 115
67 28
129 105
63 60
128 46
98 5
113 64
26 144
62 91
31 3
117 137
34 5
101 5
140 95
84 20
29 137
63 102
118 90
125 138
132 38
131 39
53 45
52 115
72 88
96 88
144 82
132 48
82 134
124 93
102 82
9 29
2 81
94 129
68 113
121 109
114 8
60 106
14 21
3 44
122 38
78 52
98 79
32 109
117 12
69 126
61 88
96 73
14 143
101 24
148 114
120 121
127 73
129 91
131 1
133 145
77 15
85 134
136 82
44 85
144 8
66 21
5 6
47 15
138 33
84 30
10 48
86 52
132 44
128 77
141 24
68 61
120 104
23 112
36 96
136 10
32 138
78 147
67 33
146 19
8 111
112 134
121 1
47 57
34 17
61 113
77 113
121 24
76 73
86 62
127 33
23 16
28 22
55 114
95 96
97 141
125 57
11 141
54 10
31 18
146 108
131 127
83 137
80 138
80 86
19 137
101 33
121 5
26 40
145 59
50 112
116 59
147 29
7 15
66 59
37 46
54 131
19 106
136 141
55 19
60 103
119 44
148 88
94 12
119 51
113 96
85 1
8 129
71 47
72 49
3 45
150 57
80 57
56 95
133 114
124 121
71 142
2 122
71 101
50 130
82 1
150 115
14 2
71 29
49 24
56 118
116 58
89 108
109 95
12 30
102 72
126 141
129 88
99 52
137 59
62 105
112 84
2 20
72 109
33 84
41 20
37 87
119 127
42 38
132 90
140 58
23 93
60 70
132 96
32 94
32 122
83 101
124 125
21 138
26 28
112 142
53 115
59 6
40 113
29 22
57 85
77 70
102 5
53 118
133 61
37 141
144 44
26 94
23 78
14 99
63 6
58 65
9 79
80 130
102 116
27 49
62 95
142 20
35 16
50 76
146 58
78 24
102 21
101 11
71 35
58 27
133 89
47 11
6 30
146 127
27 22
14 48
16 79
132 100
123 139
131 108
103 24
77 36
150 39
74 5
60 102
47 29
38 18
126 85
28 17
25 97
117 109
100 50
58 49
120 59
79 5
4 73
132 111
53 38
100 93
42 52
102 35
143 115
125 97
123 118
15 12
145 115
72 82
128 58
42 5
148 149
140 19
89 99
97 91
75 150
122 41
55 117
7 102
80 20
55 48
116 11
64 105
55 39
92 100
28 108
25 16
75 67
17 115
124 101
23 126
94 142
58 51
7 134
144 5
139 94
64 46
100 60
137 82
108 141
112 110
12 73
81 118
14 91
2 141
59 46
62 56
32 41
143 106
107 46
7 37
53 62
147 12
121 113
60 88
46 30
47 27
47 107
60 98
147 56
55 127
3 39
59 44
64 20
125 22
66 93
141 150
131 36
60 69
66 22
19 88
148 129
121 17
148 150
92 53
119 83
10 5
109 105
71 89
65 20
112 59
2 89
36 52
25 115
126 96
67 30
43 88
75 77
83 65
66 20
139 84
64 150
61 110
62 110
26 136
137 149
147 67
60 86
95 11
55 137
74 130
121 88
23 120
59 134
133 103
117 73
9 127
19 149
100 126
34 42
26 141
4 136
107 5
119 43
60 149
43 15
34 130
37 11
70 6
98 41
27 59
87 105
75 143
123 116
8 142
32 105
89 21
79 39
54 80
58 96
54 57
102 134
3 108
86 1
130 115
50 142
22 45
118 52
123 127
100 111
146 137
78 122
71 130
53 127
132 16
54 51
69 57
135 93
99 61
85 30
117 99
102 48
78 67
122 73
61 8
121 2
48 11
89 149
119 45
42 129
56 97
80 51
123 105
131 142
50 123
80 88
60 85
19 24
26 125
67 110
75 18
25 93
112 65
64 33
13 120
104 51
147 38
87 134
86 51
69 113
67 149
37 51
68 91
142 84
131 90
9 18
29 145
125 44
75 117
35 27
106 84
116 22
34 72
109 97
7 122
132 80
7 115
62 150
54 15
108 52
71 14
66 96
100 65
54 143
89 84
37 33
118 45
26 35
5 52
98 72
50 90
31 81
34 36
122 146
2 88
89 8
43 52
27 48
40 36
125 2
75 3
112 114
131 130
140 48
59 38
142 12
10 58
74 16
43 126
11 45
40 28
23 108
100 34
126 38
11 6
117 76
23 115
17 108
71 51
68 16
51 6
68 9
87 142
72 84
43 33
7 27
133 147
120 126
120 150
29 127
51 105
141 46
55 98
69 141
27 20
123 134
77 150
135 139
135 104
76 22
13 52
75 48
60 72
135 81
55 61
80 22
26 116
146 82
121 52
4 18
69 40
103 46
83 147
9 106
60 32
126 82
78 57
68 70
59 15
74 107
35 62
65 38
7 2
10 17
25 12
146 109
43 137
44 12
62 1
109 65
61 85
43 111
35 77
53 70
101 130
69 103
25 120
71 69
131 17
65 90
9 134
23 51
46 85
47 97
128 6
27 95
10 121
68 79
56 73
84 90
60 144
86 111
34 141
79 44
103 113
60 147
113 46
130 144
118 46
126 65
8 106
139 97
35 99
124 62
43 79
98 19
54 1
113 115
131 115
13 77
23 99
86 95
140 111
28 150
129 24
130 51
43 117
4 100
2 72
26 129
37 14
5 49
136 116
98 70
120 46
19 73
4 66
28 91
67 56
124 111
120 117
19 84
126 49
59 118
23 5
71 12
103 139
68 75
96 18
23 49
60 141
39 12
140 24
43 64
35 123
28 95
136 39
147 34
118 18
71 128
108 84
121 101
137 48
147 17
119 104
130 72
34 29
77 147
80 87
114 46
2 51
80 85
94 150
22 73
87 91
102 30
117 51
37 81
36 118
29 70
86 138
110 57
99 30
92 40
23 39
31 30
135 48
41 82
100 76
150 45
77 73
147 125
50 39
143 107
10 82
63 35
78 86
130 65
63 37
42 53
35 32
128 103
10 73
126 108
122 76
146 118
74 143
66 98
42 114
22 105
13 76
46 33
29 112
64 45
78 95
55 93
71 37
86 81
9 34
97 57
142 85
34 139
6 1
56 11
3 97
50 95
14 79
133 149
9 107
140 91
23 92
132 110
144 88
89 97
128 107
143 141
135 72
13 48
80 72
2 91
148 30
119 39
34 28
31 142
122 56
35 70
100 18
37 101
48 64
31 111
144 45
25 134
92 141
23 136
89 79
25 111
34 142
91 85
145 99
40 39
4 70
34 95
28 127
5 105
25 87
18 134
112 27
75 122
148 79
100 32
61 36
67 131
31 88
131 22
142 22
77 79
124 48
43 16
9 2
39 30
92 56
117 44
135 105
145 70
48 106
31 146
68 127
97 110
145 1
128 33
7 39
63 70
108 150
74 96
48 6
60 139
123 40
76 21
122 12
35 134
62 96
68 36
132 76
114 90
67 48
63 84
107 118
35 59
99 127
108 106
77 126
72 110
68 15
81 88
86 108
102 73
59 56
96 85
31 19
135 137
10 46
43 50
53 89
126 114
91 44
67 150
48 95
32 40
58 52
112 49
146 143
58 97
133 40
133 47
126 109
13 57
112 107
69 33
29 97
55 125
34 94
145 6
120 149
126 39
7 100
101 72
50 72
79 57
147 61
63 59
123 111
93 87
144 134
81 110
136 38
94 15
32 38
78 93
136 32
38 91
47 82
91 134
136 29
109 30
33 88
105 45
116 89
116 40
72 41
16 94
121 62
47 30
100 147
94 33
79 88
55 80
25 117
87 94
10 52
54 5
86 39
130 39
3 130
111 30
78 111
51 41
29 126
65 48
43 60
16 21
78 83
120 20
27 36
149 15
66 138
117 115
148 27
41 73
16 59
69 87
12 105
131 70
94 127
7 145
99 28
92 66
119 118
101 22
55 34
83 30
133 5
21 24
148 106
79 6
2 6
29 143
133 62
63 33
96 57
136 46
2 103
10 103
26 147
55 6
69 5
132 63
114 15
43 91
136 75
11 115
34 2
135 52
77 65
86 107
130 99
125 121
3 1
15 39
53 18
97 105
67 143
54 44
50 16
116 12
101 19
47 21
4 65
43 29
8 39
88 85
26 50
8 85
25 107
145 142
144 104
9 105
148 35
14 61
63 99
4 59
116 131
132 21
19 113
43 147
75 112
69 107
53 139
123 2
102 28
49 33
144 127
140 134
34 103
50 73
37 144
51 73
25 39
52 44
32 77
140 106
71 50
142 15
16 44
95 51
113 38
43 125
100 94
81 53
60 5
70 79
53 24
31 75
120 141
75 25
132 72
72 139
26 135
35 38
50 101
134 20
86 141
7 1
7 51
86 103
101 57
67 45
25 50
112 76
75 79
40 76
81 17
135 142
9 101
83 36
98 140
40 22
53 82
22 33
43 47
59 142
68 117
120 127
14 41
56 105
95 84
68 147
31 97
109 139
101 118
117 39
56 38
51 106
74 108
35 57
142 24
37 49
68 3
121 8
121 142
4 127
66 139
19 94
80 89
14 109
2 96
75 83
34 108
77 59
100 45
132 59
126 36
32 90
66 57
99 73
98 84
19 70
102 111
32 34
58 11
37 52
130 142
112 41
38 45
137 41
71 27
54 50
50 84
10 98
118 88
122 97
106 24
64 85
43 1
132 148
102 121
54 8
95 70
127 24
32 83
50 106
55 109
5 22
53 51
136 143
60 17
53 28
135 83
13 138
47 115
42 97
132 4
100 28
23 125
71 106
25 125
122 105
60 121
50 27
63 20
26 58
104 28
126 27
74 62
86 110
47 148
80 137
28 1
100 59
71 146
65 79
104 24
103 141
89 91
19 82
148 131
148 116
109 59
4 15
78 51
130 97
2 45
20 1
2 8
82 20
55 18
26 5
83 93
39 57
29 80
123 38
68 17
90 85
29 12
43 34
140 6
92 51
61 127
4 48
37 91
67 87
136 2
42 11
146 36
66 121
123 48
15 20
116 6
43 14
17 150
87 20
132 88
101 21
140 80
104 95
37 140
96 82
81 51
98 73
121 144
104 38
117 45
42 19
8 45
76 41
68 139
145 137
133 95
104 113
34 49
100 122
32 125
31 8
92 67
141 18
116 33
68 8
92 57
144 96
71 100
63 1
59 90
125 140
35 60
66 36
147 116
26 138
40 129
17 22
128 62
43 72
2 17
23 69
66 16
136 117
23 143
47 143
99 108
35 126
55 81
145 22
40 91
86 3
23 30
50 21
43 113
31 131
114 6
131 6
75 27
107 51
146 114
150 38
54 9
133 127
118 85
11 1
53 130
36 56
63 110
107 113
130 21
26 51
13 17
7 92
81 137
43 146
37 12
61 65
101 115
23 107
25 127
51 12
78 38
27 139
71 8
98 108
2 113
123 33
17 12
3 106
97 15
126 113
7 3
102 41
78 64
114 84
6 111
36 39
5 85
4 131
39 138
112 104
55 85
98 64
147 27
55 113
78 109
121 27
119 121
64 138
67 93
68 149
113 82
75 86
69 65
71 61
25 104
25 148
14 20
68 94
101 82
49 21
51 33
29 52
75 98
15 18
112 1
113 150
36 41
92 116
31 25
94 106
37 96
31 101
25 88
135 124
65 134
105 73
96 138
89 112
144 73
131 87
56 150
71 94
17 142
150 88
94 79
103 97
48 8
23 121
83 138
50 93
32 65
146 76
21 1
146 41
21 30
82 138
54 113
25 103
35 45
37 143
117 33
98 93
6 90
149 110
76 141
64 118
100 12
23 84
124 90
136 1
132 68
22 115
132 17
58 22
130 22
14 129
34 59
110 88
145 126
37 58
4 55
75 107
128 55
62 52
28 33
79 134
80 113
69 134
75 45
53 105
2 97
63 101
83 1
9 30
25 99
63 53
77 145
32 79
66 112
13 94
25 90
90 73
37 103
92 72
98 122
23 83
67 95
94 115
122 52
146 96
119 1
93 134
111 91
40 62
100 10
37 134
84 6
34 21
9 4
114 21
63 93
8 138
110 90
36 33
131 84
105 44
27 108
96 106
111 20
120 53
87 127
81 117
74 30
136 108
37 95
149 5
39 127
148 98
93 110
132 69
88 90
14 86
93 17
50 36
143 49
37 111
7 118
14 102
7 96
50 82
21 20
122 129
119 114
50 137
135 39
55 56
31 56
39 84
80 109
95 142
144 115
44 30
31 57
119 53
38 105
117 106
63 76
80 106
54 27
48 41
109 106
35 46
47 146
124 66
59 11
66 69
64 56
128 147
43 122
26 127
117 85
135 87
70 12
113 59
55 91
7 99
144 94
122 131
46 24
61 72
128 134
92 1
32 126
29 62
26 148
64 65
77 138
37 80
120 61
4 92
9 15
87 62
23 113
99 129
149 142
99 150
74 139
13 145
77 22
123 20
68 111
25 49
98 90
77 134
128 19
125 113
81 104
77 143
95 38
119 57
79 82
147 20
128 85
128 14
75 8
123 76
3 84
131 97
97 46
126 93
65 59
27 109
60 52
71 73
92 103
114 18
143 138
126 122
92 86
26 74
89 87
60 61
69 142
2 28
136 15
78 107
72 17
120 67
122 49
78 75
76 142
99 33
78 2
144 33
124 30
149 41
82 111
78 22
34 144
121 61
63 105
58 99
87 111
54 36
102 125
124 27
119 49
143 72
140 84
61 11
128 52
41 90
77 93
99 105
76 33
42 137
42 91
107 79
132 122
132 2
146 138
55 46
55 82
133 76
14 98
70 15
58 95
67 134
60 131
77 42
132 125
31 51
36 115
121 126
34 118
132 40
136 6
109 38
146 38
4 74
136 16
7 58
37 2
108 15
21 45
54 138
43 135
5 8
49 134
110 84
100 39
10 115
32 131
4 93
117 82
133 87
68 81
4 45
80 8
34 105
54 16
14 50
66 101
89 131
43 142
13 2
17 39
128 86
3 149
9 8
126 87
68 65
124 73
74 91
114 19
133 14
109 137
120 106
110 5
124 139
77 38
147 138
131 95
66 52
63 38
51 96
32 3
112 139
54 87
117 112
21 84
4 95
47 34
72 79
144 46
9 100
26 19
49 84
112 56
50 110
86 58
55 59
10 84
58 139
10 123
22 6
66 143
65 52
150 91
44 24
48 150
84 138
36 76
103 74
150 105
2 130
6 57
109 129
109 12
3 88
147 113
50 104
63 72
68 45
13 61
9 32
5 39
102 55
100 108
13 96
35 53
119 109
92 131
78 50
81 52
2 3
96 127
103 41
141 88
3 146
14 39
135 1
3 27
10 116
123 72
93 1
140 56
124 147
119 50
54 130
32 22
114 28
128 17
142 134
145 131
122 94
14 146
72 141
128 30
31 125
99 56
147 36
7 8
25 57
123 15
75 81
75 50
9 95
125 94
74 93
5 111
26 13
68 34
147 8
56 141
46 20
75 129
129 18
140 143
136 33
50 139
89 107
114 129
9 65
65 84
67 104
78 31
89 51
23 118
73 20
127 12
139 12
64 70
83 104
124 89
122 62
108 142
47 92
71 24
10 126
147 141
77 140
109 21
99 131
92 87
2 104
137 22
150 85
97 30
66 149
35 103
42 33
40 99
77 99
136 79
31 45
98 141
124 129
5 106
143 134
23 22
19 11
77 84
94 22
14 58
148 102
146 6
55 27
97 85
47 116
66 97
23 131
14 52
133 4
34 70
11 20
58 110
68 109
107 33
23 141
86 109
26 44
55 12
136 146
149 24
70 18
100 36
47 106
60 16
47 130
124 118
9 14
36 44
54 11
16 139
17 36
43 17
68 59
71 39
135 125
7 66
29 104
138 57
7 141
16 141
54 35
125 46
57 12
87 107
131 96
66 144
5 38
13 58
130 6
143 16
92 120
62 115
17 38
55 52
7 113
133 3
53 129
47 53
93 6
40 18
47 32
100 98
26 29
9 57
32 21
25 69
80 67
107 48
69 8
9 92
100 55
10 49
13 92
109 6
66 90
48 70
23 102
64 51
55 64
120 114
133 2
63 10
66 27
131 38
51 5
125 80
65 82
53 112
5 15
86 115
56 106
4 80
103 111
140 112
147 143
87 33
123 18
48 30
60 30
129 57
89 16
44 134
54 63
55 1
133 48
98 86
68 148
56 5
50 118
83 51
97 138
123 137
76 111
132 57
67 112
81 150
15 111
22 118
13 123
63 42
126 12
4 53
49 82
117 114
68 93
124 140
74 115
122 106
92 90
121 81
101 104
83 118
10 61
43 95
115 84
121 84
118 134
129 96
34 44
70 106
67 109
128 10
99 137
130 95
37 68
124 69
47 44
137 51
98 129
50 57
71 90
98 21
125 41
66 123
10 125
108 24
23 80
139 44
95 115
136 24
23 2
133 139
119 100
13 60
31 14
10 56
13 35
34 64
42 17
102 46
94 70
47 87
67 18
92 74
26 118
69 70
64 21
114 82
47 67
7 24
54 37
124 95
76 57
29 6
63 34
125 67
40 30
10 18
9 36
16 84
51 38
148 51
122 39
93 48
29 141
76 129
50 86
135 97
39 18
133 140
79 118
111 45
61 141
54 81
66 140
118 91
101 1
83 53
9 93
106 90
107 17
122 117
116 107
23 35
128 98
70 138
35 109
109 17
31 36
66 131
102 83
128 127
137 106
7 6
75 39
145 110
43 45
60 65
49 90
107 24
31 105
123 24
77 106
108 39
100 107
51 20
13 148
128 64
21 46
99 49
93 64
74 97
31 114
103 110
76 45
29 94
74 111
61 108
68 30
100 44
148 112
63 21
48 5
148 138
66 95
34 99
114 130
123 19
149 33
50 147
107 38
7 18
146 142
25 72
50 135
71 44
54 82
145 18
63 67
4 134
94 91
43 89
147 46
69 81
119 72
147 84
31 62
64 141
114 5
58 134
120 146
111 52
139 24
53 96
51 88
123 97
119 77
119 16
120 122
102 70
43 116
75 52
62 134
131 65
131 56
10 62
136 122
109 24
9 72
5 141
74 45
26 120
37 78
140 99
35 69
43 94
107 59
13 74
145 79
128 88
141 30
28 65
128 115
95 49
115 85
59 91
35 145
67 130
130 87
43 85
104 111
87 97
2 131
87 57
16 109
126 44
87 110
17 51
103 142
21 12
31 120
147 140
103 1
114 38
149 44
21 6
146 8
105 85
32 118
140 150
63 120
13 126
2 33
14 33
147 115
63 150
27 33
147 69
83 69
144 18
146 94
133 36
80 118
38 52
83 139
37 60
56 22
54 135
34 85
112 113
42 98
99 19
109 48
83 57
29 51
110 85
126 24
62 38
4 126
15 33
37 104
83 143
36 30
32 144
4 150
128 2
31 20
139 142
76 5
32 116
66 106
14 82
32 74
112 15
124 144
113 12
7 117
121 95
140 137
26 17
93 62
75 125
56 90
112 79
108 8
22 111
98 131
107 45
148 90
133 126
10 21
121 134
56 82
98 8
98 3
22 30
33 24
128 38
28 85
4 1
31 53
44 45
43 98
86 48
135 22
141 12
92 70
74 87
16 5
70 49
146 48
124 113
122 108
105 24
119 136
83 45
125 79
14 145
114 45
26 42
19 20
140 90
75 58
31 118
120 39
130 16
55 45
25 60
102 22
21 105
132 12
43 104
119 140
76 52
146 57
50 58
61 106
69 62
121 97
23 59
75 135
117 27
54 142
25 94
34 111
51 24
125 76
50 98
116 19
144 20
102 44
144 16
122 90
102 69
123 88
68 125
63 41
11 46
81 143
62 8
128 112
107 57
149 46
114 97
49 111
7 32
99 110
78 56
21 91
149 8
108 51
121 110
62 127
31 64
7 22
32 49
89 134
26 96
111 1
99 72
80 65
143 48
95 6
128 140
64 36
130 44
83 29
80 18
146 84
50 70
65 17
68 130
101 74
54 56
135 61
5 57
119 110
49 15
100 118
28 6
27 57
56 52
67 126
68 41
131 57
136 67
121 53
2 38
132 118
14 15
142 44
32 112
81 16
136 21
111 90
10 130
3 17
66 65
20 18
144 111
65 51
52 134
112 18
121 72
113 142
59 41
149 91
19 108
75 38
132 142
26 4
109 149
81 146
114 111
36 65
131 91
103 130
110 15
27 56
31 35
60 90
121 45
19 118
69 99
89 56
54 134
103 20
19 79
126 91
133 85
77 82
19 38
14 70
47 147
68 105
37 59
29 76
32 72
29 48
149 22
109 33
125 18
102 45
64 6
140 104
13 28
33 85
95 82
78 15
99 44
93 106
125 59
133 80
93 46
81 36
123 87
148 62
71 140
61 22
116 49
14 80
43 80
19 56
148 29
63 144
145 105
123 1
10 142
17 105
148 84
31 149
78 17
34 51
76 1
77 103
29 107
125 38
70 52
43 10
78 30
69 116
72 106
47 83
52 12
128 40
35 12
126 46
130 56
83 6
124 45
107 84
127 1
9 145
123 146
78 12
78 91
78 76
92 148
98 146
50 15
43 128
37 97
113 15
145 90
54 86
74 129
28 96
92 123
23 18
112 99
40 94
50 65
4 110
141 52
27 61
149 30
49 51
71 34
114 44
149 39
77 74
125 120
117 97
129 82
7 74
136 8
75 42
37 73
123 44
89 5
109 138
31 2
8 84
144 6
149 129
100 138
66 142
31 115
40 87
142 30
92 135
43 71
140 49
107 105
66 107
7 11
5 134
136 25
72 28
23 46
19 8
23 36
25 147
83 96
68 77
104 16
61 41
10 11
89 143
106 39
129 52
112 138
42 94
81 57
113 73
2 39
139 6
118 115
10 101
97 33
25 30
98 28
3 65
2 87
109 56
89 6
81 18
40 33
9 88
37 106
113 84
31 123
117 1
35 137
28 142
136 53
83 97
112 106
124 21
32 44
47 144
130 30
126 19
89 36
94 6
148 103
147 66
144 110
29 96
117 91
87 64
26 102
80 131
148 93
93 107
145 91
27 46
130 19
66 6
43 55
40 111
121 30
122 82
99 62
9 83
80 24
35 143
132 18
53 39
62 94
41 1
117 46
29 40
92 129
117 62
75 118
75 22
67 17
19 15
103 8
123 129
65 5
13 62
32 104
121 22
87 85
14 101
118 41
133 142
69 48
59 39
114 22
40 115
120 51
133 90
28 16
119 70
2 21
145 41
17 15
39 90
119 4
16 52
93 95
48 149
16 113
77 12
125 134
79 20
149 108
67 105
29 146
92 84
116 95
47 9
62 24
110 91
129 150
42 48
100 78
10 104
66 17
48 15
55 121
143 150
29 17
112 108
35 91
103 85
135 115
128 79
122 104
79 111
148 69
75 60
54 90
79 41
139 150
78 134
95 79
86 8
66 38
68 116
60 120
102 62
53 126
96 52
60 123
138 18
22 20
135 91
87 51
31 24
60 112
130 48
119 132
60 110
128 126
140 116
116 149
43 139
9 84
32 81
136 52
31 66
123 73
133 24
95 39
128 144
96 91
34 131
122 11
79 76
38 6
149 79
34 39
29 28
66 114
34 126
104 59
68 121
58 3
138 88
113 129
71 88
7 61
150 44
137 142
66 81
67 74
76 6
37 83
131 16
132 70
142 33
141 57
100 113
116 139
58 106
136 74
32 20
53 57
80 149
98 127
94 45
71 114
19 51
75 6
146 17
14 28
36 6
4 17
41 91
39 105
19 110
64 59
71 55
66 15
2 145
35 88
69 86
71 36
71 72
136 94
93 118
124 107
5 18
137 95
100 99
34 67
133 117
9 59
75 124
54 91
107 94
142 105
21 141
119 59
4 147
77 24
103 81
75 64
117 5
91 90
43 54
148 52
125 64
50 69
148 146
107 85
132 89
113 106
146 106
112 93
14 17
9 48
113 70
43 106
113 105
74 15
43 65
96 46
60 38
10 1
29 93
7 9
7 109
16 106
140 115
92 150
94 141
4 51
26 48
72 45
128 69
145 67
148 141
59 141
91 33
37 27
125 101
69 118
145 61
80 97
74 65
38 138
13 72
128 13
92 15
3 21
25 144
124 55
68 22
143 99
102 76
81 67
26 91
11 76
92 112
109 46
103 87
114 149
8 134
121 65
102 101
107 64
60 130
61 64
68 13
27 18
75 21
32 64
9 143
103 58
55 67
92 10
120 52
143 108
132 140
132 109
145 112
103 101
64 52
21 127
12 33
147 79
101 143
75 24
145 8
31 137
96 105
74 64
27 72
135 80
49 44
53 44
144 142
37 17
116 105
40 143
14 35
113 41
136 45
133 69
133 53
103 39
75 149
112 21
93 65
139 52
35 95
123 6
132 14
141 38
23 94
59 139
16 142
124 97
75 89
102 90
149 106
23 89
37 102
126 107
77 57
42 56
32 24
69 98
86 117
23 14
136 121
128 16
108 44
83 87
123 53
42 57
92 122
97 39
31 21
72 46
138 24
136 145
25 59
56 85
133 63
14 29
120 28
37 44
121 82
109 87
116 15
92 106
109 8
120 41
46 134
17 56
23 60
148 34
61 115
124 80
31 135
143 94
138 85
92 149
10 80
98 65
60 50
69 112
135 90
28 30
128 138
143 62
136 109
43 27
43 21
23 77
124 40
37 22
119 105
74 52
121 93
136 9
64 38
145 46
68 142
13 113
116 28
78 150
117 59
50 32
135 73
148 115
114 64
116 62
132 114
112 24
25 82
147 110
146 12
23 142
49 52
37 53
17 91
148 10
116 5
95 134
48 82
62 84
89 30
137 33
116 141
84 44
40 45
32 89
103 18
80 142
29 65
51 118
92 16
145 84
48 85
89 101
102 80
13 110
72 97
37 110
77 11
25 95
63 49
10 41
149 139
61 24
137 105
7 77
128 82
86 149
92 20
125 127
49 46
119 61
72 73
63 121
132 94
72 38
102 106
9 44
128 87
110 76
100 104
136 84
67 22
71 137
76 85
125 62
75 97
32 86
35 49
141 33
23 56
104 11
11 105
114 137
116 46
120 101
25 66
54 83
124 117
148 109
11 111
26 87
111 134
72 20
148 83
150 142
120 72
23 81
103 70
28 48
120 130
86 94
74 114
10 139
89 18
5 46
98 117
28 5
135 46
100 121
116 114
14 149
128 84
79 22
97 8
92 48
130 70
132 56
116 65
135 101
150 6
65 108
14 57
78 130
63 130
131 141
35 83
52 33
9 138
36 49
110 150
80 19
126 111
38 33
55 60
144 137
100 91
101 138
84 45
89 104
143 110
141 73
84 82
149 115
48 24
105 134
14 78
101 62
103 106
20 45
55 3
93 150
66 39
54 117
146 22
60 91
25 21
122 20
119 10
23 13
66 134
128 125
40 89
69 97
75 110
59 85
29 139
25 18
65 22
74 76
61 87
76 12
140 101
132 144
69 20
9 110
7 149
129 138
76 24
86 145
76 30
13 82
7 131
9 109
90 30
34 86
98 24
13 49
86 22
35 112
143 51
110 115
19 57
83 105
67 40
68 80
146 91
109 62
116 39
129 84
124 28
25 84
79 15
4 64
58 45
140 131
128 96
116 82
2 73
119 131
58 111
136 101
29 106
51 21
26 15
13 112
140 20
86 56
49 18
130 111
107 82
100 103
128 41
14 18
95 21
50 134
133 67
147 97
135 116
4 146
37 21
101 45
101 8
116 118
80 6
135 134
31 112
78 144
43 48
121 141
75 10
140 107
74 88
53 49
67 115
78 126
27 39
139 38
136 103
105 20
83 81
17 111
140 145
131 33
71 46
101 76
114 143
101 16
64 49
147 40
94 110
77 112
128 70
43 66
123 12
75 116
2 57
139 118
34 145
124 29
94 8
32 59
43 70
78 61
2 27
147 39
2 40
71 28
101 127
13 115
66 18
127 6
100 139
9 98
69 15
8 18
145 3
69 131
43 12
111 105
17 30
8 15
102 118
53 61
83 18
113 110
116 144
117 15
122 72
71 80
14 97
4 37
93 97
7 12
54 76
37 32
31 122
136 114
44 46
9 73
145 138
7 30
35 2
63 127
122 84
71 2
9 118
29 18
115 24
66 89
124 131
71 118
49 8
42 2
122 139
148 80
3 11
72 24
126 20
47 20
10 141
144 61
17 11
2 143
71 85
60 83
19 139
11 139
132 73
78 139
66 58
75 105
92 76
35 33
107 15
93 45
102 56
137 18
80 84
10 44
16 6
3 112
65 18
132 95
121 140
126 130
26 77
3 20
57 44
70 8
84 134
43 78
95 76
43 38
89 48
122 6
141 138
64 18
86 59
98 40
25 140
65 139
78 149
58 15
5 24
147 108
86 134
7 38
150 127
147 139
132 137
22 82
21 44
115 82
53 65
81 59
63 19
71 92
3 72
47 134
109 15
48 57
81 126
71 119
97 90
101 64
29 11
69 85
26 137
26 68
140 27
34 149
62 51
146 18
125 118
61 79
132 130
99 57
67 5
47 86
112 87
42 64
104 110
43 93
63 98
96 1
98 96
78 146
58 150
120 5
7 91
46 73
43 141
116 101
36 57
118 21
36 91
2 117
7 75
55 118
136 17
19 85
86 137
61 76
148 31
121 87
81 111
123 41
128 93
35 42
18 30
25 98
114 131
133 106
10 15
63 58
137 91
92 117
61 93
146 21
148 78
70 85
74 150
133 37
53 141
116 44
135 77
43 108
67 16
132 30
86 142
57 90
148 97
36 106
7 97
62 73
53 56
70 108
26 55
122 27
23 122
34 1
109 93
80 144
5 1
3 64
37 20
67 46
131 76
130 106
92 12
55 120
108 20
28 18
147 106
71 63
71 49
69 67
71 66
69 115
31 99
19 5
92 42
123 109
1 73
75 104
106 33
63 66
143 45
146 95
143 15
57 30
77 89
144 22
59 111
125 85
3 5
4 129
83 28
130 109
19 12
97 84
146 33
43 131
7 140
96 24
26 24
50 150
54 145
54 33
16 17
95 45
28 134
101 131
100 62
140 28
63 96
10 74
136 91
119 87
39 91
112 28
76 118
83 48
11 134
86 73
120 65
116 73
108 1
13 86
66 86
60 143
71 84
113 141
3 22
121 99
98 20
42 73
31 134
128 105
41 6
25 33
37 116
61 59
78 66
68 69
43 25
47 52
140 81
36 90
83 86
98 99
11 96
68 103
136 54
36 73
100 30
54 92
17 113
51 85
137 6
120 96
35 124
49 12
125 137
58 74
129 111
22 38
60 138
77 129
67 114
40 88
3 49
95 57
55 108
72 149
48 91
17 1
132 24
65 96
7 45
10 86
60 20
34 30
56 51
131 18
128 133
110 49
36 62
9 135
55 142
142 45
47 2
42 39
56 49
108 18
43 36
121 58
10 108
66 113
106 6
31 103
145 30
53 59
123 104
42 36
26 97
34 91
17 110
8 141
14 124
31 94
16 41
47 142
36 107
63 36
21 150
13 140
14 32
14 107
75 29
72 108
123 85
130 17
29 24
147 131
130 62
140 21
78 110
10 135
137 5
25 10
140 51
60 2
32 115
119 85
66 2
62 118
43 76
102 115
58 141
83 56
102 147
131 12
53 6
136 131
35 51
78 143
56 110
37 122
96 20
64 110
13 80
107 56
17 24
68 102
113 85
121 108
133 138
57 18
53 138
43 6
106 1
107 149
122 96
63 134
55 86
70 30
124 137
32 46
147 28
84 105
135 117
69 138
98 138
42 28
136 130
68 140
148 124
2 144
150 52
70 57
71 45
137 96
89 59
74 51
126 95
37 6
2 149
71 97
9 142
50 125
91 18
116 150
47 6
128 83
9 86
26 37
35 73
71 57
146 115
132 131
77 49
125 29
58 6
139 82
65 41
14 67
69 22
64 17
145 144
27 5
54 111
47 56
46 12
52 20
143 65
68 58
134 30
119 73
40 142
11 30
66 88
121 69
23 34
99 36
74 141
125 73
150 24
144 87
109 44
75 20
88 82
133 143
89 118
48 79
63 118
66 12
9 140
55 41
54 31
116 29
132 84
115 12
133 50
42 142
147 104
146 30
54 144
99 38
31 109
49 138
139 5
27 70
119 81
128 50
87 82
8 88
88 1
103 107
132 126
98 101
34 58
109 73
63 94
40 114
146 46
49 115
123 131
70 73
94 138
135 60
25 135
2 106
120 77
37 100
140 69
131 8
103 116
128 129
58 16
95 91
78 28
48 96
16 11
50 91
92 45
121 146
126 59
33 30
25 74
125 39
93 141
34 90
135 62
35 105
37 129
103 105
102 122
25 112
26 130
25 105
23 79
124 88
61 134
145 94
119 125
17 46
146 59
69 39
87 52
61 6
129 39
77 5
111 115
104 64
145 130
28 12
59 129
107 95
54 4
119 112
37 135
128 21
78 105
15 73
25 106
50 52
143 84
27 143
101 142
28 90
35 114
53 111
131 88
7 36
4 135
120 99
25 48
120 82
19 150
10 150
35 72
43 26
77 21
148 60
80 143
98 126
125 49
56 108
148 85
13 144
101 106
53 21
32 19
55 62
121 41
4 143
55 40
147 88
26 65
84 85
28 107
65 129
9 77
135 103
31 1
32 85
129 46
117 3
92 109
146 110
23 44
76 15
87 88
116 20
124 134
63 135
43 103
144 41
77 118
63 83
23 97
101 39
83 113
66 72
4 107
141 118
101 87
9 113
2 22
35 40
93 70
137 64
53 97
60 41
132 74
80 117
15 85
53 1
124 18
112 36
102 117
132 97
60 82
43 39
54 104
128 124
49 30
82 73
145 57
9 80
145 76
126 28
63 108
100 87
104 22
71 17
133 56
47 102
40 104
98 114
129 22
74 85
68 44
25 114
55 42
26 131
68 97
130 90
29 130
87 12
103 143
14 114
71 1
126 70
148 87
31 145
147 24
65 73
110 129
127 115
63 74
124 149
16 90
77 19
148 11
35 121
41 30
132 66
15 90
110 18
54 146
128 78
75 114
28 59
132 8
125 51
83 134
63 82
78 41
4 35
71 30
78 42
26 111
40 146
133 65
128 131
102 99
49 150
120 16
104 48
112 19
132 150
83 64
86 118
83 150
59 108
54 141
100 21
104 17
59 20
63 27
80 70
128 143
132 35
123 115
126 1
54 140
58 44
101 20
77 94
13 16
112 16
142 1
87 59
34 53
63 39
104 118
26 107
144 149
106 88
135 111
74 118
3 16
25 6
75 40
11 79
7 93
75 144
93 105
100 64
47 109
55 76
114 134
31 52
100 105
141 127
135 121
29 114
29 5
145 72
47 139
127 82
116 30
33 105
63 107
13 55
89 57
124 110
119 69
63 142
