InstanceID
3_200_4
NumObjects
200
NumFactors
4
Weights
81.16984049958616
98.84323655013432
80.76220876500786
97.00908450487537
14.006111319509863
50.94438024440222
5.869740597593154
0.4257960600515309
97.46379934512355
55.72251384524507
46.44219211852372
28.750905582916953
29.667422568049084
7.406140670186545
93.3822715119282
90.86247079387266
48.70178369398248
99.83365542219973
77.86784345523358
41.36363807491079
45.39047277606774
35.29550224135758
39.0673840146025
55.561284138980426
99.95078776658117
63.41548117024516
70.49372690283045
33.2357445964389
20.77455048550412
51.72703999377211
36.919136368796536
82.10130315255914
22.200300968290154
65.23099642029342
83.47008419211927
60.294851937842694
82.37081182259236
7.508171673301223
64.80468674119608
14.200619456349317
52.38606310706322
61.4037062877711
46.577560296931054
85.9138371612873
67.24265190607458
87.76539056979628
17.61588547250925
21.4903999903181
81.4266736759997
46.588502816506086
43.28910383035891
85.3442434417053
67.56362875342501
13.253287492426846
57.29564537432801
30.141651779469413
14.375710281694488
70.8855104425462
85.05110662921584
86.57568335290296
24.33719527390823
26.942116719892994
32.97546887834597
73.82966505980697
25.515777452374433
96.15322651992805
19.078313105885435
78.83723374408768
32.805904962218314
31.3879484342535
69.2984848190323
12.63986370880632
92.28889845744848
72.98781294761558
82.06148178751643
60.68752042248402
98.96835969933917
38.682369546247706
41.48337238375321
2.526738137602824
65.69926222171792
8.002174313155418
16.670654105889128
12.678774931938609
55.39627714445889
53.771870385342964
70.5091368568318
37.411769376383106
69.5401318194173
4.6016550918932975
12.56253308190216
30.176086799826862
93.85788520221281
47.58051909404397
22.496979486902013
71.46872407305258
18.523686142549245
58.69686816509849
86.78163945933584
86.46078997245579
2.5055847328883996
85.45426536731271
87.06028830490276
22.98111787428434
54.224633747193906
75.24141081112936
52.053581279655646
90.86642860439373
73.27516245131727
85.19991902760576
4.489780148927691
91.9348709012197
21.419187217745716
81.17673753262802
21.256925584659992
91.50689223930036
78.06593289875772
3.785733087898069
17.60656691910283
30.732615094988923
43.950947989625114
35.44861602400105
45.25307920827861
32.98461010660396
98.6889533102092
65.08054643250007
34.11618150726421
47.164870204462204
97.79101430473271
94.94065135996344
62.03622646483067
85.2602023866042
28.30356442194768
54.45764862994853
20.63153520034595
99.8017187845287
85.1340997573057
33.44396171645481
0.48370662844030576
57.992593303693575
85.38296711119955
8.250784537986355
97.15187276012063
34.53992329339579
97.15161818736442
87.66479673021506
99.6059159068403
12.537235304424232
16.52900908162891
53.61750228438464
59.93909454958284
96.82165719286104
97.25451772483427
21.544365515867938
17.753946131786314
61.509277990035315
97.21611897817417
66.75188042505702
19.82592203665483
28.190010279434464
3.8380926691147232
43.17423315734439
79.13605310459076
78.7354113616399
60.85059255331235
22.24360438951578
88.54548015193264
23.609657344346658
43.32524342431825
60.023344086757355
75.56285362668946
94.79017964899217
6.692776122739752
10.71532569656748
7.021398494029851
66.60962946987455
7.087173468546903
68.88881972232608
0.3628865909382828
94.28860793986276
99.92787573677464
55.33492902808037
57.36600291353564
97.71752526076412
72.99885494015486
74.6851030013842
1.7259676620526854
10.253541155964196
56.79669100427751
93.37614631069056
42.148593486004174
5.437518947587439
68.14590958815954
28.065187620491994
30.89041489178539
39.1612488914602
61.105561742770085
4.1255264562706895
19.606389047511506
91.69854819150942
Budget
5269.089530690254
Profits
-16.23396809991723
-19.768647310026864
-16.152441753001572
-19.401816900975074
-2.8012222639019724
-10.188876048880443
-1.1739481195186308
-0.08515921201030618
-19.49275986902471
-11.144502769049014
-9.288438423704743
-5.7501811165833905
-5.933484513609817
-1.481228134037309
-18.67645430238564
-18.172494158774533
-9.740356738796496
-19.966731084439946
-15.573568691046717
-8.272727614982157
-9.078094555213548
-7.059100448271517
-7.8134768029205
-11.112256827796084
-19.990157553316234
-12.683096234049032
-14.09874538056609
-6.64714891928778
-4.1549100971008235
-10.345407998754421
-7.383827273759307
-16.420260630511827
-4.440060193658031
-13.046199284058684
-16.694016838423856
-12.05897038756854
-16.47416236451847
-1.5016343346602445
-12.960937348239217
-2.8401238912698634
-10.477212621412644
-12.28074125755422
-9.315512059386212
-17.18276743225746
-13.448530381214917
-17.553078113959256
-3.5231770945018503
-4.29807999806362
-16.28533473519994
-9.317700563301218
-8.657820766071783
-17.06884868834106
-13.512725750685002
-2.6506574984853692
-11.459129074865603
-6.028330355893883
-2.8751420563388974
-14.17710208850924
-17.01022132584317
-17.315136670580593
-4.867439054781646
-5.388423343978599
-6.595093775669194
-14.765933011961394
-5.103155490474887
-19.23064530398561
-3.815662621177087
-15.767446748817537
-6.561180992443663
-6.2775896868507
-13.85969696380646
-2.527972741761264
-18.457779691489698
-14.597562589523116
-16.412296357503287
-12.137504084496804
-19.793671939867835
-7.736473909249542
-8.296674476750642
-0.5053476275205648
-13.139852444343584
-1.6004348626310836
-3.3341308211778253
-2.5357549863877216
-11.079255428891779
-10.754374077068594
-14.10182737136636
-7.482353875276621
-13.90802636388346
-0.9203310183786595
-2.512506616380432
-6.0352173599653725
-18.771577040442562
-9.516103818808794
-4.499395897380403
-14.293744814610516
-3.704737228509849
-11.7393736330197
-17.356327891867167
-17.292157994491156
-0.5011169465776799
-17.090853073462544
-17.41205766098055
-4.596223574856868
-10.84492674943878
-15.04828216222587
-10.41071625593113
-18.173285720878745
-14.655032490263455
-17.039983805521153
-0.8979560297855382
-18.38697418024394
-4.283837443549143
-16.235347506525606
-4.251385116931998
-18.30137844786007
-15.613186579751545
-0.7571466175796138
-3.5213133838205657
-6.146523018997785
-8.790189597925023
-7.08972320480021
-9.050615841655723
-6.5969220213207915
-19.73779066204184
-13.016109286500015
-6.823236301452842
-9.432974040892441
-19.558202860946544
-18.988130271992688
-12.407245292966135
-17.05204047732084
-5.660712884389536
-10.891529725989706
-4.12630704006919
-19.96034375690574
-17.026819951461142
-6.688792343290961
-0.09674132568806115
-11.598518660738716
-17.07659342223991
-1.650156907597271
-19.430374552024126
-6.907984658679157
-19.430323637472885
-17.53295934604301
-19.921183181368058
-2.5074470608848465
-3.305801816325782
-10.723500456876929
-11.987818909916568
-19.364331438572208
-19.450903544966856
-4.308873103173587
-3.5507892263572627
-12.301855598007062
-19.443223795634832
-13.350376085011405
-3.965184407330966
-5.638002055886893
-0.7676185338229446
-8.634846631468879
-15.827210620918152
-15.747082272327981
-12.170118510662471
-4.448720877903156
-17.709096030386526
-4.7219314688693315
-8.66504868486365
-12.00466881735147
-15.112570725337893
-18.958035929798434
-1.3385552245479504
-2.143065139313496
-1.4042796988059703
-13.32192589397491
-1.4174346937093807
-13.777763944465216
-0.07257731818765656
-18.857721587972552
-19.98557514735493
-11.066985805616074
-11.473200582707127
-19.543505052152824
-14.599770988030972
-14.937020600276842
-0.3451935324105371
-2.0507082311928393
-11.359338200855502
-18.67522926213811
-8.429718697200835
-1.0875037895174877
-13.629181917631907
-5.613037524098399
-6.178082978357078
-7.83224977829204
-12.221112348554017
-0.8251052912541379
-3.921277809502301
-18.339709638301883
FactorLoading
0.42484584442839246	-0.02490905201263849	-0.3359133262199343	-0.21433177733903475
0.1280142699772897	-0.06795595312533509	-0.02209336625938052	-0.7819364106379947
0.2229041269920129	-0.5741672961304116	-0.15406287254347606	0.048865704334099425
0.5706154695247423	-0.18777621567775493	-0.03250271780429559	0.2091055969932072
-0.5483923157605886	-0.26291640169333785	0.18055736797762334	-0.008133914568450251
-0.600184372481863	-0.0829211421678604	-0.09798718689733166	-0.218907298452945
-0.17690368007694435	0.5498194084563535	0.23264298863225008	-0.04063392283445211
-0.25793932259054575	0.5692860304593816	0.09031719332788102	0.08245745362219159
0.04128476295611505	0.1684590018938794	0.5934220457899748	-0.19683418936003072
0.023811633676862565	-0.4144617490505955	-0.4083666577562113	0.15335995951633064
-0.2943693885444403	-0.294196616505364	-0.39797812576701275	-0.013455869183182978
0.18324007967534017	0.016740580253181703	0.08809882225085497	0.7119205178206232
0.012066123268541062	0.2524889346091228	-0.5403452694954016	0.1950996726269345
0.07991089938186069	-0.6071688865100346	0.20845501940381772	0.10446519470428695
-0.007652772345587033	0.42866351344389075	0.19630864398786474	-0.3673750702226575
0.18883085585252601	0.2446676128375911	0.3472970056367499	0.21920452567313298
-0.4576149880882603	0.36533335142833057	0.11931922843019382	0.05773243205321532
-0.08054940718212356	0.024763578850729884	-0.11324325643622402	-0.7814437575309225
-0.02474428315279087	-0.641480259183641	-0.293649758178508	-0.04012569948506006
0.05649995103610328	-0.30643487963074434	-0.44628930575410997	-0.19077586357904242
0.41745615504158096	0.28781468335607774	-0.27026878084404493	-0.024460380758296374
-0.4919109073549086	0.028903264347150293	-0.24300434785755143	0.23618148044038967
0.14838785089313156	0.016758886334534484	-0.12067033866235599	0.714182924109978
-0.186189850803973	0.16866562788092732	0.18745333482370907	-0.4576911864913906
0.18679938631048465	-0.46117369299844735	-0.25065738290386785	-0.10136953778720015
0.12073972439977276	-0.4159413542571524	-0.09781605497735946	0.3655028663657154
0.1360984758559094	0.061573433839261504	0.6395837274423446	0.1627443628624845
-0.14856297086065262	0.5981846676607334	0.17867515113746024	-0.07457721034115372
0.07174649568538327	-0.024501927556837444	0.7126458995875071	0.19110567717027216
0.10433820316111242	0.031804453631606666	-0.5269902444495793	-0.3368670987577016
0.04390813114378256	0.04769112147210475	0.6718201997523356	0.23658054763177705
0.12707724394193853	-0.3656539175604785	0.42851754325193614	0.07875129524564684
0.2665739807284555	-0.28392101432247996	0.39383566818161486	-0.05566933676744967
0.037138584195816504	0.1541358638702448	-0.5833195632237809	-0.22540598871015782
-0.10450395764027265	0.5978926321232401	-0.025911345126755636	0.27169206510973165
0.10230670661234553	0.48580904816693815	0.26266481272242537	-0.14921943249829095
0.34571607887386113	-0.18536378970418488	-0.19733762189451154	0.27158250952744245
-0.11806431579020105	0.3609583537958807	-0.10259608542106102	-0.4183812449928572
0.10261189231238887	-0.44261822855026267	0.2622235484083486	0.19254633072899985
-0.38336229371544306	0.41078717307113344	-0.06989218057778279	0.1359583526356407
0.1099333531612332	-0.039779329748589554	-0.3586759997795326	-0.49161131731064467
-0.20444796253947484	-0.1583717945020935	0.09450897843983164	0.5426712645186
-0.3497275511329423	-0.08008008095047425	-0.20554045539441668	-0.3646519125221668
0.07928237683471329	-0.2505143992117991	0.29410641782180535	-0.3760968061316823
-0.578367056751649	-0.0005553405200624528	-0.062022123334319224	0.3590554793939693
-0.08520199329283829	0.24963696576741112	0.3342711111103873	0.33088992982936327
0.06036704507470203	0.08931259310241146	0.19302693932580617	0.6572934224970803
-0.508612306981389	0.1201306193799554	0.14669161223218707	-0.2245654614064685
-0.237607892556009	-0.4952657324418335	-0.10095393589868329	-0.16617243910347423
-0.039414487669822806	-0.02275649693845283	0.1534811044974762	0.7843479108942482
-0.21059050191142603	0.17055529330241392	-0.46392038202061414	0.1549338227655459
0.0605470366937213	0.3728408281978606	-0.11075270694109474	0.4558594281673234
-0.1612350077857172	0.04595750055988823	-0.40427589698096744	-0.3885315946734271
-0.5362224443981154	-0.17369044448946358	-0.008364626248622109	-0.2817224848637989
-0.1799226259656328	0.16364134661475327	-0.39856296391623136	-0.25787306350338257
-0.1597551361481111	-0.3117964537548996	-0.39553240251057575	0.13291600758641353
0.1511670970086807	-0.31024542170583325	-0.4176313426634204	0.12095613862206567
-0.21375858720668828	0.2264849549289809	0.21364920733930193	-0.3461072505250289
-0.12669580751673393	0.48845574054355945	0.29323465231745693	-0.09161379962224969
-0.4386813998666166	-0.43175842852531554	-0.08008639614867663	-0.049473775459391245
-0.190456640048009	0.5365749045535355	-0.26441547638572893	-0.008552979012726558
0.29764605572978176	-0.19671727094811486	-0.38636716679578287	-0.11926950652632051
0.0038400769187740824	0.6022610135395263	-0.05329846695737772	0.34060044258432187
-0.03142474330315759	0.22863817281056154	-0.3674787781933717	0.37245830569290916
0.1090120014908098	0.2301667876975737	-0.1049201953093657	-0.5559010155022508
0.34302863418396834	0.1148905599591945	0.03904835593694589	-0.5030324499198913
-0.6235163733266251	0.36056048564142174	0.007139038612475446	-0.00878410241947769
-0.4096429689649135	0.014373486069292785	-0.3754143532357903	-0.20056919173000343
0.07041378394142361	0.09317672800100407	-0.8315570673721115	0.004852420685460768
-0.03530011106702613	0.5814447720725828	-0.3811335933107962	0.002121523549594828
-0.16826071101804718	0.22270856104094694	-0.019040135432494498	-0.5899905925085114
0.4114283166800936	-0.16030206130701785	-0.3402437164057943	0.08802590560709422
0.3702837593334154	-0.1898244578291921	0.26013969480260446	0.17975208803478804
-0.006698906028475005	0.13390825657131433	0.1775314804944148	-0.6818613569057959
-0.20235805919038086	-0.05825633269848973	0.138469921115423	-0.6009156869957064
-0.02180108374252754	0.22660414591725875	0.26757883519999015	-0.48401593514022356
-0.059172726911095985	0.3177496959360233	0.033508400476205846	0.5895691766766749
-0.24179469955784194	-0.27112097845094985	0.3278018353072576	-0.15928248668395062
-0.5982766406611084	-0.14822342795650778	-0.24396308086117302	0.009536850521210782
-0.07322668991557957	-0.1157878717608345	-0.29564843106775185	-0.5153370072558341
0.15180659106279615	0.05722909440634605	0.37384144225562776	-0.41712287227523004
-0.6509265496165832	-0.10982518941018338	-0.09193162948584033	-0.14731663148739305
0.12451372078613798	-0.4304492062245022	-0.022399226765973168	-0.4226378462233866
-0.5082011621912046	-0.3272165936177376	-0.11057568593770473	0.0540065582533531
-0.09168245045663248	-0.389087176594048	0.47684674030704643	-0.04238363264227307
0.2574777988100616	-0.011749344888035473	0.15300523894220652	-0.5777676173596964
0.4587839808898262	-0.40593468561580015	0.01649798904142208	0.11878334445295158
0.060352844247546944	0.7183699656802263	-0.1420816440382633	-0.0791955460339635
-0.6630947594777716	0.09317906753967509	-0.19764679078934555	-0.04607938219320773
0.49869338979011757	-0.04137422285735104	0.2930135175789623	0.16691886977356907
0.08607681583941451	-0.27615973362177915	0.5782718877766582	0.059491562762148176
0.0037517879938298027	-0.21965189069146973	0.2310432902858146	0.5455530310288859
-0.04012973883794202	-0.5095189650758163	-0.3547119705431119	0.09563932554312982
-0.6817958257748631	-0.14266046517490927	0.0627211868361075	0.11282252221412015
-0.3468591140912003	-0.20121753464206926	-0.2887922521811299	-0.16313109908560053
-0.11868037814125665	0.08940677046083056	-0.33077545524643304	0.46113739615147975
0.23148308078154112	-0.27876673346040337	0.3551753120536645	-0.13457487370439103
0.04235826660373365	-0.5371200978986443	0.27792678329564646	-0.14259485220197554
0.40041023923713026	-0.4259016186352911	-0.01503169539809135	-0.1586564467294873
0.47868544648236266	-0.20831733414929987	-0.043083608641348414	0.26991361072698905
0.17828743257788582	0.251583062492281	-0.4260556782935687	-0.14407382663626445
0.691032065212051	-0.08951790654610114	-0.15049786374631346	0.06895216449553443
0.2993229886977262	-0.4098125459159867	0.036715783252635914	-0.25414868213365116
-0.05037538081476489	0.18733111633555732	-0.33535776077683943	-0.42693574207283835
0.5504164799134794	0.07538456924792403	0.198179650783312	0.17601930005528454
-0.05795825750853312	-0.6684952497387946	-0.21570637877626186	0.05784011397641042
0.14969425803523184	-0.03234802956282157	-0.0503375838902238	0.7676201285117228
-0.6358905275739093	0.0854919985610485	-0.042603650805989046	-0.23601382305905316
-0.02266413929906186	-0.09225372797892262	0.47732653167182093	0.4077556010501946
0.05554804951398595	-0.08074626012491914	0.41962522220192566	-0.44408046815916924
0.11266769058055193	-0.13496505803038672	-0.3692163718903618	0.3831508794986995
-0.031874220509650275	-0.7740943669253249	0.06923706526926465	0.12479434729576022
-0.0015436905682937319	-0.3201795956472058	0.4642065813498768	0.2140701324346237
-0.27653444387945303	-0.134135946881766	0.5828699648238274	0.006459644414953614
-0.39123186613591465	-0.13077638585589213	-0.3246030848854857	-0.1533886631227075
-0.22186235688620282	-0.3313077480547293	-0.14884611420975657	-0.2979837808493113
0.11881822359906957	-0.46865182556800544	-0.26523956751381506	-0.14729038331910993
-0.02781661041438399	0.570761009786293	-0.1580344424626683	0.24338793733665476
0.06325033514450928	0.07029155140126075	-0.6125050568700492	-0.25395305658418077
-0.20680479155459697	0.43538925907397874	-0.11141252636191279	-0.2463934230095115
-0.06336497281780162	0.04591567025268639	0.7723641720458252	0.11835518488368679
-0.1864726626409119	0.0530259559461046	-0.3243722822974078	0.43612909911557574
0.22298028487712473	0.03994339047931561	-0.26143586009949527	0.4756404645440644
-0.43303833008978776	-0.23277653150523614	-0.01570813350273581	-0.3184770049022403
0.26998518254610726	0.03956814860215885	-0.49012713437857847	0.20031953447315543
-0.31193858966976307	0.20843570386590105	-0.22273567774325653	-0.25689002872107936
0.04166736802712023	0.28529882952484553	0.44216037077863257	0.23087343166940166
0.08250616098399899	0.5015173343180963	0.09294181369702326	0.32303469100088145
0.09819968814950664	0.01945405310128745	0.19855435896492502	0.6837918997842809
-0.04470121985630349	-0.46662980310784596	-0.2840821158853388	-0.20458686115051172
-0.10497329989173743	0.26806263198969305	-0.2767989159936244	0.35016515212494514
0.3132190764061171	-0.10337556934680414	0.019595307521078187	-0.5638100467260005
-0.11653364489204243	-0.301532162115012	-0.2698860288585603	-0.3120481641343853
-0.14875669687736504	0.02063548690330852	-0.5383724470638866	-0.2922353691554398
0.39779948077221405	0.44821903579890554	-0.08165201487011453	0.07232946855876587
0.16296554155459964	-0.007690910649287286	0.1848966435701218	0.6444469042259913
0.21962849279659968	-0.5949822718698976	0.1519075229692981	0.03348171236420461
0.4671997105003196	-0.4678391402915347	0.014641471457933264	-0.0503196777502124
0.48189789829204965	0.2641680674834954	0.12775223694853532	0.1261817972759196
0.36195260944202134	-0.21826349679779944	-0.046853816514675906	0.3729300772455033
0.2951454924379642	0.013549237001101222	-0.3012756756694235	-0.3900295948915111
-0.07455128369812569	-0.8558913486806681	0.015042909729148457	-0.05451445789205778
0.01991421129257298	-0.6126411169940622	-0.24059185484647383	0.12685281686689098
0.34500792089773147	0.2228138591152149	-0.43159018574436714	-0.0005880342426864971
0.2969979097257538	0.5460600091365437	-0.0706377974162602	0.08630428372144228
-0.22186605244292723	0.007378421159733195	-0.3211036120049462	-0.4496519143923934
-0.20006915970528083	0.023318704313802563	-0.43534752992448933	0.3412646060564273
-0.20506193513782045	0.10820837359983781	-0.2657259172179962	-0.4210037740443455
-0.22207177665402167	-0.11271690872634021	0.43262613845500697	0.23258517616463115
0.10272292667921312	-0.11624174335147242	0.45034508453291355	0.3306902454364009
-0.15205112164915557	-0.5962004285579925	-0.22152778354772984	-0.030220666245122096
-0.528910001314149	-0.16409220542698777	0.18559662454893244	-0.12140116870993078
-0.6420894449230341	-0.008428002593437345	-0.010713882138343012	0.33876867034518554
0.5776283739287413	0.22697254690244906	-0.13540883036261975	0.05999024880618986
-0.6015594146954952	-0.04267272011190992	-0.30441088169714026	-0.05135698349545459
0.36757967594066887	0.10388251982842323	0.4605433206454901	-0.06799448358541782
0.07921974272688304	0.005449105623731798	-0.18109304216348465	0.7342381094859005
0.490784093996137	0.16230701936592218	-0.11632173877114704	-0.2305871478667938
0.48500195231978616	-0.2886632434069354	0.031561319966418644	0.1947734843068598
-0.06222176245721811	0.7443734506524458	-0.03498746043505996	-0.15841732645527618
-0.2028258366685678	-0.2757332481898245	0.32256491986047786	-0.19887599528112987
0.30435165002841713	-0.0002926419009614545	0.3945888900827257	0.30076681798789573
-0.3078123462350666	-0.1322770158422144	-0.1871109996617324	0.3727996382609866
-0.3765372724456837	-0.1506840731116419	-0.34187167620517434	-0.13090697823750008
-0.23244451804185529	-0.24636872948583188	-0.5067164469966843	0.014470305475628553
0.32363709018849485	0.12496922604922855	0.34480704379130356	-0.20658663997097304
-0.23387044412772773	0.007259763055571966	-0.07237962684163013	-0.6864901659750702
0.07394189896170045	-0.003476131493321377	-0.2686538677054542	-0.653928101839524
-0.2785926878989595	0.23591760531747075	0.4168416058624238	-0.06864810092114593
0.10806017247812516	-0.06736324667672733	0.7526332053477212	0.07194337549742635
-0.3812261049774335	-0.16987049881372207	-0.2692317254770762	0.17967167073176826
-0.16846279370737172	0.13079204306525472	0.35062982737679804	0.3501153358505755
-0.12412180667327699	0.8173625816732946	0.026832939640830666	-0.03168267201259778
-0.11191197856994117	0.4867579863578331	0.1663642638504199	0.23496577122180584
-0.06914488874382307	-0.24333581809663873	-0.4919412356781854	-0.19557805748135282
-0.07846273219112465	-0.28114887415372536	-0.14432278170686574	0.49606561194828425
0.6805914527560284	-0.0358214199886695	-0.1413240070013977	-0.14226312025390442
0.12207161902246244	-0.14509099967676042	-0.6832477788551408	-0.04958960244563637
-0.4097177618173551	-0.23571017720364873	0.28016395404590777	-0.07440810693308841
-0.08727329959610053	0.03480552088907363	0.7329845528926549	0.144936626622171
0.4951625607669101	-0.24568053218884	-0.17734268697695765	0.08181422006729222
-0.04207599975939025	0.09671967819392191	0.4872177181217998	0.37398660392488803
0.21510198617066068	0.28205341067685774	-0.06768426484746604	0.43516033830501555
0.3612989369774511	-0.07611823403804707	0.011299734806127004	0.5512830941783748
-0.6523091623086048	-0.01692726963163782	-0.3038646909457594	0.026898877113997965
-0.1276599630980113	-0.5656597554108307	-0.009871798340748361	0.29680848315040964
-0.38485131071716383	-0.5103932381843903	0.08642664503567477	-0.018328806062771097
0.3506207044267975	0.4177366916544296	-0.024733470631760346	0.20690913328701255
0.024729188311272354	-0.40766633144786346	-0.4014162438185702	0.16618823642229397
-0.246427923646247	-0.10660859500656006	-0.4792849551947853	-0.16767852615240764
0.2674587140593703	0.17216390330352316	0.548743160738514	-0.011634221898592534
-0.36692654060737717	0.020269068249821443	-0.4982589735580687	0.11454541758473269
-0.338638278000134	-0.25913300078735	-0.1175396396981927	-0.28468908151432326
0.4599371504390053	0.42327881055191563	0.08819829850515837	0.02858574050392071
-0.46218418910446246	0.038626499903005485	-0.46294115607550124	0.03624815491703082
-0.03811108760162063	-0.3817385932863404	0.1418622610823892	0.43828805802964976
-0.34595667380800976	-0.10261881039505671	-0.33243311135752784	-0.21899140443940568
-0.32522559575433196	-0.195802331873125	0.013671565414103526	0.4653005069584395
0.4448801520247099	0.3353703661506131	-0.08668409266877175	0.13306538915590527
0.1702101954516655	-0.5175939065114186	0.000692520965960064	-0.3115033770709559
Conflicts
190 108
174 134
15 88
69 80
116 130
74 11
62 139
14 112
125 5
197 111
162 88
120 19
43 110
19 52
65 152
123 70
71 46
135 108
151 65
9 52
99 1
133 144
28 46
122 115
68 106
13 27
29 33
25 86
160 16
177 15
100 110
195 99
136 172
191 155
47 145
103 192
186 84
11 18
137 107
55 188
31 110
198 196
170 173
3 91
42 116
47 114
37 85
102 11
135 94
145 8
75 193
130 85
170 101
41 18
200 154
26 117
146 155
7 137
124 199
195 188
14 84
11 90
68 188
200 75
113 169
175 73
89 52
51 150
101 84
113 79
35 106
86 95
54 57
132 106
180 52
86 169
93 88
200 193
167 101
89 72
77 85
191 125
131 105
71 188
181 19
148 116
86 76
175 30
77 104
128 198
23 180
162 41
191 124
72 93
13 99
28 84
195 155
156 60
12 134
16 70
58 153
10 164
92 72
78 74
89 94
109 184
64 149
25 13
37 41
72 162
78 15
113 24
66 176
26 161
67 1
50 18
54 68
13 90
179 3
189 117
195 129
179 73
120 36
76 84
133 143
160 176
56 84
71 3
156 193
170 58
69 105
116 99
78 181
159 45
168 1
34 61
81 145
129 22
92 27
19 73
136 1
43 20
133 187
166 60
160 40
187 157
66 44
100 120
29 198
86 69
29 17
29 57
21 15
63 126
189 97
166 182
11 183
128 107
42 21
161 139
72 59
178 90
194 169
149 12
72 90
161 127
164 188
171 182
116 188
168 194
184 96
179 171
27 8
31 153
67 106
32 88
42 106
159 190
128 72
144 48
102 110
165 107
87 39
97 88
40 131
193 188
180 72
80 95
163 147
23 40
7 81
81 175
153 48
77 53
199 150
133 175
87 118
151 36
135 117
110 188
200 197
108 46
159 113
136 120
119 108
180 97
83 141
166 61
9 152
115 90
78 127
170 17
140 165
132 183
29 155
128 59
130 134
170 144
22 85
32 143
159 175
117 51
166 162
65 118
128 37
9 108
68 146
14 5
188 57
195 197
136 147
38 33
44 20
156 112
145 95
4 57
81 45
78 140
176 1
179 139
72 155
140 184
148 59
25 2
173 155
160 52
153 142
81 27
154 182
43 143
72 85
93 18
35 85
176 127
124 161
70 111
177 110
54 40
53 76
93 105
153 164
149 138
144 138
167 136
11 8
13 180
159 118
120 90
166 66
82 73
28 186
25 177
167 154
192 176
54 3
155 129
47 40
172 118
49 6
42 16
148 108
178 53
9 94
25 124
102 17
90 158
3 152
47 62
172 98
194 2
192 97
29 142
167 175
181 73
74 197
37 109
34 122
13 56
119 113
47 169
120 198
138 18
20 45
187 179
123 11
167 152
147 144
128 1
102 147
54 60
193 56
25 56
10 107
172 152
149 150
43 160
4 67
121 98
133 197
22 150
75 157
64 108
7 10
130 109
101 45
13 177
78 69
177 185
192 118
35 42
13 93
153 97
155 38
83 137
99 91
139 5
11 30
101 41
133 158
189 76
125 8
8 21
60 45
98 44
177 18
135 154
154 57
14 106
191 115
93 79
159 185
92 91
101 162
9 74
123 150
102 154
128 173
112 6
147 181
144 152
180 90
177 45
100 11
97 41
42 176
136 134
28 12
191 80
71 196
190 5
64 88
50 74
34 134
31 69
99 17
130 88
179 35
135 165
191 105
130 192
48 39
50 62
2 86
169 183
63 90
133 123
166 129
34 38
160 24
35 48
145 85
81 108
43 144
119 62
37 178
178 196
130 149
43 114
29 138
3 36
178 80
35 189
37 45
193 192
192 48
89 24
199 46
140 59
180 131
3 131
40 105
177 126
63 75
122 51
180 150
9 111
198 99
187 17
172 11
123 116
124 15
47 104
181 131
42 69
53 104
50 171
92 195
50 40
103 112
156 89
173 96
111 20
136 87
132 115
163 105
200 69
195 125
43 107
31 34
120 115
119 38
86 105
155 15
11 188
187 33
146 96
56 94
128 26
103 185
169 70
200 70
71 182
101 52
42 38
98 94
98 171
178 182
180 69
47 162
77 117
51 45
80 59
23 31
14 190
103 101
135 44
169 176
176 5
123 58
193 64
157 155
181 134
46 45
25 89
178 16
120 15
198 143
32 130
135 129
104 137
126 62
199 139
113 1
175 185
89 49
164 73
43 173
154 39
4 55
189 58
180 58
168 187
69 45
125 24
23 179
167 127
9 67
157 85
107 141
189 30
37 181
47 4
128 36
54 5
32 20
181 70
180 171
112 70
191 193
25 158
126 38
51 115
156 109
178 21
10 8
99 96
177 158
167 193
132 111
182 158
29 152
103 53
116 93
74 134
87 46
163 37
163 113
71 25
109 115
7 54
101 99
155 183
151 120
156 196
100 81
14 193
147 80
177 64
83 62
166 14
61 97
191 16
123 12
10 89
149 45
66 93
136 88
29 94
154 171
10 33
120 8
29 107
175 46
54 147
93 84
94 57
16 62
155 82
62 84
199 53
135 123
26 134
145 16
174 117
159 88
198 112
80 155
94 20
200 45
200 176
174 99
97 184
193 169
40 8
81 158
58 8
104 152
42 93
118 111
191 162
92 96
101 73
181 95
69 185
36 6
189 142
53 94
177 76
151 103
14 64
168 183
56 139
178 115
64 90
130 113
23 146
198 16
137 49
100 89
14 79
13 147
117 184
117 118
93 185
26 106
31 115
7 169
9 147
92 82
42 184
101 6
100 182
5 30
122 74
197 30
55 135
104 142
68 63
137 20
71 183
54 181
145 17
133 91
176 49
43 95
194 165
3 44
81 176
135 35
166 95
189 162
159 171
63 40
146 142
143 46
116 129
61 127
148 114
147 20
192 41
146 62
147 2
50 56
190 16
79 106
106 142
48 38
174 115
68 31
157 165
121 145
42 122
170 153
26 132
87 6
75 61
68 171
189 188
5 134
71 93
120 29
77 1
14 169
13 152
100 114
159 131
166 171
177 84
133 2
120 74
43 82
112 141
25 145
92 161
115 57
159 48
34 22
172 72
151 46
189 62
26 133
47 89
168 157
112 185
74 91
179 103
159 15
132 149
177 40
65 64
151 44
159 116
166 138
189 33
23 135
96 46
141 115
194 144
148 21
177 11
177 161
37 57
119 100
43 199
162 22
186 21
143 186
163 64
128 194
44 158
122 87
167 60
197 88
94 152
191 183
188 39
99 41
118 183
92 78
125 20
4 64
102 44
102 82
4 97
28 137
43 21
35 50
168 145
143 64
9 75
75 141
174 53
32 162
147 45
173 188
47 154
164 90
55 74
132 93
70 110
194 93
147 188
17 6
191 134
101 82
166 33
54 179
37 124
147 89
81 104
71 80
116 137
161 65
89 20
168 14
62 76
200 83
192 185
198 17
151 74
41 88
100 42
198 91
75 3
166 28
172 126
26 181
166 168
80 198
54 31
13 106
63 147
177 94
105 138
9 38
39 46
97 134
166 92
7 105
4 35
35 172
93 108
194 154
173 177
108 85
7 80
174 30
118 24
9 13
168 87
172 58
198 24
60 15
25 61
42 58
55 171
37 84
10 109
54 77
79 188
72 111
38 24
37 127
60 18
126 84
25 36
191 83
140 115
77 74
78 189
68 100
58 105
47 72
9 161
97 182
4 56
116 176
119 16
77 49
78 126
29 143
188 88
141 1
36 70
7 5
148 144
36 97
137 182
181 46
170 74
26 164
181 11
17 79
141 21
165 149
144 139
174 14
154 64
163 75
121 123
40 85
198 62
81 38
198 85
154 120
48 59
56 44
55 76
75 22
68 34
118 15
42 169
195 172
153 127
104 72
171 21
126 8
180 172
171 90
177 44
103 196
5 129
121 181
66 46
142 52
148 42
147 15
140 130
16 134
80 56
53 87
198 1
156 97
23 106
43 8
150 12
198 52
137 59
133 184
116 153
61 107
191 112
62 5
157 64
78 11
131 110
75 73
70 84
190 96
3 5
23 44
135 39
155 41
154 51
38 115
101 196
163 140
148 118
173 199
60 107
166 161
173 147
80 185
77 114
102 57
168 72
26 47
69 146
200 100
13 2
46 85
151 146
154 79
36 152
9 63
75 41
174 163
63 17
26 157
35 122
129 12
128 61
166 15
75 85
81 142
160 56
162 185
192 44
152 105
27 115
159 89
99 107
119 67
160 69
92 141
133 14
133 53
195 109
143 20
185 12
120 127
147 183
200 90
136 112
11 182
16 8
14 185
66 183
179 185
135 79
156 33
117 196
108 127
117 76
157 197
19 142
92 181
104 79
148 66
99 185
68 150
80 186
2 134
9 154
173 187
19 134
116 164
140 126
108 49
103 123
53 143
94 44
81 6
198 126
181 94
168 159
64 24
194 56
70 82
156 42
3 24
74 12
116 196
86 8
77 94
128 60
123 185
143 155
66 8
169 5
166 25
191 118
125 103
173 21
9 104
148 182
168 93
60 2
103 93
125 108
145 82
80 74
173 90
26 101
96 183
192 49
4 70
120 118
121 118
16 96
3 138
193 164
189 16
120 73
119 111
187 123
198 197
145 20
92 164
130 164
28 171
122 158
101 62
9 116
173 65
35 18
191 150
32 59
132 147
136 38
173 182
11 44
35 118
180 194
140 84
178 130
49 57
170 177
99 64
78 116
187 55
168 105
128 100
47 12
35 141
177 117
145 41
171 38
190 76
164 94
89 85
9 3
7 123
133 196
71 10
37 91
42 28
61 115
13 103
120 131
140 99
92 81
69 164
78 152
37 53
199 188
180 130
101 94
97 44
71 26
92 138
80 3
172 115
112 131
54 42
21 138
135 127
70 105
98 138
181 40
126 115
47 80
195 15
128 127
119 137
180 24
27 6
159 6
149 52
186 82
117 67
166 20
71 191
128 49
147 19
156 79
139 171
154 72
23 76
173 116
143 39
179 125
66 130
128 81
76 18
41 21
102 56
9 129
80 164
135 104
100 102
10 49
198 158
77 33
122 90
193 107
40 24
81 129
26 108
114 56
133 178
93 96
71 88
53 175
168 2
59 88
67 70
184 38
170 194
48 76
177 69
187 159
167 188
92 60
170 162
146 19
4 120
159 22
156 86
70 127
75 182
172 85
167 32
126 142
106 18
122 196
99 105
78 121
133 137
92 139
124 107
159 41
128 141
42 76
179 129
163 157
75 130
75 62
66 126
172 61
136 153
25 120
180 53
62 184
109 142
110 45
100 195
160 150
102 165
191 15
68 124
10 112
55 5
13 1
155 197
60 123
154 176
106 33
75 176
159 184
180 1
172 107
195 50
159 79
167 121
159 189
98 112
81 12
195 145
9 194
42 67
175 105
107 150
174 27
160 42
47 17
133 100
170 135
2 33
124 5
122 143
169 134
145 5
130 141
35 142
61 30
25 5
157 106
23 124
76 197
92 19
34 81
189 52
187 1
29 69
193 48
35 138
65 96
191 94
60 126
160 33
7 112
5 15
125 96
54 11
168 92
105 91
170 167
41 85
4 78
118 38
97 96
42 162
180 188
146 127
77 151
181 76
65 94
159 104
170 103
68 21
16 39
193 184
32 55
175 141
124 76
12 84
143 184
7 32
160 75
198 28
133 147
103 81
99 97
8 142
34 109
37 83
148 17
101 126
174 22
136 56
191 70
137 45
16 45
32 172
3 6
179 16
195 87
104 6
81 106
104 129
42 127
195 110
26 105
10 95
155 118
116 27
43 158
63 62
23 35
68 55
5 127
139 21
136 51
192 171
102 29
168 122
135 67
92 66
151 61
149 197
156 147
173 87
50 176
147 161
80 107
178 1
94 6
194 103
94 1
37 167
10 79
112 155
9 177
37 132
104 46
132 140
115 85
9 65
89 64
174 195
61 149
67 158
174 42
199 190
77 40
174 100
149 96
61 57
191 176
174 138
50 145
64 185
19 118
63 118
120 62
177 138
44 82
90 134
184 24
181 41
78 169
140 21
31 39
26 196
194 123
119 60
7 168
69 18
157 27
32 104
148 91
43 151
136 41
186 129
92 102
35 199
199 90
174 122
193 69
178 89
195 196
128 87
187 27
61 48
29 44
68 86
132 116
123 198
164 84
27 44
179 45
62 59
43 122
120 134
112 90
143 52
122 27
152 15
191 5
102 115
122 114
160 55
51 46
97 197
35 82
26 140
168 81
135 106
23 41
102 126
77 123
101 188
23 176
68 172
25 52
144 52
170 140
71 42
123 36
111 158
3 190
67 73
147 145
15 12
34 8
175 129
37 171
31 145
50 58
4 194
191 81
50 34
197 6
47 123
147 44
93 5
67 107
51 176
8 158
123 39
107 169
168 178
66 18
47 37
102 39
155 11
21 96
77 155
31 33
50 53
173 150
162 82
200 123
11 41
54 157
13 19
133 67
89 56
79 44
4 13
47 174
193 129
15 127
54 59
43 92
43 45
133 36
170 44
69 93
117 94
27 17
42 141
164 91
199 123
13 39
141 106
76 20
87 139
112 51
8 118
103 184
180 129
193 176
157 118
192 28
161 33
192 18
100 58
171 82
39 24
120 70
26 104
74 38
14 127
150 21
78 14
3 146
9 162
37 185
89 46
99 18
46 24
113 150
166 81
187 183
31 61
144 15
191 14
75 108
120 145
173 121
175 184
184 183
19 169
23 81
11 15
2 185
110 33
97 70
54 66
132 58
199 155
107 22
155 56
84 182
71 162
167 138
98 116
9 35
25 53
69 76
142 115
31 197
143 94
124 122
54 88
152 150
117 131
133 16
144 39
151 153
95 5
172 51
13 129
103 1
120 79
94 182
180 30
178 137
68 153
81 5
168 25
150 197
31 75
172 171
130 108
31 195
122 171
135 86
116 79
9 59
135 90
144 129
23 138
86 5
78 158
3 96
16 64
144 143
93 51
180 142
109 1
26 159
109 150
125 153
146 113
14 196
61 12
188 15
37 88
63 154
128 22
133 104
31 135
90 105
66 197
166 55
119 165
120 1
177 62
119 77
166 46
172 81
170 75
160 190
99 183
127 88
200 157
133 64
119 99
27 73
180 199
25 91
200 37
136 30
60 127
178 177
167 113
77 48
112 144
132 176
123 165
81 85
150 183
34 114
113 84
2 22
181 82
191 157
58 73
148 165
2 153
55 53
110 171
80 38
142 91
67 164
193 94
62 57
13 149
140 79
130 139
104 74
102 127
173 195
160 67
103 27
187 177
2 56
69 184
180 16
157 185
122 57
179 84
114 155
11 127
77 182
179 33
164 158
126 57
26 74
153 155
133 32
110 184
53 11
19 12
54 13
74 36
168 98
70 182
99 149
101 85
99 49
89 33
117 56
89 129
103 49
75 127
47 48
195 3
178 129
91 24
49 106
25 113
199 41
22 12
99 84
80 104
32 146
120 17
80 152
103 51
74 142
179 112
167 172
169 73
151 67
7 88
186 65
89 21
86 111
8 45
53 150
66 79
163 10
147 3
9 165
13 69
78 192
7 103
161 115
199 3
195 154
27 196
83 99
160 172
55 192
101 91
25 55
110 79
50 44
68 156
112 175
175 197
128 90
37 158
109 118
28 183
200 169
195 79
97 30
161 185
65 176
58 18
42 109
109 41
14 154
60 192
37 64
108 118
143 41
189 109
153 104
165 108
13 131
72 11
23 5
102 28
103 175
193 41
4 104
101 184
163 88
86 196
195 149
4 124
112 12
164 184
109 196
169 1
156 115
71 107
143 79
161 192
92 3
120 21
110 158
74 90
148 138
17 96
187 69
80 108
54 114
63 73
198 36
124 45
172 73
36 94
79 96
31 74
98 97
119 35
50 129
192 85
4 141
102 158
112 137
121 105
143 115
180 115
75 8
61 95
183 18
125 16
2 126
145 196
167 83
116 91
78 20
54 85
172 76
27 18
167 118
109 18
98 115
194 181
128 111
71 94
175 97
197 90
75 89
156 184
194 52
63 106
197 138
59 184
77 90
98 76
5 45
102 138
37 162
43 104
149 111
174 10
106 127
170 94
4 168
103 65
26 25
77 52
4 114
115 1
180 120
37 51
83 39
84 6
31 187
168 123
148 83
63 138
126 11
4 14
42 64
71 8
71 48
193 117
5 182
61 112
199 33
160 162
178 103
146 176
151 139
80 158
156 17
3 70
7 95
89 108
191 65
153 64
177 149
28 88
99 79
47 179
13 53
165 93
104 22
10 11
13 42
87 36
26 88
36 24
187 18
125 129
172 161
188 106
100 134
4 90
135 40
78 94
61 182
155 111
187 101
10 114
136 44
32 56
132 191
60 12
191 88
79 138
66 45
179 101
191 25
19 6
120 139
128 175
69 122
199 152
86 73
185 84
104 36
135 183
53 197
168 124
74 41
12 45
9 156
199 82
31 118
136 158
140 76
186 94
64 164
50 196
154 83
179 90
62 183
80 41
17 33
26 193
78 30
190 196
163 158
117 197
4 196
107 76
179 87
200 143
166 90
60 109
7 16
159 165
128 180
35 93
120 197
91 45
116 72
14 155
121 52
47 131
23 80
40 137
23 105
163 103
59 115
66 76
124 165
57 24
25 144
86 101
168 78
120 165
89 95
13 153
25 14
187 16
137 197
38 182
78 188
92 95
171 142
42 186
185 139
136 191
194 19
136 3
124 180
71 130
23 199
149 51
195 34
13 159
181 56
93 33
14 108
168 13
157 28
156 69
69 186
167 3
68 83
114 162
116 64
153 87
172 140
15 57
172 199
86 114
3 19
135 140
23 134
96 6
136 14
186 79
192 1
132 127
66 111
117 126
49 141
14 62
143 76
64 8
54 61
80 15
102 74
60 150
27 176
4 189
77 164
10 193
172 15
133 190
51 171
74 127
86 82
23 10
113 118
47 167
128 42
75 66
177 56
2 196
114 175
102 188
120 112
198 88
133 102
153 96
187 148
189 98
11 1
119 93
107 41
186 88
6 20
136 183
36 17
157 59
191 38
58 52
199 85
163 123
103 98
200 62
71 108
69 137
47 77
173 1
193 162
199 111
162 64
47 149
130 114
7 12
21 182
124 81
146 49
196 30
75 102
25 95
129 24
153 169
34 64
167 5
93 76
3 186
173 85
172 155
145 45
148 10
12 57
180 86
40 139
60 58
9 41
163 185
120 95
11 57
147 109
67 113
119 28
160 114
179 49
65 97
136 163
140 101
172 93
147 162
148 137
74 84
7 57
55 134
148 115
156 198
137 88
26 45
195 162
126 183
191 62
53 145
67 188
121 147
89 73
31 105
47 81
125 131
137 17
25 20
10 28
102 121
68 130
169 171
167 24
80 91
15 105
93 142
95 171
157 17
175 15
179 121
95 94
135 171
151 89
160 120
147 107
60 76
89 27
103 137
109 127
43 5
35 99
10 66
178 61
100 17
109 141
68 96
145 108
173 41
159 107
29 45
173 16
199 118
199 198
163 57
59 96
29 30
93 82
161 45
92 145
77 171
14 44
13 142
137 46
28 155
154 106
187 196
11 115
63 159
172 105
28 97
10 106
7 49
145 21
98 140
14 152
124 175
114 197
37 123
175 94
35 83
135 59
165 30
28 93
168 162
125 56
151 185
131 15
195 38
42 87
9 50
56 164
47 155
181 91
191 177
187 110
54 127
109 46
180 157
132 174
153 6
135 82
65 105
13 38
4 157
172 22
148 127
95 39
191 161
173 83
7 29
131 153
120 186
67 152
13 76
142 96
54 87
23 72
192 17
131 30
102 161
160 27
135 145
126 118
160 169
121 40
144 64
52 6
98 198
83 88
195 186
132 123
161 183
23 196
187 60
4 34
43 163
71 18
130 91
61 169
109 36
180 192
26 112
23 182
4 130
184 141
163 137
54 184
98 188
200 56
48 149
76 118
153 192
122 109
175 20
119 18
72 138
47 164
3 59
47 198
35 110
7 160
31 162
108 41
173 38
136 144
148 90
180 139
34 198
100 41
80 11
25 88
63 5
153 152
188 138
78 44
60 41
119 33
136 47
128 193
121 73
166 50
117 38
53 149
119 123
101 15
177 104
172 34
88 20
199 2
121 69
123 29
99 6
63 85
63 30
155 70
82 30
64 1
26 81
27 162
137 111
42 81
51 184
130 30
92 118
159 154
186 64
67 186
35 94
61 162
29 95
143 30
160 9
200 89
3 175
50 42
23 46
7 147
166 135
168 30
195 150
63 156
132 164
93 127
13 197
77 51
121 115
162 169
114 91
47 95
191 149
28 184
166 133
29 116
126 186
10 153
194 134
9 91
21 115
67 28
129 105
63 60
7 159
54 46
128 153
98 155
113 5
123 64
144 91
3 62
31 117
180 137
34 193
184 5
101 5
140 95
159 42
100 84
188 20
29 137
63 102
118 90
170 123
125 82
132 138
187 38
156 39
53 131
52 115
72 88
155 96
144 88
132 82
48 82
198 134
124 93
102 171
9 82
151 29
179 2
68 94
109 113
8 73
114 169
60 106
170 14
21 158
154 44
3 122
78 38
52 73
121 184
98 79
32 109
117 12
69 126
61 88
143 73
14 16
77 101
80 24
187 199
187 169
148 139
120 114
121 127
91 73
177 129
194 156
156 10
42 1
173 131
105 52
133 145
170 132
77 134
136 82
44 85
103 109
192 8
144 21
5 6
47 15
152 138
155 33
84 30
10 189
48 152
40 110
86 152
184 52
132 44
128 77
141 24
68 61
120 104
23 112
25 171
36 96
119 194
188 82
166 184
189 182
165 82
136 10
14 141
32 138
170 78
199 161
198 67
8 111
112 134
188 1
121 197
9 90
47 57
168 34
17 113
77 61
121 113
73 24
174 62
197 127
16 33
23 198
28 22
55 114
53 114
95 96
97 141
125 57
11 141
54 10
31 192
178 18
146 108
131 127
80 138
80 86
19 137
101 33
121 5
26 40
145 59
50 112
168 167
116 59
29 165
147 172
7 15
66 157
59 155
159 152
37 46
54 131
181 106
153 19
196 6
136 81
179 141
55 19
60 103
119 44
167 88
148 94
51 12
154 158
119 185
154 96
164 85
8 129
71 194
172 182
156 169
47 49
193 72
3 45
150 57
57 183
114 95
191 156
133 121
124 142
122 150
71 2
50 101
130 1
186 115
14 150
160 2
71 29
49 24
56 118
116 58
108 164
89 109
95 12
102 30
126 72
178 141
88 52
99 137
198 59
179 62
112 84
171 20
2 186
109 169
72 33
39 84
199 196
168 37
41 20
37 87
119 176
38 90
159 58
160 93
181 197
60 70
132 96
32 94
122 184
32 164
83 101
124 125
116 94
26 28
188 142
112 17
200 33
53 115
59 6
40 113
163 29
168 57
198 70
180 77
102 5
53 118
133 61
76 138
37 73
144 141
26 44
94 185
78 176
14 99
188 6
63 58
193 79
114 183
53 130
159 80
116 192
102 175
27 49
178 95
163 62
142 20
187 171
35 152
159 50
162 76
146 58
78 24
179 102
157 21
154 186
101 11
71 35
179 164
167 190
58 27
133 89
200 105
11 85
170 85
167 30
6 127
146 27
14 22
186 48
78 151
13 185
79 152
100 16
132 192
123 139
131 108
103 24
187 77
36 150
74 39
136 5
99 164
60 102
10 118
47 29
38 18
126 85
28 17
25 97
109 192
100 117
50 49
58 59
69 5
9 73
4 132
38 111
173 53
100 173
93 162
173 52
102 42
35 143
115 127
125 97
123 118
168 15
12 115
145 72
58 82
42 5
175 164
162 171
148 157
19 158
89 175
97 91
75 197
150 41
122 117
55 102
7 164
80 20
55 48
116 105
64 176
16 176
175 39
92 55
100 28
60 108
7 25
192 16
75 67
17 115
124 101
23 189
180 94
189 51
174 58
35 11
28 20
140 86
7 134
188 5
94 46
198 64
100 60
200 137
68 82
60 110
103 108
141 182
112 110
156 73
118 12
81 91
102 2
166 59
56 46
32 62
41 106
166 107
7 37
53 62
167 147
113 12
121 88
60 46
124 30
47 36
27 107
47 45
60 137
180 98
156 172
81 196
187 195
167 173
147 8
56 127
55 164
180 3
172 59
64 44
22 20
125 175
23 166
101 141
157 150
131 36
113 197
170 8
60 69
23 28
66 22
19 88
148 129
17 196
121 150
148 92
198 46
119 83
10 5
191 199
153 109
198 105
71 180
161 20
112 59
89 186
2 36
25 117
126 137
67 96
155 30
43 88
173 77
75 83
163 65
66 20
159 139
198 84
174 64
50 150
9 79
25 182
61 110
62 110
136 165
26 61
151 95
137 149
67 165
147 152
86 176
60 11
95 155
55 137
194 10
81 74
121 120
23 59
152 134
133 103
162 73
86 117
9 19
126 149
26 100
194 40
34 42
26 141
179 197
4 182
136 107
179 5
119 43
173 159
60 151
50 149
191 190
157 83
194 198
43 15
34 130
37 11
70 6
98 41
27 59
13 85
128 196
35 154
166 105
190 87
130 182
123 143
116 142
160 8
32 105
79 39
54 80
175 96
194 58
54 102
57 134
102 108
3 1
86 130
50 115
142 197
22 45
127 111
100 192
146 137
190 27
94 197
78 122
55 175
39 127
195 157
53 85
199 52
132 16
54 99
118 57
69 181
135 196
153 93
99 61
85 30
117 99
102 48
78 67
199 185
122 192
61 73
50 8
2 30
121 11
89 48
119 149
173 45
42 129
50 79
80 51
123 105
131 142
50 123
156 88
155 158
80 106
23 159
60 85
19 24
100 125
120 199
159 110
112 65
92 108
64 33
151 169
200 182
120 161
13 104
51 38
147 151
191 87
54 2
156 134
43 100
154 86
69 51
113 149
160 70
135 16
68 16
91 84
142 90
131 18
9 29
145 44
200 88
98 1
169 105
180 155
75 153
117 169
35 27
106 84
175 22
177 116
34 72
181 164
109 97
157 122
132 160
79 142
173 115
7 150
159 62
54 15
108 52
200 14
71 157
187 96
66 65
54 100
143 84
195 164
37 118
35 45
26 179
151 52
172 5
98 72
50 81
31 64
160 34
200 122
146 88
163 89
102 95
27 48
191 36
2 40
168 125
112 114
131 130
140 48
137 52
40 186
38 142
10 12
58 74
43 16
194 185
156 126
189 11
40 45
28 108
174 159
165 142
167 52
100 34
126 182
11 38
76 6
63 157
9 157
136 193
4 175
23 115
17 169
108 51
71 155
51 6
68 9
87 142
72 84
43 33
7 27
61 155
200 126
177 147
133 126
120 150
174 120
29 127
51 105
141 46
98 185
55 69
174 141
27 20
133 44
189 169
157 123
187 150
135 194
154 139
76 22
174 13
48 52
75 192
81 131
14 183
71 60
81 72
135 42
55 22
80 116
26 183
167 134
146 87
82 52
121 18
4 69
103 40
170 46
83 147
9 106
60 32
151 82
187 126
78 57
68 70
59 15
132 195
123 197
74 107
35 151
162 188
62 65
2 38
17 171
25 12
191 28
146 143
117 137
174 161
43 44
62 12
126 65
94 85
200 178
61 111
43 184
35 53
101 130
120 103
25 154
71 17
131 90
47 97
128 6
69 2
27 95
10 121
68 79
56 73
84 90
60 144
187 111
34 86
193 161
141 150
191 64
47 44
103 113
60 179
161 46
37 130
144 46
184 118
177 49
126 6
170 65
200 106
139 8
97 185
99 158
35 175
162 62
43 124
54 19
131 113
13 115
159 77
197 44
23 50
86 99
28 95
140 149
28 111
154 150
200 129
51 24
155 196
117 130
4 72
2 129
26 14
37 192
185 5
49 196
136 116
178 164
46 73
66 19
4 158
28 91
169 46
4 41
163 56
124 111
168 117
120 84
126 19
49 118
200 165
151 12
71 184
103 139
68 154
75 189
96 18
13 44
23 49
60 141
172 39
178 180
12 24
140 64
43 123
35 95
28 39
34 18
151 118
71 128
108 84
121 151
200 101
174 48
119 104
130 72
178 34
77 29
80 169
114 87
2 85
80 94
150 73
87 22
91 30
102 51
81 117
37 187
36 183
29 118
86 138
110 57
92 40
112 183
175 11
191 39
194 30
135 48
41 82
100 76
188 45
9 182
159 1
147 125
187 39
50 107
151 143
10 82
63 35
187 176
78 198
190 65
153 44
162 90
63 196
37 193
48 138
42 53
35 162
32 115
128 53
10 103
108 73
180 126
122 76
146 118
74 169
161 143
199 66
42 98
114 36
96 105
13 22
76 46
112 45
64 95
78 41
4 3
131 93
100 55
4 37
71 86
81 198
9 34
97 57
178 142
13 195
179 20
153 139
184 6
56 1
3 11
97 171
177 95
14 50
133 79
9 149
199 107
140 91
23 92
132 110
89 97
35 198
170 48
72 141
135 198
13 165
157 48
177 72
80 2
174 154
173 91
148 183
173 30
43 162
136 15
125 39
119 170
34 142
31 122
56 70
100 157
37 173
101 164
177 102
178 48
172 48
144 111
134 45
167 25
170 163
49 152
23 79
89 22
111 45
25 187
160 192
91 85
145 99
162 39
4 40
173 70
191 95
34 28
5 105
200 131
36 185
114 164
168 88
25 164
18 134
112 27
75 35
43 148
184 79
100 32
61 36
67 131
31 51
174 152
136 22
191 22
163 118
130 176
79 1
48 141
194 124
2 16
43 165
9 171
157 2
197 158
179 39
92 182
187 56
117 44
135 105
163 33
7 166
145 70
176 106
31 161
68 20
189 2
154 147
78 91
163 47
97 110
104 175
71 23
10 145
162 1
164 33
200 128
173 75
7 39
166 63
70 108
92 150
40 96
66 74
174 179
93 6
48 139
40 183
123 21
35 12
62 134
43 96
159 67
179 184
68 36
167 76
132 114
176 90
67 48
63 174
107 84
77 118
169 127
35 59
99 127
108 106
77 126
72 110
174 15
43 68
199 143
81 86
173 108
102 73
59 158
56 183
96 85
31 19
135 137
119 36
10 46
43 154
191 89
31 90
126 114
91 44
166 150
67 95
40 48
163 32
112 49
51 30
133 97
133 40
47 109
13 126
107 57
112 33
92 97
161 145
55 125
174 31
167 139
153 183
186 139
62 106
66 48
34 67
145 6
120 149
165 39
29 197
161 16
191 12
136 122
7 51
167 100
101 72
179 72
50 57
147 79
172 158
195 61
180 59
63 151
47 28
196 111
123 93
87 134
168 144
190 44
66 193
81 110
173 105
136 189
94 38
32 38
78 93
136 32
179 38
47 91
55 82
8 134
192 91
136 29
26 126
109 30
196 33
88 105
89 45
60 116
32 175
116 40
72 41
128 12
16 94
121 62
153 30
37 12
9 118
14 147
100 94
154 88
189 79
55 155
25 80
178 117
87 94
168 52
187 172
86 155
3 30
36 111
119 75
62 111
29 51
126 196
172 65
48 175
43 191
16 197
21 22
151 80
78 83
92 142
120 20
133 29
27 36
149 176
66 15
119 138
166 97
117 162
115 183
148 27
41 73
16 59
69 87
31 150
189 192
12 105
131 70
129 91
172 127
7 94
145 165
99 28
181 130
92 88
66 165
119 22
34 101
55 30
83 183
133 156
5 24
64 21
179 58
167 148
162 106
79 6
119 118
2 6
29 183
143 62
133 33
63 152
57 158
136 96
184 46
2 161
103 144
103 11
26 147
200 180
112 88
55 6
132 63
114 15
43 91
136 162
75 11
147 115
2 3
9 78
135 93
165 52
77 65
86 107
130 99
125 121
175 196
191 139
190 15
168 39
53 18
97 105
67 162
54 143
16 44
50 12
116 101
191 19
47 42
47 21
4 65
43 29
8 39
88 85
26 152
50 188
8 183
158 85
15 45
25 107
185 142
145 144
104 105
9 148
35 61
14 171
63 187
157 99
189 59
172 131
172 116
132 21
19 113
169 188
43 147
112 182
75 152
69 107
42 107
53 139
123 2
180 181
102 196
181 28
49 33
192 127
172 144
140 134
100 151
191 60
178 105
167 34
103 73
37 50
140 65
43 73
25 51
192 52
163 44
31 143
32 77
140 106
50 151
71 142
16 15
174 44
95 51
113 38
43 125
170 81
53 5
60 79
70 197
53 24
128 39
31 165
120 141
75 25
132 72
72 139
26 135
35 38
50 192
101 171
164 20
158 134
7 86
199 1
131 22
86 103
101 57
67 45
25 181
50 76
112 79
75 172
40 76
81 17
167 156
135 142
9 101
151 83
98 36
140 45
86 40
102 22
120 53
166 151
22 82
194 33
43 47
59 142
117 190
68 127
120 164
14 41
156 188
153 105
199 56
95 84
68 147
31 97
162 109
171 118
101 117
198 39
174 56
80 22
51 106
74 108
77 113
166 53
35 57
142 24
37 165
3 49
68 8
160 121
172 142
139 127
66 94
19 196
157 89
80 72
199 109
174 158
2 64
198 96
187 108
34 162
77 59
100 45
151 59
132 168
186 36
168 126
32 90
66 57
99 73
189 198
191 84
189 19
70 184
191 175
181 111
102 20
195 32
34 158
58 11
130 41
19 38
71 137
50 27
54 173
50 158
169 84
10 98
166 118
122 24
180 106
160 64
1 85
43 185
132 148
168 121
102 53
174 150
200 54
178 157
47 8
153 70
127 24
50 106
55 109
5 22
196 82
159 93
53 51
195 143
136 154
17 152
53 28
83 162
135 125
121 152
199 138
164 115
157 79
187 97
4 174
54 53
23 125
71 106
25 190
125 122
60 158
50 121
63 27
141 20
26 75
120 169
166 172
100 104
168 165
28 139
27 94
126 74
170 193
86 110
47 148
191 197
80 137
7 189
194 39
28 1
100 59
71 146
65 79
104 106
171 24
103 141
89 91
19 82
148 131
166 116
93 149
109 59
199 15
97 51
2 130
181 45
100 179
133 1
178 8
10 2
179 82
184 106
151 84
194 95
172 3
162 20
187 82
151 18
168 169
55 83
26 52
52 158
83 93
195 39
79 57
29 96
14 140
120 185
13 102
123 28
17 38
185 182
68 192
90 85
29 12
43 34
140 6
92 51
4 156
48 17
179 70
67 91
66 87
136 139
2 11
42 146
177 36
180 121
123 48
161 64
15 20
104 149
116 6
43 182
14 17
192 150
177 182
63 87
9 173
163 49
7 113
156 46
132 88
101 21
140 80
174 95
187 104
65 188
130 155
4 49
37 140
46 30
96 82
81 51
98 73
121 144
190 104
38 45
42 117
177 153
101 19
5 8
166 45
76 41
68 145
10 161
133 95
166 104
139 97
34 49
22 73
100 122
32 125
31 8
92 67
27 137
141 18
37 152
116 2
92 57
168 96
144 176
100 169
151 198
71 1
63 164
167 169
195 59
140 90
35 125
60 36
168 66
196 46
66 116
147 138
17 129
62 22
128 82
112 72
189 17
159 2
23 69
125 15
66 16
136 184
47 107
23 143
47 143
99 108
199 105
9 126
35 55
81 165
148 74
157 22
145 182
155 91
3 117
159 151
31 164
107 139
114 131
178 75
107 51
187 114
193 146
150 38
54 9
175 127
186 164
133 118
181 85
156 34
35 196
103 46
191 130
53 36
192 56
172 110
63 107
172 113
191 21
130 51
26 174
7 183
92 183
81 137
43 146
156 61
199 65
101 115
36 169
168 189
23 52
127 12
78 51
102 192
27 139
192 108
98 2
123 113
53 33
17 139
3 12
106 15
191 97
173 113
126 3
7 184
152 41
102 101
109 64
51 84
199 114
154 188
2 111
39 88
200 186
180 36
51 41
102 134
166 5
4 85
131 39
112 138
104 85
55 52
98 64
147 27
173 55
113 155
154 109
78 184
121 27
170 121
64 82
47 171
93 192
68 67
75 82
191 86
69 65
184 91
177 165
61 129
25 104
25 148
14 20
168 82
187 165
49 51
152 33
29 52
75 98
160 15
1 18
112 165
92 36
31 116
25 94
172 106
37 96
101 192
31 186
135 88
124 153
65 134
32 40
105 73
124 84
124 121
89 144
131 73
87 150
162 56
17 142
157 88
114 8
156 152
170 79
94 176
177 103
48 8
23 121
148 35
83 138
34 17
93 196
174 32
171 176
65 149
93 22
28 76
168 146
168 176
161 21
146 41
200 192
200 30
177 21
82 138
158 30
26 43
171 79
179 151
154 36
54 113
25 103
199 45
35 165
37 159
172 143
179 117
98 6
87 149
180 110
141 197
168 76
59 196
194 64
131 118
12 30
23 100
167 84
68 112
124 90
132 198
68 135
79 176
22 115
132 17
58 22
34 12
130 129
34 59
110 88
145 126
37 58
55 158
5 12
128 154
75 107
128 165
55 62
186 33
28 79
80 134
180 113
69 134
63 101
83 1
9 153
25 30
99 162
63 53
181 145
32 79
27 188
195 95
66 112
13 94
25 90
145 137
174 90
92 103
72 165
200 135
122 85
35 98
43 83
23 167
193 95
67 94
122 197
170 56
9 172
119 1
190 93
111 134
62 91
40 164
100 10
37 134
164 127
163 156
36 84
169 6
200 34
124 21
9 87
167 180
151 21
109 197
72 38
156 45
63 93
8 138
110 90
198 193
36 33
65 84
13 108
27 96
89 106
130 22
166 120
53 101
152 96
123 89
87 127
13 105
42 140
177 106
160 94
13 55
126 30
74 106
37 191
149 183
161 169
200 127
148 39
98 110
163 93
132 69
179 88
86 90
190 110
115 45
17 105
178 93
50 36
143 49
71 138
166 145
21 111
37 194
55 184
7 118
14 102
7 96
50 82
21 20
163 129
122 153
119 114
50 193
192 39
55 56
31 194
195 56
194 175
197 39
195 84
80 142
95 196
179 188
144 115
161 150
31 30
175 57
140 85
119 53
181 184
40 38
117 106
194 76
63 183
54 27
21 30
48 41
109 106
180 46
178 172
7 197
146 165
47 66
124 159
59 11
199 69
68 66
101 24
147 56
128 168
159 56
168 38
26 127
117 85
135 151
172 87
22 84
166 106
70 21
113 91
55 51
194 186
7 144
146 94
131 46
61 171
72 134
92 176
32 1
152 196
29 126
62 176
26 200
148 64
37 80
160 61
92 15
174 182
23 62
99 113
129 142
150 182
177 139
13 74
154 145
27 108
194 18
160 41
123 152
46 183
77 22
130 105
123 176
178 197
193 20
174 111
68 168
98 49
103 64
148 97
148 162
128 19
154 30
72 39
160 113
77 143
195 107
95 139
119 57
79 82
159 20
147 184
128 174
180 85
123 33
128 14
162 8
75 169
123 76
3 162
97 84
131 76
46 18
192 11
126 93
65 59
9 97
133 10
27 109
60 52
71 73
137 184
7 151
103 182
92 114
143 18
126 138
92 122
74 130
55 144
14 80
140 87
154 89
170 190
61 142
178 69
122 185
28 52
166 2
151 19
136 140
107 15
78 72
67 17
120 49
78 75
180 81
192 142
99 33
195 2
78 33
144 165
149 41
174 82
78 111
190 144
121 61
63 105
58 99
177 190
87 111
54 196
165 36
125 186
102 27
124 49
119 143
140 72
61 84
128 11
187 190
94 52
83 41
161 99
76 33
42 188
137 91
42 193
107 79
132 122
200 170
132 2
148 199
25 184
146 138
191 46
133 55
14 76
98 15
192 70
58 95
67 134
159 194
60 131
42 125
122 52
31 180
160 194
51 188
154 115
75 36
187 186
63 12
128 147
23 126
189 118
132 178
136 40
109 6
191 154
188 38
146 185
60 38
161 24
157 74
137 127
136 16
162 182
7 58
37 151
108 15
21 45
54 138
43 135
169 184
191 173
189 49
10 51
7 174
110 84
132 76
199 101
38 39
100 184
199 165
180 93
195 115
10 131
32 189
187 52
4 93
62 138
117 82
147 29
133 87
180 38
68 126
81 169
71 34
52 45
4 8
34 80
54 16
137 129
50 66
89 131
43 142
188 183
2 39
17 197
128 86
189 3
95 85
7 40
126 39
180 87
68 65
130 115
200 23
74 73
180 91
193 114
161 19
163 120
195 124
77 38
31 6
131 95
66 52
63 38
51 96
32 3
112 139
112 176
117 84
49 21
185 164
168 182
179 152
177 79
119 98
100 154
26 9
19 49
2 84
112 56
186 127
26 110
50 183
161 58
86 59
55 84
160 10
153 79
132 52
58 139
10 123
22 6
66 143
190 45
65 52
179 190
91 183
150 44
150 24
48 84
36 76
103 74
58 64
150 105
195 6
192 57
109 129
109 12
151 3
157 141
48 45
194 113
147 197
170 50
191 184
63 45
68 13
32 150
9 5
191 169
173 176
191 192
39 183
100 108
189 96
35 72
194 61
119 109
163 131
92 50
78 52
81 164
193 127
170 41
141 88
3 169
172 146
14 39
135 1
3 27
10 116
123 72
68 110
168 175
195 93
78 1
165 51
181 183
140 56
124 147
119 50
130 162
54 22
186 111
66 114
128 28
172 17
182 134
27 142
195 175
42 40
165 131
145 197
122 94
174 156
14 146
161 141
47 125
99 62
146 197
147 36
7 8
156 57
159 108
26 190
148 169
75 81
75 50
9 95
125 94
74 93
5 111
13 198
159 141
56 171
46 20
75 129
129 18
116 126
140 143
136 33
50 139
89 107
114 129
147 93
9 185
104 84
170 31
170 27
168 174
177 155
171 73
23 51
160 118
73 20
139 12
64 70
104 188
83 76
141 33
120 96
2 197
124 158
89 62
108 142
47 172
92 38
132 24
47 92
147 141
191 77
195 21
109 21
75 99
92 131
200 87
2 104
198 22
52 85
188 150
149 182
35 66
103 62
128 9
116 111
98 158
42 33
99 152
99 184
136 161
167 79
31 45
127 18
160 141
180 151
98 129
124 106
5 158
143 134
23 22
174 19
11 97
193 61
77 84
94 22
174 167
14 58
148 102
195 146
27 97
47 153
130 97
14 131
133 52
70 20
68 59
174 109
72 57
107 33
148 141
23 39
86 109
3 192
26 12
55 189
159 146
136 174
149 24
70 18
40 36
69 106
47 1
189 99
16 182
60 130
157 5
124 118
9 14
36 175
54 44
16 11
160 139
159 17
168 164
43 183
154 17
68 178
59 39
71 135
125 21
66 145
200 162
7 177
43 35
48 188
29 11
104 138
2 141
7 3
168 67
16 141
54 35
125 46
153 57
87 12
131 107
194 157
66 96
144 38
13 5
25 58
164 12
167 6
130 143
92 16
170 120
62 115
143 113
173 126
133 3
185 22
161 107
129 196
53 190
47 53
166 85
174 93
173 18
47 100
167 98
195 11
29 6
26 163
200 57
9 21
32 186
25 69
177 80
184 158
200 113
81 87
165 176
2 112
104 107
69 48
9 8
198 49
10 32
53 64
179 144
106 24
13 92
135 130
66 90
185 127
48 70
23 85
173 156
140 40
40 64
195 64
136 115
178 161
10 199
62 164
25 134
104 51
66 27
131 38
51 5
125 80
180 186
65 82
53 112
178 15
128 5
160 185
163 122
7 182
198 118
80 110
86 115
25 188
69 111
168 60
106 196
156 56
50 194
174 121
160 80
128 4
147 97
119 92
103 111
26 5
55 39
147 143
87 33
64 56
156 127
37 161
123 161
125 176
167 196
194 48
60 162
57 30
44 134
54 63
55 1
161 88
15 197
156 48
133 98
148 86
68 158
200 5
50 118
83 199
162 51
200 132
190 58
170 110
16 97
137 87
123 111
76 57
132 193
167 158
11 45
178 27
170 112
67 153
55 61
81 150
53 82
187 175
153 165
165 65
15 111
163 3
172 190
152 22
194 118
13 123
42 153
178 126
12 183
4 53
188 91
74 171
178 82
117 114
68 93
124 140
74 115
122 106
92 90
189 121
81 93
195 66
101 104
10 61
43 194
6 111
115 84
81 46
186 73
89 84
121 134
104 118
62 96
34 129
181 44
70 106
67 109
128 10
163 36
37 95
68 169
33 127
178 124
69 44
47 191
128 52
137 51
176 129
98 57
50 90
98 21
125 41
66 123
10 125
164 8
200 24
139 44
181 115
170 136
67 58
123 182
169 182
23 2
139 183
133 157
13 60
31 14
10 22
35 56
34 117
87 70
47 58
180 27
67 155
92 18
163 74
28 196
67 118
26 178
69 70
19 17
156 151
74 82
161 114
47 165
67 24
7 176
50 97
54 37
124 95
152 57
34 29
63 125
156 192
168 55
40 30
10 184
180 154
80 8
9 36
16 84
167 51
148 52
122 39
78 147
187 48
29 93
181 141
76 129
50 86
174 172
135 97
168 147
43 167
155 18
161 39
133 140
195 118
79 45
162 111
61 164
193 141
54 81
66 140
172 91
101 1
166 43
53 16
83 74
170 148
9 93
106 90
107 17
116 107
128 98
109 138
35 17
109 152
31 36
131 186
66 99
173 142
83 184
166 127
186 137
7 106
39 12
179 153
75 91
160 87
72 158
43 145
160 65
153 90
107 49
105 24
31 123
77 24
25 106
159 55
108 158
100 39
107 20
13 51
148 158
128 64
197 46
79 21
98 99
187 49
93 64
74 97
31 114
103 110
76 45
162 118
29 8
94 158
74 111
168 61
153 196
181 108
179 30
68 197
100 44
191 90
148 112
200 148
148 65
160 173
34 95
177 99
35 90
123 19
149 33
50 147
193 67
33 183
107 38
7 18
180 144
25 72
50 135
71 44
60 113
195 131
54 82
190 11
48 196
13 172
44 18
145 152
67 197
63 182
4 134
3 176
13 91
161 94
140 46
43 89
147 46
69 183
81 2
62 155
119 171
147 84
167 31
62 64
188 141
178 5
171 134
120 58
146 111
139 52
96 24
189 53
179 198
187 103
102 88
119 175
5 38
4 11
200 120
170 122
102 70
43 116
75 52
167 114
100 153
151 131
131 152
200 160
10 56
62 188
109 24
199 72
9 141
193 5
74 45
77 140
170 37
78 45
68 99
140 155
35 96
135 176
160 170
153 65
43 94
121 130
107 59
116 143
179 74
13 79
128 145
189 88
160 197
154 141
28 65
128 115
7 143
95 49
153 115
193 165
35 130
26 67
190 130
43 87
111 85
104 97
192 87
2 131
87 57
187 95
161 27
153 16
187 109
163 126
131 65
87 110
51 73
17 51
180 34
195 184
113 142
103 197
153 21
120 12
31 140
147 1
114 38
149 44
192 6
146 21
185 8
171 105
32 85
164 118
179 150
140 192
63 120
32 83
14 153
126 33
49 183
170 174
63 150
174 194
168 181
181 27
69 33
160 147
83 69
144 18
80 118
38 52
168 83
37 60
56 22
54 135
34 85
13 95
181 5
107 113
112 107
190 1
99 19
186 109
83 192
181 198
163 168
51 57
29 85
193 110
153 184
177 113
126 49
4 15
33 182
35 103
189 65
37 101
151 104
42 192
190 184
50 83
144 109
177 32
174 97
166 131
4 150
2 20
168 31
190 115
171 106
139 142
76 5
32 116
14 21
66 106
143 90
14 74
32 193
184 171
112 15
124 144
194 12
117 113
162 152
7 196
95 158
140 137
102 35
160 17
26 156
151 93
75 125
84 24
56 90
108 8
22 111
187 94
184 188
68 98
131 45
148 107
170 90
144 171
152 171
10 21
153 56
173 82
98 186
199 8
98 3
161 22
33 24
128 38
28 85
4 151
165 1
31 53
171 45
98 48
22 197
141 12
70 152
92 74
187 155
16 87
123 5
185 38
189 165
130 87
70 49
146 48
124 113
132 40
122 108
23 194
166 93
119 168
136 83
41 45
124 143
48 183
131 175
169 79
125 85
14 173
165 8
26 42
159 19
140 20
193 58
151 130
55 165
25 161
60 22
102 105
132 180
119 140
193 52
50 146
191 58
95 11
61 62
69 97
23 193
75 185
135 175
117 27
54 142
163 94
25 189
34 111
177 125
50 98
116 19
144 20
103 41
193 142
92 198
199 171
144 16
102 69
64 20
123 88
25 93
68 125
63 41
66 139
118 52
11 46
143 185
81 62
193 153
112 8
128 150
53 161
78 22
157 107
149 57
114 46
49 111
151 176
168 110
78 56
195 91
169 8
149 108
153 51
43 60
121 15
187 198
121 110
94 33
62 127
7 22
177 194
3 184
89 134
200 41
26 96
191 96
37 1
25 111
178 36
99 72
72 16
80 65
143 48
95 6
128 140
159 64
130 36
83 29
104 158
164 111
80 18
199 146
172 176
156 154
50 70
65 17
101 74
71 20
54 187
135 61
161 57
152 5
199 110
173 15
100 49
106 158
197 118
147 59
116 28
172 6
148 79
197 57
172 52
169 56
67 126
169 41
68 81
193 49
153 182
170 131
199 57
136 190
37 67
13 154
121 53
38 183
118 46
192 158
132 182
14 15
71 14
142 44
32 157
112 16
81 21
136 111
162 155
130 90
170 10
180 185
17 22
194 116
160 66
20 18
51 197
65 196
52 134
151 112
72 113
142 158
59 176
135 41
163 70
156 149
160 91
122 107
19 108
197 183
38 158
192 79
193 97
144 175
132 139
50 142
4 167
159 183
92 48
69 149
146 109
81 111
176 91
103 130
172 77
173 162
110 15
53 171
179 162
98 108
165 27
31 60
137 90
168 112
121 45
156 118
199 19
69 99
68 89
63 21
27 64
178 112
184 134
54 78
19 20
163 79
126 91
165 155
133 162
77 190
19 183
164 197
151 38
167 126
32 15
14 98
136 90
47 147
68 105
94 129
168 161
199 59
37 76
166 21
157 29
22 33
109 44
154 199
14 161
120 147
125 18
35 188
23 67
76 1
4 113
102 151
64 6
140 104
13 28
71 50
74 62
33 85
95 70
78 99
200 44
93 106
71 186
130 138
54 123
125 59
36 118
133 80
81 36
7 145
123 87
191 165
148 62
71 140
61 22
54 151
193 81
116 49
80 182
19 56
148 29
63 144
145 105
123 190
142 1
43 10
166 80
172 192
136 36
148 84
31 149
157 196
78 17
34 51
154 77
103 107
200 189
83 38
53 70
157 161
69 38
173 106
156 52
40 12
128 130
124 103
166 186
35 77
165 12
86 126
130 56
83 6
127 1
63 145
191 123
78 146
79 12
163 148
177 91
78 35
92 76
146 190
128 191
37 153
113 97
145 90
11 6
80 183
54 129
161 74
164 182
109 17
28 96
92 190
123 181
23 18
112 99
193 17
180 198
65 110
4 52
141 105
130 27
83 61
109 94
149 139
49 30
195 161
71 77
69 82
132 167
157 8
173 89
114 44
74 149
168 77
159 125
120 97
117 141
46 6
7 79
7 98
152 84
191 129
74 64
7 56
125 109
181 142
174 50
42 70
37 75
44 73
155 5
195 89
176 138
55 147
117 188
31 130
189 6
149 129
100 138
66 142
189 131
92 80
190 74
13 61
43 197
71 168
193 112
53 140
175 49
107 105
93 107
66 40
99 59
168 6
7 181
11 82
132 33
122 164
136 27
170 97
159 59
147 127
72 28
19 46
36 8
23 169
25 147
83 96
68 77
172 16
10 41
65 11
66 152
143 158
129 39
112 52
2 138
42 126
81 57
113 73
186 39
180 122
64 134
190 164
160 19
139 6
10 115
193 101
194 140
97 111
190 33
25 183
50 30
43 176
47 181
98 152
187 3
65 155
167 2
87 56
190 158
37 113
166 13
89 76
33 18
40 17
21 91
63 88
9 18
151 107
117 129
37 164
113 106
56 38
113 41
123 84
31 181
37 49
198 117
173 153
40 175
137 33
35 86
80 90
28 73
136 142
43 53
83 48
32 44
87 30
126 130
19 36
89 6
147 103
180 66
117 91
87 64
193 87
102 107
176 197
189 181
23 12
80 46
167 131
81 143
148 171
179 93
170 172
180 107
193 93
145 91
165 46
130 169
192 183
186 184
34 6
55 8
200 43
185 111
40 97
125 190
121 30
170 82
170 171
9 83
132 18
53 39
4 80
41 46
40 94
92 29
172 129
75 117
58 118
22 134
178 156
119 116
19 15
181 17
103 39
129 15
65 5
13 62
132 68
196 105
198 73
86 108
32 176
121 104
14 118
189 41
133 142
200 174
34 39
190 12
89 51
194 188
40 51
193 175
133 168
28 90
186 196
156 83
109 76
13 70
119 144
32 2
167 15
17 64
155 90
4 39
119 193
169 158
16 52
93 95
160 144
48 11
16 149
142 12
132 196
131 155
125 134
169 20
198 155
67 105
168 171
55 197
29 146
3 90
92 84
116 76
9 24
84 20
110 91
42 150
178 183
100 48
78 194
10 104
159 51
177 159
163 41
103 165
17 46
55 15
121 143
171 150
199 17
29 164
160 112
35 108
103 91
156 85
160 122
150 115
122 79
179 104
79 111
148 69
153 22
75 56
136 60
54 90
79 41
139 150
159 193
78 134
43 52
79 8
102 86
68 38
200 116
60 155
7 126
53 96
189 123
163 20
189 22
135 91
132 99
87 51
31 24
28 164
60 3
112 48
130 106
95 88
67 99
119 129
132 188
60 176
128 126
140 116
9 89
116 149
43 139
9 84
2 114
32 81
54 107
135 172
31 66
143 138
7 158
64 5
14 73
123 24
128 144
96 197
143 12
32 34
129 171
122 11
178 176
79 76
185 6
149 38
34 110
29 39
194 66
114 158
200 136
126 162
34 188
190 59
104 20
68 58
113 88
7 188
180 61
154 142
67 18
67 76
37 6
83 144
54 182
68 52
142 33
177 141
192 111
100 113
157 139
160 116
34 36
174 78
125 184
58 106
136 74
53 57
99 142
80 175
53 8
151 149
187 80
191 98
127 45
156 94
50 65
71 114
19 51
75 6
146 17
14 28
4 17
180 102
29 129
71 104
37 131
177 41
39 105
19 110
64 59
133 150
164 6
71 55
2 145
35 88
68 161
166 86
71 154
71 36
159 57
112 20
136 197
154 94
170 118
199 112
5 18
137 152
95 22
170 45
26 168
199 129
100 99
163 117
133 182
124 59
54 75
107 91
199 151
142 21
37 141
119 87
173 59
28 197
184 105
4 147
200 103
81 64
75 161
180 5
160 156
194 91
43 90
174 54
154 192
148 195
125 150
64 182
50 69
148 146
107 85
132 89
119 51
128 160
47 94
147 146
106 6
157 1
112 93
186 51
9 81
199 48
113 70
43 106
185 105
199 113
74 15
137 65
109 107
80 149
152 85
167 46
170 89
76 196
10 1
128 2
187 116
189 116
23 181
7 9
50 109
104 186
16 106
75 188
39 138
83 140
92 115
136 150
176 30
190 153
94 141
4 51
26 120
161 48
26 187
72 45
26 36
151 113
2 87
69 46
128 158
191 159
59 141
25 118
91 33
37 27
101 186
125 69
61 118
145 111
9 168
190 142
160 97
65 38
189 138
13 72
128 13
157 42
168 3
3 21
145 115
25 151
187 197
68 159
143 99
31 131
58 192
27 5
77 99
137 84
102 19
76 85
195 81
72 164
26 32
163 152
91 46
126 76
181 93
92 159
163 112
137 39
194 102
103 114
199 149
193 106
121 109
102 139
107 6
64 155
70 79
61 64
68 196
13 151
177 183
179 111
15 18
170 195
75 27
187 124
32 64
3 108
59 138
9 143
160 103
55 67
92 10
52 90
128 143
132 108
132 104
112 109
145 22
14 33
64 52
21 127
12 33
189 161
151 189
101 176
143 24
96 182
154 74
179 67
156 107
27 72
189 80
135 49
53 44
120 44
159 144
195 142
37 17
14 35
167 45
174 12
186 30
133 69
70 15
133 177
75 39
112 149
65 21
92 93
184 1
154 185
167 123
132 14
198 141
178 94
178 192
9 146
42 3
190 139
174 171
59 57
78 161
190 182
97 142
167 124
89 90
102 149
23 102
37 126
181 107
77 56
32 156
136 24
99 169
69 98
23 14
103 87
136 121
128 16
108 44
83 87
123 53
42 57
50 95
97 39
149 106
152 21
31 173
72 46
189 193
26 116
138 24
136 145
165 59
181 192
176 85
133 63
55 64
176 142
29 22
14 125
167 97
120 28
37 82
43 121
87 52
109 82
116 117
92 98
198 140
32 17
109 182
92 8
19 41
120 46
166 134
29 184
29 24
168 141
17 56
23 60
148 34
191 61
124 115
80 161
138 85
71 172
60 98
116 138
135 28
101 30
114 186
27 185
192 62
136 109
116 146
43 27
175 21
23 77
40 115
195 171
156 121
9 187
38 46
3 142
68 182
13 113
194 44
73 18
165 164
170 127
78 150
117 59
133 90
135 73
177 156
114 64
112 24
25 82
194 127
164 5
165 110
146 12
23 142
195 69
49 52
104 41
175 108
17 91
148 5
191 137
95 134
190 82
154 84
122 41
194 195
193 171
31 196
7 89
185 30
116 134
23 47
117 107
66 84
176 118
165 45
198 40
180 89
32 18
191 103
70 142
179 80
69 28
156 58
187 22
200 66
29 65
187 51
125 118
101 20
92 184
16 46
200 27
48 85
189 89
102 156
163 80
13 110
72 97
37 110
77 11
95 20
25 49
199 176
159 149
61 24
9 25
77 137
7 82
128 149
160 86
178 20
170 92
173 165
168 155
25 101
125 189
162 49
61 46
119 72
63 103
38 106
102 81
9 193
164 44
193 183
151 76
104 110
100 183
64 141
136 84
195 51
38 22
156 67
137 85
94 76
125 171
170 59
116 97
187 41
75 97
103 142
32 86
199 175
3 129
117 112
35 49
180 73
10 165
151 33
56 141
23 139
56 11
104 114
11 105
44 30
114 137
116 165
98 65
120 101
25 66
199 27
59 197
83 155
54 124
181 117
148 109
167 111
165 186
170 111
194 83
61 153
150 142
120 72
23 190
76 142
148 176
103 70
28 48
120 130
86 94
168 74
10 139
89 18
173 46
117 5
13 98
94 41
35 113
54 28
135 5
121 46
116 144
114 149
128 84
131 188
22 90
97 79
163 8
198 165
114 21
48 155
92 42
130 33
116 56
135 65
101 59
35 150
6 73
58 162
181 79
68 108
92 65
14 57
78 130
63 130
190 131
171 141
16 137
52 33
160 171
9 138
36 49
110 150
92 79
80 19
126 111
175 158
170 55
60 188
144 137
100 91
101 138
84 46
189 134
89 104
179 138
174 175
83 97
101 152
143 110
141 73
54 106
62 1
84 82
149 115
159 186
157 87
80 27
191 27
49 134
78 73
166 128
14 197
86 192
161 15
103 169
166 103
123 45
166 36
93 65
150 39
54 117
17 150
188 22
60 146
122 20
119 10
23 122
16 51
34 66
170 134
128 125
144 185
40 153
69 89
136 75
59 85
29 139
25 65
154 76
166 74
80 112
189 18
61 87
76 12
132 144
166 69
157 110
7 138
179 199
187 129
63 59
9 1
156 120
76 24
168 103
86 41
145 30
174 76
13 82
7 131
194 109
9 181
90 30
2 184
157 105
34 152
98 24
49 184
69 141
86 112
35 51
143 8
9 62
10 64
177 61
110 115
19 57
101 17
83 24
80 40
166 68
146 171
190 91
109 62
116 39
159 129
196 84
124 188
25 28
84 105
101 51
120 184
79 15
160 167
178 45
58 137
187 20
121 82
191 117
160 196
140 131
128 96
116 82
2 73
119 131
137 95
136 101
29 106
167 39
153 188
44 24
136 159
168 69
2 21
51 15
165 162
13 140
52 20
43 56
159 86
49 18
128 195
195 94
174 189
130 111
107 82
100 175
103 5
167 106
145 162
167 178
167 183
50 138
128 176
79 18
14 95
77 21
50 104
166 190
116 139
133 4
37 146
69 21
184 20
4 101
80 6
123 186
135 134
31 112
23 144
60 55
167 61
43 48
121 141
75 10
146 57
107 183
140 74
86 88
167 115
148 20
78 155
126 27
139 38
136 103
105 20
83 81
190 111
140 110
34 155
188 33
152 197
160 142
23 152
116 86
189 101
185 76
161 38
25 131
159 157
113 105
174 25
114 143
156 199
97 90
101 44
35 16
174 75
23 36
64 49
187 15
147 40
194 94
64 110
37 100
181 39
26 160
25 57
77 112
128 70
193 190
151 40
66 171
198 12
123 162
75 116
2 57
133 62
139 118
80 67
34 145
29 108
23 8
36 196
171 18
156 150
170 32
43 70
78 61
60 189
23 145
47 183
161 131
156 40
2 27
79 182
39 111
147 155
5 57
187 40
119 2
71 28
101 127
60 199
13 188
179 18
100 6
119 139
37 98
9 76
26 48
140 8
145 3
69 196
75 131
159 10
43 12
125 66
31 171
200 199
66 155
4 22
78 100
41 24
167 90
120 111
128 30
98 144
8 15
170 102
173 118
154 123
66 61
187 53
83 169
86 18
98 86
113 110
116 110
117 20
117 15
154 122
71 97
14 186
4 192
37 97
93 12
7 187
102 162
112 41
114 52
86 185
54 76
190 169
177 73
163 96
37 32
166 122
136 31
178 114
44 46
10 130
151 73
7 30
86 39
32 53
35 2
63 127
194 122
71 75
187 151
165 127
164 18
115 24
66 89
198 131
196 73
92 49
189 8
42 2
122 139
148 80
3 164
167 11
72 171
126 24
198 188
47 20
35 137
137 141
10 144
61 21
17 11
167 143
100 2
126 106
116 190
71 85
60 83
19 182
139 11
198 139
48 64
132 175
103 45
159 74
34 84
78 139
86 58
58 158
75 105
161 91
35 33
189 15
107 45
178 35
181 58
78 21
200 118
181 90
191 69
26 129
84 183
80 44
165 6
78 16
175 134
2 91
3 112
160 151
151 105
125 17
147 18
37 65
132 95
54 140
37 81
92 154
161 182
10 77
36 39
47 106
154 3
57 20
8 44
31 70
128 134
43 37
95 76
43 38
193 89
23 6
185 141
64 18
92 73
194 49
151 45
132 78
177 88
174 116
195 169
117 18
35 134
125 40
25 98
187 65
113 139
165 73
178 162
149 105
78 199
58 149
15 24
71 5
160 47
153 20
172 103
147 108
166 164
86 158
7 38
26 24
151 137
22 158
180 82
21 44
115 82
53 65
62 94
174 184
140 171
143 183
81 59
63 19
71 92
194 149
168 56
3 72
168 134
186 15
48 57
81 126
44 90
101 97
179 64
69 85
174 199
26 137
3 17
168 27
179 140
34 149
194 152
174 51
175 18
200 177
154 118
125 6
146 15
47 79
132 130
159 21
128 106
32 57
170 99
67 5
168 86
47 87
42 112
151 64
157 158
195 101
10 18
151 110
29 104
144 162
43 93
63 98
162 149
60 1
178 96
173 98
78 96
191 146
37 59
176 150
120 5
43 3
200 141
157 116
136 79
118 21
36 127
117 21
2 162
7 172
133 75
55 118
186 17
136 180
19 1
86 52
61 137
148 76
31 199
121 87
154 111
123 41
200 40
34 123
170 4
41 30
98 114
131 106
58 91
31 137
66 117
112 106
60 10
78 196
70 85
180 184
194 115
99 56
25 198
74 150
160 155
143 28
133 181
58 28
37 155
154 70
135 53
141 44
135 77
177 115
94 108
43 67
16 171
164 30
86 142
179 192
57 90
97 106
152 158
7 36
97 73
190 62
53 56
193 18
48 24
199 93
189 48
4 159
44 138
152 38
9 10
121 162
26 55
163 188
51 196
126 143
176 21
191 76
27 164
122 96
164 21
171 1
109 93
118 45
154 80
190 61
68 109
65 1
161 5
195 176
87 169
64 97
3 20
189 176
72 95
43 76
198 2
42 82
174 106
157 186
92 130
108 97
42 18
147 28
63 104
160 49
163 134
69 67
71 66
69 115
31 99
23 30
19 5
177 42
92 52
123 109
173 20
148 185
21 6
116 62
187 64
1 73
151 1
179 161
43 178
75 104
191 33
63 66
143 45
123 171
167 95
123 15
19 197
190 57
188 30
159 198
77 46
108 22
125 143
66 3
40 33
72 51
200 4
83 28
22 196
2 107
185 96
159 130
170 146
159 33
43 131
173 84
171 8
7 165
54 145
25 33
156 117
169 139
66 147
47 138
16 129
17 59
26 64
78 125
10 190
95 45
7 141
28 134
100 101
62 158
156 28
63 140
177 96
180 44
153 49
119 136
87 21
159 145
37 114
170 91
136 39
180 162
75 77
178 28
11 134
161 73
156 143
75 65
120 59
86 6
76 73
116 30
66 82
141 84
113 64
128 3
114 22
99 93
177 83
116 84
9 195
42 20
185 73
128 105
117 185
133 180
198 41
190 165
6 134
2 183
187 75
25 22
37 33
116 41
186 142
181 59
61 197
7 1
68 69
47 25
119 52
75 140
81 155
133 37
3 56
166 183
102 90
83 86
99 11
171 96
173 3
160 73
167 103
68 175
54 89
103 190
36 73
100 30
34 147
54 92
168 17
170 161
51 1
36 59
137 6
120 94
35 124
191 153
49 12
181 74
160 165
129 111
60 181
170 138
77 106
67 16
145 114
3 88
67 49
17 57
159 95
72 108
148 104
88 24
161 96
7 65
10 45
86 93
69 74
121 19
182 20
34 30
56 51
80 12
126 18
189 196
140 52
119 86
133 8
110 49
194 190
194 36
75 180
9 135
55 127
177 142
152 45
26 188
47 101
42 185
39 115
42 83
47 56
199 49
108 171
167 18
43 169
121 36
177 58
10 108
128 58
31 103
53 59
123 175
26 102
167 91
34 97
156 141
83 115
17 183
110 141
124 8
165 94
31 121
16 142
47 197
36 155
147 67
63 160
140 183
169 150
14 143
32 107
75 29
123 85
130 17
180 147
131 184
4 162
198 130
140 62
10 110
135 188
166 170
137 5
69 11
191 102
121 198
107 18
172 89
37 25
140 51
129 115
32 161
119 85
98 111
178 66
131 94
135 118
43 22
11 76
47 115
102 58
176 46
83 56
131 197
12 6
136 53
131 192
166 24
68 17
101 150
125 51
179 158
35 185
78 143
71 163
8 1
179 105
56 110
37 122
47 144
63 97
96 20
195 80
87 38
168 107
56 24
102 85
178 113
121 108
40 169
86 57
4 95
43 6
42 154
200 163
119 197
106 1
107 149
165 169
170 9
119 180
63 134
37 196
55 17
154 113
193 30
124 137
77 70
72 73
37 89
32 28
126 105
32 117
135 138
178 138
72 169
126 190
68 140
178 175
148 53
124 179
2 144
4 148
62 150
52 57
122 70
160 99
167 67
71 45
137 96
163 176
190 94
74 59
126 51
153 46
126 95
154 197
162 95
149 97
9 115
156 142
23 162
2 46
126 45
98 81
100 198
50 125
91 18
116 150
83 36
128 179
9 86
26 37
154 198
35 73
71 200
28 106
173 2
86 64
71 57
179 115
146 131
132 77
186 49
166 57
2 165
170 180
125 172
29 62
139 82
129 127
65 41
14 67
69 22
147 175
131 64
17 84
145 27
200 52
54 111
49 8
60 49
12 20
185 52
143 169
65 87
58 113
69 169
134 30
109 139
119 73
120 51
40 142
66 88
124 24
23 155
173 34
99 36
74 141
16 49
119 177
125 73
47 150
173 193
87 44
177 184
109 20
75 88
167 82
180 143
133 22
166 38
89 118
68 48
110 142
118 105
63 25
107 158
66 12
9 30
178 140
55 41
54 159
31 177
7 4
132 84
133 12
190 152
42 108
166 10
147 104
146 30
54 144
10 52
99 38
31 109
170 143
172 49
148 175
68 199
131 52
27 70
119 81
50 169
8 82
53 88
57 88
179 196
148 16
138 1
132 67
179 97
181 127
178 127
98 101
179 66
174 88
95 188
10 111
34 58
195 73
63 94
40 114
160 146
13 189
195 49
131 115
123 73
165 70
135 60
25 135
2 106
173 120
77 162
187 5
100 116
37 197
112 73
2 140
69 176
117 108
71 181
170 106
103 143
176 24
58 16
168 54
120 117
179 51
185 49
163 150
191 50
191 92
146 161
121 38
136 126
59 1
153 17
25 74
31 106
181 51
81 39
125 58
141 90
174 34
135 193
62 82
35 105
141 196
200 35
174 129
103 105
25 137
102 122
4 48
116 181
174 3
13 176
25 1
112 186
26 192
174 130
192 22
163 116
53 127
25 105
42 196
79 38
157 134
61 94
167 94
125 145
119 153
163 106
17 149
168 46
146 188
154 69
192 196
177 52
160 184
50 172
153 45
3 183
77 5
59 41
78 86
177 111
115 138
64 84
145 130
194 150
92 21
160 20
132 12
28 59
154 129
107 95
97 82
92 45
31 139
54 156
86 61
112 76
119 37
135 103
110 105
184 8
15 73
106 183
50 52
68 113
27 143
166 195
101 142
154 28
35 114
191 53
178 111
66 98
131 88
135 189
120 99
9 48
25 48
168 24
178 190
194 120
150 82
19 150
10 38
7 175
4 165
167 153
43 72
26 77
60 152
157 188
87 11
80 143
98 126
125 49
56 108
148 192
179 193
13 144
74 152
175 106
125 101
19 21
32 153
185 79
110 176
62 44
47 121
4 178
55 40
147 190
7 61
121 65
26 149
178 67
156 108
172 56
136 21
84 85
28 107
129 41
31 1
129 46
169 57
175 52
117 153
3 127
56 105
92 116
109 183
169 88
76 15
194 88
116 87
124 20
179 10
148 103
164 76
180 197
77 41
63 83
23 97
178 125
67 127
118 106
71 177
162 36
169 142
101 39
166 83
66 113
119 158
178 101
9 113
152 20
187 35
148 173
151 116
93 70
157 117
4 21
9 92
147 11
193 150
43 137
154 181
26 118
174 198
124 116
145 142
74 155
132 80
126 127
88 73
15 82
185 85
181 53
84 1
124 109
31 172
36 197
102 117
94 184
132 53
186 97
148 155
25 60
37 39
54 98
124 104
49 105
191 82
174 113
145 57
176 57
80 141
200 82
145 76
31 94
72 15
126 28
63 108
100 87
194 155
71 83
67 30
187 127
4 197
170 188
100 164
108 79
196 45
133 56
47 195
156 181
163 102
140 27
40 104
199 134
100 50
19 176
154 116
189 114
116 22
58 126
23 68
87 85
47 103
104 44
55 42
26 131
136 72
77 130
147 87
182 12
69 96
160 157
198 137
52 183
14 114
161 1
71 59
126 144
70 57
78 115
148 87
133 20
114 176
197 73
110 129
63 74
173 124
16 57
19 90
77 34
31 11
75 114
9 121
35 76
163 104
132 41
184 15
110 18
179 146
54 108
160 193
78 48
177 107
64 46
35 40
192 59
32 72
160 79
76 134
125 164
191 51
83 153
110 134
151 5
63 197
78 183
9 158
154 134
71 30
42 118
43 189
26 111
40 146
133 65
177 131
187 78
102 99
159 150
49 15
66 120
121 16
124 72
165 57
25 112
10 58
53 176
148 188
151 150
83 64
194 86
188 118
83 150
170 182
108 182
87 59
159 123
198 53
119 84
54 167
100 21
104 17
126 36
13 182
59 20
23 113
89 188
63 64
187 146
100 126
161 197
128 177
35 190
132 45
174 1
71 54
126 1
194 147
144 73
13 145
154 58
163 77
27 99
15 183
114 16
73 45
151 197
14 198
13 17
34 53
96 111
92 61
155 39
63 33
5 171
178 104
195 181
157 169
2 164
39 118
87 84
68 39
144 149
106 88
135 111
54 70
161 126
74 48
67 6
71 61
16 24
3 182
25 6
172 175
75 40
11 79
61 5
7 156
144 93
75 124
77 88
100 64
26 1
193 126
121 76
55 44
23 174
114 134
31 52
100 106
100 105
177 127
194 141
135 153
29 114
182 24
133 131
32 199
93 183
29 5
193 53
104 171
47 178
192 152
23 82
174 103
200 107
177 65
32 69
163 48
179 55
109 158
89 164
167 57
124 120
77 69
119 142
63 165
161 149
190 183
108 184
63 199
68 148
128 79
195 70
14 94
63 142
149 91
66 33
92 41
23 48
170 165
25 123
144 197
31 44
144 76
151 140
124 65
26 63
166 17
159 140
21 46
92 188
133 25
154 112
49 1
178 14
104 56
26 194
180 48
93 46
10 69
181 186
168 41
143 74
125 149
31 46
32 152
161 176
175 6
192 30
168 143
188 84
189 171
179 81
168 45
154 184
54 94
107 164
131 134
78 164
116 152
139 49
10 96
11 88
75 156
147 95
147 85
147 140
172 18
127 105
16 127
177 5
174 61
63 111
180 149
81 52
199 122
29 74
59 30
104 192
23 58
137 22
77 62
118 85
170 185
178 78
199 28
179 122
93 139
75 95
151 49
143 91
128 129
44 45
29 175
119 163
15 141
78 137
78 53
32 103
167 49
152 142
58 185
120 82
36 56
194 145
119 80
55 117
54 186
180 105
102 33
163 40
181 8
168 150
54 130
43 129
118 134
190 8
37 172
86 193
179 120
66 39
167 181
47 152
123 59
64 175
180 159
49 197
32 106
50 181
133 141
121 2
66 53
43 39
160 74
77 146
75 74
156 182
187 87
27 28
133 159
164 141
83 134
116 46
138 73
63 79
156 114
175 76
29 87
9 64
60 164
78 66
136 67
14 30
55 185
54 24
154 15
140 29
100 97
185 152
55 80
7 110
194 161
131 20
54 137
2 118
42 152
136 94
150 88
78 171
25 199
17 88
78 82
191 73
83 176
102 137
34 27
151 72
81 152
200 111
147 153
155 6
31 48
199 95
146 162
139 1
155 176
64 57
111 105
132 31
68 11
181 143
66 86
98 182
159 153
71 148
164 134
120 105
136 76
116 113
146 196
136 178
102 79
133 185
93 158
116 11
34 181
160 60
109 8
161 8
133 15
195 183
121 79
71 101
112 46
152 188
145 110
179 8
147 182
173 36
159 111
51 127
123 110
121 190
74 186
187 21
55 97
140 16
149 94
168 95
180 112
194 105
37 48
22 183
114 182
138 91
102 114
128 17
114 33
133 31
13 58
132 13
32 42
31 189
86 62
31 102
191 44
193 122
69 41
180 84
59 183
74 175
136 20
60 21
123 61
2 110
31 27
8 196
164 49
147 134
4 137
131 139
199 192
59 106
14 117
104 143
165 109
167 164
191 30
43 177
37 8
116 89
36 164
13 117
177 175
71 74
109 176
124 198
77 12
94 39
140 61
188 44
173 158
34 176
148 22
63 100
17 82
155 12
31 98
9 12
161 134
98 196
166 112
4 116
168 20
145 171
117 62
59 76
49 88
58 152
160 96
174 41
174 92
80 117
179 57
156 146
191 116
50 20
42 52
165 115
53 134
136 12
53 158
35 144
42 12
168 32
112 95
19 164
78 79
95 115
84 88
16 56
49 188
136 17
186 76
49 46
106 45
177 33
179 50
178 149
154 95
157 114
165 129
155 150
94 111
132 62
9 196
79 127
95 73
69 1
193 138
178 184
53 138
108 57
72 87
81 49
28 141
89 16
200 168
135 199
10 198
176 196
140 88
141 158
10 39
108 105
166 144
194 51
128 25
170 191
13 109
86 85
102 46
54 116
68 123
26 173
78 101
180 190
174 145
59 90
200 15
123 129
59 139
144 85
194 67
117 6
84 52
146 72
128 164
135 192
150 20
4 115
154 103
66 184
189 199
66 81
198 89
62 6
176 152
185 90
161 175
23 16
41 115
188 52
174 191
106 52
55 193
67 144
191 198
86 137
43 11
133 138
54 120
54 105
149 152
122 73
99 76
190 106
166 84
62 41
74 110
145 19
133 183
161 110
137 185
42 121
163 69
154 144
123 106
172 164
148 18
11 20
9 100
167 199
174 5
200 74
140 11
170 145
180 35
83 65
127 30
135 10
63 70
47 38
60 62
36 57
178 169
189 141
10 65
153 95
180 134
136 117
53 52
4 46
133 17
167 89
92 112
193 74
107 188
26 103
93 115
167 145
166 115
29 16
7 117
184 82
79 88
35 101
107 44
7 142
14 110
190 118
27 65
37 90
118 138
7 50
170 187
29 91
124 6
87 18
37 2
195 103
145 131
68 163
120 137
93 164
148 105
7 179
53 122
122 149
147 38
125 30
13 83
50 93
196 1
162 176
168 63
2 95
10 183
92 69
47 96
110 5
122 30
81 96
191 59
128 116
190 141
7 124
89 17
23 34
81 115
175 171
178 118
179 6
13 50
194 164
182 45
69 72
199 99
101 137
69 109
96 150
25 159
43 179
100 131
56 138
101 96
50 48
140 190
172 169
82 183
55 72
75 58
2 93
167 191
160 83
118 158
34 94
32 95
75 148
69 52
81 107
133 34
121 183
83 142
190 150
193 99
97 18
140 19
71 105
99 57
35 131
58 188
69 103
180 109
178 6
95 129
151 86
4 110
2 90
172 123
143 131
189 72
128 186
181 20
125 86
143 88
165 97
137 97
135 70
129 82
183 30
181 72
114 171
155 141
42 103
172 183
4 96
13 171
8 12
9 6
124 48
156 130
35 123
173 125
80 162
83 107
197 196
164 15
136 9
135 195
98 95
54 17
26 66
32 76
180 111
29 130
20 1
53 111
83 33
54 84
111 24
151 70
60 16
34 144
42 139
48 79
36 113
133 105
50 199
63 153
100 82
167 165
74 99
47 51
54 162
119 132
80 114
174 146
168 199
92 121
137 73
155 127
55 129
128 109
100 65
41 158
134 1
122 169
166 88
40 6
40 145
122 6
147 105
7 66
13 97
63 180
186 138
116 162
42 44
147 198
66 80
89 138
35 177
77 192
120 125
168 186
163 111
34 196
146 76
188 21
101 40
121 169
125 113
119 30
123 131
187 143
198 57
13 169
32 84
15 115
81 197
162 12
147 96
78 109
159 142
23 147
168 154
77 116
7 107
177 121
162 96
89 155
78 159
50 94
141 45
65 24
117 158
179 114
108 115
187 112
98 131
163 165
173 172
23 19
78 62
186 20
148 164
47 69
163 52
194 182
160 39
87 20
142 182
41 57
119 195
42 134
77 197
135 8
128 155
40 5
13 81
67 64
144 11
166 77
115 6
178 121
157 162
200 73
55 186
190 19
9 189
75 155
78 12
194 84
9 117
173 189
199 22
161 112
10 67
110 85
145 184
87 24
179 83
28 127
71 96
25 138
78 55
167 110
98 38
178 41
131 97
195 106
161 36
168 197
16 48
122 126
174 177
179 65
110 1
40 57
23 78
155 44
69 188
34 52
23 24
165 150
69 88
104 197
42 27
163 100
193 90
54 49
172 181
189 145
72 12
129 33
64 184
63 149
179 110
28 33
137 176
119 173
2 127
163 12
32 182
137 30
180 41
102 116
166 173
193 39
187 162
41 6
99 192
188 105
92 143
120 39
8 106
165 113
160 181
78 156
55 111
194 111
139 15
139 39
154 117
47 10
125 152
89 184
144 22
160 124
121 142
170 19
122 22
147 17
151 87
178 193
142 138
179 182
77 20
150 52
148 95
166 199
106 82
70 22
189 67
72 30
87 105
166 71
120 171
2 41
36 184
77 147
74 196
131 87
32 113
176 22
26 4
10 138
34 3
173 143
186 52
42 90
82 6
126 192
94 30
56 96
136 155
117 65
169 30
8 182
133 70
173 79
102 80
194 131
40 16
180 51
136 135
102 141
195 18
156 91
75 59
151 39
7 102
72 5
166 39
176 82
147 122
200 155
17 175
74 49
200 130
135 36
43 74
144 108
47 14
91 12
185 150
113 87
68 167
147 149
71 132
27 52
69 138
128 66
135 24
156 123
178 144
185 11
195 52
166 157
101 65
40 93
87 183
4 190
122 62
172 40
167 69
56 5
25 162
34 175
14 53
13 146
163 171
190 101
123 44
171 127
103 134
61 109
133 38
71 143
27 12
191 72
118 30
95 21
151 20
72 79
193 103
120 89
137 18
120 80
123 82
63 3
62 39
13 3
13 30
26 124
14 32
189 158
2 5
123 46
97 52
32 39
104 169
65 51
163 127
66 73
180 138
190 149
154 29
84 33
86 74
16 155
93 19
186 18
48 118
120 98
117 49
180 22
25 96
23 96
4 123
186 171
72 76
31 96
98 52
196 88
198 86
23 114
152 129
195 12
53 1
69 190
164 41
187 79
14 164
126 82
17 20
75 115
124 151
64 105
142 85
125 28
169 49
9 164
177 112
9 144
37 29
81 109
147 72
166 194
53 144
104 57
199 67
104 73
69 162
190 162
14 34
40 129
71 151
6 44
160 164
101 58
123 188
40 162
77 152
154 138
139 176
192 94
66 146
63 177
32 61
119 29
36 41
123 126
114 41
179 76
147 22
167 144
79 158
53 45
200 150
156 1
195 159
179 91
17 49
135 57
198 101
180 12
3 57
126 112
187 46
31 18
137 188
155 97
92 1
58 41
53 165
114 90
80 88
141 57
40 41
28 64
78 95
34 21
148 46
156 81
47 99
161 111
96 33
162 24
131 19
120 146
69 27
4 19
101 56
163 92
104 64
32 49
16 107
65 95
102 3
178 102
72 94
50 117
99 44
25 186
67 87
128 7
116 53
124 77
47 142
121 80
103 90
119 179
137 106
53 48
160 58
119 8
19 149
168 196
163 60
168 91
155 88
81 146
191 147
98 130
179 183
37 86
128 32
133 110
79 91
167 129
128 159
194 193
37 104
170 83
10 188
4 164
167 109
68 157
107 64
77 91
174 104
149 20
101 129
74 44
172 38
9 176
124 34
142 73
144 72
90 18
130 21
117 155
187 191
89 59
180 117
181 103
80 176
98 184
121 146
110 44
163 190
113 108
161 152
133 35
116 21
75 42
139 152
131 51
26 73
8 38
117 134
113 164
69 15
63 194
55 12
133 170
55 139
13 157
124 91
156 139
132 34
123 52
163 15
113 59
187 11
139 18
154 165
178 194
170 164
148 120
162 158
2 19
118 33
120 69
174 162
126 73
77 8
133 194
136 42
9 42
104 59
68 116
67 169
92 44
110 46
32 35
163 76
101 48
143 197
28 185
26 57
120 41
156 103
140 185
181 2
135 121
75 150
146 22
93 21
191 101
48 110
136 58
166 47
174 39
190 39
139 129
166 32
160 137
168 10
145 88
40 165
103 158
42 11
68 45
148 33
52 30
125 53
174 114
154 157
156 140
163 58
61 184
107 21
26 53
133 127
83 145
17 188
32 129
63 175
17 18
133 149
78 36
199 108
14 38
99 106
145 153
195 193
58 72
167 179
194 1
29 144
195 199
119 199
63 181
199 73
117 36
171 41
79 51
28 94
93 134
167 116
59 82
193 2
162 45
163 175
122 5
192 110
55 57
40 99
120 65
174 139
144 79
157 147
37 70
72 107
3 109
104 109
70 12
100 159
7 33
154 22
92 86
187 154
25 140
60 91
61 152
43 112
50 22
29 1
28 150
149 59
102 199
125 139
21 106
78 97
58 61
58 12
61 49
31 129
105 45
93 169
133 6
124 87
86 186
120 81
55 70
95 52
114 74
133 132
157 103
179 56
145 129
56 18
60 186
186 149
50 152
22 182
144 74
186 8
194 107
163 34
35 120
185 1
128 62
174 155
136 4
7 35
159 82
147 61
43 80
140 164
146 70
27 113
4 180
148 189
80 84
60 175
200 18
160 59
121 171
115 134
48 105
132 3
55 198
113 183
98 139
174 110
191 172
8 6
17 158
81 56
86 21
200 167
118 44
42 36
140 108
17 5
192 106
100 53
176 182
19 45
200 9
7 53
147 142
119 187
54 189
50 72
100 61
102 49
117 19
98 8
172 69
193 185
83 127
103 198
166 185
40 56
186 197
133 191
99 129
62 88
29 134
128 34
14 130
122 12
37 135
187 29
47 188
151 48
198 97
93 90
189 143
172 86
128 137
43 192
120 45
161 118
144 134
75 159
154 19
122 72
136 34
136 164
31 193
174 33
3 139
4 89
81 61
60 30
156 5
4 199
167 177
60 33
66 138
159 91
103 188
63 99
129 188
159 27
66 62
116 158
135 177
12 52
25 178
157 101
106 20
7 191
19 22
98 51
48 36
109 188
28 44
154 1
66 95
80 29
62 30
16 196
170 125
144 127
31 77
156 50
89 149
98 17
166 187
93 155
133 188
7 180
77 150
102 77
14 101
31 175
2 188
103 57
10 192
161 18
175 90
4 184
10 27
58 127
63 109
54 95
7 170
187 67
151 152
71 47
163 169
53 182
149 82
116 36
55 11
135 190
120 38
69 113
179 17
17 15
76 115
2 150
194 35
7 111
159 90
162 70
26 199
15 1
125 183
126 141
34 116
180 189
82 18
140 153
117 139
153 134
29 36
116 85
75 123
179 149
43 58
65 49
37 66
163 133
148 135
27 84
149 141
177 193
123 18
160 134
60 185
42 183
42 77
74 162
188 24
53 141
113 129
55 182
43 66
75 106
157 198
177 30
105 44
151 62
80 184
101 108
166 100
66 182
23 168
95 44
81 89
166 152
178 83
54 191
166 174
47 184
86 67
10 29
80 145
72 64
7 41
136 182
174 149
93 24
5 138
17 41
133 176
114 57
169 22
31 113
61 176
133 60
83 171
83 72
104 94
147 111
151 138
189 69
7 90
27 111
135 11
83 73
139 188
123 117
136 131
165 111
145 33
146 129
119 125
125 193
200 42
190 122
114 70
130 48
66 30
168 35
136 77
151 154
135 120
43 46
157 120
58 76
25 40
120 140
14 77
25 150
56 150
10 73
60 101
147 113
157 98
83 22
198 161
55 131
99 139
47 159
27 131
27 88
154 107
173 198
119 89
157 58
128 63
59 49
120 57
200 99
16 17
135 34
175 152
40 90
186 62
167 155
191 108
74 118
180 10
69 36
99 8
137 196
144 28
31 148
63 72
149 70
67 65
111 73
100 121
177 123
192 73
78 2
144 62
154 101
182 85
62 113
173 179
192 33
27 24
63 18
100 72
178 74
7 67
32 169
70 33
16 21
71 111
166 160
128 31
157 84
67 129
124 110
122 104
25 192
54 178
2 139
55 73
195 58
135 51
162 19
100 143
41 1
154 114
140 117
135 162
32 99
4 135
97 24
46 57
131 85
7 104
115 105
59 52
149 18
132 137
198 145
69 153
121 99
54 38
29 196
175 91
38 134
160 111
54 96
200 31
159 38
48 15
58 96
147 41
26 83
26 54
170 117
168 142
68 72
153 85
161 52
117 17
43 156
13 118
191 140
2 108
14 90
133 99
151 41
162 52
89 117
193 108
149 15
163 28
23 104
26 182
198 87
128 76
200 47
139 33
7 52
178 135
42 45
200 184
117 152
89 36
78 27
4 66
124 18
125 123
199 21
153 108
22 105
124 126
175 56
136 73
92 172
7 139
67 138
170 107
23 197
34 106
135 66
172 153
34 143
189 28
43 36
131 158
120 77
129 73
189 184
7 163
189 127
175 88
124 127
63 49
81 88
63 42
174 178
139 158
188 76
77 96
189 126
37 77
126 139
102 89
47 22
174 49
128 85
92 106
108 188
157 143
71 129
193 130
48 20
112 21
37 150
117 79
120 107
78 42
104 21
9 127
121 24
146 149
176 141
128 189
81 95
78 113
100 144
170 189
63 110
148 178
137 113
124 123
29 40
178 199
3 41
159 121
178 55
195 179
170 80
66 118
161 106
161 113
187 10
55 50
78 64
174 165
126 109
5 115
9 20
114 48
186 6
95 142
156 124
193 8
80 45
78 175
89 176
119 130
58 183
151 27
71 39
163 53
23 64
165 5
159 126
181 104
125 181
136 86
166 51
71 167
16 82
36 188
147 165
63 32
58 94
146 93
47 27
43 50
87 138
105 134
196 138
9 142
34 192
71 116
192 129
27 76
160 138
157 76
136 130
77 189
58 5
11 84
61 28
32 194
194 41
101 158
153 107
180 125
28 175
58 155
54 199
43 102
129 138
119 112
168 104
159 137
149 21
29 64
123 107
54 73
40 184
184 30
10 185
31 127
114 152
112 108
26 23
166 65
146 28
92 149
92 179
94 73
179 21
104 112
16 113
163 199
166 48
139 30
93 152
189 20
104 185
71 16
32 198
78 87
92 156
47 74
173 28
57 82
172 196
63 69
81 1
173 104
3 15
128 35
47 118
166 62
91 90
121 153
104 130
172 84
42 158
78 107
53 46
189 152
128 120
156 96
98 91
26 167
140 103
139 196
161 142
93 73
157 20
194 34
197 115
172 20
160 187
21 24
92 124
50 45
32 91
27 182
23 61
124 50
128 33
54 62
112 1
66 36
198 94
192 96
36 134
199 16
101 113
17 138
183 158
170 158
25 32
55 21
198 79
195 108
19 171
200 63
160 105
86 184
191 32
174 108
145 149
69 30
154 175
71 118
143 36
171 183
43 174
2 49
157 152
151 53
126 41
175 79
9 51
14 156
139 138
142 45
194 16
199 153
47 185
39 30
78 80
34 190
119 174
99 16
177 70
4 181
60 61
99 30
125 138
148 89
192 162
59 118
132 189
40 18
25 110
200 11
112 111
78 29
74 176
174 105
77 39
198 15
168 44
119 135
54 8
115 158
106 182
64 39
133 199
113 8
90 182
174 16
42 96
144 186
174 35
153 8
165 11
36 138
200 188
42 105
41 182
80 79
77 105
149 90
47 146
34 15
114 73
42 24
31 144
177 124
113 30
86 48
160 5
35 65
120 6
104 62
7 42
193 65
27 1
165 137
174 118
110 39
189 85
184 18
124 38
117 97
135 56
168 106
50 113
132 61
10 86
120 88
100 86
124 105
123 158
9 77
148 1
152 141
133 164
10 143
81 58
39 18
93 141
167 185
3 16
119 79
171 30
152 1
31 184
4 36
190 6
95 38
