InstanceID
3_40_4
NumObjects
40
NumFactors
4
Weights
81.16984049958616
98.84323655013432
80.76220876500786
97.00908450487537
14.006111319509863
50.94438024440222
5.869740597593154
0.4257960600515309
97.46379934512355
55.72251384524507
46.44219211852372
28.750905582916953
29.667422568049084
7.406140670186545
93.3822715119282
90.86247079387266
48.70178369398248
99.83365542219973
77.86784345523358
41.36363807491079
45.39047277606774
35.29550224135758
39.0673840146025
55.561284138980426
99.95078776658117
63.41548117024516
70.49372690283045
33.2357445964389
20.77455048550412
51.72703999377211
36.919136368796536
82.10130315255914
22.200300968290154
65.23099642029342
83.47008419211927
60.294851937842694
82.37081182259236
7.508171673301223
64.80468674119608
14.200619456349317
Budget
1090.2539862215265
Profits
-16.23396809991723
-19.768647310026864
-16.152441753001572
-19.401816900975074
-2.8012222639019724
-10.188876048880443
-1.1739481195186308
-0.08515921201030618
-19.49275986902471
-11.144502769049014
-9.288438423704743
-5.7501811165833905
-5.933484513609817
-1.481228134037309
-18.67645430238564
-18.172494158774533
-9.740356738796496
-19.966731084439946
-15.573568691046717
-8.272727614982157
-9.078094555213548
-7.059100448271517
-7.8134768029205
-11.112256827796084
-19.990157553316234
-12.683096234049032
-14.09874538056609
-6.64714891928778
-4.1549100971008235
-10.345407998754421
-7.383827273759307
-16.420260630511827
-4.440060193658031
-13.046199284058684
-16.694016838423856
-12.05897038756854
-16.47416236451847
-1.5016343346602445
-12.960937348239217
-2.8401238912698634
FactorLoading
0.46577560296931053	0.058085028101321656	0.0901764318070788	-0.385962937122289
-0.214903999903181	0.25098102826187985	0.3483817085949361	-0.18573326324000305
0.14375710281694487	0.15765941497774927	0.27153993594858594	-0.4270435462567199
-0.26942116719892995	0.06033352158452976	-0.40854196181461	0.2617033494019303
-0.313879484342535	0.014179565279648143	0.3649257985681398	0.3070151518096771
-0.3868236954624771	-0.22005150876236312	0.3828083927685515	-0.010316403006608299
0.12678774931938608	0.03991879173950519	-0.3872562303856977	0.44603722855541106
0.046016550918932975	-0.07960877990008863	-0.17613553717924701	0.6982391320017314
0.18523686142549245	-0.4017318202254925	0.28084771294237343	0.13218360540664165
0.2298111787428434	0.31243515872909566	0.21016777063935455	0.2475858918887064
0.04489780148927691	-0.16929407068818025	0.7051568368347398	0.08065129098780299
-0.03785733087898069	-0.1382083383120476	-0.13126048175886096	-0.6926738490501108
-0.3411618150726421	0.30964364925235865	0.3360840687770912	0.013110466897908069
-0.2830356442194768	0.2615408420800085	0.3080255375665568	-0.1473979761339579
-0.004837066284403058	0.5750888667525327	-0.27390373807505974	0.14617032888800452
-0.12537235304424232	0.7512756142579082	0.11941119176625237	0.003940840931597078
0.17753946131786313	0.037904193840816225	0.7571015220896633	-0.027454822751657337
0.03838092669114723	0.2435191761031974	0.14984222877909925	-0.5682576684265561
0.23609657344346657	0.19715586079971592	0.45220236727614394	-0.11454519848067357
-0.07021398494029851	0.03693927202537628	-0.5589430377330706	0.33390370530125457
0.5533492902808037	0.0203107388545527	0.42561872823239	-0.0007212426322535936
-0.10253541155964196	-0.46543149848313314	0.36579455306413045	-0.06623853689309445
-0.3089041489178539	-0.08270833999674809	0.21944312851309888	0.38894438257229913
-0.42484584442839246	-0.02490905201263849	-0.09735401828592716	-0.4528910852730419
-0.1280142699772897	-0.06795595312533509	-0.35788942389154776	0.44614035300582744
-0.2229041269920129	-0.48272143195438955	0.09144586417602207	0.20292857687757548
-0.7583916852024972	-0.03250271780429559	0.199999990088926	0.009105606904281194
-0.03385383352620619	0.5145384822343824	-0.26291640169333785	0.1886912825460736
-0.4176820353837072	-0.26542347926601617	-0.09798718689733166	-0.218907298452945
0.4674144391901538	0.259308649343144	-0.23264298863225008	0.04063392283445211
0.25793932259054575	0.19715613525639775	0.3721298952029839	0.1727746469500726
0.04128476295611505	0.1684590018938794	-0.4256247973713234	-0.3646314377786821
-0.4382733827274581	-0.26078934359943307	0.14757731415677822	0.15335995951633064
-0.07353934091368841	-0.22083004763075187	-0.294196616505364	-0.4114339949501957
0.19998065992852188	0.08809882225085497	0.6016399369731937	-0.11028058084742942
0.26455505787766387	-0.313743744302849	0.2266015251925526	-0.1950996726269345
-0.6870797858918953	0.20845501940381772	0.07906701573205255	-0.025398178972234398
0.00594228891606341	0.0017104834295236238	-0.6249721574317555	-0.3673750702226575
0.18883085585252601	0.32998964387855945	0.26197497459578156	0.21920452567313298
0.32808489416463504	0.12953009392362524	0.36533335142833057	-0.17705166048340915
Conflicts
23 2
7 34
28 36
10 17
14 29
7 27
2 12
27 17
13 30
37 18
10 11
35 22
7 35
9 30
14 25
37 31
9 28
31 11
9 27
5 18
27 36
31 13
23 9
34 2
7 28
13 40
32 24
26 34
10 30
28 24
2 3
11 39
26 40
36 8
35 15
4 32
32 36
34 5
16 20
17 6
37 27
12 18
13 12
5 39
8 33
11 33
10 21
40 11
4 12
26 11
14 22
17 22
31 29
25 36
7 11
37 11
26 3
3 18
40 18
4 38
23 1
9 2
32 19
40 15
7 18
19 38
29 12
37 16
2 1
4 18
28 8
14 5
10 28
15 30
23 34
2 28
2 40
15 21
23 13
23 16
7 13
27 22
36 38
21 20
9 11
10 40
2 33
31 19
3 38
9 15
34 1
9 3
25 20
5 22
16 15
5 33
8 39
13 32
13 19
19 39
11 30
9 25
13 28
5 12
3 36
13 34
23 27
7 32
28 20
27 5
29 19
27 1
5 1
23 8
14 1
26 28
27 33
9 40
9 34
25 29
16 11
36 39
5 20
16 36
11 12
9 19
29 5
36 17
37 13
40 24
23 24
26 27
14 8
9 18
14 12
38 18
31 10
3 20
38 39
19 30
3 40
26 31
13 22
10 16
29 24
40 12
34 17
9 38
17 15
34 28
4 39
17 1
17 18
23 25
28 1
9 22
35 40
34 20
19 17
5 6
23 39
28 12
35 18
29 33
34 8
23 4
39 20
11 20
33 18
14 35
25 30
4 6
3 19
2 21
34 39
3 15
10 19
29 11
31 5
4 10
32 12
7 3
19 21
32 28
35 30
21 18
10 1
27 20
27 21
32 39
35 24
25 15
23 32
2 38
4 37
25 12
26 20
31 3
7 40
7 9
4 17
28 30
32 1
37 17
17 20
13 16
7 31
14 15
2 6
31 25
37 32
37 14
25 39
28 6
27 11
40 5
4 34
28 33
7 5
11 5
16 1
15 39
13 18
27 18
35 32
19 28
37 22
10 20
14 33
26 22
22 15
38 33
35 33
14 34
8 12
7 2
26 2
36 11
9 13
4 25
9 20
29 21
3 30
40 21
36 18
34 40
39 30
37 24
23 22
4 2
39 33
27 30
32 22
24 1
21 24
11 6
22 38
13 36
40 30
26 39
13 1
21 33
3 21
29 39
19 24
19 36
27 24
31 15
14 3
15 6
37 30
2 17
37 1
35 39
27 19
35 17
35 16
13 21
8 38
36 1
32 2
7 14
2 36
34 38
4 8
34 3
14 20
3 28
30 18
4 14
32 15
34 11
5 38
23 26
7 30
35 12
11 21
9 1
25 28
23 6
26 8
7 25
14 6
6 1
19 12
13 33
29 27
13 38
16 6
15 24
16 5
10 2
14 16
34 29
31 1
24 18
6 30
7 23
35 1
4 27
29 22
25 32
26 16
36 15
3 8
17 39
18 20
14 11
9 31
3 27
37 21
38 30
7 8
17 11
21 1
26 18
9 35
7 10
23 3
20 24
31 22
37 8
25 21
13 3
7 19
12 20
22 30
26 6
23 30
29 8
13 35
28 39
27 28
6 12
10 8
14 28
14 10
29 30
25 13
37 34
8 15
14 24
26 1
26 4
3 1
36 20
15 12
32 5
35 36
14 31
40 1
40 22
19 1
10 38
32 40
37 29
29 36
21 6
29 17
34 15
36 33
21 12
29 2
27 8
31 8
16 38
37 39
23 33
8 1
16 39
40 19
