InstanceID
3_50_4
NumObjects
50
NumFactors
4
Weights
81.16984049958616
98.84323655013432
80.76220876500786
97.00908450487537
14.006111319509863
50.94438024440222
5.869740597593154
0.4257960600515309
97.46379934512355
55.72251384524507
46.44219211852372
28.750905582916953
29.667422568049084
7.406140670186545
93.3822715119282
90.86247079387266
48.70178369398248
99.83365542219973
77.86784345523358
41.36363807491079
45.39047277606774
35.29550224135758
39.0673840146025
55.561284138980426
99.95078776658117
63.41548117024516
70.49372690283045
33.2357445964389
20.77455048550412
51.72703999377211
36.919136368796536
82.10130315255914
22.200300968290154
65.23099642029342
83.47008419211927
60.294851937842694
82.37081182259236
7.508171673301223
64.80468674119608
14.200619456349317
52.38606310706322
61.4037062877711
46.577560296931054
85.9138371612873
67.24265190607458
87.76539056979628
17.61588547250925
21.4903999903181
81.4266736759997
46.588502816506086
Budget
1374.459321863655
Profits
-16.23396809991723
-19.768647310026864
-16.152441753001572
-19.401816900975074
-2.8012222639019724
-10.188876048880443
-1.1739481195186308
-0.08515921201030618
-19.49275986902471
-11.144502769049014
-9.288438423704743
-5.7501811165833905
-5.933484513609817
-1.481228134037309
-18.67645430238564
-18.172494158774533
-9.740356738796496
-19.966731084439946
-15.573568691046717
-8.272727614982157
-9.078094555213548
-7.059100448271517
-7.8134768029205
-11.112256827796084
-19.990157553316234
-12.683096234049032
-14.09874538056609
-6.64714891928778
-4.1549100971008235
-10.345407998754421
-7.383827273759307
-16.420260630511827
-4.440060193658031
-13.046199284058684
-16.694016838423856
-12.05897038756854
-16.47416236451847
-1.5016343346602445
-12.960937348239217
-2.8401238912698634
-10.477212621412644
-12.28074125755422
-9.315512059386212
-17.18276743225746
-13.448530381214917
-17.553078113959256
-3.5231770945018503
-4.29807999806362
-16.28533473519994
-9.317700563301218
FactorLoading
-0.4328910383035891	0.242745249230661	-0.17780614688280294	-0.14655756558294697
-0.7088551044254621	-0.14165596186669638	-0.0152457672368711	0.13424316647097045
0.19078313105885436	-0.06437464346488997	-0.7063744906755363	0.03846773480071941
0.1263986370880632	0.6034794923880926	0.19301085509832894	-0.07711101542551524
-0.025267381376028242	-0.3895663424615039	-0.242158898379647	0.34300737778282087
0.3741176937638311	-0.1636010100895986	-0.16737266471488832	-0.294908631431682
0.22496979486902013	-0.2508353960714196	0.4627736610816884	0.061421147977871904
0.025055847328883996	-0.8294868063442431	0.010065246051430776	0.13539210027544213
0.5205358127965565	-0.2122158117166162	0.17591266153076468	-0.09133571395606266
0.2125692558465999	-0.5991981194796803	-0.10330154706672334	-0.08493107760699647
-0.35448616024001045	0.08502331965624066	0.013021312186535017	-0.5474692079172139
0.47164870204462206	0.4777578115550123	-0.028503629447692802	0.02208985695267285
-0.20631535200345952	-0.6450256455695975	0.14667619027223	0.001982812154712965
0.08250784537986355	0.26289138755409436	0.6261194946672484	-0.028481272398793722
0.1652900908162891	0.37088493202755735	-0.06321592265198195	-0.4006090545041716
-0.6150927799003532	-0.05242602435021704	-0.3046423855311715	-0.027838810218258292
-0.6085059255331235	0.17884818808327552	-0.004006417429508469	-0.20863946895409247
-0.6002334408675736	-0.15539509539932106	-0.19227326022302704	0.05209820351007832
0.003628865909382828	0.0672428687760862	0.6180164625377917	0.3111118027767392
-0.7299885494015486	-0.01686248061229345	0.23032422259379914	0.022824747392358846
-0.054375189475874386	-0.3671107453841673	-0.25997316102155366	0.31854090411840463
0.041255264562706895	-0.15480862591240818	-0.7209215914399791	0.08301451808490579
-0.060730956925219015	-0.21260549968400522	-0.1729324627400366	0.5537310806507392
0.07021496172016084	-0.24666347379368703	0.11611537356291435	0.5670061909232378
0.11735943340803101	0.2451470798171842	0.2611969252167652	0.3762965615580196
0.0967129099062618	0.145061432722297	0.310221958621715	-0.44800369874972623
0.16457683937009837	0.06503104026421758	0.734926158662915	-0.035465961702769055
-0.2890368418337024	0.056482120427002735	0.05659743139193907	-0.5978836063473558
0.1751708909345584	0.7792891992146713	-0.0010666801225855949	-0.04447322972818468
0.5476937404298274	-0.020507850968416452	-0.2070151994428231	0.22478320915893302
-0.47102120826527427	0.15252269456647283	-0.26563925686352396	0.11081684030472894
0.09956853146404954	-0.027926935416726195	0.5664111241195258	-0.3060934089996985
-0.12184295635946851	-0.11844071347341889	-0.21100810994654418	0.5487082202205684
-0.6265260910157506	-0.08643129644847258	0.0947007613276678	0.19234185120810898
-0.14375850955555336	0.46976646316864445	0.19921705312862192	0.18725797414718026
-0.027160593371291064	-0.5790875084606639	0.3871069322019496	-0.0066449659660954286
-0.0820927684686743	-0.6010091619797318	0.08818791534719428	0.22871015420439966
0.5458354639890683	0.004642202660729122	-0.21529996534162965	-0.23422236800857288
-0.5013836978435176	-0.2720644066954878	-0.029678262147255552	-0.19687363331373908
0.14506812594260787	-0.26308895817374367	0.48265080257732307	-0.10919211330632539
-0.2502301972109713	0.0054204490244231796	-0.20721609832658583	0.5371332554380197
-0.09664781651106602	0.2410521254822895	0.027614688972246393	0.6346853690343981
0.15816247187106036	0.14817638400144784	-0.6494341954634812	-0.04422694866401056
-0.05179363705746898	-0.45855256845857584	-0.12666211077766487	0.3629916837062903
-0.06242492344119133	-0.5736289297025337	0.34494896687149024	-0.018997179984784784
0.13194029047551203	-0.38942405698387694	0.003550422728680669	0.47508522981193035
0.08060828425623079	-0.24210703166423686	0.09731923283647692	0.5799654512430554
-0.05782618314088683	-0.3034123216726825	0.3569713861256878	0.28179010906074287
0.5011941609584958	0.20794370041813925	-0.28826410805305036	-0.0025980305703146023
-0.03502522248611495	-0.4720601540829237	0.2064715407443647	0.2864430826865967
Conflicts
26 34
10 30
28 24
2 3
11 39
14 25
14 29
26 40
36 45
8 15
35 49
4 32
32 36
34 49
16 5
17 20
13 6
37 31
42 44
27 12
12 18
13 39
43 5
43 9
47 9
49 33
8 45
47 11
10 33
11 21
40 41
4 12
26 11
14 22
17 22
29 48
31 36
25 49
7 11
37 11
26 3
3 18
40 18
4 38
23 1
9 2
32 19
40 15
7 48
38 18
10 19
21 12
29 44
37 16
8 33
2 1
4 50
28 18
48 8
14 50
10 5
50 28
15 30
34 42
23 2
28 11
10 50
2 40
15 21
23 45
47 13
23 16
7 13
27 22
36 38
21 20
9 11
10 40
50 33
2 19
31 41
3 41
38 15
9 1
9 34
9 48
25 20
5 22
47 50
16 44
5 15
43 33
8 39
13 32
13 19
47 19
25 30
9 41
13 28
5 12
3 36
23 13
32 27
7 47
43 28
44 45
39 20
11 41
27 5
13 29
19 1
42 8
14 1
26 33
40 27
25 34
49 41
29 6
6 45
16 11
27 46
36 39
49 20
16 36
47 41
11 46
9 12
19 5
29 36
37 17
13 40
23 24
27 24
41 45
26 14
8 18
9 14
50 12
50 5
5 33
31 12
10 41
3 20
38 39
41 24
28 19
49 30
3 40
26 43
31 46
13 22
10 42
16 24
29 46
40 12
40 11
34 17
9 50
17 38
15 45
34 28
4 39
17 1
17 18
23 50
25 28
22 1
9 40
35 44
34 41
19 6
23 39
46 12
42 28
35 18
42 33
34 29
8 24
43 32
23 4
42 39
11 18
35 33
14 44
4 6
10 16
3 19
2 21
11 30
34 39
43 15
3 16
36 41
19 44
29 11
43 30
9 31
4 5
10 45
32 12
7 3
26 27
19 21
32 48
35 28
21 30
43 2
21 18
47 10
20 1
43 27
27 21
32 39
19 38
31 11
35 24
25 41
23 15
32 38
2 46
4 48
37 8
47 34
25 50
12 45
46 20
26 35
35 3
31 33
27 28
41 1
7 40
7 9
4 17
28 30
32 1
37 47
16 20
13 31
7 49
14 15
2 6
31 25
50 48
37 32
37 14
25 39
19 17
48 6
29 28
48 5
27 11
43 40
34 5
4 28
33 46
5 45
11 5
45 1
16 41
15 44
27 39
13 11
46 18
27 18
35 46
37 28
50 22
10 44
35 40
2 33
48 33
14 45
26 42
22 46
34 20
22 15
38 33
14 34
8 12
21 44
7 2
26 36
42 11
9 13
4 41
25 24
47 32
9 20
29 21
47 49
3 30
39 21
36 17
29 15
29 49
40 45
23 30
22 24
4 2
27 33
44 30
41 22
13 21
19 11
14 6
8 22
26 38
3 48
13 36
43 14
4 35
25 45
16 22
40 22
47 22
28 33
50 39
13 48
48 1
9 21
3 38
42 21
28 44
31 39
47 29
50 24
19 20
47 5
19 48
36 46
4 11
24 20
27 44
42 5
27 41
31 15
14 3
15 6
37 2
48 17
49 1
43 50
37 35
32 16
47 35
13 41
8 21
38 46
36 1
14 5
4 42
2 49
7 32
47 14
2 36
43 38
32 34
26 22
47 4
3 8
34 44
14 20
14 30
48 45
4 15
32 44
32 2
47 46
50 11
50 17
5 38
23 26
7 30
35 12
31 44
46 1
25 44
28 6
7 25
7 31
6 1
19 33
27 38
13 44
16 46
5 24
2 16
10 21
14 33
16 48
47 24
34 19
43 46
31 19
18 1
30 24
6 46
7 44
7 34
23 44
35 1
28 46
4 10
42 27
13 33
29 22
25 32
16 49
26 15
35 16
3 44
23 8
27 17
47 39
18 20
14 11
50 42
27 45
3 45
47 42
50 21
37 21
11 38
43 8
17 11
21 1
42 2
26 37
41 18
26 8
26 44
7 35
9 46
7 10
23 3
26 48
11 8
9 30
47 25
37 22
49 15
35 42
31 22
42 12
4 22
29 41
1 24
48 39
25 8
7 19
12 20
13 30
40 6
34 30
28 41
29 8
13 35
28 39
6 12
47 16
25 6
10 36
28 8
10 29
13 45
26 28
21 33
37 34
14 49
48 24
26 1
50 3
43 18
26 4
3 1
9 3
36 20
15 12
32 5
48 20
42 41
36 5
14 35
31 42
34 1
40 28
9 27
9 19
5 20
10 38
32 40
37 29
36 44
21 22
17 5
34 15
36 33
38 30
43 11
11 33
2 41
43 36
29 2
19 30
27 8
42 3
32 24
31 8
43 37
33 24
15 39
40 16
35 19
23 40
7 17
7 22
23 47
23 36
7 46
5 8
46 44
31 49
8 44
50 16
38 24
9 29
42 17
37 12
4 45
29 45
31 27
27 16
42 46
32 15
47 31
37 44
9 44
44 18
4 46
5 39
50 8
44 20
28 48
31 17
17 21
45 24
14 12
10 1
31 48
34 11
22 12
25 2
26 32
43 19
49 21
37 6
23 46
40 20
29 12
36 49
16 39
13 8
26 31
2 38
9 18
14 28
26 39
35 27
40 1
47 44
49 6
42 16
11 20
50 44
29 40
25 10
26 30
3 24
47 17
34 21
33 18
47 28
9 10
37 5
34 45
13 16
21 41
10 18
20 45
19 8
48 11
39 24
16 19
15 1
25 1
11 15
43 24
22 44
4 3
34 12
37 45
49 45
13 5
38 21
25 35
42 29
25 42
37 41
49 44
26 18
28 12
37 27
10 34
