InstanceID
3_80_4
NumObjects
80
NumFactors
4
Weights
81.16984049958616
98.84323655013432
80.76220876500786
97.00908450487537
14.006111319509863
50.94438024440222
5.869740597593154
0.4257960600515309
97.46379934512355
55.72251384524507
46.44219211852372
28.750905582916953
29.667422568049084
7.406140670186545
93.3822715119282
90.86247079387266
48.70178369398248
99.83365542219973
77.86784345523358
41.36363807491079
45.39047277606774
35.29550224135758
39.0673840146025
55.561284138980426
99.95078776658117
63.41548117024516
70.49372690283045
33.2357445964389
20.77455048550412
51.72703999377211
36.919136368796536
82.10130315255914
22.200300968290154
65.23099642029342
83.47008419211927
60.294851937842694
82.37081182259236
7.508171673301223
64.80468674119608
14.200619456349317
52.38606310706322
61.4037062877711
46.577560296931054
85.9138371612873
67.24265190607458
87.76539056979628
17.61588547250925
21.4903999903181
81.4266736759997
46.588502816506086
43.28910383035891
85.3442434417053
67.56362875342501
13.253287492426846
57.29564537432801
30.141651779469413
14.375710281694488
70.8855104425462
85.05110662921584
86.57568335290296
24.33719527390823
26.942116719892994
32.97546887834597
73.82966505980697
25.515777452374433
96.15322651992805
19.078313105885435
78.83723374408768
32.805904962218314
31.3879484342535
69.2984848190323
12.63986370880632
92.28889845744848
72.98781294761558
82.06148178751643
60.68752042248402
98.96835969933917
38.682369546247706
41.48337238375321
2.526738137602824
Budget
2158.0909835829652
Profits
-16.23396809991723
-19.768647310026864
-16.152441753001572
-19.401816900975074
-2.8012222639019724
-10.188876048880443
-1.1739481195186308
-0.08515921201030618
-19.49275986902471
-11.144502769049014
-9.288438423704743
-5.7501811165833905
-5.933484513609817
-1.481228134037309
-18.67645430238564
-18.172494158774533
-9.740356738796496
-19.966731084439946
-15.573568691046717
-8.272727614982157
-9.078094555213548
-7.059100448271517
-7.8134768029205
-11.112256827796084
-19.990157553316234
-12.683096234049032
-14.09874538056609
-6.64714891928778
-4.1549100971008235
-10.345407998754421
-7.383827273759307
-16.420260630511827
-4.440060193658031
-13.046199284058684
-16.694016838423856
-12.05897038756854
-16.47416236451847
-1.5016343346602445
-12.960937348239217
-2.8401238912698634
-10.477212621412644
-12.28074125755422
-9.315512059386212
-17.18276743225746
-13.448530381214917
-17.553078113959256
-3.5231770945018503
-4.29807999806362
-16.28533473519994
-9.317700563301218
-8.657820766071783
-17.06884868834106
-13.512725750685002
-2.6506574984853692
-11.459129074865603
-6.028330355893883
-2.8751420563388974
-14.17710208850924
-17.01022132584317
-17.315136670580593
-4.867439054781646
-5.388423343978599
-6.595093775669194
-14.765933011961394
-5.103155490474887
-19.23064530398561
-3.815662621177087
-15.767446748817537
-6.561180992443663
-6.2775896868507
-13.85969696380646
-2.527972741761264
-18.457779691489698
-14.597562589523116
-16.412296357503287
-12.137504084496804
-19.793671939867835
-7.736473909249542
-8.296674476750642
-0.5053476275205648
FactorLoading
-0.08002174313155419	0.08668479792733708	0.49028608115828787	0.34300737778282087
-0.046016550918932975	-0.3281011428448981	0.32128362443034186	-0.30459868180582705
0.18523686142549245	0.039732933443527685	0.4897174458615057	-0.2853127592694742
0.2298111787428434	0.6247314749302837	0.01606022937590046	0.12939711695097245
0.04489780148927691	-0.6878538230238957	0.11924756576288487	-0.14800080972394247
-0.03785733087898069	-0.7428019981085965	-0.13440959340542635	-0.08493107760699647
0.3298461010660396	-0.1226846910167465	-0.5343587410193058	0.013110466897908069
-0.6203622646483067	0.23223975921773543	-0.09680448973359224	0.05059348640036565
0.004837066284403058	0.329602550880145	-0.516901380408509	0.14865900242694297
0.3453992329339579	-0.5312487343681926	-0.09486821457149364	0.02848381812635581
-0.5993909454958284	-0.36882562643278205	0.004328605319732226	0.027454822751657337
-0.1982592203665483	-0.08364088242779633	0.38561870145622557	0.3324811957494298
-0.2224360438951578	-0.38606988163796574	0.2769488759862029	0.11454519848067357
-0.06692776122739752	0.04022549573827727	-0.8407485395242469	0.05209820351007832
0.003628865909382828	0.9392572134892447	0.05639267796911884	0.0007212426322535936
0.017259676620526854	0.08527573493911511	-0.6443156184542	-0.253148969986158
-0.28065187620491994	0.028252272712933957	-0.3725549469637415	-0.31854090411840463
-0.44975489644103095	0.3359133262199343	-0.13131725925412896	-0.08301451808490579
-0.1959702231026248	0.02209336625938052	-0.2282053299872555	-0.5537310806507392
0.07021496172016084	0.15268916527185206	-0.7282301686738877	-0.048865704334099425
0.5706154695247423	0.053087968917238104	-0.16719096456481242	-0.2091055969932072
0.5519963012502738	-0.25931241620365264	-0.18055736797762334	0.008133914568450251
0.16457683937009837	-0.4356075331117646	-0.0829211421678604	-0.31689448535027664
0.17690368007694435	-0.16861528218376076	0.6138471149048428	0.04063392283445211
-0.1751708909345584	-0.652054462115369	0.09031719332788102	0.08245745362219159
-0.04128476295611505	0.7339320278849519	0.027949019798902297	0.19683418936003072
-0.023811633676862565	0.4472095745884117	-0.3756188322183951	-0.15335995951633064
0.2943693885444403	-0.3995372024558612	-0.2926375398165155	-0.013455869183182978
-0.18324007967534017	0.016740580253181703	0.04030300990436553	0.7597163301671126
0.012066123268541062	0.2524889346091228	0.36197103313808676	-0.37347390898424937
0.07991089938186069	0.6071688865100346	-0.1256622399609244	0.18725797414718026
0.007652772345587033	-0.42866351344389075	0.5570387482444268	0.0066449659660954286
0.0820927684686743	0.10673808738385171	0.2446676128375911	0.5665015313098829
-0.5458354639890683	-0.2771128755275225	0.11931922843019382	0.05773243205321532
-0.10531298603285344	-0.11324325643622402	0.5845701242171835	-0.19687363331373908
0.02474428315279087	-0.3834128009635607	-0.25806745822008037	-0.3337754576635681
-0.2502301972109713	0.11270463345587634	-0.44628930575410997	-0.19077586357904242
0.3376999419933555	0.07975621304822544	0.5580834642001227	-0.024460380758296374
-0.3063388558725082	-0.2144753158295507	0.24300434785755143	-0.23618148044038967
-0.16514673722766604	0.12067033866235599	0.22452912962602278	-0.4896537944839552
0.186189850803973	-0.16866562788092732	0.2811983744588247	0.363946146856275
0.13194029047551203	0.054859095834972615	-0.46117369299844735	-0.352026920691068
0.12073972439977276	0.2992948243571718	-0.21446258487734005	-0.3655028663657154
0.1360984758559094	0.061573433839261504	0.5205379812440862	0.28179010906074287
-0.5011941609584958	-0.24555347756289025	0.17867515113746024	0.07457721034115372
0.03502522248611495	0.03672127319926832	-0.024501927556837444	0.9037515767577793
-0.10433820316111242	0.42715681095134084	0.13163788712984514	-0.3368670987577016
0.04390813114378256	0.04769112147210475	0.03940629611470947	0.8689944512694032
-0.12707724394193853	0.7941714608124146	-0.03649284146659415	0.042258453779052685
-0.5504949950509355	0.26342185344060653	-0.13041381474100833	0.05566933676744967
-0.037138584195816504	0.08885027166145254	0.6486051554325731	-0.22540598871015782
0.10450395764027265	-0.027886352139646853	0.5959176251103488	-0.27169206510973165
0.10230670661234553	0.48580904816693815	0.3477710803921885	0.0641131648285278
0.11493295486602007	0.23078312400784107	-0.18536378970418488	-0.468920131421954
0.11806431579020105	-0.3609583537958807	0.5145454915377958	-0.00643183887612242
0.10261189231238887	0.39200230506327527	-0.312839471895336	0.19254633072899985
-0.5675764147563416	-0.22657305203023492	0.06989218057778279	-0.1359583526356407
-0.1099333531612332	0.3984553295281221	-0.44609606640875343	-0.045515250901891235
-0.20444796253947484	-0.2528807729419251	-0.02488861646420948	0.5177826480543906
-0.42980763208341655	-0.20554045539441668	-0.1602634523404034	-0.20438846018176338
0.01737197305636684	0.061910403778346446	-0.2505143992117991	0.6702032239534876
0.49770838392896666	-0.0812140133427448	-0.062022123334319224	-0.3590554793939693
-0.3348389590602494	-0.3342711111103873	0.07249462694552311	0.25839530288384016
-0.06036704507470203	0.08931259310241146	0.6771114569806667	0.17320890484221985
0.6287429263613444	-0.06366389017951968	0.0830277220526674	0.2245654614064685
-0.27876712717333585	-0.4541064978245066	-0.10095393589868329	-0.16617243910347423
-0.039414487669822806	-0.17623760143592904	-0.2831889557554692	0.501158955138779
0.21059050191142603	-0.17055529330241392	0.5445592020430536	-0.07429500274310641
-0.4333878648915819	0.11075270694109474	0.21933048754919193	-0.23652894061813146
-0.20719250834560543	-0.40427589698096744	0.24765613308743717	-0.14087546158598996
0.27497837043976747	-0.4349345184478115	-0.008364626248622109	-0.2817224848637989
0.1799226259656328	-0.16364134661475327	0.06646509630371988	-0.589970931115894
-0.07957147036633239	-0.08018366578177871	-0.7073288562654754	-0.13291600758641353
-0.46141251871451394	0.272977417536852	-0.14465392512656838	-0.12095613862206567
-0.21375858720668828	-0.3063225945136605	0.13381156775462233	0.3461072505250289
0.12669580751673393	-0.011568598777267125	0.7701217940837493	0.09161379962224969
0.20473206566276225	-0.23394933420385433	-0.5118448246739922	-0.049473775459391245
0.190456640048009	-0.3038509782900056	0.2327239262635299	-0.2729684553984555
0.18829830773233902	0.10934774799744273	-0.19671727094811486	-0.5056366733221034
-0.09360953134951533	0.5124915591087851	0.05329846695737772	-0.34060044258432187
Conflicts
43 5
62 8
32 77
77 59
47 19
75 55
62 56
9 13
69 12
3 36
34 49
77 27
71 43
28 45
63 41
53 57
69 11
13 60
77 29
54 65
69 65
23 53
53 8
78 1
50 28
26 33
9 73
34 52
29 70
59 70
75 16
7 48
39 20
28 5
36 57
80 46
75 76
9 19
69 29
13 17
54 61
59 24
26 27
14 8
9 18
14 50
54 12
69 38
50 69
31 76
59 41
10 20
3 74
59 51
67 62
31 22
13 74
42 58
16 24
29 76
34 11
17 73
56 38
55 17
56 15
55 11
28 39
34 39
4 1
17 18
50 62
63 1
9 22
40 44
60 56
34 20
60 17
52 6
23 69
63 46
12 18
29 8
43 32
4 64
11 18
14 35
68 6
80 74
66 67
11 30
43 34
60 15
80 67
80 36
80 41
74 61
11 44
43 73
31 69
68 60
10 12
7 64
3 57
26 19
55 32
28 62
43 66
21 18
74 52
27 1
31 21
11 24
25 15
23 46
66 58
4 48
37 64
55 8
50 34
64 12
26 46
35 67
27 33
28 41
71 65
68 32
7 9
4 61
17 56
63 56
28 30
32 65
37 47
17 20
13 16
71 79
14 70
23 66
25 66
37 62
61 57
78 57
17 70
29 28
5 57
17 11
65 5
4 28
62 46
7 69
32 64
75 69
45 1
16 41
53 79
61 33
75 74
77 62
27 18
32 46
19 28
37 52
60 44
9 74
71 12
66 33
27 48
54 14
26 45
22 46
54 34
22 15
33 52
35 56
14 33
34 76
2 72
7 66
26 2
64 57
11 73
4 13
32 41
47 64
58 73
64 20
29 61
47 49
3 39
40 17
29 79
29 49
60 53
39 45
42 30
23 64
68 66
26 66
28 33
50 33
27 44
41 22
2 67
41 1
21 24
75 77
78 6
72 38
26 67
77 3
78 62
68 45
80 15
62 22
15 30
55 40
54 39
13 48
48 1
50 73
3 38
28 73
11 39
61 20
47 69
19 48
41 46
4 10
75 24
63 42
69 27
31 79
14 67
15 6
56 73
75 30
43 55
54 2
65 49
60 39
27 62
19 62
35 17
35 80
13 55
35 38
54 1
55 36
14 5
42 51
4 42
55 66
71 14
43 36
32 34
26 12
47 22
4 72
34 3
55 51
14 59
3 18
51 30
78 45
68 54
32 79
66 11
34 53
53 59
69 17
23 51
26 7
39 12
9 36
31 11
65 73
55 46
44 52
28 64
54 6
71 8
62 6
14 62
7 61
70 79
70 52
65 12
13 19
29 27
63 77
80 62
46 6
69 15
80 2
74 11
62 11
14 80
69 5
34 19
43 52
19 65
70 24
71 46
7 23
9 65
52 1
16 5
28 46
68 74
13 27
29 33
25 32
16 49
67 44
27 8
63 17
58 18
78 11
9 55
31 60
68 70
42 45
42 3
7 11
17 8
75 65
42 2
41 18
26 72
26 18
7 27
71 9
67 74
14 60
60 11
68 72
75 41
47 73
22 52
51 79
35 57
54 76
4 52
41 52
72 65
72 39
71 3
60 19
53 20
47 76
77 30
23 34
13 72
67 28
27 28
60 6
16 12
25 70
58 36
10 72
77 74
56 21
25 64
13 41
37 34
72 15
78 24
66 48
67 1
50 18
13 38
61 51
51 73
36 76
5 15
32 48
3 56
71 28
77 65
69 53
78 31
40 45
61 1
34 17
22 1
27 73
19 73
8 1
43 20
59 5
74 38
60 40
32 29
66 59
44 73
29 57
29 21
63 15
55 38
42 11
11 21
72 33
50 59
66 41
21 12
60 36
43 54
60 66
40 56
43 51
31 25
32 67
42 62
31 72
16 48
37 39
77 40
3 65
60 72
79 52
80 19
35 40
47 25
53 48
71 77
5 22
47 36
60 69
72 46
31 8
13 52
80 61
38 24
9 78
42 17
37 12
4 55
59 6
2 16
42 22
32 15
47 31
51 38
34 65
37 9
68 18
67 8
19 33
38 44
28 20
4 17
57 45
78 12
74 1
48 11
72 51
27 12
56 59
2 20
25 27
32 45
25 52
14 27
26 54
43 15
72 18
35 48
70 33
40 49
54 79
53 76
25 36
10 21
10 16
8 39
11 8
31 66
38 73
78 28
25 58
49 39
26 64
3 48
54 27
40 1
47 44
49 6
42 16
75 20
50 53
25 17
24 30
47 3
66 44
2 64
14 29
47 39
53 73
69 74
13 56
47 41
70 18
10 45
8 20
19 51
59 11
39 24
16 19
79 1
54 19
60 65
25 10
75 79
44 24
22 21
4 67
69 76
75 22
29 64
7 10
2 45
13 49
78 69
49 57
35 64
13 42
25 38
9 27
11 5
5 41
61 30
76 8
8 21
60 45
49 44
25 14
63 79
31 57
26 22
49 45
53 19
52 45
11 49
42 41
48 6
28 8
80 12
71 63
68 5
62 64
50 76
34 6
2 17
35 51
7 37
63 64
75 2
48 39
50 77
2 62
55 41
63 5
38 1
34 38
32 24
16 17
43 62
37 50
68 50
2 21
43 10
29 3
50 61
37 35
64 45
65 48
64 24
59 12
3 52
63 75
51 22
9 52
59 73
61 15
42 53
69 80
43 53
50 67
50 40
4 35
69 72
43 67
31 34
43 38
27 15
59 33
56 18
26 57
70 41
72 70
71 54
42 52
54 50
69 52
47 34
77 45
80 51
31 59
23 77
7 44
79 41
58 5
65 64
53 6
46 45
25 72
16 15
70 15
32 2
7 1
9 62
71 11
47 1
36 73
43 45
26 39
58 61
58 52
40 59
69 45
51 24
23 39
9 67
13 29
37 53
47 78
4 36
54 78
32 5
72 20
26 70
72 76
63 65
25 30
10 49
39 30
4 54
78 29
74 6
35 46
71 25
7 54
55 27
23 68
28 65
14 19
80 49
14 38
61 16
63 12
10 80
21 45
66 8
43 29
26 10
8 33
47 29
46 73
8 57
16 62
71 53
7 6
26 16
17 46
31 70
80 27
45 20
72 48
56 41
40 65
8 30
58 8
42 24
63 34
77 73
36 6
14 79
53 61
49 76
23 61
14 76
55 64
40 11
50 56
23 18
16 70
9 49
56 57
26 31
7 41
77 56
42 6
54 5
47 30
74 73
7 55
14 74
68 63
9 20
71 55
54 53
48 5
43 49
37 66
13 80
25 3
48 44
7 35
76 38
34 61
43 31
40 73
63 18
14 46
15 1
19 20
64 41
62 18
2 19
19 79
48 46
68 31
37 75
29 17
4 25
26 79
75 6
43 61
61 6
71 5
14 1
31 24
2 5
43 13
33 57
48 76
72 22
23 44
2 46
2 61
62 5
26 76
40 57
74 51
31 15
4 21
23 80
79 44
31 10
38 33
66 16
21 20
49 33
37 57
34 22
58 21
58 15
66 30
74 44
80 24
69 24
63 55
78 20
4 44
74 28
9 21
43 35
50 17
80 40
64 15
9 75
75 13
53 46
19 45
26 47
74 36
55 74
4 70
66 19
63 6
6 33
54 38
37 19
71 74
9 80
33 20
14 40
62 76
72 64
17 57
23 70
74 41
42 70
75 3
28 38
53 44
26 40
80 38
54 13
63 19
9 38
39 46
77 6
7 38
35 44
7 80
46 30
13 24
9 76
40 58
70 44
60 24
25 42
77 58
43 76
37 10
54 77
60 79
72 24
37 18
63 25
74 12
77 61
68 78
47 58
9 54
4 56
77 49
78 15
60 29
13 1
36 70
7 5
16 20
9 46
53 74
26 42
36 11
53 40
17 79
13 21
37 21
37 16
11 46
26 14
75 40
62 70
70 38
26 48
19 44
35 55
68 15
25 78
43 72
68 44
5 1
78 53
66 46
14 52
42 20
19 15
2 12
16 6
80 56
53 70
28 1
23 43
8 12
9 70
25 5
72 45
63 61
70 73
75 62
3 5
7 39
27 41
26 51
68 38
35 12
71 60
74 62
80 57
77 57
40 72
69 18
13 46
36 24
9 63
26 29
35 1
61 12
15 38
75 14
32 56
34 57
64 44
27 24
31 67
32 69
13 14
53 67
15 20
57 12
55 19
72 8
54 11
16 8
14 57
56 51
79 57
7 28
75 33
68 80
69 19
14 53
79 20
78 66
68 57
80 22
80 58
2 6
26 9
59 45
19 6
36 12
49 20
53 80
15 44
70 6
31 64
66 24
56 70
42 80
28 49
3 24
68 8
60 77
15 57
75 66
76 41
63 38
40 20
35 2
75 53
74 17
80 45
26 55
64 49
3 16
10 65
78 36
69 59
36 20
2 36
43 28
62 30
18 45
63 35
32 22
19 59
4 8
44 45
35 11
66 52
50 49
42 64
78 59
47 12
13 35
78 49
17 41
71 10
37 28
42 61
13 3
69 73
53 24
71 37
60 2
71 26
10 41
80 3
3 44
54 42
7 70
10 74
52 24
27 6
31 6
21 52
67 38
63 20
71 49
77 19
28 11
43 26
23 45
39 15
66 51
2 76
9 1
75 72
77 36
70 30
77 33
65 24
26 56
26 50
75 5
71 47
53 2
67 70
37 42
66 76
48 49
42 34
19 18
4 22
31 28
54 70
26 75
32 39
74 18
9 5
11 41
31 13
42 76
51 1
35 29
61 8
53 52
14 45
58 22
37 32
68 10
55 5
60 74
48 73
75 48
31 56
50 79
31 39
31 61
17 12
66 42
47 52
27 22
42 46
47 32
17 5
7 42
2 33
17 6
13 5
14 61
5 30
25 29
19 76
59 52
29 1
69 48
35 65
63 60
32 33
54 15
75 42
76 39
4 41
60 18
31 65
66 38
42 77
68 21
16 39
65 56
47 13
76 12
7 32
75 32
28 70
19 5
74 46
56 22
70 8
63 45
9 45
8 44
32 3
51 6
16 73
67 6
42 67
75 27
43 27
63 30
23 35
68 55
78 5
8 51
43 64
29 40
7 67
66 61
23 79
69 21
50 45
74 48
40 33
50 1
66 1
10 79
37 49
4 46
4 12
67 64
21 46
67 46
71 42
31 62
63 48
10 46
3 64
19 57
75 17
63 76
62 49
10 44
6 24
53 56
21 39
7 60
69 40
29 18
32 27
23 20
43 8
48 41
80 64
58 1
71 35
27 59
61 48
29 44
36 44
27 51
47 45
59 39
27 52
15 24
51 46
35 69
7 40
23 41
23 48
75 52
25 73
16 52
42 12
36 30
3 62
67 73
19 17
15 12
34 8
37 1
43 17
31 58
50 66
4 63
69 6
5 44
67 51
48 30
40 41
47 66
27 11
77 21
31 27
22 45
34 72
54 29
5 79
67 56
47 46
65 1
43 59
36 5
42 44
69 61
61 27
13 36
71 39
13 76
11 20
56 1
48 52
29 65
64 18
71 58
43 68
14 39
60 22
78 21
14 3
34 18
57 46
24 18
11 38
55 59
63 14
56 45
47 56
11 15
2 57
54 66
4 58
71 80
27 56
10 35
9 25
14 69
62 15
54 22
61 24
5 39
25 16
23 5
78 44
52 30
9 50
65 39
68 25
10 5
7 25
40 22
43 75
2 44
43 7
9 59
78 30
16 64
51 15
26 1
25 18
68 14
26 37
63 22
69 2
55 12
37 38
62 1
38 46
29 72
64 5
71 52
37 25
72 30
60 8
77 16
37 22
55 34
2 22
53 29
63 58
20 73
37 79
25 2
55 53
43 80
36 65
14 41
13 2
62 57
79 12
2 11
78 74
67 45
27 49
56 52
16 57
26 74
76 5
53 11
19 12
40 70
54 21
66 49
42 33
23 56
75 49
78 48
24 1
25 49
71 22
32 18
80 17
74 79
14 51
39 44
41 73
23 67
7 34
58 65
66 22
35 79
10 19
37 3
13 69
78 64
7 33
68 27
32 44
25 55
47 28
37 30
55 28
72 41
67 79
33 30
65 57
77 18
26 60
64 79
41 15
25 61
37 13
3 11
72 5
23 28
4 65
56 12
61 36
68 1
79 15
53 64
3 33
21 30
54 80
63 73
73 45
31 35
13 30
9 56
8 41
55 16
77 2
68 17
76 44
39 18
66 53
47 35
69 8
75 28
66 56
63 52
10 69
77 76
5 45
10 34
43 37
70 46
4 40
26 65
4 77
37 51
39 6
63 10
11 76
4 14
71 48
71 34
32 50
48 18
23 11
80 30
28 17
3 70
7 65
77 64
74 49
28 21
47 79
13 51
10 11
26 36
59 18
44 1
60 33
4 6
78 77
10 8
4 60
66 45
63 51
25 19
11 6
71 24
55 76
12 73
74 57
74 76
41 45
9 12
31 30
58 76
64 36
55 62
17 33
68 62
35 77
47 40
4 69
7 68
76 51
31 16
47 80
23 9
23 40
35 59
57 24
9 40
37 78
13 45
25 76
16 59
9 69
78 60
47 72
43 14
11 57
63 8
3 8
2 52
71 23
71 73
51 21
34 67
13 40
69 28
58 3
68 39
34 64
44 12
71 44
7 3
12 6
23 6
58 79
64 1
4 66
76 15
64 8
48 22
4 27
10 36
65 44
43 74
23 10
68 56
47 2
60 70
77 5
25 59
66 20
61 41
11 1
58 41
6 20
36 17
29 59
72 62
77 69
47 57
51 45
34 1
71 64
7 12
49 18
68 30
25 1
25 24
34 41
68 64
23 76
27 45
60 38
11 52
58 59
60 41
9 35
32 49
65 51
77 8
34 44
74 20
7 57
55 6
34 74
62 17
67 19
3 17
10 2
41 24
80 39
47 15
32 19
60 76
43 77
35 5
3 6
10 66
31 41
29 45
16 45
35 70
59 57
29 30
33 45
77 17
13 44
26 59
68 11
63 31
28 44
7 49
17 21
14 12
47 24
37 69
7 59
34 28
23 57
3 15
36 56
47 27
53 49
63 59
54 46
29 52
25 6
4 29
22 44
63 33
7 45
67 24
23 72
64 17
3 30
27 17
58 70
55 33
60 59
34 79
43 4
35 18
2 41
64 52
26 80
23 54
4 73
54 56
37 60
72 21
76 20
47 20
10 18
16 38
34 70
25 11
