InstanceID
4_100_4
NumObjects
100
NumFactors
4
Weights
68.0079235935741
87.44368931121159
92.40700869281602
92.93362188436957
62.523911932985364
73.72536964322968
26.73581042233799
80.4477516410931
44.34328380889292
73.23803795584212
38.88589512567495
49.55583165349926
53.97510865901833
81.17783064161577
50.722699046215446
41.69909510790926
28.906841743074697
37.65530906728045
28.01458818655609
40.2993319872788
16.992428846217898
85.92225608677752
78.82012859966774
14.83807603795988
35.65712166362027
83.79534555756175
73.46267818124655
59.476110248015715
41.8755275478452
67.32113861862415
3.9378741667074335
23.647197345962123
8.342546392153395
58.2014006809193
70.72989108521752
66.03653721367131
48.350834578774695
69.14027300091001
70.9770462470501
2.147311112683825
22.964572477762758
83.61783499841904
25.14557834252271
45.271634596433444
45.12079389806842
40.779356149828885
60.46160080407035
49.77127635092291
87.10336786393624
68.79427988885803
99.94142373645995
59.57091763128772
86.29510379763676
50.328100343011094
71.01728909109086
95.22702617427674
90.11390812431482
97.9101672933474
1.0708560888892826
6.1411807882116864
68.52279202103438
7.224232414574505
69.8777884954838
98.14279215755575
85.87019759452319
5.8303323337944635
67.89388918058144
30.486148641508983
74.81092902827749
83.20104686183589
36.193394683651434
66.71334967807276
63.72287711894751
45.606307214534425
93.41836493380814
97.21412714208833
36.82306237341013
42.91823387385767
63.99236797803016
4.526291963803719
91.7727864478019
85.21647481050123
97.22053959571278
2.2928659275674113
62.85542167982467
28.561449955313623
70.90492584382193
53.42057340599817
17.69969122227195
80.67900664247212
80.88458112326067
46.79937832299335
56.0152141585488
52.8688861381428
76.2825393766964
80.00781587734723
64.99890987136543
37.21435737238104
35.020105717532445
23.107042850853166
Budget
2802.9140118925957
Profits
-13.601584718714822
-17.488737862242317
-18.481401738563203
-18.586724376873914
-12.504782386597073
-14.745073928645937
-5.347162084467598
-16.08955032821862
-8.868656761778585
-14.647607591168423
-7.7771790251349895
-9.911166330699853
-10.795021731803667
-16.235566128323153
-10.144539809243089
-8.339819021581851
-5.781368348614939
-7.531061813456089
-5.602917637311218
-8.05986639745576
-3.3984857692435795
-17.184451217355505
-15.764025719933548
-2.967615207591976
-7.1314243327240545
-16.75906911151235
-14.692535636249309
-11.895222049603143
-8.37510550956904
-13.464227723724829
-0.7875748333414867
-4.729439469192425
-1.668509278430679
-11.64028013618386
-14.145978217043503
-13.207307442734262
-9.670166915754939
-13.828054600182003
-14.19540924941002
-0.429462222536765
-4.592914495552551
-16.723566999683808
-5.029115668504542
-9.054326919286689
-9.024158779613684
-8.155871229965777
-12.09232016081407
-9.954255270184582
-17.420673572787248
-13.758855977771606
-19.988284747291992
-11.914183526257544
-17.259020759527353
-10.065620068602218
-14.203457818218173
-19.045405234855348
-18.022781624862965
-19.58203345866948
-0.21417121777785653
-1.2282361576423373
-13.704558404206875
-1.444846482914901
-13.97555769909676
-19.62855843151115
-17.17403951890464
-1.1660664667588927
-13.578777836116288
-6.097229728301796
-14.962185805655498
-16.640209372367178
-7.238678936730286
-13.342669935614552
-12.744575423789502
-9.121261442906885
-18.68367298676163
-19.442825428417667
-7.364612474682026
-8.583646774771534
-12.798473595606032
-0.9052583927607438
-18.354557289560383
-17.043294962100244
-19.444107919142557
-0.45857318551348225
-12.571084335964935
-5.7122899910627245
-14.180985168764385
-10.684114681199635
-3.5399382444543903
-16.135801328494424
-16.176916224652135
-9.35987566459867
-11.20304283170976
-10.57377722762856
-15.256507875339281
-16.001563175469446
-12.999781974273086
-7.442871474476208
-7.004021143506489
-4.621408570170633
FactorLoading
-0.2384641135121255	-0.1753399602218404	0.21740981630505218	0.36878610996098193
-0.09867061061522153	-0.29489966968233583	0.18155890892584114	0.4248708107766015
0.8374751884369256	0.09909447213889577	0.06219878754561159	-0.0012315518785670498
-0.26542456790926794	0.03156404281024927	0.134906664577624	-0.5681047247028588
-0.02045447423639324	0.1885832995528689	0.7342268661552589	-0.05673536005547897
0.43210757113997733	0.37099663110930203	-0.0011998678353166703	0.19569592991540397
0.10602232401239187	0.29081828190042613	0.34965101987151925	0.25350837421566275
-0.2091591708467737	0.13431660486066033	-0.02375301140382735	-0.6327712128887386
0.7155389394739102	0.08307342367366966	-0.12350465481213901	0.0778829820402811
-0.17118734019410065	0.5773882949821842	0.059972570601638076	-0.19145179422207703
0.31575711962240804	-0.20644382673546113	0.22973778919541332	0.2480612644467175
-0.016464524824958193	0.4750243263660874	-0.4395925709071127	0.06891857790184175
0.1189386924283935	-0.24322768497695635	-0.1284124672733622	-0.509421155321288
0.4393755699197255	0.2783078601056761	-0.10433198826859247	-0.17798458170600595
-0.034000677772653365	-0.07375212625971783	-0.6986782441441068	-0.19356895182352196
0.3054474287722049	-0.34864484281474173	0.1958601847032695	-0.1500475437097839
-0.35784686452244485	0.10771501100496206	0.5136732787707692	-0.02076484570182391
0.414947490380134	0.1763717786097183	0.047160204068865674	-0.361520526941282
0.13887929442893432	-0.4343271054039006	-0.03528942328731932	-0.39150417687984573
0.42709001098948973	-0.2769131007224601	0.133655361516823	0.16234152677122715
0.23587810093188422	0.18724566060942616	-0.28378656115351397	-0.29308967730517566
-0.6985752709374702	0.046748351518963505	0.2365296138496369	0.018146763693929424
0.7105353166491433	0.024690611115940397	-0.2180719011864265	-0.04670217104848984
0.5415202378617583	0.2192066695200483	0.007371276204690025	0.23190181641350338
0.036572033512833224	-0.17946550665372496	0.5435350737514342	0.24042738608200764
0.7275660528021064	0.057872661601676034	0.13264445296946392	-0.08191683262675364
-0.5396704394135192	-0.12144192223317152	-0.18243386946432127	-0.156453768888988
0.15492817550814109	-0.24868223751810814	-0.5872622994466588	-0.00912728752709202
0.11104076245829342	0.5841472400217922	-0.2880744147430345	0.016737582776879867
-0.24530841768455924	-0.5682428291271207	-0.0027423729876150382	-0.18370638020070507
0.25214382547499303	0.05879043364631098	0.2507401595025389	-0.43832558137615707
0.42858855673675667	0.18413893494355604	0.28863985565921646	-0.09863265266047083
-0.11515936423296225	0.0197539031881504	-0.27490930126658863	-0.5901774313122987
0.022764893631879612	-0.059507076796875946	-0.3259997028718784	0.591728326699366
0.260613409203333	0.2639199619561716	-0.3077821365729949	-0.16768449226750048
0.5934470530451268	-0.36628404959868743	0.03478786789121635	0.0054810294649694224
0.051217791731202666	-0.10559575501719753	-0.3754929955550421	0.4676934576965577
0.03312972288177107	0.6498720616234808	-0.2531193468564572	0.06387886863829095
-0.5810917179852078	0.28333113472278204	0.09269145811157697	0.04288568918043323
-0.03118002371000883	0.06203006814830836	-0.8749942002690925	0.03179570787259034
0.3812575137730594	-0.035474021833932	-0.21292849333814834	0.3703399710548603
0.2596692634169724	-0.2961350551182005	0.41920291813448807	-0.024992763330339063
0.2138976222229254	-0.20814437849742573	-0.23756081129521456	-0.3403971879844343
0.22477869384624594	-0.005456977391032236	-0.022424461589072076	0.7473398671736498
0.02078117630849796	-0.8805186422054763	0.019904066314552882	0.07879611517147289
0.5141292583388215	0.46834505839937135	-0.007217105953980507	-0.010308577307826639
-7.112077510362802e-5	-0.3959454381252956	0.4666004622447648	0.13738297885483597
0.41800657473703784	-0.2544278405829723	0.11364144233510554	-0.21392414234488433
0.0016799127187245855	-0.007181432470658056	-0.8148871494321508	-0.17625150537846657
0.5803657444352426	-0.05335746465287383	-0.3573421905008718	0.008934600411011795
-0.004121578817521954	-0.2967923622516673	0.43857632060523577	-0.260509738325575
-0.1591187391859994	-0.14736906533248018	-0.0599910125514278	-0.6335211829300926
-0.037727584316342266	0.5614747522976733	-0.058559337972230896	-0.34223832541375354
0.5266099670961721	0.3543458395328085	-0.08956150496873572	-0.02948268840228363
-0.4176927414116278	0.11007025289275263	0.4067988162521565	-0.06543818944346302
-0.09191801877859618	-0.010076070247520663	-0.025844252207188	0.8721616587666952
0.1519212654929365	0.04995914250685396	-0.19294839295774846	0.6051711990424611
0.13061943984598323	0.2001864918973686	0.3095012734406821	0.35969279481596605
-0.6027596444211547	0.11477264251868369	0.014165522485743542	0.26830219057441806
0.014426291378677236	0.7475406062124192	-0.20514200880459388	-0.03289109360430964
0.04226651021830352	0.324115618049555	-0.3620598391076779	-0.27155803262446354
0.2725497655631097	-0.652443704482397	0.04125716096020171	-0.033749368994291595
-0.27672093166112344	0.08463177239523079	-0.18637570615990495	0.4522715897837408
-0.22314012253458615	-0.19234337197020213	-0.10466935382450848	0.47984715167070324
0.6160700777983112	0.1619371232210276	-0.14238111591418567	-0.07961168306647548
-0.08951243835534761	0.652388592916799	-0.2048219561719946	0.053277012555858816
-0.24314411628246235	-0.18428373278181476	0.27079790014089844	-0.30177425079482445
0.05992474101267686	-0.1324675511386333	-0.589116534536595	-0.2184911733120949
-0.5730050735847982	-0.1486696104364238	0.18816625219706684	0.09015906378171112
0.01783704818983689	-0.5769345551340381	0.2202634191933086	0.18496497748281637
-0.35031601947920743	0.11544976856209788	0.18075812937885183	0.35347608257984287
0.22346182899971723	-0.38771934781654527	-0.0871320339070698	-0.3016867892766677
0.02386777338355328	0.07134763901043617	0.1798056845624183	0.7249789030435922
0.03190396996835654	0.2496471262821629	-0.03717688932230656	0.681272014427174
0.3417620240610597	0.14294258894846257	-0.020488322091978706	0.494807064898499
-0.08666697997478634	0.13272628082883897	0.587258297144601	0.1933484420517737
-0.020128222040479926	-0.09261226172983639	-0.8258155650203078	0.06144395120937585
0.25921634713451325	-0.18162939588020088	0.4001256494265426	0.15902860755874326
0.01427157687572933	-0.48188685295415135	-0.14701471962523027	0.35682685054488905
-0.569533899108269	-0.08656996854380017	-0.09987998567031697	0.24401614667761384
-0.38356663112352574	0.01120806802593477	0.2831342064026863	0.3220910944478532
-0.05629136492112763	0.5226728609253013	-0.11786389225656757	-0.3031718818970035
0.18923934306655688	-0.18261484125459737	-0.5484925718857845	0.07965324379306127
0.2644597165230116	0.6637900010956703	0.019860804676896437	-0.05188947770442165
-0.10569878389459553	0.30503091041851516	0.534759362392895	0.05451094329399431
0.6072636796430413	-0.1301145674164077	0.06163098347005924	0.20099076947049177
-0.2701693130167273	0.2249632230673153	-0.42647278498238617	-0.07839467893357122
0.48853358212287046	-0.26586412074627686	-0.19930842894525114	0.04629386818560155
-0.06528931715031616	0.795710372106756	0.08392518104434687	0.05507512969858097
-0.2394888947091769	-0.2952084679300586	-0.05686884578861151	-0.408433791572153
-0.31001181976536585	-0.6352026047409498	0.013375785145877783	0.04140979034780656
0.15118307500536088	-0.07185765376086839	0.09049936393441049	-0.6864599072993602
0.19244685632161507	-0.5998243090677471	0.16408838908408963	0.04364044552654822
-0.010739515030855351	-0.5040561288866612	-0.3599901658308775	-0.12521419025160596
-0.522437784626117	0.13806104354099125	0.22416131420425112	-0.11533985762864063
-0.08680423998148012	0.7569041987052136	0.11595557852485738	-0.040335982788448854
-0.17617643726264043	0.13069132059469468	-0.14434385212390466	-0.5487883900187602
-0.2787577719541712	-0.1394445030093172	0.36440509040039326	0.21739263463611835
-0.07422416414639965	0.4108776295322816	-0.3165076278777188	-0.19839057844359997
0.27693655870859524	0.1332236785577794	0.12442504410951183	0.46541471862411354
Conflicts
37 20
17 95
100 33
31 11
43 72
47 8
64 39
49 90
55 58
79 51
68 67
66 83
43 63
81 70
84 30
9 50
69 33
83 38
32 45
34 85
78 69
42 88
36 95
95 24
61 87
72 1
78 44
100 16
47 49
27 85
9 59
69 20
72 56
34 66
92 50
55 16
94 5
70 90
77 65
89 27
4 24
34 79
50 73
23 83
10 56
47 42
32 22
49 21
90 24
92 6
61 21
47 52
32 76
39 22
23 8
97 6
37 93
38 85
95 38
79 6
2 24
3 73
48 15
98 48
23 61
76 41
100 19
64 96
23 44
69 52
40 62
42 29
17 21
68 27
62 57
83 99
13 97
23 28
66 96
54 41
23 37
31 84
95 97
63 94
53 57
69 5
31 64
53 95
75 14
26 86
47 6
31 83
65 46
3 41
90 45
50 90
43 58
89 56
68 59
81 17
94 24
35 55
9 83
83 88
83 64
37 88
3 91
25 69
11 73
83 3
2 59
74 99
26 70
87 51
38 84
49 51
19 36
53 12
28 16
35 79
23 92
83 22
4 48
97 41
83 74
80 90
4 61
4 53
13 89
32 95
51 85
14 10
34 72
32 38
3 88
7 83
23 25
79 8
29 46
69 97
47 21
48 57
71 68
47 9
71 51
60 49
25 27
47 19
9 78
2 52
55 87
31 87
83 98
60 76
35 49
59 52
86 28
7 59
4 14
27 18
36 15
9 57
69 96
25 98
75 94
43 93
15 44
36 6
3 85
100 38
98 21
94 11
80 52
55 15
33 82
69 38
50 24
78 86
56 24
83 81
56 97
14 99
39 6
70 49
13 73
14 36
63 1
43 64
46 57
27 21
100 20
76 21
73 24
92 30
87 12
70 45
71 15
13 44
13 46
99 72
32 39
55 24
74 5
86 38
62 39
4 74
19 38
36 59
2 84
90 73
43 15
92 53
8 38
75 93
9 65
60 28
48 65
89 90
23 35
7 18
75 46
78 15
7 100
59 97
37 18
35 90
23 76
58 48
53 90
41 84
25 60
2 27
93 73
35 40
26 22
71 9
48 91
92 8
70 97
31 55
87 36
62 96
37 2
86 15
9 20
63 88
25 99
48 70
31 45
68 5
39 73
83 77
50 84
71 97
9 62
39 30
55 21
14 89
40 51
86 65
77 52
43 13
2 30
65 12
55 67
99 96
34 89
69 24
92 38
77 56
77 93
29 27
25 93
89 44
7 14
88 24
97 49
21 45
54 52
42 30
11 18
80 21
14 82
69 89
92 11
38 73
67 99
94 51
4 82
82 90
17 30
87 45
64 15
63 32
37 97
42 1
43 53
51 76
81 58
32 6
17 12
42 99
4 96
6 44
58 96
59 21
81 65
71 2
35 5
48 85
100 6
40 22
13 16
71 52
70 6
78 45
27 65
4 91
22 6
93 22
34 70
65 73
47 81
81 56
13 88
2 11
71 87
83 51
28 57
81 91
67 52
72 12
27 93
13 90
26 32
74 44
32 34
10 94
55 44
96 18
54 6
100 97
42 15
26 100
31 69
60 46
71 35
25 6
54 83
98 28
94 6
28 17
14 40
37 66
8 22
43 73
60 3
63 80
100 93
28 82
61 27
55 53
79 88
3 46
62 49
78 60
47 83
69 58
69 57
71 60
71 56
10 36
78 5
9 89
28 88
9 48
25 85
95 76
9 11
55 59
74 22
58 8
25 96
39 91
7 75
28 79
17 96
50 5
63 27
59 18
4 41
2 29
57 44
14 76
35 29
40 41
76 6
61 38
16 94
13 65
80 58
59 15
91 6
60 85
16 76
25 35
77 58
41 73
19 28
26 59
4 38
26 52
95 12
100 21
26 87
25 2
13 11
81 76
89 22
83 19
72 15
99 24
37 92
53 86
36 96
2 79
13 36
61 73
68 60
98 82
11 52
94 84
14 96
100 11
50 56
47 91
90 6
77 69
82 52
56 44
100 98
35 93
54 17
4 9
86 67
66 42
61 33
31 89
7 11
41 18
4 73
77 22
1 45
99 17
21 85
41 39
17 46
42 84
50 20
22 57
100 55
86 74
56 5
66 38
13 22
43 90
52 30
60 5
25 33
71 37
19 94
75 74
25 38
83 67
23 60
42 72
59 44
50 94
94 73
65 82
41 20
14 45
23 95
78 51
13 19
4 22
93 57
60 58
78 89
57 24
13 48
63 98
68 34
66 46
80 62
15 33
23 32
3 44
69 94
81 38
50 98
38 1
72 48
26 92
50 76
81 6
4 70
9 42
26 68
34 15
83 39
75 96
3 20
68 79
96 88
99 97
29 79
35 61
95 33
94 15
88 6
32 16
29 88
78 87
42 33
23 53
43 12
14 84
61 1
13 49
70 21
60 65
42 70
80 85
71 22
9 40
7 36
26 36
13 53
50 6
67 18
78 24
39 52
93 64
4 83
7 53
28 11
28 15
65 8
100 34
63 13
42 20
59 12
74 24
47 10
34 44
7 8
54 84
60 70
62 94
75 97
17 73
65 6
81 29
87 73
98 11
2 39
87 21
4 64
49 12
74 19
60 64
94 46
61 85
23 14
61 44
77 46
7 98
11 44
10 87
28 8
2 56
58 45
19 85
42 81
2 48
53 20
64 97
96 6
35 52
23 3
48 46
63 34
72 28
34 82
49 91
31 13
70 51
23 90
14 1
72 87
62 87
15 96
67 90
6 73
53 39
23 9
61 49
19 46
13 79
37 34
56 88
95 96
3 30
40 59
36 33
87 96
69 95
92 28
13 17
7 10
71 58
50 19
7 23
42 44
84 1
22 33
71 27
37 17
96 21
4 77
31 51
54 96
87 46
25 100
23 48
26 79
92 82
43 21
82 24
93 36
44 84
29 57
11 88
27 39
94 20
10 91
32 70
32 49
42 98
100 91
29 33
86 29
16 51
83 73
13 1
7 87
98 91
7 72
50 59
67 17
54 22
10 19
89 97
75 62
36 12
37 87
23 38
22 88
26 11
14 70
14 74
98 90
68 13
29 44
89 40
4 5
97 96
21 30
10 88
37 72
96 91
58 17
67 48
29 17
42 36
93 51
56 52
25 67
97 79
28 51
37 77
63 78
74 79
16 79
11 15
72 96
3 17
79 82
14 98
53 36
27 57
58 61
75 69
94 52
97 12
100 48
15 88
2 8
74 76
21 88
13 50
10 21
71 77
30 20
43 48
71 74
55 82
35 3
66 33
4 12
14 18
30 18
68 33
10 57
9 17
62 1
54 74
68 97
43 85
75 90
63 87
62 76
77 44
58 82
35 88
79 96
60 36
100 13
9 84
76 84
80 40
68 15
50 52
8 76
23 62
44 46
16 96
89 8
23 13
75 3
50 29
27 46
15 30
83 15
10 42
9 32
98 27
86 1
67 49
34 38
31 22
77 30
96 20
22 45
67 87
54 42
87 8
92 83
14 3
26 47
81 46
42 76
48 90
95 88
5 90
31 1
64 30
65 5
23 10
16 8
28 91
65 97
49 24
69 16
83 79
31 17
50 65
5 22
56 18
58 46
47 77
92 74
54 28
31 74
64 18
43 36
59 20
34 8
31 8
80 57
80 22
67 11
10 48
79 84
93 20
78 35
53 3
26 98
40 8
100 96
100 36
11 90
68 74
98 84
99 91
42 21
7 39
66 74
77 6
68 24
92 49
13 94
53 58
42 53
31 14
17 70
13 18
98 17
38 18
26 43
8 15
94 49
42 89
29 8
93 96
5 45
99 49
76 91
35 6
55 83
71 83
40 70
35 32
27 52
95 44
10 72
93 52
89 94
99 82
66 82
26 35
77 73
47 69
77 70
26 1
71 91
34 48
80 39
23 87
25 36
44 45
37 46
31 21
61 24
58 5
14 50
54 88
26 29
26 57
38 57
86 62
64 88
32 51
53 44
31 59
69 11
53 94
98 69
66 28
28 90
37 61
5 12
89 67
13 93
40 74
89 87
7 93
23 70
53 17
80 64
63 59
83 18
89 70
100 66
66 89
68 32
25 48
84 73
64 51
75 19
14 48
97 20
74 97
92 3
28 94
31 98
93 30
68 65
54 80
7 69
48 33
37 27
80 87
53 28
76 39
9 52
35 24
2 73
55 96
53 16
68 98
28 46
27 76
25 76
42 86
24 18
69 18
37 79
34 99
69 61
28 36
88 44
29 87
87 15
85 30
13 40
75 55
63 4
39 20
86 89
35 67
38 15
50 83
14 53
55 62
36 64
19 20
33 84
98 72
94 33
27 73
37 99
86 45
7 22
49 33
46 24
68 42
43 47
72 97
62 20
83 90
7 68
95 85
9 100
95 56
36 41
75 39
66 87
61 91
83 42
64 49
40 49
31 56
74 62
71 63
71 45
71 65
23 46
22 84
79 41
72 65
100 74
32 69
80 95
36 57
32 5
50 36
37 16
35 53
71 21
54 81
71 80
50 33
93 18
48 21
27 48
34 41
53 45
14 5
10 93
19 65
95 90
68 41
60 79
93 84
59 33
68 40
78 64
54 46
78 80
55 97
70 20
65 33
43 17
62 97
78 74
54 76
34 67
93 33
70 44
49 15
2 74
68 90
56 46
72 73
72 64
86 36
75 12
32 36
43 98
37 70
7 73
48 96
78 95
83 84
29 64
11 39
80 99
59 84
24 1
96 33
94 96
60 8
34 6
66 85
49 22
26 3
61 95
4 39
4 33
99 48
26 89
69 21
11 1
61 94
65 91
47 60
25 73
48 52
70 88
68 30
77 91
65 30
37 1
4 1
87 70
5 49
16 46
75 24
25 90
48 56
80 76
72 41
38 12
78 82
58 28
19 5
43 22
94 82
73 20
75 60
68 6
68 50
83 33
78 85
71 13
31 36
23 45
16 45
17 84
54 10
74 52
2 65
86 18
88 12
31 3
66 56
67 33
35 18
54 70
65 51
74 91
79 33
54 2
92 58
95 46
10 34
47 46
66 57
81 59
51 46
92 59
33 24
63 50
34 97
14 79
76 88
21 22
80 45
75 87
62 59
98 64
45 24
13 45
50 60
40 39
14 17
23 50
48 12
46 85
73 45
83 86
17 65
16 41
42 69
63 65
54 67
35 65
13 5
95 84
63 62
19 39
89 20
4 42
52 18
91 1
26 64
14 56
13 81
42 28
21 44
13 52
31 81
75 67
100 29
70 82
47 40
79 21
66 17
16 48
55 18
89 64
23 39
37 44
67 41
59 22
95 1
15 90
37 84
55 8
99 73
66 19
37 36
28 56
16 39
50 21
95 20
78 20
68 1
34 2
42 67
81 11
19 11
53 72
22 46
31 49
81 96
32 73
95 41
23 88
60 91
68 83
98 20
2 51
65 41
35 80
53 49
71 66
22 90
55 57
23 86
31 88
31 85
74 59
53 11
64 90
59 49
44 18
90 18
42 12
34 93
80 12
2 28
69 72
27 51
57 84
86 6
81 88
54 34
61 39
13 66
8 33
69 91
58 90
12 91
64 84
98 74
34 20
43 37
43 95
34 52
95 94
13 57
49 52
35 51
96 52
54 21
98 36
3 51
91 30
60 32
5 82
65 57
64 22
18 45
88 30
40 21
40 64
37 39
16 88
87 44
26 69
58 49
99 61
55 52
13 69
63 81
57 30
26 33
56 41
63 67
67 73
67 36
67 97
58 73
94 45
71 75
3 72
58 15
69 46
50 22
19 8
58 85
25 80
54 3
36 5
1 30
74 8
88 73
37 100
80 36
23 2
66 97
66 6
39 90
7 1
71 88
9 58
29 99
47 34
3 28
56 51
69 84
12 90
37 3
27 87
25 66
60 56
54 49
55 22
25 1
71 98
39 18
95 15
32 29
51 18
23 74
51 52
9 55
8 49
93 88
17 33
84 52
89 18
53 24
60 52
37 19
68 95
39 12
68 53
8 85
65 20
23 84
39 84
99 5
7 42
4 59
83 53
60 10
61 90
5 96
6 18
27 11
39 82
23 29
70 1
89 72
3 49
65 84
26 39
75 49
37 54
77 2
61 74
37 10
68 9
28 84
51 41
47 51
4 58
74 6
8 52
81 74
47 88
63 29
60 88
65 94
43 51
41 21
9 44
14 73
55 1
74 93
48 95
63 54
47 65
26 13
28 45
25 74
89 85
25 29
66 45
92 89
53 27
41 88
15 85
67 56
69 51
67 72
78 46
7 78
32 28
87 20
10 58
7 64
25 89
4 31
29 58
36 84
13 15
89 41
60 61
34 88
4 10
32 96
28 39
58 79
16 11
37 49
23 34
80 70
8 82
65 11
43 7
45 30
63 35
100 14
74 90
60 34
35 95
34 49
4 37
46 52
4 16
31 91
63 11
40 99
10 41
63 66
58 52
63 99
67 44
61 51
97 39
31 67
29 40
83 20
70 91
80 69
26 21
32 72
14 59
55 66
40 72
100 46
47 90
76 38
66 76
63 17
63 70
69 86
43 74
35 84
2 90
68 35
32 12
69 49
77 79
7 66
62 51
59 41
60 30
42 18
4 55
50 91
10 44
97 18
14 94
60 21
95 22
3 96
40 65
38 90
47 85
7 29
40 28
11 57
71 29
47 27
40 24
59 30
26 80
78 49
57 12
55 36
68 93
66 24
36 30
80 24
72 33
84 45
4 84
96 1
27 88
21 57
58 62
27 70
50 1
54 13
13 6
38 45
26 72
65 21
58 95
37 95
14 32
66 21
83 62
88 90
86 44
58 16
3 97
81 45
41 33
2 45
92 98
10 66
42 38
75 86
56 15
83 27
48 49
100 61
100 87
61 28
50 49
19 17
7 63
36 82
61 84
21 12
87 57
92 73
37 50
75 5
23 56
81 18
28 5
68 3
78 40
26 88
48 20
7 20
49 84
12 44
32 58
47 11
53 93
31 52
76 96
26 81
63 79
62 18
8 91
5 20
4 52
26 27
61 62
80 65
25 18
2 87
100 86
75 83
31 34
48 73
54 16
63 14
92 2
26 91
4 35
55 41
71 82
22 85
13 61
66 79
56 90
46 90
32 2
10 6
91 85
79 1
86 52
68 46
76 45
66 49
63 69
75 84
14 51
7 90
75 25
31 48
59 24
10 2
32 99
50 30
64 6
66 18
74 48
11 70
77 21
63 8
34 21
69 70
32 59
68 36
98 16
62 22
89 30
77 89
81 30
70 22
87 18
4 66
2 58
25 20
3 52
35 56
2 3
4 32
68 45
48 45
98 73
4 27
16 15
77 61
43 100
85 1
56 85
75 11
92 13
53 96
14 61
58 12
59 1
92 84
9 64
63 2
92 97
78 79
47 70
26 74
97 82
63 56
75 31
41 52
72 8
100 95
47 45
43 1
56 11
65 15
63 44
81 41
50 16
90 85
53 19
59 51
33 91
24 85
17 36
79 38
72 61
58 89
87 65
66 29
37 41
29 30
29 1
43 10
55 99
65 52
17 38
63 36
35 21
67 3
92 85
77 49
26 25
67 45
54 100
70 39
72 84
92 95
29 52
4 2
39 46
48 44
7 86
42 57
100 76
78 2
86 39
59 57
55 70
61 65
7 33
26 30
35 87
28 33
71 7
100 24
87 24
100 79
82 20
7 55
83 5
98 49
47 68
34 96
9 92
83 76
60 35
36 88
90 30
77 72
17 57
71 42
78 77
99 21
98 93
42 95
36 21
26 20
59 8
48 84
75 45
26 2
83 61
31 80
65 39
32 93
98 8
72 45
71 59
2 41
74 15
19 93
60 90
43 28
100 28
18 20
14 34
68 58
4 76
26 82
60 20
50 89
43 88
77 48
31 16
55 86
11 49
64 79
7 3
3 27
68 11
77 98
63 12
7 46
78 32
54 29
57 88
3 36
25 3
4 80
77 96
100 83
4 11
63 83
35 45
92 90
19 18
49 76
7 70
14 27
3 48
26 77
43 70
81 87
14 30
86 79
52 85
78 99
48 30
38 20
32 85
81 24
81 12
64 41
37 12
47 67
60 67
92 70
70 46
16 82
92 14
81 93
39 24
46 12
77 15
57 91
66 36
79 15
50 62
69 62
47 13
74 84
5 6
32 65
76 20
37 22
23 52
67 46
71 90
6 20
75 40
37 53
55 10
50 48
89 82
50 18
81 19
62 5
55 69
59 11
36 51
31 93
83 34
50 34
14 16
16 36
63 84
66 98
48 8
35 82
7 92
60 57
27 1
69 19
98 46
42 52
31 100
52 1
14 6
100 56
32 86
3 39
11 22
60 33
10 85
68 56
78 42
47 28
14 33
80 33
22 91
76 90
100 77
28 24
10 73
77 41
64 82
54 40
3 89
97 38
34 51
3 19
78 72
9 80
83 12
29 41
40 11
35 99
14 21
32 48
55 33
4 60
82 12
3 65
55 11
43 79
23 30
99 15
62 17
15 82
69 45
67 76
56 57
100 30
43 87
9 66
94 85
54 56
4 75
54 32
59 82
2 96
81 33
79 44
17 91
62 64
95 8
11 85
31 15
75 34
81 1
61 41
10 28
34 11
32 94
17 45
69 36
33 20
43 9
12 45
25 58
75 15
71 53
75 82
58 88
2 70
43 75
61 52
100 59
31 96
43 30
37 48
64 56
50 69
5 39
75 59
35 2
22 1
80 67
10 84
75 50
81 94
58 64
37 60
71 25
28 87
26 49
99 19
92 55
44 24
78 1
69 8
69 79
96 82
17 56
8 51
95 6
2 97
71 57
50 96
63 75
81 73
55 50
37 65
59 96
75 98
43 11
100 44
23 69
47 99
54 11
64 38
98 1
100 85
3 64
61 18
69 56
28 52
45 85
43 55
50 88
54 78
47 96
80 15
100 41
17 82
87 5
77 67
98 81
79 22
71 95
9 76
53 5
51 90
29 70
69 85
61 11
2 64
14 95
9 33
81 28
87 76
17 41
2 16
68 48
75 30
94 39
37 30
14 42
38 30
89 12
100 5
55 72
35 66
55 79
34 28
54 33
33 85
92 65
37 11
66 40
23 36
64 45
17 59
25 5
2 57
7 50
31 29
48 5
35 44
81 89
37 6
26 66
26 40
66 64
37 24
47 92
92 52
11 45
23 67
80 98
28 12
50 28
23 72
97 21
84 85
80 82
13 28
64 12
44 1
98 6
81 48
58 27
25 95
80 38
66 48
66 30
42 51
71 69
89 1
92 72
90 33
56 30
79 20
19 90
16 97
75 52
78 36
99 84
61 8
81 79
46 45
3 33
13 72
37 80
60 41
63 100
66 20
32 89
98 99
37 76
71 73
29 94
83 89
51 20
34 61
19 95
72 49
93 48
71 85
60 11
65 90
15 84
32 42
9 6
98 44
68 16
81 99
11 20
100 18
55 98
94 90
9 21
37 62
43 40
4 87
4 54
86 16
80 20
38 39
49 18
68 63
31 30
60 53
51 96
69 93
70 15
61 59
77 97
54 27
100 58
89 84
71 67
71 34
58 93
64 85
43 8
19 76
54 60
13 74
21 90
70 5
51 6
99 52
92 66
28 62
74 1
58 91
34 22
55 20
87 49
100 35
47 82
66 65
75 88
60 24
72 11
72 38
94 44
50 81
36 20
7 57
74 70
89 74
42 41
71 92
50 45
34 39
37 29
29 20
29 61
41 24
17 88
27 20
50 41
80 18
23 75
85 18
68 61
77 16
10 83
33 18
48 94
74 45
9 49
29 48
43 67
37 56
77 84
7 13
23 20
13 29
23 89
46 91
17 5
75 35
55 12
14 66
72 51
86 64
47 87
31 33
7 74
71 11
42 19
54 77
52 44
51 88
74 46
13 35
4 30
72 17
81 8
56 33
98 94
54 75
89 51
49 73
97 22
13 96
83 91
47 38
81 27
23 99
99 93
50 82
15 22
78 27
83 17
75 13
47 76
89 19
32 81
52 73
26 93
49 41
86 96
81 5
89 46
80 16
78 19
34 24
6 1
27 59
86 49
43 24
55 27
9 12
88 82
19 70
90 57
9 27
80 56
32 64
100 2
99 1
59 46
33 45
46 88
86 21
10 24
23 4
26 31
93 82
2 21
64 59
31 70
60 59
92 24
10 30
60 44
35 10
47 15
67 79
33 1
32 27
9 30
49 39
7 82
15 52
40 30
41 38
40 91
34 64
23 49
32 20
40 18
93 46
3 61
66 67
3 56
95 70
81 40
9 19
27 12
23 18
83 96
54 58
89 11
76 46
29 15
47 53
40 16
68 72
97 91
50 99
99 12
52 6
9 1
19 57
78 91
10 98
60 40
26 85
55 77
42 80
100 65
86 51
87 1
80 73
93 85
71 81
58 51
50 53
58 87
78 62
2 72
61 45
100 80
66 91
2 19
3 6
37 85
98 97
35 8
58 19
98 30
61 46
7 47
69 76
10 95
14 55
60 94
23 42
95 82
10 59
48 38
43 49
43 33
49 82
40 6
16 62
26 15
67 58
43 84
19 64
4 56
13 76
55 30
46 18
25 24
36 49
22 82
13 91
36 45
72 59
75 95
43 6
71 49
63 33
60 80
16 30
6 24
23 66
66 39
4 89
54 25
13 84
31 35
10 8
58 24
32 46
66 88
3 40
34 29
36 18
8 30
10 96
96 46
100 10
78 55
54 72
98 70
99 33
49 79
71 99
29 39
35 22
9 91
19 87
47 84
7 65
4 20
4 36
29 19
25 94
82 46
88 85
64 70
65 38
89 6
21 1
56 39
76 12
80 17
11 96
32 88
74 38
60 93
75 44
48 88
41 90
93 45
14 38
43 71
11 51
7 32
21 38
13 42
25 15
50 64
57 20
32 84
72 62
54 57
12 18
100 92
29 97
87 56
40 88
54 12
27 28
60 74
4 69
62 11
100 82
43 82
40 45
23 85
9 3
53 73
15 1
47 73
50 46
92 87
100 88
81 44
71 61
54 51
14 52
10 53
5 76
52 90
3 95
55 45
63 82
53 64
48 62
10 82
47 44
4 45
80 5
29 36
100 67
100 3
67 70
54 45
75 70
55 89
27 24
99 57
43 99
92 57
98 76
58 18
36 94
35 73
69 48
56 45
29 93
72 88
66 69
69 30
88 45
69 87
7 52
7 91
83 52
99 38
