InstanceID
4_150_4
NumObjects
150
NumFactors
4
Weights
68.0079235935741
87.44368931121159
92.40700869281602
92.93362188436957
62.523911932985364
73.72536964322968
26.73581042233799
80.4477516410931
44.34328380889292
73.23803795584212
38.88589512567495
49.55583165349926
53.97510865901833
81.17783064161577
50.722699046215446
41.69909510790926
28.906841743074697
37.65530906728045
28.01458818655609
40.2993319872788
16.992428846217898
85.92225608677752
78.82012859966774
14.83807603795988
35.65712166362027
83.79534555756175
73.46267818124655
59.476110248015715
41.8755275478452
67.32113861862415
3.9378741667074335
23.647197345962123
8.342546392153395
58.2014006809193
70.72989108521752
66.03653721367131
48.350834578774695
69.14027300091001
70.9770462470501
2.147311112683825
22.964572477762758
83.61783499841904
25.14557834252271
45.271634596433444
45.12079389806842
40.779356149828885
60.46160080407035
49.77127635092291
87.10336786393624
68.79427988885803
99.94142373645995
59.57091763128772
86.29510379763676
50.328100343011094
71.01728909109086
95.22702617427674
90.11390812431482
97.9101672933474
1.0708560888892826
6.1411807882116864
68.52279202103438
7.224232414574505
69.8777884954838
98.14279215755575
85.87019759452319
5.8303323337944635
67.89388918058144
30.486148641508983
74.81092902827749
83.20104686183589
36.193394683651434
66.71334967807276
63.72287711894751
45.606307214534425
93.41836493380814
97.21412714208833
36.82306237341013
42.91823387385767
63.99236797803016
4.526291963803719
91.7727864478019
85.21647481050123
97.22053959571278
2.2928659275674113
62.85542167982467
28.561449955313623
70.90492584382193
53.42057340599817
17.69969122227195
80.67900664247212
80.88458112326067
46.79937832299335
56.0152141585488
52.8688861381428
76.2825393766964
80.00781587734723
64.99890987136543
37.21435737238104
35.020105717532445
23.107042850853166
41.38040737339659
23.84641135121255
63.121389003901804
4.3310101150138225
22.34662767652471
68.40789547925361
53.7503687037874
39.35702802975574
9.867061061522154
57.51291892233985
20.463878571891957
20.185553881083163
62.83732890635982
64.76512071896754
83.74751884369256
99.87684481214329
93.65696605758214
81.82187792074419
96.1302582473472
90.58021559215399
7.178923385808789
26.542456790926792
29.698861071951722
43.18952752971412
3.491387084543285
95.95335432645359
68.63538159339004
42.03866320216174
94.3264639944521
2.045447423639324
20.903777378926215
45.01428452235514
72.74587486871478
88.16316622143243
26.633615505198428
80.31042022492794
43.21075711399773
80.43040700845961
93.48152463241668
66.88987668677697
1.5368378189577037
96.36214688311154
39.6840605912818
10.602232401239187
74.64916257843373
61.45291322674888
89.24346780063077
67.19657445990714
73.90408406802507
36.72287871112614
Budget
4143.026617079788
Profits
-13.601584718714822
-17.488737862242317
-18.481401738563203
-18.586724376873914
-12.504782386597073
-14.745073928645937
-5.347162084467598
-16.08955032821862
-8.868656761778585
-14.647607591168423
-7.7771790251349895
-9.911166330699853
-10.795021731803667
-16.235566128323153
-10.144539809243089
-8.339819021581851
-5.781368348614939
-7.531061813456089
-5.602917637311218
-8.05986639745576
-3.3984857692435795
-17.184451217355505
-15.764025719933548
-2.967615207591976
-7.1314243327240545
-16.75906911151235
-14.692535636249309
-11.895222049603143
-8.37510550956904
-13.464227723724829
-0.7875748333414867
-4.729439469192425
-1.668509278430679
-11.64028013618386
-14.145978217043503
-13.207307442734262
-9.670166915754939
-13.828054600182003
-14.19540924941002
-0.429462222536765
-4.592914495552551
-16.723566999683808
-5.029115668504542
-9.054326919286689
-9.024158779613684
-8.155871229965777
-12.09232016081407
-9.954255270184582
-17.420673572787248
-13.758855977771606
-19.988284747291992
-11.914183526257544
-17.259020759527353
-10.065620068602218
-14.203457818218173
-19.045405234855348
-18.022781624862965
-19.58203345866948
-0.21417121777785653
-1.2282361576423373
-13.704558404206875
-1.444846482914901
-13.97555769909676
-19.62855843151115
-17.17403951890464
-1.1660664667588927
-13.578777836116288
-6.097229728301796
-14.962185805655498
-16.640209372367178
-7.238678936730286
-13.342669935614552
-12.744575423789502
-9.121261442906885
-18.68367298676163
-19.442825428417667
-7.364612474682026
-8.583646774771534
-12.798473595606032
-0.9052583927607438
-18.354557289560383
-17.043294962100244
-19.444107919142557
-0.45857318551348225
-12.571084335964935
-5.7122899910627245
-14.180985168764385
-10.684114681199635
-3.5399382444543903
-16.135801328494424
-16.176916224652135
-9.35987566459867
-11.20304283170976
-10.57377722762856
-15.256507875339281
-16.001563175469446
-12.999781974273086
-7.442871474476208
-7.004021143506489
-4.621408570170633
-8.276081474679318
-4.76928227024251
-12.62427780078036
-0.8662020230027645
-4.469325535304942
-13.681579095850722
-10.75007374075748
-7.871405605951148
-1.9734122123044309
-11.50258378446797
-4.092775714378392
-4.0371107762166325
-12.567465781271965
-12.953024143793508
-16.749503768738514
-19.975368962428657
-18.731393211516426
-16.36437558414884
-19.22605164946944
-18.1160431184308
-1.4357846771617577
-5.308491358185359
-5.939772214390344
-8.637905505942824
-0.698277416908657
-19.19067086529072
-13.727076318678007
-8.407732640432348
-18.86529279889042
-0.40908948472786477
-4.180755475785243
-9.002856904471027
-14.549174973742955
-17.632633244286488
-5.326723101039685
-16.06208404498559
-8.642151422799547
-16.08608140169192
-18.696304926483336
-13.377975337355394
-0.30736756379154073
-19.272429376622306
-7.93681211825636
-2.1204464802478373
-14.929832515686746
-12.290582645349776
-17.848693560126154
-13.439314891981429
-14.780816813605014
-7.344575742225229
FactorLoading
0.17633806833499355	-0.032821102511780165	-0.13431660486066033	0.656524224292566
0.7155389394739102	-0.017491383952931594	0.06558203972073806	-0.20138763685242012
0.4850785190506046	0.2634971161256803	-0.059972570601638076	-0.19145179422207703
-0.5222009463578692	0.22973778919541332	0.060612466692030686	-0.1874487977546868
0.18388640033344306	-0.3076024508576025	0.4395925709071127	-0.06891857790184175
-0.1189386924283935	-0.24322768497695635	-0.24237741799522672	0.39545620459942343
0.4393755699197255	-0.2783078601056761	-0.20989536791030905	-0.07242120206428937
-0.034000677772653365	-0.14579840681157608	-0.6266319635922486	0.19356895182352196
-0.3054474287722049	0.34864484281474173	-0.034427046728739974	-0.3114806816843134
0.19660403210771027	0.16124283241473458	-0.6213882897757312	0.02076484570182391
0.414947490380134	0.10914218707137802	-0.11438979560720597	-0.361520526941282
-0.573206399832835	-0.012138511241730265	-0.023150912045589056	0.39150417687984573
-0.42709001098948973	0.22645898747135207	0.050454113251108046	-0.29599688828805015
0.4231237615413104	-0.28378656115351397	-0.2799334526512993	0.013156224653876336
0.26837490623090887	0.4769487162255248	0.2365296138496369	0.018146763693929424
0.7105353166491433	-0.1859208576704352	-0.05684165463193169	0.04670217104848984
0.5415202378617583	0.046851389123924836	0.17235528039612347	0.2392730926181934
-0.036572033512833224	0.17946550665372496	0.3175414138826722	0.4664210459507696
0.7854387144037824	0.05803615106537552	-0.0746083019040884	0.08191683262675364
-0.3157983763522325	-0.2238720630612867	-0.12144192223317152	0.33888763835330926
-0.15492817550814109	-0.24868223751810814	-0.3048240139719407	-0.2915655730018101
0.6951880024800856	-0.05820225184021499	0.22987216290281953	0.016737582776879867
-0.24530841768455924	-0.023068257044136287	-0.5451745720829844	-0.1864487531883201
0.25214382547499303	0.3095305931488499	-0.34731802416597257	0.0910075572101845
0.42858855673675667	0.3549031062836243	-0.11787568431914819	-0.09863265266047083
0.037951127770650794	-0.07720823646231145	-0.29466320445473904	-0.5901774313122987
-0.022764893631879612	-0.059507076796875946	0.7595591524812055	0.1581688770900389
0.260613409203333	-0.2639199619561716	-0.14072117461456624	0.33474545422592916
-0.5934470530451268	0.18879326096084292	0.1774907886378445	-0.04026889735618577
-0.051217791731202666	-0.48108875057223965	0.3243831469888685	0.14331031070768918
0.03312972288177107	-0.5096265026194791	0.3933649058604589	0.06387886863829095
0.1563449045548222	0.7080779481531676	0.09269145811157697	-0.04288568918043323
0.03118002371000883	-0.45935782666437874	0.4776664417530221	-0.03179570787259034
-0.4167315356069914	-0.17350250218145513	0.03942599115669321	0.3703399710548603
-0.2596692634169724	0.2408781097249555	-0.055256945393244994	0.44419568146482713
-0.2138976222229254	-0.20814437849742573	-0.5468830723095821	-0.031074926970066752
-0.22477869384624594	-0.005456977391032236	0.48257106595969224	-0.2871932628030296
-0.8909603522895417	0.010339466224432492	0.019904066314552882	0.07879611517147289
0.5141292583388215	-0.3034242904008848	-0.16492076799848654	-0.017525683261807146
-7.112077510362802e-5	0.46988292775441676	0.39266297261564365	-0.13738297885483597
-0.6724344153200101	0.07022621501494997	-0.04341522732015557	-0.21392414234488433
-0.0016799127187245855	-0.5518983708489817	-0.2701702110538271	0.17625150537846657
-0.5803657444352426	-0.2978148339604374	0.11288482119330823	-0.008934600411011795
-0.004121578817521954	0.3848647899041291	-0.35050389295277395	-0.260509738325575
-0.30648780451847957	-0.02337144856896911	-0.03661956398245869	0.6335211829300926
0.037727584316342266	-0.055744740387447145	-0.5057300119102262	0.40079766338598444
0.5225493940925159	-0.004060573003656254	-0.3543458395328085	0.11904419337101935
0.20483635813521417	0.21285638327641365	-0.11007025289275263	-0.47223700569561955
-0.09191801877859618	-0.035920322454708664	0.33126416775950673	-0.5408974910071884
0.20188040799979046	-0.19294839295774846	0.44149928833372587	0.1636719107087352
0.13061943984598323	0.2001864918973686	0.5682665374301694	0.10092753082647876
0.4686446824220456	0.1341149619991091	0.12893816500442723	-0.26830219057441806
0.742032563529964	-0.01993433406113243	-0.20514200880459388	-0.03289109360430964
0.04226651021830352	-0.6861754571572329	-0.05820891089562674	0.2133491217288368
-0.2725497655631097	0.4152711245135252	-0.27842974092907347	-0.033749368994291595
0.3613527040563542	-0.07452249521471699	0.11185321094518796	0.4522715897837408
-0.22314012253458615	-0.19234337197020213	0.07169492718732307	0.5128215783078887
0.6160700777983112	-0.04043230317641555	-0.12150482004461205	-0.22199279898066115
0.2701379681067033	-0.47176306316544325	0.2048219561719946	-0.053277012555858816
-0.06789448641343854	0.17524962986902382	-0.4550816329227132	-0.30177425079482445
-0.05992474101267686	-0.5907379892064828	-0.13084609646874545	0.2184911733120949
-0.23071015810865125	0.342294915476147	0.1486696104364238	0.27832531597877797
-0.01783704818983689	0.6311049997427207	0.16609297458462602	0.18496497748281637
0.223785632474498	0.12653038700470942	0.11544976856209788	0.5342342119586947
-0.22346182899971723	-0.4748513817236151	-0.24412225017882094	-0.057564539097846756
0.02386777338355328	0.25115332357285447	0.23106291676418	-0.49391598627941224
0.03190396996835654	-0.28682401560446946	0.302235015075772	-0.379036999351402
0.3417620240610597	-0.16343091104044127	0.13087047223447668	-0.36393659266402234
0.18003910324439443	0.039354157559230885	0.587258297144601	-0.1933484420517737
-0.022209816365517998	-0.09053066740479832	0.8258155650203078	-0.06144395120937585
-0.25921634713451325	0.5817550453067435	0.1279773880779933	0.03105121948074996
-0.01427157687572933	-0.48188685295415135	0.42025280087264005	0.08358876929747927
-0.1828313097425487	-0.38670258936572033	0.08656996854380017	0.3438961323479308
0.2040871498315755	0.17947948129195024	0.01120806802593477	0.6052253008505395
0.05629136492112763	-0.39237353789538587	-0.248163215286483	-0.3031718818970035
-0.37185418432115425	-0.22860384829873248	0.319888723587052	-0.07965324379306127
0.6382427522550085	0.29000696536367343	-0.019860804676896437	-0.05188947770442165
0.4107296943131107	0.053718559234658514	0.4810408031582365	0.05451094329399431
-0.6072636796430413	0.19174555088646694	0.1868743013096208	0.014116468160870976
0.2701693130167273	-0.07238743229721356	-0.15257579077010175	0.5048674639159574
-0.48853358212287046	-0.09814541230104767	0.16771870844522918	-0.2456022971308527
0.1562227228896298	0.7047769663674424	0.08392518104434687	0.05507512969858097
-0.2394888947091769	-0.03765715488271559	-0.31442015883595453	-0.408433791572153
-0.08095690944428457	0.8642575150620311	0.013375785145877783	-0.04140979034780656
-0.22304072876622927	0.09049936393441049	-0.2625551071613239	-0.42390480013803633
-0.6892395185610001	0.10303164682836208	0.16408838908408963	0.04364044552654822
-0.010739515030855351	-0.32531681772323906	-0.5387294769942996	0.12521419025160596
0.22306289883083052	0.43743592933627773	-0.22416131420425112	0.11533985762864063
0.08680423998148012	0.30591667959061786	-0.5669430976394532	-0.040335982788448854
0.26169160141848713	-0.04517615643884798	-0.14434385212390466	0.5487883900187602
-0.1508857021910428	0.12787206976312837	0.1394445030093172	0.5817977250365116
0.07422416414639965	-0.1634601725661622	-0.2474174569661194	0.5148982063213188
0.27693655870859524	0.1332236785577794	0.12458664305845635	-0.465253119675169
0.1737552536009086	0.2258449013483923	0.14476148461003002	-0.4556383604406691
0.04228652206316097	0.0871189080146273	0.20411885141302388	0.6664757185091879
0.35662786008169567	0.3569275533456049	-0.10566878135216151	0.18077580522053793
-0.31070389578057767	-0.5994332044965309	-0.04552682097117722	0.04433607875171419
0.214681511552687	0.31231396021220403	-0.37940321400247523	0.09360131423263374
0.2505539584096521	0.1893721510685653	0.4249685335869857	0.13510535693479686
-0.2859637826635697	0.5075257516631475	-0.19243622275709638	0.014074242916186419
-0.02289517536511476	0.5426259110253795	-0.0779057733627242	-0.35657314024678155
-0.11776983300163901	-0.10339069705962234	0.7051475503421898	-0.07369191959654886
0.5261205305607273	0.2104973439150859	0.1884240047276775	0.07495812079650932
-0.09466476725149775	-0.5243305871687596	0.26039165571508494	-0.12061298986465774
-0.07663455163931676	-0.5289022539587203	-0.36563030636852556	-0.02883288803343742
-0.24104403980620392	-0.07826730925366965	0.17805127784185615	-0.5026373730982703
-0.22571853429848532	0.0654132398931635	0.659337387056631	0.04953083875172015
-0.07102672864373982	0.6193371927300815	0.03263554091456955	-0.27700053771160915
-0.10449539970087751	-0.30352201665212175	0.342841834530212	0.24914074911678874
0.18601391411253076	-0.059495884683488764	-0.5564067834950106	-0.19808341770896987
0.29367731758955284	-0.4780729089377851	-0.13785645473948116	-0.0903933187331809
0.08960648912253522	-0.0998629066207728	-0.259072722470544	0.551457881786148
-0.3581180971994844	0.35156966649541155	0.14132855769116603	-0.14898367861393802
-0.6499356781530325	-0.04517529726214953	-0.095965607991916	-0.20892341659290192
0.7187329666109059	-0.11555001170030521	-0.11399957389771198	-0.0517174477910769
0.49879691985789143	0.19695444375044935	0.16017529173255007	-0.14407334465910915
-0.02596312053141414	0.3168664401930199	-0.16155142555914703	-0.4956190137164189
0.0861036574088796	0.10676534379218894	-0.405582300377358	-0.4015486984215735
-0.019411955148067372	0.11226938461063862	0.42934916046412064	0.43896949977717337
0.14965698501651348	0.27305151485750434	-0.3002099595169352	-0.277081540609047
-0.37649944425121507	-0.16290197765015813	-0.013843356277072116	-0.4467552218215547
-0.5027118645619686	-0.32758232132003573	0.08660035679991696	0.08310545731807872
-0.12405396042418415	0.07484482341936927	-0.16205133367037594	-0.6390498824860706
-0.1901978826716908	0.04057702816144371	0.729776496328765	0.03944859283810054
-0.2830733112964383	-0.3081673599449697	-0.07679311754309714	-0.33196621121549486
0.08184906264381042	0.10500960294775297	-0.5081912878638029	0.30495004654463376
-0.024339042421861468	0.1329083270961422	-0.4581397878899547	0.38461284259204165
-0.15231212220776613	0.14273017919238917	-0.6829797391911061	0.02197795940873859
0.24114655152199838	0.3225836280244505	0.4266846896395142	-0.00958513081403689
0.14101405838500014	0.18063692191184888	-0.3187756309107732	-0.35957338879237777
-0.10200495927091602	0.6734920212109494	0.057194038229146926	0.16730898128898763
0.12276384823538478	0.3303439641915873	0.41796261926863343	0.1289295683043945
0.055121203470860136	-0.20830978587503401	0.15096861223803115	-0.5856003984160747
-0.14382230716928945	-0.09538292686062833	-0.5151200266489517	-0.2456747393211305
0.19352547347914562	-0.2459189747682935	-0.08368449780951481	0.4768710539430461
0.21668024621063853	-0.34086619129476836	0.0569406197025728	-0.3855129427920203
-0.3448981928978472	-0.32140002425036607	-0.12369480714599912	0.21000697570578764
-0.26699197215211323	-0.22560483507603402	-0.03123513410320089	0.47616805866865186
-0.3310099516040912	-0.2925973650198821	0.1394694448035152	0.23692323857251152
-0.022529547021748142	-0.26589953666434796	-0.40151418746119005	-0.31005672885271385
-0.38760343780822026	0.2910318615199996	0.2716826187707191	0.04968208190106105
-0.390576330968915	0.011110562526964962	-0.04351440062505629	0.5547987058790638
0.3477885873709572	-0.0266697316266864	-0.22735344869761942	-0.398188232304737
-0.022473964815826752	0.10258406496376438	-0.0030279665064529837	0.8719140037139559
0.030823301347511878	0.34084416087430225	-0.5482416816143352	0.0800908561638507
-0.01851106081145293	-0.21868718759303007	-0.015650581729909963	-0.747151169865607
0.44706568851072914	0.03859853234802424	0.23337621749085669	0.28095956165038993
-0.5947623026972662	-0.03501723886555075	-0.2365130206781605	0.1337074377590226
0.5612600928109261	0.263785091995836	0.1243526608392358	0.05060215435400206
-0.008840686327706404	-0.47895027776072396	-0.009612126233571772	-0.5025969096779979
Conflicts
125 76
35 52
59 108
7 4
14 27
146 15
36 127
137 57
98 96
25 121
43 75
143 93
44 6
3 85
118 111
149 94
11 52
124 15
38 33
69 86
78 56
83 24
14 81
39 6
70 141
14 36
64 1
43 127
21 20
103 149
121 76
139 73
92 30
140 87
123 143
120 44
13 141
99 72
55 24
117 5
38 39
132 74
19 38
125 36
59 95
130 84
43 73
53 15
101 8
93 65
9 65
35 89
7 109
122 18
78 15
7 100
146 97
37 90
112 76
58 48
114 41
25 124
60 27
130 93
40 73
35 103
137 150
103 48
122 114
136 70
113 97
55 103
2 115
128 120
15 20
63 137
31 48
68 133
39 73
50 120
137 62
55 125
102 21
14 89
122 51
100 52
148 141
2 30
140 65
96 24
69 38
92 77
93 56
29 27
25 44
14 135
102 97
21 30
139 18
80 21
124 142
27 106
69 85
92 11
102 98
132 67
128 90
145 45
143 64
63 32
129 105
51 76
6 12
4 17
103 96
58 134
96 21
65 59
71 2
133 48
134 85
100 121
16 22
71 141
114 52
94 134
78 2
132 91
22 134
70 150
105 111
34 127
81 73
47 81
56 88
13 2
87 11
28 118
122 57
81 67
140 113
27 93
13 90
32 126
86 28
94 138
146 96
54 6
42 143
26 100
31 60
71 35
25 6
54 83
94 6
28 17
37 142
8 22
60 3
100 108
93 28
55 61
3 79
78 46
41 118
47 83
58 57
71 56
10 106
124 118
5 105
47 137
137 48
137 85
139 76
9 59
55 150
74 108
104 8
25 99
75 99
7 79
50 145
27 5
63 18
4 2
142 44
35 41
76 6
16 38
13 65
80 58
101 143
6 85
128 116
16 76
25 111
35 58
117 19
4 28
122 97
105 52
140 95
100 149
14 87
135 123
81 150
89 22
26 147
72 15
112 118
4 14
130 36
36 79
61 141
142 52
56 139
50 91
47 123
90 6
122 44
100 111
54 93
17 106
132 9
42 67
31 33
7 139
4 18
48 105
22 45
115 1
120 17
21 41
17 113
50 84
28 20
40 51
22 57
100 80
86 5
123 56
66 38
141 150
43 5
90 30
25 5
71 101
75 19
106 150
23 67
125 104
94 44
65 82
148 41
14 45
23 78
19 51
132 13
128 150
60 93
106 111
106 115
126 57
13 24
63 121
68 46
110 127
80 110
143 62
32 33
23 101
131 44
19 36
102 81
98 129
72 38
26 92
50 134
81 109
4 70
137 108
15 115
34 115
83 39
62 49
75 96
148 131
68 96
125 88
35 99
95 33
109 15
144 6
29 88
78 108
42 87
23 121
126 12
43 14
129 106
13 123
120 21
60 65
102 42
80 85
71 22
9 104
135 113
26 121
13 36
50 53
18 134
121 24
93 52
53 110
28 11
143 28
117 113
136 34
13 148
140 24
74 115
10 69
124 33
50 137
48 141
135 8
60 121
126 106
75 94
72 97
125 140
145 73
81 6
29 69
102 126
98 11
130 39
120 149
132 87
140 64
60 147
14 94
77 44
108 46
135 139
10 28
136 56
2 45
147 85
34 44
48 106
148 130
6 52
23 35
3 48
34 46
34 109
118 106
31 104
23 13
14 66
119 1
95 24
87 113
112 15
67 134
9 39
23 113
61 49
19 46
34 141
11 30
3 106
135 59
98 104
69 96
63 28
13 118
101 127
10 17
7 58
19 105
7 23
42 44
89 129
113 22
71 27
118 90
23 37
145 96
4 21
54 51
25 87
23 120
48 82
43 149
36 82
124 44
104 84
123 139
91 20
119 10
116 49
128 108
42 98
100 91
123 33
86 116
29 144
51 141
87 1
7 114
7 91
54 113
10 22
147 141
89 141
62 15
23 140
110 88
102 22
26 11
14 70
74 142
119 90
68 13
29 113
89 40
4 5
138 30
37 91
125 58
145 67
119 29
117 17
42 51
25 52
119 97
37 77
58 74
128 144
139 118
145 143
131 114
104 142
98 126
53 126
26 27
119 79
75 69
94 96
140 97
121 48
143 88
32 49
136 130
101 21
50 125
13 138
71 21
148 74
71 55
35 3
115 33
132 117
140 81
146 56
146 142
9 145
62 129
54 74
68 97
43 85
63 90
109 127
58 88
79 96
13 60
114 137
76 84
40 111
121 80
103 15
50 8
76 44
16 96
89 8
23 112
119 141
75 3
50 117
120 29
128 143
83 30
147 15
14 10
27 137
67 129
49 105
121 53
38 12
77 150
96 30
36 20
42 110
69 97
93 51
109 150
54 42
83 8
3 142
122 104
76 90
95 5
129 30
114 64
7 65
133 138
23 16
101 28
108 49
15 24
83 79
31 17
50 65
5 22
47 146
92 98
28 18
64 39
109 59
136 20
124 104
8 57
124 22
103 139
67 126
48 138
93 84
35 20
78 131
53 40
136 10
100 42
36 96
65 6
68 11
74 99
83 110
42 149
135 66
77 74
141 134
123 58
42 105
14 120
145 107
125 146
98 17
146 38
136 15
50 94
133 96
99 45
122 134
35 106
35 40
27 138
121 93
89 105
23 94
37 111
26 73
48 1
26 114
48 91
80 39
44 45
55 149
61 24
58 5
114 142
54 29
26 57
86 38
32 64
150 39
101 44
139 94
9 84
66 69
28 5
13 140
102 18
40 74
124 87
89 21
10 116
7 128
13 17
103 6
83 59
70 18
89 33
104 22
100 41
32 48
147 73
75 103
14 58
61 20
74 107
3 94
98 65
135 69
119 48
37 28
117 141
63 76
137 52
2 16
68 102
98 28
76 46
25 86
69 18
146 79
37 36
74 28
124 103
29 96
62 105
87 15
108 85
55 141
132 148
86 39
83 143
14 53
62 36
128 64
19 20
98 72
143 15
119 110
136 73
7 150
49 33
101 110
143 38
42 46
25 72
104 85
62 20
7 83
95 85
100 137
36 95
75 73
87 134
123 91
64 49
40 56
71 74
63 150
71 45
22 41
72 65
32 127
133 32
124 50
102 36
37 16
116 111
35 105
53 101
81 21
71 54
50 33
101 104
93 18
149 1
83 115
38 45
133 53
10 142
19 65
90 1
116 142
93 64
37 27
2 110
80 139
33 20
43 145
97 108
113 62
54 78
4 76
143 44
2 49
74 110
132 112
77 46
114 56
86 72
75 140
43 37
70 96
7 73
114 48
116 84
64 108
29 11
67 39
69 99
148 145
116 15
124 86
108 84
110 118
68 129
60 59
60 8
3 22
26 95
119 112
132 126
4 102
99 48
69 21
11 129
65 94
47 73
25 126
120 110
103 88
68 114
77 30
132 1
125 113
133 16
25 141
63 12
147 131
37 5
43 22
132 107
148 22
75 134
19 85
68 33
78 42
7 149
141 138
13 31
36 45
16 45
17 84
130 138
65 48
146 12
80 131
31 106
66 142
68 53
72 111
41 33
54 146
65 70
112 51
102 74
120 130
1 24
8 38
2 58
148 97
47 10
81 46
13 51
96 90
43 36
133 59
121 103
50 122
14 79
124 76
21 150
80 149
75 87
62 108
98 24
104 45
60 141
17 150
14 8
48 12
46 45
128 73
83 86
145 65
123 144
63 110
133 141
63 19
39 20
89 113
4 122
52 18
116 129
64 91
81 134
28 141
42 115
13 149
43 64
133 31
109 105
128 81
114 79
55 82
100 29
29 126
149 70
17 48
144 18
55 116
23 65
116 44
110 150
128 59
129 90
60 143
8 84
104 91
109 49
98 142
61 94
126 73
147 101
66 123
47 40
56 106
16 70
148 21
148 95
113 129
125 130
67 21
42 11
147 11
53 72
31 46
81 96
41 88
23 137
50 73
68 83
148 111
143 36
130 51
32 111
80 41
35 86
42 99
49 91
71 112
66 125
97 22
23 126
31 113
31 58
112 85
59 139
113 59
128 110
146 90
123 18
34 12
119 114
140 28
130 72
69 51
106 84
86 134
72 46
39 88
13 61
136 33
58 91
90 12
121 91
98 101
111 20
43 52
112 94
86 95
141 57
49 52
114 51
98 21
3 51
78 30
105 82
133 57
64 22
88 18
149 30
40 72
143 19
64 115
103 39
37 108
16 44
144 49
53 116
63 141
81 8
120 2
122 61
124 57
26 134
88 127
67 36
58 73
104 57
131 72
15 46
50 116
136 150
101 109
25 131
133 36
1 30
136 74
132 88
55 41
80 44
23 2
4 97
62 6
90 115
39 1
7 9
124 99
47 131
128 122
116 69
95 56
37 131
66 87
25 60
56 49
122 22
98 1
131 51
146 39
143 95
32 29
146 74
23 51
119 52
98 108
27 114
136 49
99 88
133 103
145 141
84 52
53 146
81 24
65 52
37 147
68 95
140 39
91 138
128 68
53 8
70 142
26 122
44 84
23 84
133 135
42 93
25 59
10 104
90 127
5 18
11 134
39 82
23 29
70 1
89 72
128 3
118 84
122 65
28 39
75 8
37 54
34 77
103 138
121 81
9 28
32 69
132 58
8 6
102 89
146 94
65 105
149 51
137 142
55 1
31 3
53 21
101 85
74 106
48 127
54 95
47 142
25 74
37 25
50 3
68 110
92 66
4 89
15 33
50 67
69 72
67 89
78 135
32 143
148 87
121 138
135 138
25 88
31 108
132 114
29 18
67 141
15 41
116 108
55 34
10 126
132 40
74 96
124 28
58 144
104 11
80 70
136 102
139 82
43 65
135 104
107 41
63 35
34 93
60 34
34 106
34 104
49 138
34 112
125 65
132 37
144 46
4 31
112 11
40 99
66 138
89 44
58 52
67 99
32 51
135 150
60 85
83 20
149 44
128 115
32 142
104 5
132 147
46 20
104 82
136 24
136 101
122 118
17 56
63 85
69 27
124 105
84 127
124 130
32 73
32 12
123 72
68 9
148 77
83 62
124 107
146 85
4 55
116 109
10 88
117 146
14 106
94 21
3 96
83 104
112 65
114 107
29 85
7 113
139 57
47 29
125 24
103 49
140 57
68 55
123 107
102 5
36 24
119 111
35 51
114 33
124 55
58 84
61 44
4 112
129 96
31 67
21 57
58 62
26 70
120 1
123 117
114 141
54 107
124 141
122 6
72 149
95 127
66 149
140 62
112 90
86 131
4 75
144 82
58 107
131 48
81 59
90 45
2 33
128 138
42 86
75 15
27 105
83 49
47 48
100 85
121 61
50 147
135 17
56 115
36 118
113 84
123 61
40 59
149 12
119 57
92 73
37 113
133 27
75 18
112 131
78 101
26 116
148 48
59 21
135 20
49 84
140 44
124 32
58 67
47 139
150 134
106 105
31 76
112 113
79 18
120 8
133 20
4 103
123 65
121 18
130 87
100 86
31 144
54 99
14 109
92 108
132 2
111 82
2 51
22 85
79 90
46 90
130 105
116 134
112 138
91 1
67 97
102 108
48 45
108 106
51 142
135 90
75 31
2 59
99 138
55 64
134 30
133 64
51 18
124 48
119 11
136 63
34 149
69 115
121 70
32 149
36 59
94 84
98 16
80 150
89 30
13 147
81 30
87 22
126 18
58 142
50 20
131 52
128 6
81 108
107 46
104 105
131 8
132 130
68 32
98 27
102 121
15 44
16 15
77 106
86 61
43 111
109 129
75 56
104 139
92 141
14 61
71 12
92 129
75 131
9 64
63 2
97 111
23 92
113 95
72 79
102 145
74 97
80 82
75 80
31 72
136 100
47 45
43 113
139 1
63 15
47 44
50 81
123 16
53 19
59 51
33 91
5 127
17 85
101 38
121 72
58 61
120 87
29 65
117 41
37 30
109 118
117 129
43 138
65 21
145 82
71 63
35 21
131 85
77 67
117 79
39 84
92 72
29 95
130 52
4 39
46 44
7 86
42 57
67 142
147 87
145 112
86 36
104 70
61 65
135 33
101 87
103 113
71 33
7 64
122 115
82 20
55 106
7 118
31 111
119 5
63 98
74 49
137 64
106 96
92 137
109 141
107 108
103 1
104 88
77 72
42 145
71 104
76 91
78 104
21 88
81 40
36 149
148 3
136 48
126 130
124 83
67 61
93 30
32 98
104 111
72 8
59 41
130 143
147 74
112 106
43 90
100 112
146 20
68 103
132 82
60 20
77 89
116 1
149 57
144 139
117 89
135 79
131 27
89 131
58 105
98 139
77 12
7 54
29 131
49 24
132 80
77 96
11 24
132 63
35 45
19 18
7 49
59 142
77 127
43 87
142 30
75 84
53 79
94 85
78 107
48 38
22 20
70 52
119 85
81 1
81 22
37 64
140 107
63 111
2 67
47 60
124 90
125 70
146 104
104 24
115 6
70 46
55 44
102 142
39 12
77 143
124 19
13 84
36 94
13 110
144 16
5 46
125 6
83 51
52 127
55 129
148 76
117 134
13 126
23 22
23 52
37 110
101 134
118 20
75 89
53 85
37 57
13 22
81 126
144 143
55 123
10 50
89 146
43 124
147 81
68 118
133 62
139 51
31 36
150 84
35 49
104 16
14 16
63 124
66 98
117 48
107 8
60 5
35 77
92 79
7 97
119 82
124 27
53 1
95 110
120 19
51 106
31 84
7 101
139 22
112 1
14 6
119 95
100 56
60 10
68 104
42 116
14 33
102 33
150 91
100 30
31 129
145 56
128 121
147 106
28 24
88 138
47 141
48 21
99 36
40 61
23 138
3 89
97 21
71 34
34 38
78 117
137 127
40 139
35 149
14 48
132 55
60 140
56 85
116 131
101 113
9 117
114 11
52 85
79 30
23 143
103 99
116 62
34 41
69 143
56 57
108 8
66 33
9 103
128 94
4 59
19 94
25 113
66 134
40 5
68 78
99 38
42 101
61 59
69 11
114 91
102 17
62 64
103 3
8 85
139 15
89 1
81 61
84 138
116 11
32 145
100 120
148 147
140 137
58 115
25 143
81 139
101 82
124 115
75 124
119 101
34 2
120 142
130 49
43 61
59 150
147 95
109 85
141 45
112 5
75 59
35 130
101 22
80 84
75 10
60 94
37 49
40 28
116 19
92 36
102 44
129 8
124 69
128 106
23 96
23 56
145 52
8 51
130 22
32 57
50 62
63 107
146 111
81 12
119 32
105 85
149 96
43 139
110 44
69 129
23 103
66 49
64 90
100 1
131 109
6 18
23 54
69 3
102 28
118 52
71 118
114 65
55 111
50 51
47 64
143 96
80 16
122 139
56 46
14 122
133 17
98 107
81 20
71 150
68 137
136 60
133 110
122 70
61 130
44 134
55 33
116 118
76 41
17 115
53 16
75 30
4 66
26 1
14 42
120 38
51 30
89 111
113 12
3 5
3 127
114 59
31 74
72 143
100 66
75 55
54 33
92 33
37 11
40 36
23 45
29 103
37 41
145 15
130 5
7 57
112 22
29 70
31 5
35 122
49 127
89 15
37 6
26 66
40 126
66 56
37 112
92 52
67 11
105 12
50 110
78 139
7 75
65 15
104 21
97 51
148 125
75 12
62 30
143 73
140 106
48 150
54 138
35 72
67 51
25 106
80 95
35 142
150 105
7 107
71 69
128 129
55 89
92 90
4 33
64 56
31 140
147 16
7 125
36 52
139 115
125 99
120 11
131 46
124 112
72 141
80 104
101 90
54 66
10 99
71 83
97 20
119 75
74 76
19 15
95 49
71 11
103 84
104 134
9 15
71 143
68 34
16 127
55 52
83 139
148 100
125 18
55 98
21 106
9 62
4 40
4 87
86 144
80 45
148 115
112 49
68 146
31 30
53 115
103 105
143 70
112 61
17 59
98 20
136 31
109 51
58 27
67 84
34 140
103 93
133 92
43 8
145 76
124 73
54 56
13 72
101 149
127 111
133 134
51 52
66 99
92 124
74 1
36 84
148 150
55 12
35 87
100 123
58 113
82 85
77 48
50 18
4 88
119 126
11 106
60 72
47 50
81 64
43 108
53 17
74 70
70 5
89 138
2 41
71 92
34 39
109 88
143 110
37 20
23 130
29 87
61 110
23 41
125 117
145 139
72 88
131 106
63 80
148 27
50 106
105 91
59 127
23 25
120 89
61 107
146 144
132 144
138 18
125 150
23 59
124 94
129 52
9 49
13 56
7 20
23 110
148 114
13 29
135 91
133 145
35 24
55 140
14 72
47 51
103 87
35 33
135 116
42 131
54 103
109 52
51 44
81 74
125 74
13 35
4 145
136 81
98 33
7 146
89 46
51 127
10 122
37 97
97 150
99 106
83 80
124 70
38 6
47 110
81 27
23 99
99 93
50 143
22 105
83 145
75 13
128 46
2 76
74 19
81 89
32 138
130 111
7 131
107 52
64 18
29 41
149 85
133 106
132 77
19 107
145 21
75 45
102 105
27 129
117 49
125 85
55 27
58 12
9 120
70 76
7 19
90 57
3 107
54 137
125 145
59 1
33 45
25 102
149 46
138 24
26 31
8 127
38 21
2 21
39 106
59 70
128 74
23 109
34 20
100 60
106 24
104 48
60 44
143 79
124 67
33 1
32 137
121 107
135 82
15 30
40 41
112 38
40 46
31 64
34 49
23 74
148 90
31 146
60 123
54 12
46 1
61 131
100 131
81 95
147 137
140 27
39 18
148 112
40 96
58 18
116 72
11 73
137 76
112 108
29 143
67 138
89 6
47 53
40 16
118 57
68 121
89 99
140 52
137 129
147 21
10 98
121 36
128 89
35 80
116 51
123 116
107 150
5 115
129 20
85 73
126 110
147 39
81 58
145 51
53 111
113 139
78 105
54 75
80 12
9 45
19 91
25 130
131 6
92 97
104 137
19 8
128 26
98 30
61 33
128 35
47 80
135 140
111 30
77 118
10 95
14 60
94 20
95 51
31 118
95 57
102 1
119 40
75 34
120 6
144 62
133 72
35 143
53 56
64 95
131 19
4 141
116 76
55 146
25 46
128 22
141 91
102 62
50 89
59 22
53 95
3 28
127 134
121 113
60 144
117 143
23 128
28 94
80 101
89 114
132 54
141 84
59 12
142 46
66 3
34 29
116 145
136 146
105 138
96 46
10 121
54 72
116 99
48 20
103 79
65 11
94 118
71 60
29 104
123 22
35 126
9 92
124 147
47 72
42 29
109 20
117 36
136 85
147 29
25 34
148 39
47 90
26 135
10 82
43 88
64 85
65 38
104 6
131 149
60 22
33 127
4 132
47 39
121 140
135 76
80 142
50 139
39 91
80 138
123 111
60 67
78 76
103 21
80 38
43 78
114 6
10 48
143 138
43 54
28 62
125 77
84 73
14 105
27 11
23 108
83 98
140 21
64 141
50 64
57 20
10 91
107 115
31 56
66 19
103 146
112 12
133 29
112 28
108 91
87 56
34 98
40 97
108 111
54 140
68 67
54 81
122 62
55 139
58 106
84 20
43 82
108 82
10 96
101 45
131 137
143 94
47 1
46 88
71 44
54 101
14 51
4 52
9 57
4 137
38 90
113 138
113 76
60 64
27 21
2 3
45 24
53 18
48 62
4 142
86 51
133 80
2 28
114 36
67 70
54 105
99 24
80 67
135 53
99 57
92 116
146 107
146 52
98 58
27 115
135 115
120 66
40 45
49 18
108 73
137 115
69 48
29 56
66 44
54 87
3 139
119 47
143 108
7 103
113 111
52 91
135 83
121 116
47 107
38 141
77 15
87 106
69 8
121 1
128 63
76 18
74 52
50 114
58 30
53 58
13 120
13 33
2 39
92 74
57 12
103 126
17 30
119 20
102 29
42 76
136 50
3 129
43 44
93 5
16 8
46 6
108 110
95 8
71 90
92 46
54 55
65 96
4 91
119 16
7 117
103 94
114 61
100 89
106 30
67 110
111 85
28 1
100 8
137 18
13 139
92 109
116 141
93 59
63 143
112 96
122 87
114 87
117 74
13 97
25 10
123 52
32 140
116 146
26 91
63 116
103 17
98 22
2 74
83 142
107 129
72 134
28 70
100 53
56 38
29 51
75 102
10 141
86 137
27 24
66 61
43 110
132 10
103 111
71 73
10 137
77 52
136 5
148 53
102 134
128 28
60 98
68 124
61 143
124 139
75 82
116 90
142 150
68 25
68 12
147 2
140 12
72 127
15 111
148 93
132 150
125 22
29 91
133 66
16 107
83 123
112 139
118 24
143 109
119 33
119 58
14 62
103 64
87 59
27 97
114 138
14 19
95 73
98 3
119 105
26 40
85 20
86 114
13 101
26 129
82 134
59 97
102 84
145 5
95 142
26 22
3 118
131 16
35 138
137 105
81 52
123 93
101 48
71 31
106 18
80 134
54 96
79 33
89 24
126 56
140 88
94 105
120 91
149 24
66 126
31 98
92 45
89 65
55 18
109 30
93 38
104 36
100 46
112 87
100 117
147 58
9 147
13 116
86 138
26 4
49 88
37 3
15 52
102 131
123 62
107 139
43 69
77 93
31 29
84 88
97 110
62 65
19 88
121 16
78 111
144 44
3 1
66 82
22 111
88 105
4 148
104 94
60 122
83 18
142 138
140 85
29 57
149 139
4 48
93 150
146 44
66 52
110 106
65 95
91 46
149 111
80 62
77 149
148 62
119 15
55 6
131 150
131 38
63 70
78 149
113 70
99 41
14 117
34 89
135 22
147 57
130 33
26 125
32 67
86 122
94 24
63 86
7 35
77 85
148 25
145 99
146 64
23 64
55 130
130 46
35 70
8 46
4 85
104 73
136 76
124 59
133 129
55 135
13 58
102 55
17 6
124 84
140 127
55 58
62 1
106 91
125 123
48 51
80 5
42 108
31 99
143 104
14 139
69 20
149 134
9 53
137 11
123 96
47 22
120 117
4 6
13 88
106 88
67 16
113 79
37 121
6 1
148 45
43 48
34 138
124 5
144 127
126 84
98 49
3 115
23 43
54 31
120 82
128 101
68 116
34 6
7 3
132 85
5 150
97 142
10 15
146 6
4 47
86 99
35 120
147 126
16 39
48 87
83 94
58 36
109 94
71 115
146 5
117 109
43 91
78 141
89 145
141 85
77 82
88 134
10 109
148 127
99 90
29 36
41 46
29 110
101 137
68 39
78 129
4 124
25 140
123 106
132 129
123 44
140 41
43 21
55 127
133 125
132 30
71 105
64 11
13 96
49 57
8 118
9 129
109 139
4 78
131 87
48 24
107 59
106 45
64 82
28 115
31 94
71 24
83 141
2 11
74 87
51 38
83 81
50 58
11 138
72 76
117 62
100 27
71 6
7 137
123 127
74 90
20 30
13 115
54 123
67 90
40 19
58 127
92 2
10 111
139 5
135 6
80 61
125 49
31 91
28 138
35 74
66 58
53 89
125 134
97 115
133 87
94 46
3 111
94 12
133 8
46 18
71 147
104 65
54 50
71 10
70 110
40 39
144 64
66 140
110 24
118 45
98 122
123 89
112 110
32 6
145 129
26 142
61 127
87 38
3 130
81 111
141 46
36 39
113 5
124 3
71 116
80 93
81 99
40 76
89 28
141 115
75 85
116 6
55 29
17 8
96 84
148 91
35 66
117 24
94 30
23 4
75 115
78 67
121 45
128 34
126 85
69 28
10 1
98 145
63 21
149 49
144 85
100 84
58 28
140 16
53 51
82 91
99 46
74 8
40 104
67 101
95 45
43 99
23 32
133 25
89 49
89 64
14 95
28 44
124 135
60 95
121 98
23 58
3 114
35 118
1 73
148 36
26 42
89 109
52 45
10 149
149 79
83 3
3 36
123 101
129 127
47 133
47 145
31 123
63 6
63 109
102 16
112 141
3 17
119 41
8 12
94 82
43 120
137 5
141 90
59 15
4 95
122 142
42 21
53 30
107 12
84 82
23 129
132 27
68 107
42 3
137 88
7 69
98 38
92 95
66 143
23 123
14 149
101 56
7 38
66 144
40 17
25 38
25 92
102 8
22 30
68 147
121 123
5 24
100 125
28 142
19 97
54 131
29 52
74 33
7 126
132 11
34 45
100 113
136 94
69 122
10 8
7 25
129 15
86 91
66 16
98 57
141 82
114 18
58 149
120 140
9 98
55 77
133 51
122 93
126 22
27 90
52 46
94 52
102 48
52 82
112 95
67 112
132 94
88 30
97 88
112 111
47 6
50 98
133 146
130 45
5 44
55 110
114 118
137 46
54 17
114 1
110 30
50 149
127 138
26 110
86 15
136 106
65 49
124 53
28 95
147 61
140 145
147 103
80 40
63 57
148 18
40 82
23 106
2 56
117 6
13 125
62 79
83 1
27 108
99 137
133 137
104 110
36 6
123 97
104 118
2 52
68 16
66 1
69 80
33 134
55 126
98 39
37 40
114 20
65 108
132 70
135 46
111 115
84 45
79 46
47 18
128 102
132 16
103 72
8 20
5 90
67 24
122 59
73 134
26 38
102 32
55 112
7 144
7 92
7 31
14 22
124 98
67 65
86 33
77 145
121 40
37 45
47 33
31 1
60 77
148 108
113 46
37 126
86 93
29 90
26 16
13 142
86 58
133 6
8 5
122 38
7 32
112 115
122 52
60 149
67 150
64 127
27 149
82 46
61 113
27 79
94 129
37 52
48 8
39 142
47 36
119 64
68 19
100 144
123 126
87 91
83 106
132 96
78 106
102 80
147 97
43 107
37 118
9 14
42 5
138 85
27 96
80 24
60 40
38 57
112 84
19 62
19 30
74 24
43 32
39 24
132 6
29 33
130 17
60 30
49 20
72 114
35 93
123 12
119 78
55 8
148 32
130 48
54 19
35 55
25 147
11 39
80 65
13 104
66 106
66 30
9 13
107 57
61 73
144 51
37 22
125 59
9 81
78 11
104 76
148 60
31 69
35 11
77 39
98 5
19 22
26 111
31 100
42 39
74 113
25 118
68 42
75 86
13 77
123 79
43 117
32 122
71 57
57 73
102 95
108 22
140 130
47 124
148 58
5 45
98 45
55 22
75 118
128 32
135 72
26 49
108 141
96 105
75 77
98 106
136 112
122 145
103 115
43 147
66 51
66 115
101 115
112 137
98 61
13 107
71 106
43 56
107 106
119 63
143 115
101 130
22 141
136 55
14 5
120 15
120 122
146 11
50 41
88 115
22 115
92 111
71 17
51 91
50 11
150 45
67 57
47 87
9 86
117 111
36 85
118 141
102 103
14 116
97 90
13 8
150 6
128 148
58 56
35 76
118 30
64 87
43 70
47 15
81 39
107 44
48 111
13 146
97 76
66 117
3 52
71 94
124 113
23 144
64 45
31 89
102 2
60 87
32 27
10 89
125 90
86 107
42 38
103 82
78 36
2 111
146 113
53 27
53 139
51 111
132 53
71 53
121 143
92 28
136 122
44 1
145 130
136 53
75 67
34 134
128 45
102 61
14 107
77 33
148 144
122 106
29 130
54 28
54 114
65 44
84 91
11 84
144 90
145 144
102 52
63 145
3 138
132 35
124 49
78 64
122 105
128 55
25 80
44 105
66 105
99 20
50 49
71 37
25 134
54 46
36 90
139 85
5 12
128 145
125 91
61 105
92 20
123 67
5 76
4 58
74 73
79 1
74 104
95 149
31 82
40 108
120 41
128 53
86 21
104 19
72 115
146 76
133 49
77 45
96 111
92 94
126 138
66 90
7 98
41 90
107 105
37 135
37 79
131 73
23 63
95 134
25 15
103 22
63 131
113 20
108 21
7 111
138 33
43 1
109 91
29 38
65 139
95 118
60 66
135 95
99 12
117 87
55 51
119 49
65 142
41 52
23 20
94 88
19 84
133 130
80 141
21 33
135 87
94 141
92 19
144 72
119 46
98 56
98 144
61 38
75 50
140 109
29 79
101 15
34 19
83 116
56 129
112 97
36 30
67 52
148 5
68 44
74 84
55 120
88 24
61 52
31 116
66 48
7 52
78 88
25 139
126 122
3 122
13 28
42 146
96 20
132 50
28 59
77 139
136 59
72 96
43 11
63 74
47 66
17 11
43 114
148 33
150 15
78 24
43 109
56 97
81 82
74 11
34 88
4 67
133 99
121 84
106 127
16 56
66 29
139 142
147 112
122 90
116 115
140 103
147 3
68 6
120 96
102 19
62 94
128 9
23 115
119 25
101 88
126 45
68 74
80 126
67 20
68 101
69 107
83 48
7 99
121 109
60 127
103 98
113 85
147 36
150 1
54 143
64 51
112 6
32 103
105 20
137 41
61 51
98 59
95 94
112 79
53 109
135 45
146 95
60 57
26 118
148 10
17 36
53 28
23 26
9 126
44 18
64 46
103 101
87 95
26 2
145 91
87 129
109 82
13 5
71 58
27 56
49 96
10 143
102 111
107 96
27 85
99 51
101 111
47 93
132 69
89 79
144 41
19 111
81 97
83 90
32 58
144 138
96 41
37 124
16 150
142 12
70 30
107 97
71 47
136 57
31 95
6 82
7 1
67 5
15 82
121 115
139 49
116 126
104 79
145 111
53 96
6 57
49 44
27 28
71 79
26 54
67 122
86 89
123 73
61 1
100 70
128 48
29 1
72 11
133 91
75 57
137 97
121 145
96 57
23 9
119 84
17 76
40 33
25 17
3 64
81 17
128 75
10 110
103 142
75 108
75 1
116 105
31 40
140 22
29 94
3 149
142 84
121 141
146 21
25 53
32 56
118 73
112 21
27 16
146 36
95 6
136 96
100 17
117 99
86 2
37 109
60 70
23 12
50 82
39 90
141 105
61 129
35 60
4 123
16 134
53 127
136 129
13 102
61 106
145 48
131 96
17 142
128 85
116 67
29 84
72 57
133 44
145 22
10 107
113 82
43 10
35 69
14 97
29 12
133 45
26 123
82 73
34 113
114 82
25 41
148 6
130 88
129 111
92 84
10 76
77 64
117 115
147 110
123 6
148 72
60 76
119 12
7 80
145 27
65 57
144 21
80 22
3 141
74 51
99 11
75 65
148 138
92 105
16 90
9 37
72 22
97 106
128 125
75 107
110 141
54 126
96 115
135 105
53 20
37 62
92 145
25 20
25 48
31 66
119 80
17 20
81 110
128 51
26 36
75 129
78 58
135 58
71 137
59 73
35 18
68 148
105 24
10 27
35 108
26 86
43 34
64 65
17 12
78 6
124 46
65 149
68 140
133 114
103 122
2 97
7 40
68 58
140 33
14 15
50 39
117 101
48 149
86 117
36 48
51 46
32 46
43 135
142 127
126 88
142 88
81 72
144 19
105 30
31 8
74 45
9 142
119 92
147 67
32 88
9 56
47 75
131 5
64 105
54 39
32 3
2 91
78 66
81 138
64 139
58 111
27 22
4 92
14 121
105 33
92 8
42 138
102 118
120 123
135 64
99 28
92 32
50 107
60 134
129 115
14 126
16 21
61 84
70 12
120 141
55 142
43 122
59 11
9 18
103 12
121 17
37 75
32 107
85 1
117 57
64 44
144 15
77 126
9 146
78 113
13 52
37 136
106 138
122 144
147 41
146 57
42 141
63 101
146 28
60 108
13 46
40 57
31 70
3 87
69 105
37 21
125 16
86 19
133 19
96 85
143 131
26 140
93 108
101 106
116 61
128 62
34 57
94 73
68 89
148 107
21 134
13 92
44 33
120 30
27 73
41 1
96 15
66 131
28 56
122 88
52 73
131 30
100 74
72 51
74 112
43 16
65 90
53 94
34 64
64 36
123 30
61 95
113 30
23 47
71 59
110 85
132 116
84 18
60 56
136 35
25 79
70 84
31 96
55 91
42 72
42 66
101 70
14 123
78 84
121 34
148 35
5 21
31 22
54 2
86 65
125 81
135 5
104 106
87 8
23 134
133 77
114 90
11 96
4 37
141 88
42 65
43 131
37 146
102 66
23 135
9 2
27 94
33 24
145 1
32 52
60 36
34 107
119 2
47 25
109 134
112 88
126 94
72 45
147 82
59 52
121 95
142 21
10 52
13 1
58 20
109 70
53 59
78 8
35 79
16 5
71 84
50 129
59 110
32 8
43 74
136 41
120 33
127 24
80 97
71 97
119 135
76 73
144 5
81 107
122 19
10 90
137 95
132 120
141 111
136 105
32 117
5 82
80 72
107 118
36 49
60 146
102 116
47 140
26 78
34 48
86 24
58 137
102 41
71 18
79 129
86 90
94 49
13 131
110 51
125 115
2 64
27 12
43 95
75 24
147 49
3 58
49 82
116 41
32 146
92 127
119 70
3 8
125 89
11 85
63 105
117 91
60 138
98 117
78 102
136 79
34 61
125 94
68 144
92 80
50 1
100 109
38 15
118 91
133 41
55 108
80 105
145 131
131 93
42 107
100 96
123 51
10 21
27 48
87 21
146 33
59 79
72 129
8 39
27 104
88 82
114 39
2 122
10 101
146 18
89 127
135 101
54 45
26 9
77 108
76 85
16 87
6 20
26 87
124 110
49 45
135 24
98 115
80 52
122 73
132 44
108 105
83 84
62 141
116 24
148 69
132 32
13 79
130 97
40 21
116 122
7 93
32 24
69 19
2 20
147 38
53 131
2 99
133 112
42 19
63 91
29 112
79 142
143 87
146 24
145 113
14 131
102 99
93 134
56 141
16 46
47 20
47 150
8 150
71 41
121 114
101 61
2 1
44 30
6 91
109 97
54 129
56 108
36 21
124 29
66 34
36 70
91 88
145 44
47 105
27 150
94 8
94 22
89 110
41 20
101 20
4 138
50 74
147 44
115 85
48 113
100 106
124 82
108 18
65 106
116 40
66 91
139 12
62 90
108 134
71 111
54 76
14 140
70 38
133 56
55 137
53 70
123 86
14 129
89 104
58 141
23 97
26 117
74 56
104 144
78 145
63 138
114 105
120 12
9 88
117 110
100 11
34 145
99 22
83 40
115 44
92 1
92 60
32 15
147 79
26 52
101 52
96 18
133 108
126 8
54 108
60 18
60 101
71 113
64 21
32 101
118 127
63 139
119 125
31 34
53 5
145 74
62 33
98 131
119 37
95 11
119 150
112 134
86 45
130 112
26 112
13 39
10 131
32 40
81 130
47 8
97 82
103 108
50 121
19 52
39 52
146 70
125 120
1 134
100 143
75 113
54 25
136 8
35 59
71 26
114 19
66 72
150 12
114 110
4 109
53 38
130 106
103 89
132 19
40 87
84 1
102 76
116 73
121 29
43 6
150 57
105 73
3 56
22 91
60 1
68 100
132 109
69 137
121 41
38 138
89 38
72 52
71 136
28 41
53 118
42 6
124 72
93 22
94 41
103 74
128 42
16 118
132 105
14 3
35 150
126 129
64 20
58 19
144 36
78 126
31 107
123 70
51 24
2 126
5 88
56 12
26 39
44 20
40 129
69 46
65 51
131 107
54 24
31 18
128 54
58 72
142 90
124 61
16 113
31 125
115 91
99 97
98 41
144 105
114 44
35 65
63 112
140 144
9 38
3 90
120 67
78 123
68 134
123 3
42 137
31 21
105 127
29 89
113 150
13 67
37 33
119 137
147 34
11 1
133 74
58 97
149 21
148 79
35 32
77 1
144 107
109 64
92 15
47 65
33 85
146 41
58 22
117 107
21 6
53 46
31 92
40 30
24 73
123 5
72 150
2 143
97 24
119 100
47 56
14 38
83 5
55 17
29 142
117 28
100 10
92 139
10 129
81 91
65 115
11 6
32 39
124 93
13 50
107 30
128 13
132 104
13 64
78 17
37 145
48 70
61 27
66 15
101 30
29 19
78 20
135 62
132 100
123 129
91 44
35 125
22 38
109 41
128 57
105 45
135 107
116 114
135 36
140 110
66 65
31 127
119 106
33 57
48 118
146 58
97 30
117 150
60 46
43 132
122 21
9 30
40 3
88 73
132 136
116 3
3 134
13 127
119 66
119 56
139 30
123 94
145 39
103 61
16 109
76 141
19 115
78 41
86 150
7 134
56 70
79 85
107 79
3 143
135 137
136 61
63 102
68 141
37 58
7 116
145 6
84 134
37 115
116 104
62 134
71 133
123 109
104 18
102 53
104 141
93 90
130 91
77 140
119 30
145 18
51 96
126 149
74 131
119 148
80 19
53 90
81 104
2 141
60 110
118 1
139 39
108 142
40 94
63 37
119 42
67 127
72 30
109 84
145 134
10 42
144 113
100 64
110 46
5 106
149 108
40 95
92 78
9 25
103 24
135 73
68 5
4 100
120 112
68 117
98 130
78 44
132 78
148 24
42 84
50 21
136 47
78 45
26 83
63 40
9 149
129 41
4 136
75 130
87 73
42 120
37 120
27 141
79 88
26 150
10 61
61 11
99 129
2 134
70 73
64 12
43 66
72 90
19 87
79 73
88 12
136 88
2 18
122 20
50 38
136 118
89 85
55 53
149 88
60 142
113 141
50 40
32 147
119 34
121 104
43 51
7 88
132 76
43 98
143 113
59 84
129 18
120 121
57 111
71 80
77 130
75 149
86 18
88 57
97 57
2 108
26 89
11 41
54 69
75 144
131 21
70 85
119 89
25 49
26 64
134 24
4 101
35 114
110 20
77 111
58 45
140 115
133 50
132 64
71 81
68 122
14 99
57 1
25 125
34 130
122 11
136 58
124 65
78 85
54 116
47 96
112 36
54 91
127 1
40 91
79 150
13 42
149 8
81 117
135 103
33 84
17 49
114 143
113 91
124 11
143 137
54 38
56 44
133 109
25 58
16 49
35 57
81 146
54 98
35 6
97 85
100 87
7 22
9 109
53 145
101 12
135 120
15 88
31 137
37 83
116 130
43 38
69 142
40 127
95 105
41 84
119 9
72 27
137 21
132 62
113 90
63 147
63 108
27 36
119 107
29 109
125 87
35 141
136 65
99 150
123 110
95 108
34 15
28 111
122 5
22 24
25 21
122 16
59 94
12 127
83 109
143 57
69 89
69 2
4 149
122 64
11 20
31 103
141 6
109 96
27 88
68 111
37 35
125 12
63 122
38 88
10 83
14 30
71 3
116 79
2 81
132 73
148 65
77 121
43 42
36 142
14 83
121 46
50 69
98 90
92 76
64 111
7 142
111 73
147 138
80 96
78 55
26 24
80 146
140 56
133 11
141 52
125 86
66 11
92 10
47 86
50 97
149 115
135 143
76 57
23 73
80 17
42 114
143 46
96 33
37 24
66 95
85 24
13 117
150 52
13 103
120 70
50 72
109 138
140 36
117 59
41 106
128 50
117 142
98 105
43 126
14 28
95 15
146 22
89 61
21 24
114 45
4 57
122 111
104 97
66 80
131 129
43 26
120 111
26 28
16 41
71 51
81 118
72 74
63 68
149 138
55 56
62 45
29 150
119 13
51 85
29 137
63 123
116 74
74 22
26 105
150 20
87 20
81 149
7 53
47 2
43 92
89 70
132 68
78 148
53 76
16 97
25 16
71 120
25 115
36 46
99 112
69 59
10 138
128 12
38 82
136 131
77 6
40 18
84 30
128 141
146 109
13 82
120 88
56 110
10 86
101 62
47 52
3 73
53 112
123 149
116 65
67 146
64 149
88 1
74 20
40 27
60 107
129 38
130 6
77 129
26 139
10 114
83 69
10 62
78 90
64 38
133 89
27 33
19 1
98 76
80 29
25 146
55 147
99 56
135 145
92 56
67 137
86 149
136 115
8 76
137 56
81 141
43 130
80 137
123 84
67 106
60 115
14 34
123 130
28 87
3 110
97 129
56 118
42 81
76 22
78 134
42 122
13 94
85 30
145 41
120 83
54 22
120 118
3 113
14 93
126 134
75 6
132 36
54 41
25 50
102 114
117 65
32 21
37 55
129 33
19 106
124 77
8 134
86 108
71 126
102 117
47 42
136 16
47 138
83 38
109 22
76 129
104 46
23 107
99 19
117 88
100 90
35 62
133 139
87 24
86 142
17 65
92 103
9 122
143 142
100 88
112 127
146 131
119 113
3 44
144 93
139 127
129 84
69 141
147 122
107 1
89 126
147 24
25 2
94 106
28 52
121 42
10 115
60 117
34 73
17 138
58 114
124 66
147 149
150 24
66 139
128 137
29 118
25 69
67 46
116 149
47 30
107 33
58 143
50 96
95 84
58 6
86 8
133 148
13 74
35 95
148 110
53 82
145 64
73 45
131 118
39 46
8 1
19 127
36 38
32 91
31 138
17 139
29 76
139 45
26 25
38 91
135 34
65 33
100 16
77 73
74 48
54 106
7 82
13 111
77 122
16 88
106 6
55 74
89 48
66 145
68 57
133 21
128 92
128 96
4 131
89 27
36 57
68 3
133 101
48 6
147 90
76 142
54 111
68 14
125 73
98 118
31 110
112 45
4 99
35 48
69 39
147 107
51 150
47 82
31 44
5 15
50 87
72 33
86 113
5 6
19 21
150 138
71 87
47 17
23 6
83 74
4 127
62 73
138 1
4 90
137 24
37 150
126 64
104 62
13 30
34 97
122 149
48 129
112 91
104 112
117 131
51 6
43 29
133 3
140 19
87 17
57 24
60 116
102 46
61 142
80 49
64 6
100 57
126 59
2 44
65 141
132 83
9 144
68 70
106 44
55 39
22 1
119 138
29 28
145 118
128 71
58 15
149 118
105 134
109 6
130 107
62 8
81 114
74 12
100 110
117 137
128 126
139 110
145 84
83 85
3 93
50 79
68 10
76 138
100 22
27 139
65 97
23 122
136 145
113 11
43 45
135 98
109 48
136 77
131 70
122 113
87 127
109 62
67 115
101 139
25 39
87 46
4 125
133 15
89 57
66 24
48 115
140 96
112 70
43 134
7 34
37 125
110 5
104 96
70 51
50 141
144 22
133 117
70 49
87 94
34 111
26 102
135 27
55 81
19 141
23 31
50 101
6 88
122 85
34 36
140 118
68 105
92 146
125 40
118 85
3 144
7 47
83 96
78 115
60 86
103 131
125 56
129 6
83 114
23 28
40 145
117 73
26 75
68 54
147 140
140 70
91 134
5 39
8 44
99 27
44 24
143 56
140 114
100 98
69 95
95 12
140 149
46 85
139 21
43 142
66 86
50 111
3 20
100 21
149 15
60 80
66 20
2 15
119 133
54 89
150 30
28 127
120 93
53 57
136 45
140 134
77 146
64 79
147 6
71 121
122 36
60 102
78 31
76 33
16 65
23 39
148 104
130 149
53 41
120 61
124 96
55 121
7 60
133 94
66 93
48 94
63 20
83 46
26 21
10 139
125 8
133 124
26 145
68 51
145 19
132 17
69 150
128 76
14 74
56 5
136 87
144 28
148 101
83 126
120 28
67 95
23 68
76 150
121 94
83 144
78 147
49 111
121 131
108 70
140 51
35 96
7 59
69 61
87 82
68 88
92 24
136 139
110 18
41 44
135 70
34 58
83 93
79 20
132 115
72 16
2 104
67 73
29 15
82 24
83 122
26 67
89 39
117 12
2 138
90 105
137 93
133 9
78 112
71 145
87 105
63 96
133 39
77 95
23 148
80 74
31 112
132 106
93 111
9 36
93 12
71 122
62 11
10 3
143 105
56 134
53 104
9 89
54 147
130 94
32 109
2 145
128 104
60 137
119 94
113 88
22 21
107 38
103 97
129 45
69 131
26 45
137 65
16 48
148 64
74 93
52 138
60 90
26 37
141 44
94 15
96 44
149 22
143 1
54 30
139 97
92 38
93 109
7 123
34 96
67 105
135 3
35 15
125 82
127 18
143 21
11 45
104 114
2 70
97 91
99 87
137 20
56 79
119 77
108 44
146 17
48 108
135 10
34 17
81 33
15 134
74 134
32 89
123 137
102 125
71 146
47 78
7 24
144 108
143 65
4 107
48 44
62 127
130 79
38 111
103 53
58 131
40 101
124 38
28 91
27 17
80 53
16 59
143 5
71 62
114 22
61 137
43 100
146 91
135 114
122 39
3 41
62 106
122 143
55 144
145 109
40 106
136 21
124 91
47 125
92 88
89 112
135 67
145 20
56 127
32 97
143 33
133 37
62 111
113 45
133 40
71 67
50 36
28 129
58 87
70 138
43 68
27 91
136 38
16 1
81 36
107 134
55 104
145 138
98 44
92 41
113 38
47 106
74 5
148 59
103 137
143 18
150 90
26 46
140 123
43 50
116 56
7 14
68 8
109 8
48 33
119 81
131 91
144 129
130 44
4 115
25 85
126 48
142 111
114 16
100 39
43 13
14 20
103 16
75 46
116 113
83 149
102 51
22 90
71 140
89 18
122 141
147 139
32 90
113 52
60 139
128 93
4 12
74 18
75 27
16 95
140 122
99 141
143 45
10 67
136 44
121 56
83 91
79 21
113 134
23 133
7 66
117 1
43 63
23 34
32 30
125 61
101 112
83 11
75 70
93 36
26 12
128 41
100 40
50 104
140 146
53 138
149 38
69 74
26 69
87 70
26 15
15 45
94 115
71 66
86 112
117 45
54 60
67 33
80 79
74 139
30 73
50 85
7 21
7 6
113 115
98 93
119 122
37 87
66 8
65 134
69 88
37 127
123 64
54 59
37 38
116 8
102 94
61 150
122 33
114 130
28 90
117 76
135 49
14 49
62 39
14 85
108 88
100 65
95 138
148 89
121 3
3 146
21 39
147 109
93 24
60 129
64 107
58 70
9 105
68 120
27 30
86 88
128 103
120 104
71 19
116 95
3 59
81 90
69 58
47 77
25 89
26 33
54 20
8 21
120 86
55 131
48 5
75 28
113 56
81 48
141 106
125 93
123 150
2 62
72 49
31 42
67 143
116 97
32 62
103 106
99 96
3 6
144 17
77 79
146 138
32 108
55 70
2 89
29 21
140 112
48 52
118 22
19 48
16 30
102 110
3 150
144 94
93 41
147 45
83 107
42 22
136 78
55 48
9 42
75 145
89 52
29 115
34 84
31 147
27 51
28 57
70 105
86 44
101 79
64 57
75 147
74 109
69 118
150 38
124 150
14 88
77 147
99 61
102 87
68 92
77 49
9 87
126 143
35 137
39 141
63 53
50 24
123 21
35 107
92 40
31 51
120 79
116 110
68 50
3 99
99 115
147 93
122 74
31 130
14 86
60 11
131 45
39 33
145 101
63 30
135 118
120 58
132 92
91 45
50 59
47 63
124 1
109 106
7 145
92 34
65 84
83 58
54 40
128 2
107 110
62 138
47 32
118 88
9 135
93 141
37 14
125 17
123 104
124 30
130 150
43 24
63 77
77 28
66 59
69 56
140 84
123 80
32 120
70 90
130 113
43 104
17 95
71 131
102 106
54 110
60 52
119 117
43 106
71 23
133 76
9 58
3 109
148 55
47 127
135 134
129 118
139 52
136 90
35 82
43 83
146 27
120 113
92 53
86 59
2 127
123 95
63 60
142 6
4 144
31 121
126 21
132 22
77 144
42 117
100 101
4 69
78 138
60 16
145 58
123 118
42 30
148 118
150 18
98 15
26 109
21 46
10 134
31 49
11 90
13 10
136 99
49 46
67 30
133 118
124 17
29 86
147 46
99 85
137 59
65 20
47 118
121 28
14 67
139 20
58 59
131 57
53 93
77 3
143 30
74 94
26 106
9 82
43 148
71 39
36 18
14 110
78 69
36 8
89 17
136 12
27 87
2 106
53 122
112 18
147 1
133 4
143 76
50 29
43 119
67 45
86 104
143 150
26 93
67 22
40 115
147 98
9 90
130 96
145 8
128 37
130 38
63 100
146 141
32 5
77 21
31 83
95 106
63 146
126 15
78 118
75 88
112 27
135 130
124 41
71 8
69 93
148 121
28 84
43 102
7 90
50 28
53 49
126 24
61 76
42 104
55 15
13 41
54 14
25 100
120 90
128 69
32 60
132 75
100 150
92 147
2 6
124 101
120 46
140 8
115 46
66 5
147 104
77 91
140 111
11 15
124 123
42 73
34 81
66 116
13 105
104 12
54 82
54 57
90 111
6 24
14 96
126 131
137 110
68 45
17 38
100 77
14 124
47 11
120 34
137 51
41 45
36 141
43 3
100 124
23 70
14 76
71 86
60 21
78 32
61 57
113 106
148 102
50 48
49 12
13 108
37 103
19 142
65 45
93 127
23 124
101 6
9 32
53 108
78 62
143 91
23 81
128 147
140 1
125 131
95 79
54 86
146 46
148 140
100 75
117 20
53 61
36 129
125 83
7 46
132 31
75 53
108 96
92 114
36 44
77 103
135 32
125 110
63 46
8 111
9 20
23 14
2 46
113 21
55 40
121 67
136 62
93 45
118 115
96 118
14 111
80 51
37 98
99 30
120 62
13 143
101 108
61 138
99 105
81 56
78 70
32 93
130 62
145 24
25 138
56 90
123 112
110 105
31 120
21 105
32 44
40 70
50 126
128 40
136 93
140 6
92 58
62 76
58 138
87 52
117 108
112 107
5 73
63 24
133 149
121 105
67 114
138 20
11 82
104 87
78 91
25 101
135 96
118 138
104 108
136 92
43 94
7 141
50 45
55 49
67 15
107 127
32 112
92 144
95 141
131 141
32 36
63 31
76 24
23 139
15 12
10 77
128 47
98 97
78 95
31 101
78 124
54 149
4 126
4 114
56 39
40 134
120 98
137 17
147 80
99 1
25 91
114 108
94 150
120 65
14 101
54 109
35 38
67 19
83 22
4 82
120 45
10 51
122 130
92 150
22 73
9 113
10 144
3 57
126 108
63 140
101 72
89 45
124 149
63 58
102 79
126 1
26 131
78 25
125 52
50 108
35 53
32 116
100 59
23 88
107 84
72 85
68 1
66 150
9 19
16 79
109 108
136 104
34 52
63 33
39 85
55 94
71 138
77 137
131 12
32 83
78 114
51 105
4 81
69 145
17 79
122 91
13 135
72 106
61 46
26 72
5 141
123 115
104 49
16 33
123 108
35 1
143 99
109 90
56 91
32 113
133 67
119 3
116 96
123 76
136 32
72 108
35 34
61 111
147 121
63 103
78 14
11 105
39 30
104 61
110 52
148 94
60 109
116 140
21 15
62 118
11 91
66 40
35 97
120 101
77 20
54 1
60 42
43 146
66 76
63 104
144 65
101 142
99 73
81 86
145 12
139 8
123 28
108 139
40 114
49 15
128 49
33 82
13 18
122 45
126 117
58 110
77 38
144 48
31 117
145 88
146 105
8 45
10 79
34 90
