InstanceID
4_20_4
NumObjects
20
NumFactors
4
Weights
68.0079235935741
87.44368931121159
92.40700869281602
92.93362188436957
62.523911932985364
73.72536964322968
26.73581042233799
80.4477516410931
44.34328380889292
73.23803795584212
38.88589512567495
49.55583165349926
53.97510865901833
81.17783064161577
50.722699046215446
41.69909510790926
28.906841743074697
37.65530906728045
28.01458818655609
40.2993319872788
Budget
576.3494700522376
Profits
-13.601584718714822
-17.488737862242317
-18.481401738563203
-18.586724376873914
-12.504782386597073
-14.745073928645937
-5.347162084467598
-16.08955032821862
-8.868656761778585
-14.647607591168423
-7.7771790251349895
-9.911166330699853
-10.795021731803667
-16.235566128323153
-10.144539809243089
-8.339819021581851
-5.781368348614939
-7.531061813456089
-5.602917637311218
-8.05986639745576
FactorLoading
-0.169924288462179	-0.6182769975344984	0.07102127487109788	0.14077743913222474
-0.41875527547845204	-0.17600582700170508	-0.07845028370608431	0.32678861381375857
0.48350834578774693	0.17685702634896616	-0.04693353871546213	-0.2927010891478248
-0.2514557834252271	-0.2012605625391073	0.383462004019856	-0.16382165001580962
0.6879427988885802	0.1830908797507822	0.12838055872523713	0.0005857626354004442
-0.9011390812431481	-0.05113118049961929	0.026831411190706644	-0.020898327066525946
-0.6987778849548381	0.15992409099039384	-0.12272594563032557	0.01857207842444253
0.36193394683651436	-0.3051995499442133	0.16487697183763128	0.16798953138164108
-0.3682306237341013	0.06095171500447538	0.21074134104172493	0.3600763202196984
0.022928659275674113	0.2626858402774621	-0.3429397172451105	0.37144578320175325
0.46799378322993346	0.09215835835555453	0.2486936696471187	0.19115418876739332
-0.23107042850853166	-0.1191306286667928	0.02194251654848589	-0.6278564262761896
-0.2234662767652471	-0.3140374102726269	0.14657526775466212	-0.3159210452074639
0.20185553881083163	0.4265177502527666	0.019277918126077154	0.3523487928103246
-0.07178923385808789	-0.834012922063452	-0.0555004265519321	-0.038697417526528
0.4203866320216174	-0.265967183912283	-0.27317972733063556	-0.04046645673546401
0.26633615505198427	-0.4611225936351635	0.15417291352717655	0.11836833778567568
-0.015368378189577037	-0.6535303886781927	0.2947227019633456	0.036378531168884676
-0.6719657445990714	-0.06707509608117923	-0.15339383732605705	-0.10756532199369229
0.3395559912491626	0.1472350228195778	0.41437550287788216	0.09883348305337747
Conflicts
19 8
19 6
19 18
19 11
5 18
4 2
17 15
3 8
2 15
3 15
3 18
2 11
19 15
4 13
14 8
9 2
14 10
16 1
4 11
5 15
11 5
9 8
8 1
17 1
7 12
11 8
4 18
7 19
15 6
13 12
2 17
14 20
14 5
16 5
7 20
13 20
14 15
5 12
15 18
4 8
17 18
19 17
9 12
3 19
14 11
9 18
10 6
5 1
2 5
3 17
9 13
4 14
4 1
10 11
4 19
13 8
9 1
9 11
11 20
9 17
2 1
11 1
10 16
2 18
19 12
16 19
19 1
6 20
9 19
17 20
9 6
18 20
13 2
16 12
7 2
13 19
8 18
14 12
4 15
19 20
5 6
10 19
14 6
7 11
10 20
2 8
14 13
13 16
19 5
14 16
17 5
14 3
9 15
8 12
10 8
