InstanceID
4_200_4
NumObjects
200
NumFactors
4
Weights
68.0079235935741
87.44368931121159
92.40700869281602
92.93362188436957
62.523911932985364
73.72536964322968
26.73581042233799
80.4477516410931
44.34328380889292
73.23803795584212
38.88589512567495
49.55583165349926
53.97510865901833
81.17783064161577
50.722699046215446
41.69909510790926
28.906841743074697
37.65530906728045
28.01458818655609
40.2993319872788
16.992428846217898
85.92225608677752
78.82012859966774
14.83807603795988
35.65712166362027
83.79534555756175
73.46267818124655
59.476110248015715
41.8755275478452
67.32113861862415
3.9378741667074335
23.647197345962123
8.342546392153395
58.2014006809193
70.72989108521752
66.03653721367131
48.350834578774695
69.14027300091001
70.9770462470501
2.147311112683825
22.964572477762758
83.61783499841904
25.14557834252271
45.271634596433444
45.12079389806842
40.779356149828885
60.46160080407035
49.77127635092291
87.10336786393624
68.79427988885803
99.94142373645995
59.57091763128772
86.29510379763676
50.328100343011094
71.01728909109086
95.22702617427674
90.11390812431482
97.9101672933474
1.0708560888892826
6.1411807882116864
68.52279202103438
7.224232414574505
69.8777884954838
98.14279215755575
85.87019759452319
5.8303323337944635
67.89388918058144
30.486148641508983
74.81092902827749
83.20104686183589
36.193394683651434
66.71334967807276
63.72287711894751
45.606307214534425
93.41836493380814
97.21412714208833
36.82306237341013
42.91823387385767
63.99236797803016
4.526291963803719
91.7727864478019
85.21647481050123
97.22053959571278
2.2928659275674113
62.85542167982467
28.561449955313623
70.90492584382193
53.42057340599817
17.69969122227195
80.67900664247212
80.88458112326067
46.79937832299335
56.0152141585488
52.8688861381428
76.2825393766964
80.00781587734723
64.99890987136543
37.21435737238104
35.020105717532445
23.107042850853166
41.38040737339659
23.84641135121255
63.121389003901804
4.3310101150138225
22.34662767652471
68.40789547925361
53.7503687037874
39.35702802975574
9.867061061522154
57.51291892233985
20.463878571891957
20.185553881083163
62.83732890635982
64.76512071896754
83.74751884369256
99.87684481214329
93.65696605758214
81.82187792074419
96.1302582473472
90.58021559215399
7.178923385808789
26.542456790926792
29.698861071951722
43.18952752971412
3.491387084543285
95.95335432645359
68.63538159339004
42.03866320216174
94.3264639944521
2.045447423639324
20.903777378926215
45.01428452235514
72.74587486871478
88.16316622143243
26.633615505198428
80.31042022492794
43.21075711399773
80.43040700845961
93.48152463241668
66.88987668677697
1.5368378189577037
96.36214688311154
39.6840605912818
10.602232401239187
74.64916257843373
61.45291322674888
89.24346780063077
67.19657445990714
73.90408406802507
36.72287871112614
34.347577570743404
20.91591708467737
17.633806833499357
90.11665169466225
48.67910140687404
33.95559912491626
92.21170179597189
71.55389394739102
79.86123631475799
73.30303234268418
69.17347928194948
33.98378497854861
99.60097519970842
17.118734019410063
74.85756351762849
80.8548205777923
48.50785190506046
98.96593993732301
72.39176709451691
21.244456748914885
31.575711962240803
75.19387355532825
52.22009463578692
81.25512022453132
4.898396749236622
87.98971452975029
60.95458406842593
1.6464524824958193
93.10814220981582
49.148885119104555
18.388640033344306
70.65245236948708
39.10054186855023
81.74593140889222
49.057884467871204
36.216637740534985
11.89386924283935
60.45437954005766
20.11109290267101
17.029102485066193
10.55815668906892
82.2015418293994
71.76834300254016
43.93755699197255
92.75787979357106
64.29204084241493
29.55414090244797
13.824317120289308
10.775280403237119
80.64310481764781
Budget
5454.142497762612
Profits
-13.601584718714822
-17.488737862242317
-18.481401738563203
-18.586724376873914
-12.504782386597073
-14.745073928645937
-5.347162084467598
-16.08955032821862
-8.868656761778585
-14.647607591168423
-7.7771790251349895
-9.911166330699853
-10.795021731803667
-16.235566128323153
-10.144539809243089
-8.339819021581851
-5.781368348614939
-7.531061813456089
-5.602917637311218
-8.05986639745576
-3.3984857692435795
-17.184451217355505
-15.764025719933548
-2.967615207591976
-7.1314243327240545
-16.75906911151235
-14.692535636249309
-11.895222049603143
-8.37510550956904
-13.464227723724829
-0.7875748333414867
-4.729439469192425
-1.668509278430679
-11.64028013618386
-14.145978217043503
-13.207307442734262
-9.670166915754939
-13.828054600182003
-14.19540924941002
-0.429462222536765
-4.592914495552551
-16.723566999683808
-5.029115668504542
-9.054326919286689
-9.024158779613684
-8.155871229965777
-12.09232016081407
-9.954255270184582
-17.420673572787248
-13.758855977771606
-19.988284747291992
-11.914183526257544
-17.259020759527353
-10.065620068602218
-14.203457818218173
-19.045405234855348
-18.022781624862965
-19.58203345866948
-0.21417121777785653
-1.2282361576423373
-13.704558404206875
-1.444846482914901
-13.97555769909676
-19.62855843151115
-17.17403951890464
-1.1660664667588927
-13.578777836116288
-6.097229728301796
-14.962185805655498
-16.640209372367178
-7.238678936730286
-13.342669935614552
-12.744575423789502
-9.121261442906885
-18.68367298676163
-19.442825428417667
-7.364612474682026
-8.583646774771534
-12.798473595606032
-0.9052583927607438
-18.354557289560383
-17.043294962100244
-19.444107919142557
-0.45857318551348225
-12.571084335964935
-5.7122899910627245
-14.180985168764385
-10.684114681199635
-3.5399382444543903
-16.135801328494424
-16.176916224652135
-9.35987566459867
-11.20304283170976
-10.57377722762856
-15.256507875339281
-16.001563175469446
-12.999781974273086
-7.442871474476208
-7.004021143506489
-4.621408570170633
-8.276081474679318
-4.76928227024251
-12.62427780078036
-0.8662020230027645
-4.469325535304942
-13.681579095850722
-10.75007374075748
-7.871405605951148
-1.9734122123044309
-11.50258378446797
-4.092775714378392
-4.0371107762166325
-12.567465781271965
-12.953024143793508
-16.749503768738514
-19.975368962428657
-18.731393211516426
-16.36437558414884
-19.22605164946944
-18.1160431184308
-1.4357846771617577
-5.308491358185359
-5.939772214390344
-8.637905505942824
-0.698277416908657
-19.19067086529072
-13.727076318678007
-8.407732640432348
-18.86529279889042
-0.40908948472786477
-4.180755475785243
-9.002856904471027
-14.549174973742955
-17.632633244286488
-5.326723101039685
-16.06208404498559
-8.642151422799547
-16.08608140169192
-18.696304926483336
-13.377975337355394
-0.30736756379154073
-19.272429376622306
-7.93681211825636
-2.1204464802478373
-14.929832515686746
-12.290582645349776
-17.848693560126154
-13.439314891981429
-14.780816813605014
-7.344575742225229
-6.869515514148681
-4.183183416935474
-3.5267613666998714
-18.02333033893245
-9.735820281374808
-6.7911198249832525
-18.44234035919438
-14.310778789478203
-15.972247262951598
-14.660606468536836
-13.834695856389896
-6.796756995709723
-19.92019503994168
-3.4237468038820125
-14.971512703525699
-16.17096411555846
-9.701570381012093
-19.793187987464602
-14.478353418903382
-4.248891349782977
-6.315142392448161
-15.038774711065651
-10.444018927157384
-16.251024044906266
-0.9796793498473244
-17.597942905950056
-12.190916813685186
-0.32929049649916386
-18.621628441963164
-9.829777023820911
-3.677728006668861
-14.130490473897416
-7.820108373710046
-16.349186281778444
-9.811576893574241
-7.243327548106997
-2.37877384856787
-12.090875908011531
-4.022218580534203
-3.405820497013239
-2.111631337813784
-16.44030836587988
-14.353668600508033
-8.78751139839451
-18.551575958714213
-12.858408168482987
-5.9108281804895935
-2.764863424057862
-2.155056080647424
-16.128620963529563
FactorLoading
-0.034000677772653365	-0.14579840681157608	0.13557217311364278	-0.6846287423021278
0.18949968018871766	-0.46459259139822895	-0.034427046728739974	0.3114806816843134
0.19660403210771027	-0.16124283241473458	0.22331337364395432	0.41883976183360083
0.414947490380134	-0.10914218707137802	-0.32876948682348206	0.14714083572500591
-0.05993120649943284	-0.5254137045751324	0.023150912045589056	-0.39150417687984573
0.09016077750498708	0.5633882209558547	-0.050454113251108046	-0.29599688828805015
-0.7069103226948243	-0.018337241218682854	0.26159621143261647	0.013156224653876336
0.26837490623090887	0.4769487162255248	0.20530144796892613	0.04937492957464018
-0.5023884423243594	-0.20814687432478385	0.1859208576704352	0.10354382568042153
0.5883716269856831	0.17235528039612347	0.23647130649572112	-0.002801786122472283
0.036572033512833224	0.1988600865498098	0.29814683398658737	0.4664210459507696
0.7854387144037824	-0.05803615106537552	0.10346047471736952	0.053064659813472526
-0.04160432418638127	-0.27419405216585124	0.3453139852944582	-0.33888763835330926
-0.2509238944923786	-0.1526865185338706	-0.3048240139719407	0.2915655730018101
-0.7533902543203006	0.039625847384956225	0.1902463155178633	-0.016737582776879867
-0.26837667472869553	-0.154936464072726	-0.3902381080102584	-0.1864487531883201
0.5616744186238429	-0.13633248617938287	0.2109855379865897	-0.0910075572101845
0.7274209735323789	-0.05607068948800209	-0.11787568431914819	-0.09863265266047083
-0.037951127770650794	-0.3718714409170505	-0.14995712248436543	-0.4402203088279333
-0.022764893631879612	0.35878052665141613	0.46028570262666535	0.1581688770900389
-0.260613409203333	-0.40464113657073786	0.04375023781731513	0.29099521640861403
0.11043521797662748	0.4830118350684993	-0.18879326096084292	0.21775968599403028
-0.051217791731202666	0.17057532081400928	0.6348965767470989	0.14331031070768918
-0.03312972288177107	0.5096265026194791	0.452496819587094	0.004746954911655887
0.1563449045548222	0.8007694062647446	-0.021540439109621	0.021345250070812227
-0.03118002371000883	0.45935782666437874	-0.019203114321130865	-0.49025903530448156
-0.39389305773247973	0.19634098005596679	0.03942599115669321	0.3703399710548603
0.09501712366818293	-0.16465213974878945	0.2408781097249555	-0.4994526268580721
-0.2138976222229254	-0.25317587604692204	-0.5018515747600858	-0.031074926970066752
-0.07837149415092437	0.1518641770863538	-0.48257106595969224	0.2871932628030296
0.2479587546176627	0.643001597671879	0.010339466224432492	0.09870018148602577
-0.7483112724606253	-0.06924227627908097	-0.16492076799848654	0.017525683261807146
7.112077510362802e-5	0.14058057480801667	-0.3293023529464001	0.5300459514704796
0.180041466506629	-0.49239294881338114	-0.07022621501494997	-0.2573393696650399
-0.43649602511585606	-0.11708225845185027	0.2701702110538271	0.17625150537846657
-0.1311415597765344	0.7470390186191456	-0.11288482119330823	0.008934600411011795
0.004121578817521954	-0.12040899587923315	-0.26445579402489594	-0.611013631278349
-0.30648780451847957	-0.02337144856896911	0.13305422761960206	-0.5370865192929493
-0.09347232470378941	-0.5057300119102262	0.35101018633710845	0.04978747704887598
-0.5225493940925159	-0.010606067144205422	0.34780034539225935	0.11904419337101935
0.20483635813521417	-0.21285638327641365	-0.11526641576360364	-0.46704084282476854
-0.06055618590213352	0.03136183287646266	-0.3671844902142154	-0.5408974910071884
-0.20188040799979046	0.55471002797065	0.07973765332082428	-0.1636719107087352
0.3308059317433518	0.2965914393358018	0.27167509809436763	0.10092753082647876
0.4686446824220456	0.26305312700353634	-0.2490688984755942	0.01923329209882385
-0.6095320173407903	-0.13250054618917373	-0.01993433406113243	-0.23803310240890352
-0.6628632699581298	-0.06557869741740663	0.05820891089562674	0.2133491217288368
0.2725497655631097	-0.10271591884782949	-0.3125552056656957	0.31217910992336506
-0.3613527040563542	0.07452249521471699	0.27383100884668	-0.2902937918822488
-0.20948953377704926	0.013650588757536886	0.2640382991575252	0.5128215783078887
-0.6160700777983112	-0.04043230317641555	-0.17410831420916062	0.16938930481611258
-0.2701379681067033	0.3764368284771151	-0.30014819086032274	0.053277012555858816
0.06789448641343854	-0.16058502626539073	-0.014664603603633086	0.7568558837175376
-0.05992474101267686	-0.263767338896173	0.3269706503103098	0.34933726978084034
0.23071015810865125	0.11508938346961006	0.3758751424429607	0.27832531597877797
0.01783704818983689	0.32611010498590143	0.3049948947568193	-0.3510579520674424
0.223785632474498	0.2419801555668073	0.06691113944837279	0.4673230725103219
-0.13015751099618456	-0.09330431800353267	-0.718973631902436	-0.057564539097846756
0.02386777338355328	0.4822162403370345	-0.2587802385853668	-0.23513574769404544
-0.318727985572826	0.302235015075772	-0.14314836607282877	-0.23588863327857323
-0.505192935101501	0.024787369516170887	-0.10608310271830579	-0.36393659266402234
0.18003910324439443	0.6266124547038319	-0.11599044122601243	0.07735800082576128
-0.022209816365517998	0.09053066740479832	-0.3533758808868799	0.5338836353428038
0.08968928274354426	0.16952706439096898	0.7097324333847368	-0.03105121948074996
-0.01427157687572933	0.15517360934613778	0.7469660444806536	0.08358876929747927
-0.1828313097425487	0.12496203517584736	0.34831052273367313	-0.3438961323479308
0.2040871498315755	0.190687549317885	0.19187817857955247	-0.413347122270987
-0.4486649028165135	-0.248163215286483	-0.12097823503607796	-0.18219364686092554
-0.3273788259353838	0.2730792066845029	-0.319888723587052	0.07965324379306127
0.6382427522550085	-0.08342107078869021	-0.22644669925187966	-0.05188947770442165
0.4644482535477692	0.3587053621917642	0.12233544096647231	0.05451094329399431
0.32762530453907046	0.47138392599043777	0.1868743013096208	-0.014116468160870976
-0.34255674531394087	-0.15257579077010175	0.35496061740996465	0.14990684650599273
-0.4716851487427718	0.01684843338009867	-0.09814541230104767	0.41332100557608187
0.1562227228896298	0.5877121268715872	0.20099002054020199	0.05507512969858097
-0.2394888947091769	-0.03765715488271559	-0.022395374603697338	0.7004585758044102
0.08095690944428457	0.0420470655900671	-0.8355862346178418	-0.04140979034780656
0.005549889478289716	-0.30799020322235005	-0.2625551071613239	0.42390480013803633
0.4235241019155551	0.26571541664544496	0.10303164682836208	-0.20772883461063785
-0.3360563327540944	-0.13763104701716	0.4010984299771396	0.12521419025160596
0.22306289883083052	-0.3357586954795506	0.32583854806097823	-0.11533985762864063
0.392720919572098	-0.5669430976394532	-0.022602907736722244	-0.01773307505172661
-0.26169160141848713	-0.04517615643884798	0.5167366807873419	-0.17639556135532297
0.1508857021910428	0.12787206976312837	0.15938356332455195	-0.5618586647212769
-0.07422416414639965	-0.1634601725661622	0.4859872423176761	-0.27632842096976207
0.4101602372663746	0.12458664305845635	-0.20940093812808347	0.25585218154708556
0.1737552536009086	0.2258449013483923	-0.5473243356367199	-0.053075509413979205
0.04228652206316097	0.0871189080146273	0.8158897542410299	0.054704815681181795
0.35662786008169567	-0.1575150560348504	0.305081278662916	0.18077580522053793
-0.27007194707731275	-0.04063194870326492	0.6449600254677081	0.04433607875171419
0.214681511552687	-0.31231396021220403	0.34217468903850246	-0.1308298391966065
0.4399261094782174	0.40395244772631766	0.021016085860668055	0.13510535693479686
0.09330111602911417	-0.19266266663445553	0.6999619744202439	0.014074242916186419
0.02289517536511476	-0.39941978258520816	-0.14320612844017133	-0.43447891360950575
-0.22116053006126135	0.2645838419216331	-0.4405637084205567	0.07369191959654886
0.5261205305607273	0.2104973439150859	0.2517135951032232	0.011668530420963608
-0.09466476725149775	0.1335664599302171	-0.6511557829536274	0.12061298986465774
-0.07663455163931676	-0.4069588240198987	-0.4875737363073471	-0.02883288803343742
-0.24104403980620392	0.14219518180589463	-0.11412340528963116	-0.5026373730982703
0.22571853429848532	0.112745974037469	0.6120046529123255	0.04953083875172015
0.0030915875293835438	0.06793514111435628	-0.6193371927300815	-0.3096360786261787
-0.036605425965188454	0.3714119903878108	0.342841834530212	0.24914074911678874
-0.18601391411253076	-0.059495884683488764	-0.4107352095681145	0.343754991635866
-0.29367731758955284	-0.4173055916648776	-0.19862377201238868	-0.0903933187331809
-0.08960648912253522	-0.0998629066207728	0.5993634352387505	0.21116716901794153
0.11853429430542106	0.23958380289406334	-0.35156966649541155	0.29031223630510405
-0.38143635249733987	-0.2684993256556927	-0.14114090525406553	0.20892341659290192
-0.7187329666109059	-0.0812521341672936	-0.1482974514307236	-0.0517174477910769
0.6364874935291811	0.059263870079159675	-0.16017529173255007	-0.14407334465910915
0.3260357455342029	-0.016793815190231154	-0.16155142555914703	0.4956190137164189
0.0861036574088796	-0.10676534379218894	-0.6293497249391962	0.1777812738597353
0.019411955148067372	0.11226938461063862	0.11769113012030363	0.7506275301209904
0.14965698501651348	-0.27305151485750434	-0.14462203380327887	0.4326694663227033
-0.09750806833233039	-0.2789913759188847	-0.17674533392723024	0.4467552218215547
-0.1364395045856568	0.3662723599763118	0.4141826781199527	-0.08310545731807872
0.12405396042418415	-0.2368961570897452	-0.11836481913088104	0.5206850633551896
0.1901978826716908	0.04057702816144371	0.1602068892222377	-0.6090181999446278
-0.18266317828262135	-0.40857749295878665	-0.07679311754309714	0.33196621121549486
0.08184906264381042	-0.10500960294775297	0.7369248806900677	-0.07621645371836894
0.15724736951800367	-0.3129015688197925	0.1452382190701622	0.38461284259204165
0.15231212220776613	-0.07891266360883886	0.06381751558355031	0.7049576985998447
0.24114655152199838	0.6587980973693204	-0.09047022029464435	-0.00958513081403689
0.14101405838500014	-0.4994125528226221	-0.33288285396095185	0.026690534831425916
0.10200495927091602	0.019737370489042894	0.7109486889510535	-0.16730898128898763
0.12276384823538478	0.6229527254989857	0.125353857961235	-0.1289295683043945
-0.055121203470860136	0.35927839811306517	-0.29779184514666435	-0.28780855326941035
-0.05788555055824518	-0.1813196834716726	-0.5151200266489517	-0.2456747393211305
-0.4394444482474391	-0.08368449780951481	0.06581905186398984	0.41105200207905623
-0.21668024621063853	0.34086619129476836	-0.27831079385245405	0.16414276864213906
-0.3448981928978472	-0.0663810073721749	0.3787138240241903	0.21000697570578764
-0.26699197215211323	-0.08875867827098571	0.1368461568050483	0.5074031927718528
-0.3310099516040912	0.13721613059545001	0.2948506792279473	-0.23692323857251152
-0.0216771036286163	-0.0008524433931318409	-0.667413724125538	0.31005672885271385
0.11771677560677718	0.2698866622014431	0.5627144802907187	-0.04968208190106105
0.09884105977187851	-0.3028458337240014	0.04351440062505629	-0.5547987058790638
-0.3744583189976436	-0.22735344869761942	-0.2150464747016425	-0.18314175760309448
0.022473964815826752	-0.10258406496376438	0.12531811281143002	-0.7496238574089789
0.3716674622218141	-0.26322834989466437	0.2850133317196708	-0.0800908561638507
-0.01851106081145293	-0.23433776932294004	-0.22851329513950547	0.5186378747261016
0.44706568851072914	0.03859853234802424	0.1685328046492125	0.3458029744920341
-0.33693642338119956	-0.2578258793160666	0.03501723886555075	0.3702204584371831
0.5612600928109261	0.3881377528350718	0.01706913354975459	-0.03353302080424747
-0.008840686327706404	-0.14471607582808588	-0.34384632816620986	0.5025969096779979
-0.10640778494786973	-0.15120158387302096	-0.004165521269373862	0.7382251099097354
-0.4980285649321463	0.1871365566610499	0.01716117033257225	0.29767370807423155
-0.4579293740088455	0.08936778686895819	0.37732961928055064	-0.07537321984164569
-0.015579447260479995	-0.6642722394583325	0.31363448226726676	-0.006513831013920779
-0.06033567785813654	0.19529188381696794	-0.6771152607698017	-0.06725717755509386
0.520479651971073	-0.24704692143240048	-0.14635680861821454	-0.08611661797831194
0.09161014627732622	0.481180536506177	-0.3459949059678413	0.08121441124865547
0.18310455380538992	-0.4760611022456769	0.2524469149959796	0.0883874289529536
0.5664645498303642	-0.08383475189041212	0.1308928404369627	0.21880785784226098
0.043778483562885606	0.8469784105023814	0.04839860401210494	-0.060844501922628025
0.06898805675046304	0.38423075503516246	0.3961164001477091	-0.1506647880666654
-0.05634582057597193	-0.36801344579802664	0.17660277327202478	0.39903796035397665
0.14910251335264446	-0.2249419990187962	-0.6170869119372309	0.008868575691328484
-0.42171356272160376	-0.19543553631007904	0.15199255810248857	-0.23085834286582863
0.07817827755073825	-0.3923172979470917	0.294600442664152	-0.23490398183801808
-0.4458532020915478	-0.019668774679497902	0.1051279865635446	-0.4293500366654097
0.32558390822631944	0.010967295146553813	-0.025634937150192494	0.6378138594769343
-0.6727145352858512	0.04806143431844134	-0.1604415738108924	0.11878245658481501
-0.580026430832653	-0.04137164118956149	0.18736925117296788	-0.1912326768048176
-0.5694372634214355	-0.2536745386168564	-0.04607714528615858	-0.1308110526755495
-0.31310569883524475	-0.29218447922696433	-0.36284045323555314	-0.03186936870223778
-0.07630150905581012	-0.6796426102665614	0.16857648168283812	-0.07547939899479039
-0.248455444096638	0.235873030446885	-0.10822225726243162	-0.40744926819404537
-0.13061599763836007	-0.30611263769801145	-0.0678653778728	0.4954059867908285
0.5271394220384791	-0.05657103501462735	-0.3391193381378481	-0.07717020480904546
0.23073925074223056	0.01640076588849504	-0.20518657975872467	0.5476734036105497
-0.0008735181540018289	-0.026216711795845615	0.802402760028218	0.17050701002193458
-0.2659358801148206	-0.288799488081233	0.14671950339207496	0.2985451284118714
-0.28641374630248495	0.10223292971700304	0.5116006594458584	0.09975266453465359
-0.32361732719916514	0.07851429371209773	-0.5951816786004196	-0.0026867004883175394
0.17426138645735123	-0.5481107291421343	-0.14232893286782944	0.135298951532685
-0.19831380048395064	0.07683088759720169	0.7106937139368501	-0.014161597981997565
-0.2556950161959115	0.4547295340585824	0.06563643591010737	0.22393901383539871
0.31311004344676907	0.5203554769087593	-0.011687482434321383	0.15484699721015027
0.1973282390056883	0.36654971555303617	-0.33026615041618657	0.10585589502508896
0.1932577755476128	0.002285990961137019	-0.10488377125529458	-0.6995724622359556
-0.1037817750510337	0.23577523392610633	-0.24515027275610346	-0.4152927182667565
-0.37859148281721655	0.0872972683281088	-0.22138939325200413	0.3127218556026705
-0.213405737200145	-0.19307779471093212	0.0737815539393809	0.519734914149542
0.2547632815154881	-0.3128025427308756	-0.04673423096208662	0.3856999447915497
-0.044800353288462436	-0.28168252016920614	0.3772888885459291	-0.2962282379964023
0.3028345010942841	0.21482091924932356	0.19340561742862694	-0.2889389622277654
-0.20903563291721428	0.3738790145174271	0.06344555145661501	0.3536398011087436
-0.31020209992728365	0.16654795335069017	0.12623383093914464	-0.39701611578288154
-0.6524499742981282	0.09093577087837446	0.24724651367024775	-0.009367741153249565
-0.029390047935512476	0.2876512650191074	-0.6635059022565846	-0.01945278478879553
-0.6527698952249734	0.0004995047194553681	0.11701087010105105	0.22971972995452017
0.23794873957400076	-0.3445926641420942	0.11005401645962065	0.3074045798242844
0.0056752222225486815	-0.5492493308382831	0.07588076958889278	0.36919467735027545
0.016052160900491996	-0.30303975334765654	-0.5492580357562686	0.13165004999558283
0.06674035869340167	-0.13447995189542916	-0.290880856404236	-0.5078988330069332
0.23925572736291634	0.35176021125891177	0.3741001072952468	0.034883954082925106
0.4351673357128081	-0.06794142635303713	0.312690787743638	-0.18420045019051678
0.32674528673064174	-0.22782282046564095	0.16930112111394724	-0.27613077168977007
0.2741815420945848	0.2785578429489124	-0.11907652481036335	0.3281840901461395
0.08804083540256102	0.14979895809735533	0.684019865484849	-0.0781403410152346
0.5941550590704436	0.24800563436324907	0.06885628851044645	-0.08898301805586084
Conflicts
71 65
133 2
163 48
134 85
100 121
179 22
168 16
71 141
114 52
198 94
2 134
173 199
78 193
132 155
22 91
150 134
70 105
111 127
34 193
81 73
47 81
56 88
13 2
87 11
179 199
28 118
122 57
180 81
140 67
200 113
27 93
13 90
160 154
172 126
32 162
86 28
94 138
172 183
146 96
54 6
42 143
26 100
31 197
174 60
71 35
25 6
54 83
156 94
28 6
17 142
168 37
194 8
22 73
43 3
191 60
100 108
93 28
61 155
55 181
3 79
190 46
177 188
78 41
47 118
83 58
188 57
71 56
199 106
10 118
124 164
5 105
47 137
156 137
137 48
153 85
139 76
9 59
55 150
74 108
186 8
25 104
167 99
75 99
7 156
145 79
50 5
63 27
187 18
4 169
157 2
185 44
176 142
35 157
168 41
76 6
189 38
16 65
13 58
80 143
187 101
6 85
116 188
128 76
25 16
35 111
58 169
117 19
187 28
166 154
4 122
198 97
154 105
95 52
140 149
100 154
14 87
135 153
123 2
13 139
81 76
89 150
26 22
147 15
72 152
112 118
181 165
4 14
36 183
172 130
36 79
61 141
196 73
139 188
142 52
56 139
50 91
47 123
90 6
180 197
122 44
100 184
93 111
163 54
17 106
132 9
194 67
42 189
31 33
7 139
169 18
4 48
22 105
1 45
17 115
120 21
167 41
174 17
170 113
50 84
28 20
40 51
22 57
100 80
108 183
86 74
123 5
56 38
66 141
5 150
43 90
180 30
5 188
25 161
71 101
165 19
75 106
166 150
67 153
23 188
200 170
125 104
187 44
178 94
65 82
148 41
14 45
23 78
19 51
132 13
185 150
128 93
60 186
106 111
106 115
126 57
13 24
63 176
121 162
68 46
194 127
80 110
62 110
143 33
32 101
23 44
131 36
69 19
81 38
178 102
98 129
176 38
26 72
92 112
50 76
81 134
109 70
4 108
170 137
196 115
154 15
34 115
83 39
62 49
75 96
148 131
68 96
125 88
157 99
35 189
95 33
109 15
144 6
160 29
108 88
78 87
42 161
23 121
181 126
43 12
14 188
199 189
129 106
13 177
123 198
60 65
102 42
198 80
22 85
71 168
9 104
135 113
121 164
26 36
13 53
50 134
195 18
121 24
167 52
93 192
7 4
53 110
28 11
143 28
117 113
136 193
191 34
13 148
170 187
140 24
74 115
10 175
124 69
172 33
162 137
50 48
8 141
135 121
60 182
198 126
190 106
75 94
72 97
125 140
145 73
193 6
81 29
102 69
98 126
130 11
120 39
87 149
132 64
177 140
60 147
192 94
174 189
14 151
189 44
77 46
135 108
172 139
10 185
181 28
136 56
2 186
85 45
147 44
170 34
48 106
181 130
148 192
6 52
23 35
3 48
34 46
200 191
156 34
177 109
118 106
31 104
13 179
23 198
167 192
14 66
119 1
200 182
182 24
190 95
87 113
112 15
67 134
181 39
9 113
23 160
167 61
19 49
141 46
34 165
11 184
3 30
168 106
59 164
135 161
98 104
69 96
63 171
13 101
17 127
7 10
199 58
19 105
7 178
23 42
129 44
89 22
161 113
71 27
118 90
23 37
145 96
4 21
159 51
54 87
174 25
23 120
154 48
194 162
43 82
149 82
36 152
124 44
185 84
157 104
123 139
167 155
91 20
10 198
119 160
116 49
160 108
128 42
98 91
100 123
157 33
86 116
29 144
51 141
87 1
7 114
7 91
200 50
187 195
54 145
113 22
10 147
89 62
176 15
140 164
166 165
23 88
110 22
26 102
11 70
14 74
142 90
119 68
13 172
29 113
89 40
4 5
96 21
138 30
200 37
58 91
125 145
67 176
119 29
117 17
42 164
93 51
56 52
25 195
156 97
119 179
37 77
191 58
128 74
144 139
143 118
200 145
131 114
104 142
53 126
164 185
27 186
26 189
119 79
75 69
180 94
97 96
121 140
143 48
32 88
130 49
136 21
125 101
13 50
21 138
71 148
171 158
74 176
71 55
35 3
194 115
132 33
140 117
81 56
146 142
146 158
161 106
185 196
9 10
145 62
74 129
54 190
177 97
68 85
63 190
172 127
58 109
163 88
79 96
60 164
13 137
114 84
40 76
121 111
80 186
176 196
103 15
50 180
8 76
151 190
174 44
16 96
89 8
23 112
119 141
75 3
50 117
120 29
128 174
143 155
83 30
164 15
14 147
170 10
160 137
27 129
67 105
53 49
121 12
162 38
159 150
77 30
96 20
42 36
69 110
97 51
93 150
173 109
54 195
42 8
83 3
47 142
154 81
174 104
122 76
170 90
95 176
5 129
159 30
114 64
7 187
133 65
23 138
104 16
101 8
193 28
108 49
15 24
144 197
128 163
83 79
31 17
50 65
5 22
146 184
174 186
47 78
78 156
92 98
54 74
159 28
64 18
164 171
180 39
109 59
162 20
136 104
124 189
159 8
124 57
139 22
103 67
126 138
48 84
93 20
78 35
53 131
154 40
136 10
100 42
188 96
36 6
65 11
68 74
99 110
166 83
42 149
167 135
66 74
77 134
152 196
177 141
123 58
159 42
14 105
120 198
145 107
13 118
125 146
98 17
146 38
154 171
136 15
177 94
50 172
170 101
157 8
133 96
99 45
163 177
183 134
199 122
35 199
198 106
35 40
160 180
172 27
200 138
180 93
121 105
89 94
23 111
37 194
26 163
151 73
48 175
198 197
26 1
199 114
48 91
162 39
151 80
153 164
44 45
174 165
55 183
159 149
61 24
58 5
178 114
54 142
154 29
26 185
38 57
86 112
190 112
32 64
179 150
175 39
181 44
187 159
101 197
139 94
181 84
9 69
66 28
156 165
189 5
195 140
13 18
166 102
40 74
124 87
126 106
89 21
10 116
150 39
7 198
128 151
181 17
174 13
103 6
163 192
191 59
83 18
89 70
104 33
100 22
194 169
194 41
32 196
153 48
179 73
147 192
75 103
14 176
58 61
74 20
3 107
159 98
196 158
54 65
174 29
135 69
161 48
119 155
37 28
181 117
63 141
167 76
137 52
163 152
2 183
181 16
68 102
98 28
76 46
25 155
170 86
152 18
69 146
37 79
162 197
189 36
74 28
103 196
124 172
29 96
62 105
87 15
85 158
168 108
55 141
132 191
148 39
86 89
195 35
166 143
178 83
14 53
62 183
36 64
128 20
161 19
98 72
143 15
119 161
110 73
165 155
136 173
7 162
49 150
110 33
101 143
152 38
42 46
175 171
25 96
72 85
166 104
62 20
7 83
95 196
100 85
137 95
169 184
75 36
167 73
87 134
194 123
189 91
170 64
177 49
159 40
74 56
71 190
63 188
192 150
71 45
174 193
151 15
136 22
72 41
65 197
32 127
133 32
124 50
102 36
37 16
116 111
35 105
53 101
199 21
54 81
71 50
101 33
104 18
154 93
176 1
149 155
83 176
38 115
162 169
53 45
133 142
10 65
19 90
142 1
169 196
187 93
168 161
64 196
37 27
174 182
2 110
80 139
55 125
198 20
193 33
43 145
97 108
113 62
54 78
4 76
191 195
162 33
198 143
2 49
74 110
132 112
77 196
56 46
114 72
200 192
86 164
75 140
160 164
43 37
70 164
96 73
7 48
116 114
108 84
181 186
29 64
11 39
67 162
69 99
148 182
145 15
124 116
86 84
108 118
187 110
129 152
68 60
161 59
60 8
162 134
194 85
177 22
26 3
119 95
189 112
167 132
102 126
4 161
99 48
154 21
69 129
189 11
65 94
47 188
25 73
126 176
180 110
120 103
114 88
68 198
77 158
193 30
165 1
132 1
125 198
133 177
174 16
172 141
25 152
48 184
200 169
166 12
124 156
186 44
131 165
151 147
165 5
107 22
132 22
148 188
75 196
19 134
178 33
42 157
78 149
7 138
13 199
31 36
151 45
16 45
17 84
182 138
180 130
65 48
200 146
186 12
80 131
31 106
66 184
53 142
68 155
72 111
41 33
195 146
65 70
112 51
102 74
170 161
120 182
130 95
177 24
1 24
8 38
2 58
148 190
174 97
10 162
174 47
194 108
59 185
81 46
13 51
96 90
36 164
43 59
133 197
121 161
103 152
191 50
122 162
14 79
124 76
21 150
173 80
149 158
75 87
187 62
192 108
98 24
104 45
173 141
178 60
168 167
150 182
14 17
151 8
178 48
12 46
128 45
86 73
83 145
65 169
123 144
170 197
186 110
195 65
65 182
163 141
133 122
63 122
190 19
39 20
89 113
181 122
4 57
170 122
52 18
116 129
64 91
154 184
142 182
116 134
81 141
42 28
172 115
13 149
180 162
43 64
133 193
31 105
128 109
195 81
188 79
101 196
127 82
170 55
100 29
29 126
168 70
175 149
194 17
144 48
55 18
116 64
65 91
23 167
165 44
116 110
195 169
59 150
128 129
143 90
60 193
165 84
8 183
104 91
199 109
152 49
98 142
61 94
126 73
147 101
66 123
47 40
37 164
28 106
154 56
16 70
167 21
178 148
148 95
129 196
130 113
125 162
67 21
42 11
147 11
53 72
104 22
31 46
177 81
160 96
41 88
23 137
168 73
50 188
68 83
148 111
143 36
130 51
193 111
80 41
35 86
42 99
49 91
71 181
66 112
125 22
97 196
185 183
23 126
31 113
58 188
31 85
112 59
181 139
177 192
113 59
172 110
128 146
90 18
170 123
152 12
34 114
119 140
130 28
69 72
155 51
185 106
84 134
86 72
172 46
162 88
39 182
13 61
136 194
33 91
58 197
90 12
121 91
101 192
98 20
162 111
43 162
112 52
95 94
166 86
141 57
49 52
114 51
163 180
21 182
98 164
179 3
78 51
188 30
160 105
133 82
193 57
64 22
88 18
149 30
40 72
143 19
64 164
103 115
168 192
108 39
197 44
154 113
125 186
189 49
180 183
53 144
116 141
63 197
81 8
120 2
161 61
124 122
191 155
57 158
26 161
88 134
169 127
184 106
169 118
67 169
195 36
23 67
58 73
173 176
104 57
199 45
14 131
72 15
186 46
116 197
50 150
170 175
136 19
109 85
101 186
25 131
36 182
133 30
74 1
136 88
132 41
55 44
80 165
2 164
23 97
4 194
194 62
6 138
48 90
152 115
39 1
7 199
9 186
124 157
99 162
47 198
156 131
179 184
128 175
154 122
116 69
95 56
37 131
87 155
25 66
60 56
49 182
22 183
122 153
199 1
98 51
131 39
146 143
29 95
32 146
179 74
23 51
119 52
98 108
27 114
9 183
99 49
189 88
133 103
145 141
161 84
146 52
53 24
81 65
188 52
37 147
68 95
140 39
91 138
128 68
53 8
70 142
26 193
122 20
61 44
23 84
199 165
167 84
133 135
42 93
25 59
4 102
181 104
10 188
189 90
5 127
134 18
155 11
39 82
23 29
70 1
89 72
128 3
177 118
122 84
65 39
154 28
177 8
37 75
54 34
194 184
77 130
156 51
189 103
165 138
121 81
159 196
9 28
179 169
179 175
32 69
132 58
8 6
136 180
74 188
191 29
119 188
102 89
146 94
190 65
179 105
169 171
160 149
180 51
137 158
172 142
55 1
151 3
200 171
31 58
125 53
101 21
74 85
106 150
48 39
95 127
54 191
173 142
47 193
154 141
173 28
25 74
25 157
37 3
68 50
173 110
92 66
89 155
4 181
169 33
161 15
50 67
69 184
179 164
160 72
174 67
194 89
78 135
32 156
143 196
148 87
121 138
135 186
192 138
25 88
31 108
132 114
29 186
168 18
169 164
141 15
188 41
116 108
159 189
55 34
10 126
40 96
160 74
167 153
124 28
58 144
104 11
177 165
151 162
80 70
136 102
139 82
43 65
135 104
107 158
63 173
35 142
74 93
60 151
34 106
163 104
34 138
34 49
125 112
132 65
37 46
180 144
4 31
112 152
178 191
40 11
99 169
66 138
191 89
44 52
58 99
191 67
172 189
154 51
32 50
167 191
200 195
159 67
135 150
60 85
168 157
83 20
54 162
200 54
180 154
149 44
128 200
32 115
187 142
194 55
104 82
132 168
200 147
181 20
175 46
136 82
194 24
136 101
122 56
180 17
63 85
191 27
198 69
161 164
171 105
124 84
163 127
124 130
32 73
163 196
32 12
177 197
123 72
9 148
77 79
7 194
194 83
179 62
187 124
169 188
146 85
170 4
55 116
178 109
10 88
172 117
14 146
94 106
188 21
185 197
124 22
3 96
83 104
168 65
112 107
166 114
175 85
32 29
7 189
168 179
156 139
29 57
199 155
47 168
125 24
187 158
154 49
103 57
55 140
68 164
123 107
164 5
194 152
102 158
36 24
119 111
35 51
114 33
200 124
55 58
173 84
4 112
129 96
155 88
67 127
31 57
62 21
58 70
163 155
26 120
178 1
123 117
114 141
54 107
124 141
122 6
166 173
154 72
193 149
186 127
37 95
160 142
66 149
168 190
140 62
112 90
172 86
131 169
75 195
4 82
131 107
180 48
81 59
195 90
169 45
2 33
173 138
166 194
75 86
15 105
27 184
83 49
47 48
189 85
156 61
177 50
147 17
191 135
194 56
118 115
36 113
123 84
190 61
40 59
149 12
119 57
92 73
37 178
113 48
27 127
133 75
151 184
5 18
28 196
112 131
168 101
26 78
148 116
48 59
21 20
135 84
140 49
32 58
67 164
47 139
106 105
181 93
31 52
76 96
81 112
191 79
190 18
120 8
133 20
4 103
123 155
189 190
121 36
153 18
130 87
100 86
31 162
144 176
54 99
101 104
189 109
191 14
92 108
154 2
163 132
169 183
111 82
199 51
2 22
61 85
13 194
79 90
56 115
46 90
156 130
200 116
138 134
112 91
180 1
67 97
102 188
199 108
48 45
108 171
177 194
191 106
51 142
135 90
75 153
31 176
189 59
2 152
99 138
160 64
55 172
178 30
64 134
133 18
194 51
198 48
124 11
119 70
179 149
136 199
63 149
34 69
70 115
121 149
32 59
36 196
94 84
98 16
80 164
190 150
89 30
13 147
81 30
198 22
87 18
194 126
4 2
58 142
50 20
153 131
128 52
81 6
108 184
163 46
104 107
162 105
131 8
132 130
68 32
173 98
117 27
132 121
102 15
15 44
16 106
77 61
86 111
43 180
109 129
75 56
104 139
92 141
14 181
61 12
71 186
187 129
163 92
75 131
9 165
63 64
2 97
92 111
23 113
95 79
198 175
194 145
102 154
74 97
184 82
191 80
80 175
75 31
180 169
180 72
136 100
47 45
43 113
139 1
184 15
63 193
47 44
81 169
50 16
123 19
53 59
51 33
91 127
5 85
17 152
164 38
101 72
121 61
120 58
87 65
194 29
117 41
37 30
157 118
168 109
117 129
157 138
43 183
180 65
166 145
71 82
63 164
35 21
195 131
77 85
177 154
173 153
67 182
117 79
198 39
72 84
92 95
29 52
4 130
39 46
176 44
7 86
42 57
159 142
147 87
145 112
78 2
153 36
167 86
104 185
187 70
65 183
135 61
33 158
154 101
163 103
156 33
71 7
64 115
100 122
82 24
106 20
7 55
190 118
31 111
119 5
63 198
98 49
161 74
13 31
137 64
175 106
196 96
92 162
137 109
108 188
60 107
163 121
103 1
104 88
164 158
77 72
145 185
71 42
78 76
104 21
198 88
42 98
40 158
81 36
154 149
148 151
136 3
187 48
173 126
154 130
124 83
67 61
195 159
167 193
157 30
32 93
8 111
72 188
199 59
130 41
143 74
147 112
106 90
156 188
43 112
100 156
146 20
162 142
103 104
68 186
132 154
60 82
178 20
89 171
77 176
116 1
149 57
159 144
139 183
177 117
89 27
192 106
135 79
131 27
89 131
58 105
179 155
139 196
77 98
173 186
191 12
7 174
160 54
29 185
131 164
49 24
132 80
77 96
187 24
132 11
63 45
35 154
19 18
7 49
70 18
59 142
27 183
131 176
77 154
43 127
198 87
142 30
75 84
53 79
175 94
120 85
23 180
78 107
48 158
38 20
22 106
31 157
70 52
160 85
119 152
81 1
81 22
21 41
37 64
140 107
172 111
63 2
47 60
124 195
26 90
92 70
104 24
104 115
69 6
70 96
46 82
55 144
102 44
81 142
39 24
174 12
77 143
194 124
19 15
178 62
190 197
13 175
74 84
25 115
13 94
16 110
144 186
5 46
125 6
83 51
163 52
193 127
192 129
148 55
76 134
117 126
13 165
23 22
23 52
37 110
174 195
128 90
199 101
118 134
75 20
168 89
53 85
37 181
13 126
81 144
123 143
55 10
50 176
178 89
146 106
27 76
156 46
43 171
124 147
179 81
163 168
68 118
133 62
197 183
187 139
36 51
31 84
162 150
35 49
198 183
178 162
14 16
124 66
98 117
48 8
35 5
7 92
97 82
124 185
27 1
120 95
19 197
152 183
174 51
180 199
170 106
31 182
101 84
112 1
14 180
119 6
107 95
140 56
100 32
48 12
167 131
60 161
10 184
68 104
42 175
156 116
14 33
102 33
150 91
76 90
100 30
31 129
180 56
121 145
128 106
147 28
88 24
163 138
47 77
192 141
48 155
36 21
99 61
40 182
3 89
97 21
71 38
179 34
147 131
78 117
200 137
125 127
140 169
157 139
14 149
160 48
55 161
132 60
131 85
116 193
101 113
174 117
160 156
9 114
11 183
52 85
79 171
23 30
143 99
103 62
116 17
4 189
167 34
143 41
173 69
195 56
100 57
43 30
5 197
108 8
66 33
9 103
128 94
56 49
4 59
160 182
19 94
187 113
200 197
25 134
66 2
40 33
168 172
68 5
78 99
42 38
101 164
61 59
166 11
69 91
102 114
17 62
3 64
103 155
181 185
190 8
185 85
139 15
159 162
89 1
61 84
162 11
165 110
32 95
173 145
120 197
100 164
148 147
161 171
140 137
173 48
103 185
58 115
25 143
81 139
199 53
40 82
124 101
75 115
119 190
177 180
177 186
34 2
191 142
120 192
43 198
180 61
147 95
181 109
200 85
141 45
112 5
171 30
37 176
192 184
178 197
119 167
59 5
75 35
130 188
196 22
101 129
80 67
10 84
178 75
186 94
60 192
37 186
153 49
199 28
177 116
92 19
152 44
102 129
124 8
69 197
23 96
23 56
145 52
8 51
75 134
130 183
32 22
199 57
189 62
50 154
63 107
146 111
89 105
163 81
178 183
119 85
149 105
193 165
187 96
43 139
110 44
178 129
69 103
23 47
139 182
66 49
64 90
166 1
100 151
190 192
189 131
109 18
97 6
181 74
23 54
3 184
69 28
102 52
173 118
71 118
114 65
55 171
50 111
51 182
47 64
143 96
16 175
122 139
14 122
68 169
168 129
153 17
133 77
67 107
98 81
165 20
71 150
68 137
136 195
133 60
179 181
110 70
157 122
105 85
69 11
61 130
192 44
142 134
137 33
55 118
76 41
53 16
23 2
124 177
75 30
66 80
4 1
26 165
42 158
14 38
199 158
120 51
187 30
89 111
113 12
3 5
3 127
114 59
31 171
74 72
143 183
93 64
163 100
75 66
55 188
156 162
54 33
92 33
37 193
194 36
23 192
29 45
37 103
172 41
187 5
153 130
178 57
7 22
112 70
31 29
176 5
172 122
15 127
37 89
154 6
26 66
195 40
66 126
159 192
56 152
37 112
92 175
11 52
173 151
156 12
50 110
156 72
151 89
78 139
7 75
136 20
179 65
169 15
157 21
104 97
59 51
125 95
148 12
80 62
143 30
28 73
97 141
148 106
140 192
172 1
98 6
81 48
186 155
54 150
72 138
35 67
168 51
194 106
25 95
80 38
66 176
190 142
150 105
103 158
194 113
7 107
170 66
179 123
71 69
55 89
103 164
92 103
200 90
4 33
64 158
166 56
140 185
31 183
176 20
147 81
16 84
7 94
125 137
47 52
36 139
99 115
125 84
61 8
67 11
173 120
131 46
124 112
161 72
165 141
80 188
104 169
191 90
54 66
160 148
10 21
99 165
71 157
83 89
179 67
97 20
119 75
188 76
74 158
170 104
189 34
196 15
19 95
200 49
71 176
60 11
193 143
160 84
170 103
104 134
9 15
172 171
71 143
68 34
16 127
55 52
81 61
83 139
148 165
100 18
125 183
55 98
90 115
21 106
9 62
4 40
4 87
11 182
147 86
144 45
80 115
166 148
167 112
146 49
68 124
63 30
31 188
53 115
103 105
70 197
143 112
173 17
136 31
159 109
58 27
199 84
151 164
34 198
199 103
58 93
133 134
92 165
192 8
43 105
19 76
124 145
54 73
165 188
181 56
179 72
149 127
198 111
51 52
66 99
92 190
195 186
36 84
177 87
35 123
100 58
113 85
175 82
77 48
50 18
125 193
66 88
4 64
190 22
188 152
119 126
11 106
200 166
172 72
50 81
53 108
17 20
36 65
52 57
7 70
74 70
89 5
138 57
42 41
92 2
173 124
34 39
194 109
166 156
143 88
157 110
37 20
157 130
23 199
194 159
29 61
195 110
23 41
117 152
168 125
145 139
176 88
72 106
63 131
80 97
119 27
148 50
169 106
177 105
146 91
117 59
185 127
23 25
120 89
107 196
61 144
146 169
132 144
138 18
161 82
144 150
125 59
23 176
124 94
155 52
173 129
190 49
9 176
157 171
195 165
13 56
7 20
23 110
148 114
13 29
23 101
174 91
135 164
133 145
35 24
140 95
14 194
72 51
47 192
103 87
194 35
116 33
159 135
71 74
42 131
159 103
54 109
81 74
125 74
13 35
4 158
136 81
184 33
98 146
166 7
46 182
89 127
186 51
10 189
122 152
177 73
97 150
187 97
99 106
83 185
124 70
38 6
47 110
81 27
23 99
99 93
50 143
145 155
75 83
128 13
2 76
74 19
81 89
32 138
130 111
7 131
107 52
177 18
29 41
177 85
149 39
145 1
102 106
133 174
80 16
132 77
19 162
107 152
145 21
75 45
102 196
101 105
184 134
27 49
199 117
125 85
152 171
55 27
58 183
9 12
102 120
126 76
19 70
7 183
90 57
54 155
137 184
194 192
160 2
115 1
174 59
33 45
25 102
149 46
138 24
163 194
132 151
173 13
26 31
8 127
159 38
2 21
21 39
59 70
159 154
23 109
34 20
59 139
187 60
165 176
100 186
125 65
200 24
193 106
104 48
138 158
169 84
60 44
163 10
180 99
143 175
124 79
67 33
183 1
195 32
137 155
121 107
177 158
15 82
40 41
112 38
157 46
31 64
23 74
148 90
160 107
168 8
31 146
60 123
12 1
61 46
194 131
195 184
100 131
160 28
4 95
198 81
168 147
151 27
39 18
148 112
58 18
116 182
72 73
137 11
174 76
112 108
29 143
172 138
180 67
89 6
160 53
47 16
40 57
194 118
200 181
200 68
189 121
178 99
161 89
140 52
137 129
189 21
147 185
10 98
168 188
154 36
154 183
121 89
128 184
35 80
123 51
116 150
107 115
5 20
129 73
110 85
126 39
198 51
145 111
188 184
178 53
186 113
155 139
78 190
54 105
75 12
80 130
200 84
9 45
194 189
19 91
25 130
111 20
131 6
92 178
165 97
160 104
163 137
128 19
26 159
98 30
174 61
161 33
191 35
128 152
47 80
135 197
140 186
111 30
77 118
10 95
129 158
14 55
60 94
188 20
95 51
31 118
157 57
170 151
154 95
102 1
135 59
119 40
48 38
177 171
75 34
43 108
177 33
168 6
195 120
200 131
37 144
72 62
133 173
35 143
154 67
58 155
53 56
95 171
199 197
19 64
4 184
76 141
116 158
55 146
152 46
25 177
128 164
102 141
50 62
89 36
22 45
200 53
28 95
3 134
199 171
113 127
177 121
191 161
60 158
117 144
23 143
128 190
28 94
199 80
195 101
31 152
113 134
194 151
66 114
167 89
132 54
153 84
167 31
136 181
186 59
142 12
160 46
66 3
168 34
29 145
116 164
136 146
105 158
96 138
10 46
161 183
121 183
54 72
198 27
116 27
161 99
48 20
177 103
65 79
180 11
94 118
71 164
60 104
167 29
123 22
35 126
9 92
124 186
147 72
47 65
7 29
42 20
112 109
132 177
117 36
136 85
147 29
25 34
171 90
26 135
160 10
187 172
174 82
10 106
43 88
198 85
64 38
104 65
149 1
131 111
60 106
22 33
4 127
132 47
184 39
135 76
80 142
50 139
160 91
80 39
138 111
166 123
60 67
154 76
78 180
172 143
180 176
21 88
103 76
169 90
173 111
80 82
38 142
47 155
78 152
43 114
10 6
43 54
28 62
139 51
174 125
77 84
7 73
118 105
160 14
27 11
23 175
198 108
83 98
140 21
101 38
64 141
42 153
64 20
10 57
160 176
91 115
72 107
190 185
54 31
19 56
66 103
146 12
29 112
133 28
87 108
162 56
194 98
34 97
40 111
170 108
54 140
163 160
71 67
34 155
28 155
4 188
62 197
55 106
58 84
82 20
96 82
168 10
101 137
181 131
103 93
143 94
47 1
178 46
88 44
71 189
54 101
14 51
4 52
166 9
137 57
4 38
90 138
53 113
133 76
52 90
60 64
27 21
2 3
45 24
191 183
140 28
53 192
48 62
10 82
4 114
195 183
191 122
86 51
133 80
2 28
157 36
151 114
100 195
131 70
54 173
55 198
124 155
191 24
99 185
135 53
99 171
116 57
92 107
174 146
170 52
146 58
98 27
187 115
135 115
120 66
36 94
40 45
49 18
163 73
108 115
69 137
29 56
200 44
66 197
197 158
173 197
160 158
3 139
119 47
143 108
81 158
103 89
7 113
111 52
135 91
180 83
123 193
121 139
47 107
133 27
77 15
187 157
187 87
69 106
121 8
168 1
63 76
74 18
198 52
200 31
146 97
164 21
189 114
50 30
58 161
14 197
42 165
53 58
13 120
13 33
2 39
92 158
165 74
57 12
195 126
103 182
17 30
119 20
122 62
29 176
136 76
160 50
3 129
174 183
43 44
186 93
174 5
16 8
46 6
188 105
102 108
113 110
117 176
95 8
71 90
167 151
92 46
54 55
65 96
4 91
157 16
119 117
103 114
100 61
89 106
13 30
35 55
67 106
110 111
1 85
28 8
162 139
55 111
92 199
116 109
176 141
195 59
93 15
63 143
112 96
122 87
198 93
114 28
167 87
163 179
168 195
117 74
13 97
25 10
123 52
103 84
32 176
140 146
116 91
26 63
116 103
98 22
40 36
2 165
119 142
159 83
200 174
165 107
181 72
28 134
53 70
100 183
37 54
171 51
75 29
102 10
2 141
137 49
86 76
27 139
139 24
185 51
66 61
43 132
10 103
179 111
155 73
136 141
148 5
43 53
197 73
102 134
128 167
174 178
28 49
60 152
61 143
124 139
167 187
75 82
180 142
151 175
150 197
172 186
68 189
25 12
68 2
163 147
175 12
140 72
151 188
148 15
132 93
151 150
29 91
66 185
167 133
16 107
83 123
172 112
198 139
118 24
66 158
3 38
154 109
58 62
14 157
166 175
103 64
192 87
59 97
27 149
199 131
166 138
170 176
161 114
14 19
181 137
174 192
78 95
98 73
3 105
119 33
26 20
157 85
86 114
159 129
26 190
82 134
168 59
102 97
5 84
145 190
53 19
95 142
3 118
157 162
190 155
198 16
162 138
35 137
105 52
81 165
17 59
154 129
92 104
180 175
168 165
162 24
93 164
123 101
31 48
148 53
68 106
84 18
159 161
80 141
54 134
171 96
198 33
156 79
89 24
126 56
140 88
94 105
166 120
149 91
66 24
126 164
31 98
27 153
92 196
194 45
89 65
191 55
38 30
140 93
104 106
189 27
100 165
112 46
100 87
117 190
9 184
147 116
187 179
168 86
4 138
26 154
168 49
3 88
37 159
74 96
54 56
15 52
102 131
106 24
160 175
123 185
67 62
67 139
181 107
69 185
43 77
55 93
55 29
97 88
65 88
175 152
167 19
159 121
16 188
78 111
187 144
3 44
181 1
66 82
22 111
88 105
4 148
159 104
180 186
151 94
60 122
194 199
176 138
164 142
38 90
140 85
29 182
48 139
190 188
4 150
93 196
146 44
66 52
187 106
95 110
65 164
91 46
71 60
149 111
77 149
120 142
195 62
170 148
152 15
119 55
150 6
131 38
170 162
113 70
161 41
14 117
89 39
178 176
170 147
135 22
153 57
147 130
26 125
32 67
180 122
86 24
63 94
35 108
200 199
135 112
157 113
148 171
25 145
99 64
190 146
23 64
55 130
130 46
35 70
8 46
4 85
93 38
181 73
167 59
195 73
81 129
133 15
13 135
102 58
55 6
124 140
58 127
187 55
62 1
106 91
25 148
125 169
200 123
48 51
172 158
191 5
198 118
7 31
143 104
160 192
14 172
139 184
9 64
69 152
134 20
9 149
53 137
123 11
47 96
117 22
177 120
167 6
4 13
151 29
165 106
67 88
16 79
113 24
136 33
92 121
37 6
26 148
48 70
43 157
194 138
124 5
144 127
181 196
126 84
191 115
3 161
23 153
43 31
54 120
128 82
119 101
68 48
199 116
34 6
71 73
160 3
7 132
159 169
193 150
97 142
10 15
173 146
4 6
47 86
159 99
116 19
167 120
35 147
16 48
83 87
58 94
170 36
94 183
109 115
71 167
146 5
167 109
117 183
43 174
141 91
78 145
89 139
145 85
200 141
116 181
111 158
77 82
72 175
170 13
154 198
167 80
148 127
153 99
193 90
180 36
29 18
5 182
184 41
173 46
29 110
68 39
78 129
4 124
25 151
140 123
179 106
132 129
200 198
123 158
179 44
140 41
43 21
55 169
140 184
192 65
159 125
133 176
132 30
71 105
64 11
13 96
195 57
8 118
9 173
109 139
4 78
131 48
107 24
59 106
82 45
28 64
93 115
77 94
31 199
71 24
83 141
173 94
103 2
74 87
10 154
99 51
170 38
83 81
50 58
11 138
189 76
8 171
174 46
117 62
100 27
71 6
198 137
7 123
80 74
172 90
13 20
115 20
83 199
54 123
67 40
177 19
156 175
159 10
139 111
169 5
135 6
80 192
157 175
125 61
31 49
177 91
28 138
35 74
66 161
195 156
181 58
53 89
125 134
97 188
162 115
133 156
87 139
56 175
117 48
94 46
194 46
3 94
94 12
133 195
161 8
46 18
71 147
195 104
170 65
54 50
10 193
71 184
3 106
140 110
39 44
40 64
140 144
167 66
110 24
118 45
98 122
123 89
112 142
10 153
32 157
195 158
145 6
26 129
142 127
61 87
174 130
81 155
141 111
36 46
5 39
113 155
124 151
71 3
116 93
80 99
14 81
180 153
70 76
28 115
171 141
75 152
116 85
156 6
180 29
151 17
164 8
156 99
191 96
31 144
128 165
148 91
35 66
117 24
186 30
194 94
23 4
115 183
75 78
67 171
54 103
121 155
182 45
123 169
128 22
34 126
178 85
162 17
13 190
187 10
170 1
43 110
31 74
98 145
63 21
148 48
172 149
144 49
100 84
190 28
163 174
16 85
140 53
51 82
161 91
179 99
74 169
179 104
101 95
43 141
23 57
175 169
25 13
49 115
89 197
89 64
200 193
14 95
28 175
69 44
124 20
135 95
60 121
187 98
23 58
3 114
35 118
154 73
36 1
42 155
109 164
89 52
10 45
149 176
194 185
149 79
3 155
83 186
71 112
3 36
123 171
129 127
47 133
47 145
31 123
63 6
63 195
192 109
174 87
4 70
34 150
140 16
151 87
80 15
132 183
112 141
3 17
119 41
154 8
79 33
169 94
168 120
137 5
166 90
59 141
95 15
122 142
21 196
42 30
53 12
107 84
170 82
172 129
23 194
154 27
132 165
68 107
42 3
182 88
173 137
7 69
156 98
92 38
50 95
66 84
143 142
123 146
23 184
14 100
56 169
101 56
7 38
66 144
124 19
199 104
31 159
165 17
168 40
25 38
92 102
8 30
68 22
147 121
123 192
196 82
55 39
5 24
149 24
100 125
28 142
157 19
166 97
54 158
131 52
29 74
7 33
60 126
3 186
34 45
200 98
100 16
113 152
136 94
69 122
10 8
7 25
189 15
164 129
86 91
66 16
98 182
57 82
141 18
58 114
107 149
7 140
9 120
77 90
151 141
122 22
200 168
174 126
27 90
180 52
157 164
155 196
189 182
197 46
94 52
81 40
102 48
189 52
119 82
75 194
168 173
112 95
67 112
104 105
77 52
158 24
94 24
132 20
97 30
88 111
112 84
47 50
114 192
122 146
133 130
194 156
99 5
110 188
114 118
179 46
54 17
2 1
114 110
198 30
50 149
166 127
190 138
37 113
26 110
86 15
136 106
65 49
121 80
53 158
95 164
128 81
96 84
147 61
140 145
147 103
168 80
157 186
63 40
166 170
63 57
136 148
18 183
100 152
29 40
23 106
2 56
161 6
117 185
125 58
13 169
147 39
62 79
83 1
27 108
99 137
179 137
133 104
110 6
71 36
160 155
97 12
123 164
175 118
104 52
2 16
68 1
177 66
63 116
69 80
161 134
55 126
98 39
37 40
155 20
123 108
100 31
132 99
70 46
191 157
135 11
181 115
84 45
172 62
148 155
79 46
60 3
47 18
128 102
160 191
67 99
132 156
99 16
103 48
72 8
153 20
90 24
103 88
122 59
73 134
147 197
159 137
26 168
102 38
32 55
112 155
144 175
7 180
7 117
174 22
14 155
124 98
166 118
190 176
65 111
86 67
145 33
77 40
121 193
37 45
47 33
31 195
60 1
77 108
148 113
86 126
29 93
16 90
13 142
86 58
133 6
172 125
200 99
179 8
122 5
32 6
112 196
122 115
195 52
3 28
60 149
152 150
132 173
64 149
27 171
191 189
102 84
185 82
143 46
66 157
61 91
104 79
27 94
179 129
37 52
172 8
159 36
119 64
68 177
144 19
100 126
123 181
87 91
7 32
163 38
177 122
169 21
98 106
83 158
43 87
184 96
132 78
147 97
43 107
37 118
62 65
9 14
42 5
138 85
27 96
80 24
60 40
193 112
19 62
145 56
19 30
32 24
43 179
23 94
132 6
29 152
33 82
101 112
174 131
130 30
49 20
35 93
123 12
119 78
55 8
148 32
130 48
54 19
166 35
167 188
55 175
103 126
25 147
80 65
101 185
23 13
195 30
9 160
13 171
107 57
19 8
61 73
144 51
155 22
37 125
194 59
9 197
81 11
78 131
167 46
104 76
148 60
31 69
168 94
159 175
136 175
77 171
98 5
19 22
26 111
31 155
167 100
200 132
48 1
164 45
39 158
179 42
74 162
167 113
25 118
68 154
75 42
189 86
166 77
13 157
123 79
132 88
117 158
43 122
71 32
95 73
140 22
47 161
157 58
148 185
197 6
13 5
191 45
159 156
174 98
162 45
106 96
104 137
55 22
118 158
128 75
32 72
135 49
26 108
141 96
77 105
174 159
75 97
156 155
112 106
198 122
145 165
43 147
135 20
66 172
51 115
66 115
101 158
112 137
98 61
13 107
71 106
174 112
43 1
56 106
119 115
102 101
17 22
178 141
136 55
14 5
14 70
120 15
170 120
146 11
41 183
166 88
22 115
189 17
186 91
11 51
50 45
67 150
87 57
47 9
86 117
196 111
163 199
36 85
154 118
14 116
180 140
39 90
97 197
149 164
13 111
29 90
178 150
128 194
128 148
168 58
56 76
35 30
156 118
64 87
157 70
43 15
47 61
175 24
81 39
100 89
154 44
107 111
200 48
168 146
97 76
191 66
195 117
3 52
49 88
94 152
71 137
170 150
124 152
23 144
64 45
31 89
154 197
180 123
2 65
102 87
60 27
32 10
187 89
125 90
86 107
156 112
90 82
103 36
2 111
146 113
109 150
179 53
53 139
109 182
150 111
132 51
53 61
71 175
159 143
121 20
92 15
151 28
136 122
44 1
145 130
166 53
170 178
136 13
67 90
34 64
182 134
122 158
32 3
174 197
189 176
128 69
180 188
98 45
83 61
163 191
102 165
14 199
77 107
171 33
148 144
122 106
195 29
54 153
54 114
87 38
161 65
56 155
145 84
199 91
198 84
170 11
144 90
144 152
102 145
63 138
3 165
20 183
37 132
163 35
124 49
78 64
122 105
128 195
55 151
80 181
25 182
148 125
44 105
66 105
99 20
50 49
198 64
9 37
71 192
54 185
152 90
152 76
166 139
139 85
5 12
151 192
40 16
128 145
191 91
92 105
158 20
154 137
160 101
13 180
163 140
157 146
190 52
123 67
5 76
4 58
152 73
74 79
104 95
128 120
180 53
86 21
200 19
104 72
76 115
195 177
181 18
133 49
198 45
77 144
132 187
96 111
159 94
92 126
55 90
166 181
192 188
98 138
7 157
41 90
195 105
135 107
37 151
74 164
37 165
200 73
116 131
63 111
23 95
15 134
25 22
156 103
113 20
108 21
64 95
7 111
138 33
43 158
109 1
38 91
29 139
193 95
189 118
66 162
60 135
95 12
99 87
117 197
55 162
61 51
119 67
179 49
65 142
121 185
166 68
193 52
175 41
167 198
178 59
162 155
135 190
23 20
10 99
153 94
187 88
174 84
130 19
133 141
21 33
178 35
40 19
78 176
166 33
135 87
94 141
177 144
136 72
163 34
119 46
98 56
179 144
178 98
61 38
75 50
43 36
190 90
47 196
140 109
29 79
101 15
152 6
199 190
125 150
34 158
83 19
116 56
199 129
112 188
194 97
172 153
36 30
133 92
161 67
192 52
193 161
163 5
148 183
68 44
107 44
55 120
159 61
13 17
31 116
66 48
67 175
92 52
7 88
78 25
190 139
13 110
166 192
43 24
161 185
159 126
177 156
122 3
42 69
28 18
13 42
170 20
132 50
41 118
136 59
198 72
165 96
117 6
89 46
43 11
74 196
63 199
47 66
17 11
148 33
69 8
177 150
78 15
43 109
56 97
171 82
81 67
11 150
74 171
87 106
160 35
35 34
163 175
4 164
133 99
121 84
157 106
195 127
66 98
95 188
112 16
187 56
66 29
139 142
160 27
133 147
160 116
157 103
168 3
147 158
96 6
120 123
191 110
154 30
163 102
62 118
23 9
172 197
156 157
119 25
174 101
88 84
13 184
161 27
126 24
186 171
160 45
80 126
67 20
125 36
50 114
68 101
69 107
83 48
7 99
3 85
121 109
168 60
103 127
160 98
147 36
54 137
189 150
200 1
54 143
64 185
32 20
137 105
195 41
172 61
117 51
98 94
181 79
181 45
146 95
60 57
26 178
161 118
168 162
10 169
17 36
53 28
23 182
26 9
126 44
101 46
156 95
26 164
187 2
145 91
129 176
172 87
109 196
5 82
71 13
174 58
155 182
27 56
9 53
49 96
10 143
102 111
107 96
27 85
101 111
47 93
132 69
25 79
68 17
4 144
41 182
19 111
55 186
128 33
97 1
32 90
155 197
35 58
60 143
144 138
163 69
153 41
37 124
175 115
128 101
189 107
101 149
16 150
92 12
70 30
153 107
97 184
71 154
47 57
95 6
7 82
5 1
194 153
172 67
121 115
126 49
116 185
86 3
7 186
8 22
108 73
53 96
6 57
49 44
27 28
71 79
26 54
42 87
67 122
159 6
120 161
123 73
61 1
70 184
128 48
29 1
72 11
133 91
75 57
137 97
172 57
173 96
9 180
23 59
70 84
119 181
60 59
156 76
180 185
129 197
98 186
157 17
25 198
81 64
17 164
10 110
132 126
103 142
123 184
65 73
75 21
174 108
75 1
170 116
189 193
79 105
190 40
29 94
3 149
200 16
200 40
142 84
121 141
146 21
25 53
56 118
172 73
112 21
16 36
146 6
133 188
136 96
100 175
163 181
17 91
37 96
71 109
60 198
100 1
113 111
10 17
23 159
189 162
75 180
50 19
186 82
141 105
48 150
61 185
35 190
60 91
123 188
16 134
53 129
136 189
13 102
191 17
76 44
43 177
61 106
10 96
145 48
131 96
128 160
29 114
72 57
131 150
117 87
133 44
145 22
161 57
63 194
10 107
46 44
113 82
114 18
10 183
186 158
43 69
166 177
176 90
14 12
156 29
133 155
198 171
195 45
172 123
26 158
27 97
176 82
199 73
34 181
120 113
23 114
25 82
177 41
148 177
168 160
6 88
200 130
129 111
3 182
92 117
178 112
193 38
195 155
132 190
67 76
10 158
179 64
77 115
193 117
110 196
147 6
148 123
167 72
60 76
193 12
119 80
7 27
65 57
200 144
21 22
194 80
34 197
29 141
174 3
74 51
191 6
99 11
75 65
181 198
148 138
68 190
191 118
9 159
37 189
94 20
72 22
36 171
125 97
75 107
110 141
200 2
125 86
187 100
46 20
54 126
96 115
135 105
159 27
149 20
53 152
7 54
37 62
92 145
25 156
101 88
199 48
31 66
170 111
55 99
23 195
81 110
128 51
75 129
78 58
135 58
100 52
162 171
59 73
35 18
184 176
148 105
177 27
10 58
56 182
89 185
26 86
98 183
72 169
178 179
98 153
154 5
68 165
43 95
34 110
53 64
65 17
12 6
78 177
71 174
10 124
69 46
143 65
75 149
68 99
140 131
54 133
198 114
103 122
7 40
68 58
170 33
167 140
181 15
14 161
25 172
50 152
170 196
155 39
180 171
101 48
149 196
117 155
174 86
36 48
51 46
32 46
166 135
43 128
116 142
127 88
126 190
186 142
72 88
181 81
174 105
190 30
191 48
31 1
97 8
122 15
180 112
74 45
9 142
100 60
119 92
187 183
195 28
189 140
147 67
133 106
154 17
78 150
9 32
47 173
181 5
64 184
105 6
69 39
32 85
163 187
3 91
191 180
78 81
195 138
151 139
109 64
109 111
58 184
27 175
92 22
14 11
31 121
166 4
43 99
54 51
105 33
92 8
162 182
42 138
174 121
63 19
7 169
102 118
159 131
193 131
135 185
174 185
92 32
50 107
60 134
129 115
170 180
32 103
14 126
16 21
26 49
70 12
120 141
166 142
159 122
175 59
9 18
103 12
173 121
75 193
37 107
32 158
186 85
117 57
64 183
174 153
126 144
9 77
200 78
13 52
37 136
106 138
122 176
92 144
179 77
172 147
41 57
146 152
42 141
35 101
63 146
28 197
8 129
172 108
189 20
16 20
40 46
70 57
174 155
3 87
21 105
174 37
125 16
86 19
80 61
25 99
55 143
26 140
93 184
168 159
106 197
116 61
135 154
167 114
161 62
194 171
128 34
168 57
94 73
9 65
68 89
148 107
151 134
13 21
132 5
180 165
70 176
44 33
13 183
61 186
120 30
60 189
193 185
31 27
166 73
41 96
157 15
66 131
28 56
161 122
161 152
58 88
78 52
80 44
131 30
100 171
72 30
74 17
112 72
35 16
156 185
49 90
64 197
36 185
123 30
61 192
112 6
175 30
47 113
23 177
71 59
167 85
102 45
34 116
168 152
132 182
199 18
98 84
195 34
156 146
55 152
14 60
47 124
136 191
35 79
25 178
31 96
55 91
42 72
42 66
173 194
180 104
172 70
14 123
78 84
193 138
121 114
148 66
35 159
119 58
5 21
198 110
22 127
31 2
54 86
125 81
135 5
87 8
180 134
173 182
23 168
114 96
11 185
166 182
4 154
37 134
70 141
133 1
141 88
42 65
178 152
43 131
37 66
23 102
165 169
9 2
33 24
7 195
32 185
60 34
107 141
109 142
71 33
112 88
54 172
175 138
172 94
199 126
168 72
170 45
200 186
200 120
170 15
147 82
157 53
170 8
59 52
167 35
172 118
168 155
140 197
121 16
116 52
198 76
13 1
53 176
78 44
25 186
167 60
178 77
16 5
71 84
50 129
14 171
36 59
110 8
130 45
43 74
180 161
136 41
120 33
172 39
80 162
174 187
176 127
97 24
71 80
119 135
159 73
144 5
81 107
122 19
10 90
132 95
120 38
195 19
3 51
175 57
136 140
194 154
117 105
32 82
162 5
195 80
89 118
187 21
36 49
60 146
116 192
102 140
26 47
78 59
60 169
154 188
191 82
23 147
34 24
86 113
173 112
173 58
137 41
157 176
168 148
136 188
171 24
194 74
165 184
178 73
166 153
71 18
79 129
94 90
157 49
13 131
110 51
125 115
42 105
189 2
104 64
27 48
95 197
75 24
147 49
67 65
198 3
154 58
159 82
41 45
116 146
32 164
155 97
19 127
92 3
58 162
178 61
119 17
187 59
121 143
3 8
144 18
125 89
191 85
186 11
63 112
117 108
195 91
174 52
60 138
194 79
136 75
34 82
163 144
194 11
177 98
178 80
50 197
100 112
168 124
38 158
15 183
118 91
133 178
55 41
161 108
80 105
154 131
145 176
160 93
200 51
173 3
42 107
100 96
182 183
191 179
87 21
172 146
59 33
72 39
27 52
40 104
13 88
160 114
166 168
195 2
122 184
10 181
101 18
146 164
107 185
75 113
135 127
154 162
101 162
54 45
26 162
9 164
77 152
163 162
76 85
159 130
66 143
155 138
153 87
166 16
159 85
126 109
94 171
6 20
199 87
26 198
157 123
135 158
124 179
110 49
199 172
135 183
156 115
98 158
80 52
122 73
153 44
124 105
83 84
193 190
193 62
116 24
148 69
32 155
130 79
97 49
144 24
42 40
122 21
199 162
7 176
69 186
19 152
22 41
43 111
20 18
2 38
179 97
159 123
156 183
2 99
81 21
133 168
181 112
51 18
42 19
153 79
143 87
146 24
145 113
93 65
102 99
199 134
93 182
56 141
66 182
179 98
16 46
47 150
71 75
114 41
101 109
198 1
44 30
199 6
97 91
165 109
54 129
198 56
36 108
29 21
124 58
199 193
70 91
172 188
159 171
146 39
47 105
173 89
4 27
145 150
174 48
94 8
94 22
174 89
154 110
41 20
101 20
128 64
74 185
50 147
128 85
193 20
100 53
178 106
34 98
124 82
113 97
175 18
65 108
188 106
116 40
66 91
139 12
62 90
179 188
108 197
111 134
71 193
54 184
169 76
14 140
70 38
56 185
55 137
70 182
53 197
132 170
170 32
179 86
14 104
89 141
55 164
77 103
151 169
23 34
117 97
26 137
166 133
74 153
104 144
168 78
157 145
100 66
55 103
99 188
35 114
120 105
160 177
37 12
96 30
197 85
9 177
117 110
100 11
180 145
34 22
99 142
2 185
163 83
161 40
115 44
173 1
32 15
150 1
147 52
26 101
71 96
179 180
60 108
60 113
71 123
159 52
186 176
64 21
200 127
63 118
125 139
34 58
199 176
192 5
145 74
166 62
153 33
98 131
119 11
150 183
132 2
112 134
193 45
86 197
130 112
112 39
13 10
32 179
40 17
179 113
81 130
177 152
47 97
82 183
103 108
163 193
50 86
121 52
191 19
146 33
189 39
173 171
153 52
146 70
125 120
27 196
1 134
100 143
25 199
54 8
136 35
26 186
173 180
114 19
66 72
150 12
4 109
53 38
189 130
132 103
19 24
113 46
40 87
126 18
84 1
102 76
116 73
29 188
121 15
143 6
43 175
176 57
168 150
83 182
56 73
23 81
23 170
147 183
164 73
9 13
55 149
200 100
68 65
69 109
121 19
84 111
93 56
119 90
189 183
183 30
179 90
187 165
143 138
184 197
71 72
136 29
156 18
28 41
53 118
163 131
173 116
42 6
124 72
132 70
81 182
192 59
93 22
192 46
94 41
103 74
42 198
128 191
156 104
68 112
4 191
16 118
132 157
14 175
43 150
35 129
126 155
75 80
58 19
86 39
144 36
49 184
161 24
78 126
31 151
123 70
51 24
180 126
2 5
88 12
26 169
171 39
44 20
40 129
191 46
69 162
65 51
179 196
54 24
98 18
178 122
128 178
54 164
154 155
155 110
72 142
124 90
166 61
171 118
169 91
16 113
170 184
154 125
31 185
101 130
99 97
98 41
144 105
114 44
101 90
162 8
184 127
35 65
199 112
63 144
140 80
137 88
77 190
195 182
163 161
168 90
3 192
120 67
123 165
98 134
68 123
4 3
122 137
181 38
187 184
35 99
102 121
29 89
113 150
67 185
167 13
119 37
147 34
163 11
52 1
133 171
58 74
161 149
100 41
148 197
179 153
136 177
77 1
144 107
103 113
7 181
132 52
180 107
200 47
160 60
187 65
47 184
191 33
178 58
117 107
21 6
10 121
53 46
71 92
161 22
75 15
40 73
76 24
78 5
2 150
143 12
160 189
160 69
47 100
14 56
173 38
83 140
14 179
55 17
193 186
29 142
170 117
179 6
122 126
124 184
84 73
163 158
100 10
92 139
191 145
34 101
67 129
10 2
28 59
81 115
154 65
11 6
32 16
124 39
167 93
107 30
146 41
7 3
132 104
145 44
120 149
13 64
72 17
133 74
178 28
156 145
166 37
190 70
61 27
103 106
39 15
66 152
174 30
29 19
178 101
78 32
95 20
29 62
100 135
132 185
123 129
194 91
196 44
178 177
131 186
119 191
35 46
125 155
151 91
186 38
166 179
109 41
123 153
57 105
135 116
135 114
32 36
96 12
68 182
66 65
31 127
200 106
33 57
66 199
48 176
146 118
58 17
81 97
150 30
117 46
161 21
3 90
114 6
200 185
9 30
200 151
185 105
132 45
136 165
58 149
116 3
148 22
119 174
194 66
119 172
180 138
189 30
139 30
123 94
145 39
166 164
173 103
16 109
194 198
132 19
159 115
167 78
86 134
68 79
155 85
195 79
107 138
54 3
143 149
185 12
172 193
137 188
136 135
63 61
159 141
37 58
154 108
116 74
157 149
108 134
37 115
116 104
31 179
167 91
5 134
133 182
186 106
27 104
135 126
13 162
97 158
72 109
123 18
156 102
53 106
14 98
198 164
194 81
174 141
104 93
90 91
18 30
145 188
51 96
126 149
131 171
148 80
19 129
180 196
26 53
159 90
81 104
2 122
60 110
118 1
139 39
108 142
40 94
63 183
78 186
165 139
124 81
177 153
185 158
72 185
31 156
109 84
179 134
42 145
10 113
144 171
100 192
64 110
159 46
5 106
177 149
40 95
189 96
92 78
4 168
25 164
9 111
103 24
135 73
4 100
120 155
117 112
68 120
187 91
98 130
199 24
173 125
195 83
35 62
120 154
78 198
148 24
42 84
165 21
136 50
26 83
63 177
9 40
149 110
186 185
41 85
4 129
136 130
42 73
37 188
27 141
79 88
26 150
10 61
159 11
61 111
42 111
129 182
99 134
167 197
151 2
170 70
12 73
66 64
72 90
19 87
107 12
27 24
79 73
187 182
40 106
156 88
136 84
198 91
166 18
178 2
80 18
71 185
50 38
190 72
144 84
169 20
136 118
165 59
164 182
200 88
89 41
162 85
55 53
38 39
169 88
194 142
60 53
167 152
124 158
113 141
147 40
179 197
32 44
93 30
78 154
68 187
34 109
64 129
104 51
25 76
132 172
74 99
43 164
98 143
113 84
59 182
129 18
120 121
194 57
181 111
71 179
80 197
165 108
71 130
86 18
88 57
50 53
97 57
2 108
26 89
11 41
192 164
196 30
69 188
112 17
102 144
174 152
70 85
25 89
100 64
174 1
42 115
134 24
4 101
168 153
110 20
31 18
177 77
163 111
194 99
117 162
167 45
58 192
140 115
50 161
81 176
71 151
68 122
50 122
114 171
14 44
99 1
25 57
125 34
9 130
68 158
194 122
174 11
94 44
172 58
136 65
124 120
78 30
54 85
102 197
13 92
192 96
146 155
187 154
178 36
54 112
154 38
127 1
25 15
155 152
161 38
54 40
157 91
79 150
149 8
81 117
135 103
159 84
56 12
164 49
114 17
143 113
197 91
160 87
170 133
145 137
192 56
155 44
123 6
132 16
109 162
93 176
178 51
25 58
167 58
66 58
61 49
108 196
189 154
170 126
166 106
166 57
35 57
81 146
54 98
34 38
35 6
97 176
183 158
101 85
166 172
87 44
7 100
9 22
200 188
109 184
154 53
145 101
190 12
135 120
163 15
15 88
37 83
116 130
43 191
192 95
43 173
181 142
180 189
69 127
191 190
40 165
95 105
41 84
86 137
80 161
119 9
192 76
177 137
76 18
116 183
191 32
68 113
63 90
147 108
154 157
63 1
74 27
36 188
36 39
119 107
125 109
35 87
3 190
116 62
199 161
194 141
146 36
62 139
64 150
166 99
123 110
175 108
161 95
179 15
34 122
111 73
28 5
154 190
166 24
155 18
164 152
200 17
136 74
25 129
117 28
180 194
157 72
35 184
79 30
66 12
197 127
143 109
89 57
35 69
2 149
4 86
182 18
143 64
98 57
11 20
31 103
141 6
109 96
161 127
144 27
38 88
68 35
37 74
125 192
188 6
174 177
63 174
166 129
140 11
10 30
192 82
81 20
72 79
116 2
170 81
37 94
132 73
170 77
187 121
43 42
36 142
191 69
176 52
14 89
50 138
97 90
174 40
187 181
189 198
92 76
177 64
186 111
7 142
29 70
50 156
103 138
147 152
78 55
192 24
80 146
133 11
141 52
23 16
86 186
125 121
50 66
92 11
47 10
121 86
141 44
50 97
149 115
63 70
170 183
135 143
76 57
100 70
23 73
161 17
42 80
114 46
37 33
178 24
10 149
168 95
177 161
66 140
54 165
160 24
188 85
13 117
188 134
107 134
163 47
156 52
13 150
103 70
120 17
26 142
50 72
109 138
148 38
166 141
140 36
160 117
59 41
173 172
176 106
128 50
116 6
14 182
117 142
166 98
10 105
43 126
14 28
146 22
89 61
114 45
83 8
55 142
200 4
57 115
160 112
122 111
151 104
168 97
145 129
120 111
26 28
123 161
16 41
148 51
81 118
63 178
68 149
56 138
62 45
193 29
153 150
119 13
170 85
29 137
63 92
123 74
23 116
74 22
194 22
26 105
150 20
87 20
81 149
7 53
58 141
156 2
128 47
43 92
68 191
139 5
52 91
78 148
53 76
16 97
191 28
27 62
43 14
153 184
10 120
71 153
67 141
99 112
200 59
69 15
43 63
136 61
10 138
68 12
128 159
191 199
38 82
131 134
77 6
173 122
189 18
92 97
109 158
174 90
160 67
84 30
128 185
160 141
146 109
68 55
77 111
13 155
144 155
182 6
120 189
93 197
156 22
168 122
56 110
10 86
174 188
151 62
115 52
47 3
112 73
174 53
123 149
116 65
189 153
67 146
25 141
88 1
40 27
60 197
107 11
129 38
157 6
77 93
77 129
163 153
26 139
83 153
10 156
83 114
10 62
9 88
199 42
159 165
167 165
9 38
168 98
98 141
60 89
133 33
27 46
163 165
64 1
98 19
80 76
25 29
199 146
55 147
56 184
135 99
92 56
67 137
98 196
102 139
42 53
164 11
86 149
84 44
136 115
195 8
151 137
81 162
195 123
155 183
43 130
80 137
152 84
173 123
177 106
60 115
199 36
78 14
34 130
123 15
194 129
28 87
194 155
181 11
199 110
97 127
118 84
68 49
200 34
164 184
42 81
76 22
78 155
42 134
179 122
85 30
145 41
160 16
120 83
125 188
77 22
54 118
120 107
173 31
32 48
3 113
14 93
4 137
126 134
75 6
132 36
34 175
189 6
54 187
122 41
25 50
107 5
166 198
117 65
32 21
190 48
182 20
37 55
78 33
19 106
124 77
79 196
46 134
156 8
186 108
71 170
200 102
47 170
42 16
136 150
47 12
48 138
47 189
167 68
78 38
174 109
104 129
177 46
23 169
19 107
117 99
177 16
100 90
156 5
189 22
62 185
75 171
187 58
159 139
133 87
159 24
187 81
40 155
86 142
191 149
51 84
200 92
103 149
140 141
188 183
9 143
178 88
179 127
198 131
192 152
119 156
138 88
144 93
139 127
129 84
69 141
147 122
35 20
107 197
41 1
157 152
23 89
2 94
28 52
121 123
10 42
117 115
60 73
159 34
17 138
172 96
198 11
117 141
199 44
2 91
161 76
95 183
194 105
93 5
147 8
170 50
157 24
173 187
156 150
66 139
128 154
187 137
64 118
29 69
25 171
67 46
116 149
47 30
107 33
120 6
58 143
50 96
95 84
58 6
86 8
133 148
13 74
35 95
189 28
174 148
168 53
167 95
102 3
64 176
131 106
180 73
42 29
172 185
185 118
125 1
177 127
36 38
200 79
91 182
31 138
29 17
192 45
26 25
39 91
166 38
16 76
166 125
135 34
123 65
100 33
192 16
191 194
192 73
77 138
43 117
16 88
173 190
144 106
118 6
43 28
92 50
133 194
55 74
89 48
66 145
68 57
161 169
47 51
140 130
133 21
122 52
128 18
166 187
121 199
78 67
128 96
119 4
37 177
180 21
71 17
69 117
68 69
133 101
194 6
147 48
181 90
76 142
2 59
111 183
54 96
14 120
68 52
47 49
34 145
66 117
125 73
98 118
31 110
113 45
112 169
148 130
4 99
35 48
190 186
105 73
147 69
107 51
197 82
178 192
31 44
200 5
50 15
166 87
161 190
75 67
195 185
72 33
193 40
137 142
94 85
173 157
5 6
19 21
150 138
49 82
71 87
16 38
87 158
63 17
153 158
23 83
167 74
170 182
75 162
92 72
51 127
62 73
190 175
196 1
62 138
117 164
4 90
137 183
150 24
78 104
171 188
126 64
119 198
167 194
80 22
140 104
13 62
102 34
122 74
149 184
48 129
7 125
59 91
112 104
128 182
191 192
131 197
162 6
157 29
168 107
140 19
36 127
87 17
196 24
60 116
102 46
61 142
23 173
179 109
64 49
170 198
172 155
100 188
2 51
190 59
2 126
167 44
181 65
136 185
179 59
132 83
9 144
68 70
178 19
151 131
106 44
55 62
163 94
34 89
119 22
169 138
87 56
29 28
145 118
128 169
71 199
174 190
58 15
149 197
105 134
109 6
130 107
191 173
160 8
200 52
81 15
77 74
136 12
110 76
100 137
128 126
195 139
110 84
80 149
83 85
3 176
7 93
172 3
157 79
194 50
10 182
68 194
76 138
19 169
7 143
27 22
97 115
122 65
23 186
112 87
48 118
63 32
10 101
168 66
16 184
113 175
178 45
135 192
198 109
167 48
136 77
178 86
113 164
109 127
62 188
124 33
191 175
177 115
101 139
25 39
200 20
81 87
49 46
87 175
194 125
174 4
133 146
199 96
108 46
32 51
167 24
189 66
157 115
48 96
179 140
174 134
43 34
7 158
75 188
168 13
167 110
5 96
144 141
153 22
50 79
133 117
162 70
176 49
155 94
34 87
132 175
104 153
26 27
135 81
55 19
23 141
101 6
88 85
78 122
34 117
7 44
140 118
170 68
146 105
92 40
178 125
118 85
189 3
47 144
7 96
83 2
126 115
65 155
166 151
125 103
186 129
173 39
23 28
40 192
160 145
200 112
200 183
26 117
68 75
54 147
140 84
70 127
172 140
91 134
8 44
29 38
145 153
89 99
27 44
186 24
194 143
100 56
60 114
140 116
100 98
34 111
23 69
109 91
58 95
12 183
172 164
119 66
46 85
108 152
143 79
167 139
43 142
66 86
3 21
149 15
119 105
60 80
117 134
66 20
71 160
10 165
60 140
159 106
31 3
2 15
54 30
28 150
130 127
195 93
47 2
19 36
194 164
120 93
147 73
53 57
78 192
42 45
136 151
140 134
77 146
160 61
169 51
64 79
40 6
167 180
121 59
78 194
122 36
170 102
78 31
91 84
163 159
188 33
76 158
173 16
23 65
104 73
48 76
168 149
53 130
23 85
108 105
173 64
63 105
170 61
120 45
148 161
96 158
121 186
7 60
133 94
66 93
69 115
163 75
63 25
26 21
4 97
92 195
10 139
125 8
133 124
26 145
193 51
68 180
145 19
66 106
76 150
128 186
74 152
186 182
136 8
41 91
143 5
23 6
136 87
144 28
40 30
148 101
125 164
99 186
121 197
63 156
173 57
53 165
189 126
83 28
67 95
23 68
186 150
76 106
101 94
179 121
144 188
78 147
49 111
113 5
154 112
167 164
199 118
170 118
35 96
7 59
31 8
69 61
133 109
87 171
68 88
92 24
136 139
110 18
159 44
135 177
157 76
58 152
93 162
83 38
160 80
7 9
79 20
132 62
122 72
199 182
16 105
119 173
2 104
163 156
165 73
29 67
15 38
156 70
83 183
89 182
193 39
168 117
79 12
7 101
116 11
194 158
187 90
178 93
117 171
66 153
133 9
37 197
71 78
173 87
96 39
114 95
143 137
194 157
187 49
23 193
148 76
80 112
31 24
135 172
172 106
132 111
191 93
191 36
122 93
71 11
34 62
49 12
151 90
10 111
32 177
191 152
143 105
191 134
104 56
53 190
89 175
9 116
180 84
147 184
194 130
109 94
32 145
2 162
35 192
168 81
60 137
121 181
170 115
3 56
101 161
133 152
119 182
165 94
43 138
113 184
22 88
121 21
103 38
97 45
188 129
178 147
194 190
67 186
69 131
26 45
16 176
123 16
167 148
64 155
189 93
74 52
179 60
37 198
26 109
173 105
188 44
102 28
13 138
170 164
170 189
94 184
15 96
22 44
149 52
143 107
54 1
112 30
139 88
92 184
38 46
40 153
51 91
54 161
125 151
16 56
152 1
88 73
124 182
93 183
109 175
162 96
159 3
35 15
7 116
101 152
177 184
170 107
125 114
200 82
127 18
143 21
11 45
2 114
70 97
56 79
119 77
159 96
132 53
83 192
108 44
102 81
146 17
54 156
48 108
135 10
160 17
177 189
34 81
96 33
11 171
166 134
167 96
190 108
32 89
123 137
102 125
173 24
187 104
71 146
47 8
78 189
189 192
67 108
166 81
143 186
4 172
156 107
48 44
62 196
168 127
160 89
199 70
185 188
160 186
7 108
100 176
23 187
143 152
31 21
123 182
63 37
156 171
103 53
154 45
47 162
121 104
161 131
40 101
124 38
172 162
28 91
163 108
26 176
168 176
27 17
80 193
68 114
54 59
191 143
71 22
114 176
185 15
146 30
43 170
191 146
125 18
122 39
163 41
143 171
15 158
89 67
193 137
191 144
145 192
23 122
102 124
47 91
67 196
156 164
121 17
145 20
56 127
97 171
136 24
133 37
186 62
165 111
81 164
180 45
40 113
71 133
67 36
50 1
160 129
198 28
195 58
87 5
155 184
28 184
168 69
70 138
43 68
154 91
200 27
166 169
168 20
55 104
145 65
175 44
92 41
113 38
47 106
97 22
170 5
148 74
188 138
103 137
157 18
156 143
150 44
194 90
133 123
184 44
136 5
43 178
50 127
128 58
14 134
68 94
109 8
145 8
156 140
75 177
36 45
33 30
195 188
109 90
63 66
32 61
93 59
60 181
119 81
185 91
131 144
170 129
191 130
4 115
179 85
191 25
126 48
142 111
114 16
100 39
187 75
87 188
50 40
89 87
48 17
29 106
186 169
43 84
47 20
103 18
172 16
168 75
157 111
132 55
83 149
102 162
103 51
99 79
143 110
86 38
190 164
133 3
81 41
177 21
187 140
145 89
171 57
139 18
156 89
151 34
122 141
113 90
139 52
4 12
154 18
27 165
75 156
16 95
122 183
140 86
51 134
82 30
80 98
143 141
187 64
13 67
10 176
162 44
136 63
121 56
167 83
21 91
101 110
200 134
23 133
66 198
164 91
55 117
132 63
43 23
32 34
184 30
83 101
62 11
62 175
167 161
75 70
93 36
26 12
128 41
100 40
50 104
140 196
55 96
142 41
53 153
149 38
29 33
187 69
69 74
26 70
170 87
192 15
26 192
132 176
168 15
68 45
25 52
2 176
66 94
178 17
187 74
117 45
114 188
151 59
60 33
191 165
50 42
166 115
74 139
189 186
30 73
173 50
55 85
7 129
151 21
7 6
178 113
154 115
98 93
37 122
146 8
66 196
153 192
149 118
69 65
37 88
131 127
23 118
64 52
54 68
190 158
37 34
117 38
71 116
97 94
70 152
61 176
130 150
167 122
114 130
79 85
80 29
164 90
168 14
124 93
62 39
29 158
59 21
14 85
179 110
48 127
144 12
65 44
198 95
89 138
148 97
192 196
181 158
111 85
62 127
151 116
177 3
121 3
2 146
179 147
61 109
147 24
170 2
107 183
64 70
126 105
27 30
86 88
128 155
114 104
120 157
71 95
116 144
80 93
31 59
81 3
175 90
69 58
47 199
25 77
33 20
178 21
120 86
55 131
48 5
160 63
75 28
132 106
23 125
123 150
68 157
2 192
186 49
31 186
172 89
42 113
31 194
67 143
178 32
99 96
132 161
167 3
17 6
144 79
158 134
166 117
146 138
174 194
32 108
165 70
55 2
89 129
194 38
29 183
31 140
69 48
126 52
3 22
200 71
48 185
19 16
102 30
3 110
168 183
150 158
170 94
144 41
77 64
147 199
107 106
83 175
42 22
34 93
136 78
46 45
55 48
9 42
75 145
89 153
29 115
34 154
147 27
191 64
151 51
28 57
43 10
56 105
163 70
173 154
86 44
96 18
101 79
64 57
37 57
75 158
164 52
37 109
157 74
147 162
132 110
4 199
69 118
173 150
14 88
77 189
147 99
117 61
115 182
10 87
102 193
68 92
124 154
170 124
3 49
128 77
9 87
75 126
154 143
84 138
200 160
40 39
141 158
63 167
191 53
50 24
50 94
123 53
70 188
177 6
102 107
42 48
68 115
41 115
92 51
31 153
179 84
120 79
169 110
50 116
74 105
23 134
177 99
145 40
179 157
147 93
122 185
58 101
117 130
31 117
136 86
163 4
131 45
75 159
39 33
192 185
130 138
171 196
164 30
128 171
55 105
118 183
135 155
120 169
132 92
50 59
63 124
144 1
60 183
168 175
109 106
7 145
92 156
34 84
192 171
200 83
58 196
193 152
141 82
128 40
2 107
110 138
25 62
159 41
47 32
118 88
126 152
25 135
9 35
137 93
14 141
37 158
125 17
104 183
124 30
43 156
179 24
63 175
28 21
175 33
66 59
168 141
80 5
69 56
32 80
189 188
185 70
130 104
116 67
17 95
189 74
71 48
133 131
168 171
54 53
50 184
191 184
180 22
27 192
110 176
151 186
54 52
60 117
119 28
143 162
43 106
71 23
61 169
168 187
99 76
133 42
68 153
179 58
148 109
151 41
102 146
47 134
129 118
35 90
157 182
191 83
160 120
146 27
145 76
23 39
53 182
86 59
155 105
61 88
122 16
59 127
147 123
63 106
60 142
6 158
170 62
35 10
148 21
157 126
193 36
178 96
160 144
77 117
199 185
187 42
178 181
100 101
199 69
58 30
78 138
54 116
195 74
83 56
16 149
60 145
58 182
123 118
68 134
148 118
160 18
176 197
167 102
98 33
10 36
11 49
90 30
161 111
195 87
10 22
46 30
177 193
67 118
133 17
124 29
180 86
186 20
154 64
46 73
119 187
99 57
137 85
59 158
31 125
66 134
121 28
14 67
177 20
59 30
131 57
133 158
37 173
156 53
3 93
77 188
160 143
129 30
15 106
9 82
43 148
71 4
71 178
173 36
156 58
7 97
14 59
151 110
68 181
193 8
53 104
27 87
2 106
53 122
23 148
1 18
4 160
187 76
178 50
71 64
43 101
119 45
67 104
86 196
143 150
130 93
195 22
168 67
92 177
166 159
177 40
147 98
9 157
95 90
146 73
130 96
184 8
37 38
63 130
100 141
32 111
21 183
31 83
95 106
126 15
162 113
58 186
160 151
163 42
194 27
157 161
124 41
149 171
166 174
103 8
71 161
93 17
192 155
121 69
148 79
193 22
78 162
89 28
13 125
160 194
110 183
43 7
199 181
50 28
126 183
61 6
180 131
23 181
161 141
140 127
55 15
156 65
55 86
68 41
13 14
54 189
25 100
188 111
141 85
180 120
4 69
128 32
75 60
132 199
130 72
100 150
167 92
147 2
129 138
42 103
72 171
120 46
163 8
140 190
187 46
161 87
167 189
75 185
66 5
86 131
103 61
187 103
147 104
191 57
77 197
140 111
11 15
61 76
124 123
25 46
163 116
63 73
42 169
102 20
66 90
113 176
195 172
177 51
105 182
13 151
192 12
54 104
163 82
113 139
54 57
90 111
145 58
6 24
163 14
126 96
137 110
77 162
47 191
132 120
34 137
181 51
190 36
3 70
43 124
133 100
160 181
23 70
14 76
86 162
163 21
78 60
32 169
194 49
84 57
154 61
113 106
17 150
75 102
148 189
169 12
13 108
128 6
173 51
102 2
81 106
81 127
19 48
178 142
65 45
188 115
69 59
70 183
64 108
53 20
193 59
4 107
122 131
93 134
170 127
189 113
140 96
140 44
50 39
86 158
181 62
74 73
140 143
121 64
23 128
147 171
140 1
178 184
43 123
160 56
54 79
146 46
148 140
121 113
100 75
167 20
36 111
160 125
174 21
104 186
7 182
132 75
187 53
92 114
43 78
36 44
37 135
32 2
77 76
132 174
200 125
156 110
122 90
63 46
9 20
2 20
184 46
40 21
55 109
153 59
67 188
121 182
136 62
93 45
120 152
179 192
118 96
118 111
89 95
86 80
37 51
98 99
62 30
78 45
160 102
13 143
173 108
61 138
4 198
125 2
10 108
48 141
151 165
99 41
81 57
128 92
137 46
78 157
176 51
187 130
60 62
90 73
131 105
167 179
75 123
112 105
110 97
31 120
189 105
192 21
167 136
128 88
42 44
67 70
35 181
50 80
136 93
132 178
140 142
178 155
86 6
54 58
15 138
143 52
176 152
107 41
187 186
100 5
133 121
105 91
92 125
181 97
67 114
15 45
103 101
187 138
163 20
11 82
104 87
47 177
78 91
25 162
156 101
77 147
135 96
148 110
153 6
171 44
118 138
104 182
191 108
92 94
169 141
192 6
171 45
55 88
114 49
53 107
59 169
174 176
119 49
67 15
75 18
167 107
127 6
32 17
92 164
144 95
5 141
12 24
19 185
104 127
53 27
155 141
131 188
32 114
66 81
179 16
63 58
31 10
67 24
184 183
173 76
35 72
23 139
15 12
10 77
199 97
190 110
98 97
70 22
145 152
31 97
101 73
153 111
191 78
124 138
23 92
31 40
68 8
37 111
109 51
4 153
114 164
56 39
14 48
191 139
179 83
198 40
192 134
120 98
10 89
2 127
71 41
195 137
17 1
4 18
147 80
191 99
25 91
114 108
170 74
132 195
7 137
94 150
9 39
120 65
68 116
14 101
35 38
107 105
67 19
40 126
109 141
83 22
7 133
189 184
174 120
194 181
122 51
92 150
81 192
22 158
193 73
10 144
3 57
126 108
193 5
63 140
72 192
101 45
124 89
199 143
100 198
102 122
174 79
144 17
126 1
26 131
97 85
50 108
86 183
32 116
100 130
124 197
103 141
80 85
32 65
148 30
66 150
22 141
9 162
109 108
166 40
180 172
16 59
192 20
49 57
34 52
26 33
63 179
133 185
68 147
190 1
94 158
195 109
39 85
55 94
71 138
27 115
77 137
131 12
50 126
187 32
83 142
105 183
4 81
69 158
199 138
145 109
17 79
122 91
13 161
32 122
62 152
9 100
199 64
173 82
166 64
38 12
13 79
26 149
145 64
153 16
168 87
150 84
195 141
76 84
123 115
104 49
16 33
123 1
99 109
137 90
58 11
173 149
25 80
129 45
56 91
94 49
32 113
120 88
172 18
170 67
119 133
123 96
190 76
37 35
160 184
136 32
72 108
176 111
87 52
156 147
63 121
103 190
11 105
169 39
104 30
110 52
148 94
109 152
60 185
23 157
198 103
21 15
191 121
114 79
148 62
66 73
132 87
35 197
101 97
178 120
123 33
60 42
98 162
92 186
43 187
66 146
63 184
23 104
107 56
93 118
144 129
65 106
14 192
101 142
99 73
81 86
163 145
139 8
28 169
40 114
49 15
29 12
128 49
174 18
152 142
156 122
136 45
117 58
102 82
187 20
77 38
68 16
32 117
31 88
168 181
189 197
8 45
177 79
111 57
34 90
180 121
42 188
102 93
78 11
75 92
68 10
50 44
4 178
81 52
179 176
195 181
163 114
189 152
122 28
190 131
161 150
149 85
3 39
9 5
128 119
86 171
196 88
195 198
136 49
154 134
10 33
194 101
34 29
102 85
78 69
167 36
163 90
122 70
144 158
165 49
153 175
110 91
128 177
23 161
14 178
180 69
74 76
148 77
140 8
89 82
44 138
66 1
102 171
70 5
38 134
4 30
81 16
146 57
75 155
114 137
83 150
114 127
194 104
23 129
31 60
164 12
147 175
179 20
198 138
66 39
147 198
163 133
173 161
38 18
41 6
50 141
139 38
128 108
200 81
176 150
136 110
191 49
99 8
135 77
9 49
191 22
68 64
173 192
166 196
35 17
81 95
199 52
95 38
42 64
27 169
191 38
43 93
78 93
166 69
108 33
143 38
193 82
77 113
8 138
149 41
25 138
21 45
90 20
135 199
151 117
9 54
42 104
174 103
194 165
100 8
101 36
146 141
94 33
167 1
47 103
161 51
161 39
75 164
140 2
128 105
68 151
98 111
143 62
180 152
13 82
21 73
35 83
198 53
197 41
32 76
152 21
182 111
15 33
7 1
111 1
76 38
14 32
101 93
132 105
117 64
63 157
54 77
173 188
114 175
17 24
119 35
78 151
11 96
160 134
94 182
173 21
99 107
132 38
140 138
83 169
25 146
121 87
26 184
153 62
164 197
140 6
40 164
10 131
180 42
147 58
96 88
80 79
195 69
110 182
47 185
125 152
120 24
29 129
89 196
95 76
29 153
191 18
47 15
120 11
55 16
154 74
121 67
155 21
29 73
25 120
165 79
116 162
160 140
190 79
193 155
13 28
16 129
125 105
194 186
26 174
55 59
17 129
140 129
167 154
71 183
116 165
149 76
200 65
178 67
86 130
199 113
16 94
125 62
74 12
83 93
15 73
13 44
62 6
163 66
165 33
107 108
9 190
119 21
86 90
157 62
178 172
43 47
156 123
168 62
175 96
95 97
136 138
92 130
65 38
51 30
68 53
77 8
16 51
43 146
146 45
17 45
4 126
168 154
42 79
166 103
54 197
4 89
193 129
4 34
8 150
107 182
4 139
49 1
123 103
34 108
192 57
71 166
65 15
102 190
116 161
89 96
83 94
42 127
54 131
166 65
55 5
26 41
109 65
43 185
63 75
77 198
7 126
80 113
99 88
191 15
64 24
68 24
87 84
128 95
82 44
58 57
117 70
89 18
86 192
190 15
23 136
200 121
185 139
72 165
87 70
195 39
41 127
14 35
166 45
64 44
103 153
4 151
50 112
55 192
11 33
194 42
181 110
100 197
148 120
34 169
3 16
8 49
128 142
75 179
124 1
21 142
50 125
143 24
50 41
167 51
77 33
55 82
92 60
37 24
120 96
98 82
60 96
168 5
113 142
53 112
124 125
157 114
200 55
159 190
83 164
100 65
42 90
63 153
26 191
34 65
140 79
120 97
150 118
126 165
131 15
195 122
27 39
26 84
148 154
10 140
119 169
124 52
157 86
53 51
151 81
71 2
172 131
157 193
26 134
78 188
9 147
137 164
191 148
117 30
17 8
126 99
151 122
163 95
69 85
10 177
111 18
170 186
98 89
132 189
54 70
114 1
89 79
27 88
136 11
192 97
67 91
54 113
172 81
15 85
25 179
121 153
106 85
68 159
68 56
180 105
163 120
94 5
180 41
54 75
192 39
47 187
70 129
53 30
92 35
102 22
159 155
71 169
128 66
122 114
23 135
200 23
83 117
68 59
180 15
160 123
174 2
113 129
126 114
112 36
7 122
163 86
189 146
133 120
48 188
145 49
77 20
56 176
130 90
172 24
117 146
74 130
128 25
65 84
194 137
169 176
181 41
124 161
190 56
190 129
117 114
168 156
16 11
69 150
98 44
149 150
161 137
23 93
152 91
2 11
157 142
200 3
28 46
108 57
173 8
74 134
75 39
178 199
17 155
119 175
177 36
132 153
131 94
162 185
10 112
72 16
144 16
150 142
172 2
53 69
7 196
42 49
74 57
34 113
191 129
28 44
152 88
55 24
40 91
45 30
2 57
6 73
124 146
116 118
7 175
35 186
142 141
14 129
10 146
100 88
63 72
151 99
126 143
25 93
179 93
113 65
98 79
87 118
35 158
173 195
32 5
99 197
136 145
78 10
132 31
119 88
72 137
126 129
51 111
43 55
153 28
163 89
148 31
43 159
176 22
60 66
147 142
172 192
165 185
197 45
71 98
172 190
152 33
180 158
143 153
58 175
21 134
107 127
103 175
163 148
4 74
108 51
17 15
120 41
100 45
89 137
138 12
150 52
83 190
119 34
200 139
90 134
174 170
52 138
175 79
28 12
75 186
83 86
135 123
60 184
151 52
103 21
125 79
156 35
101 141
168 88
175 88
98 69
178 39
197 84
9 98
14 144
80 87
56 96
43 192
148 11
112 8
166 15
174 143
128 179
163 130
143 127
143 182
147 20
76 197
117 15
29 118
197 115
156 151
26 55
86 11
169 197
160 147
8 196
163 122
103 183
9 50
38 33
196 182
9 125
166 160
199 15
85 73
3 59
99 183
194 20
64 56
162 41
108 129
26 59
50 158
154 97
136 137
104 118
86 99
112 185
157 64
37 123
73 20
32 107
112 197
135 131
167 82
163 31
2 8
40 139
178 11
40 171
48 95
128 158
166 152
119 176
32 56
13 41
80 48
47 146
13 153
61 45
38 52
131 44
10 130
120 126
103 90
108 138
164 106
182 158
137 87
123 175
140 106
25 176
28 141
125 197
13 198
49 22
200 150
69 113
168 36
103 41
172 152
131 182
154 146
161 126
196 183
48 196
133 85
2 155
13 98
9 146
28 30
17 118
117 16
80 20
145 171
103 107
11 8
141 1
170 154
72 1
98 139
11 21
66 175
2 175
125 184
174 137
104 62
117 161
116 21
200 94
63 186
132 108
154 151
60 6
10 157
44 134
43 102
19 6
180 193
168 193
78 18
50 3
72 176
117 169
157 94
104 155
86 16
198 79
191 158
167 176
26 42
54 38
50 131
119 159
194 61
32 53
28 48
48 15
175 110
102 164
2 153
120 19
145 11
95 150
137 175
116 76
69 142
150 22
126 61
110 11
130 141
67 96
102 186
199 20
189 101
26 151
170 44
32 52
79 184
199 27
193 44
10 64
83 12
104 84
179 39
93 138
191 177
23 79
160 38
111 91
37 13
7 155
92 64
163 124
128 193
81 45
186 48
98 59
161 49
133 181
149 183
72 139
181 106
108 22
27 91
59 45
54 90
40 197
19 150
80 36
156 30
106 142
153 118
32 83
165 15
174 28
151 181
121 57
26 73
72 65
78 96
26 175
70 106
8 152
151 106
156 169
117 118
136 52
68 72
195 152
61 56
2 138
10 192
190 182
84 158
148 184
188 24
95 129
159 151
100 181
125 153
187 95
66 46
16 30
50 11
37 139
148 19
64 8
35 53
27 73
29 161
27 72
116 139
131 28
124 169
194 72
77 192
67 72
54 136
147 137
95 182
119 146
148 141
174 93
138 20
193 182
76 73
47 165
174 149
36 73
170 80
187 155
200 18
124 104
78 36
191 21
174 92
53 138
157 169
96 57
108 45
26 173
4 22
177 62
47 83
17 149
93 152
135 196
84 82
122 99
188 196
162 21
116 155
124 24
5 115
4 68
154 142
166 54
48 149
65 12
200 155
13 15
144 56
99 17
160 42
42 106
174 167
167 40
181 184
62 88
68 63
10 172
78 125
65 18
133 66
142 138
171 18
76 196
71 44
168 170
190 184
133 144
26 67
87 41
195 61
160 73
151 85
4 98
148 164
54 82
31 72
144 115
118 127
130 175
187 126
110 134
198 152
141 30
177 61
192 41
184 18
132 12
145 115
173 70
143 49
180 32
81 184
47 38
185 76
119 177
199 198
167 11
189 149
27 142
200 117
11 152
149 11
70 158
187 16
130 106
159 76
4 175
187 3
126 33
146 114
165 95
118 82
13 6
3 115
25 139
136 111
23 190
146 61
119 73
47 70
40 85
163 99
93 107
136 90
168 50
29 117
40 62
37 105
80 94
3 111
153 155
103 58
107 169
155 1
92 1
200 42
120 171
123 99
119 184
171 91
190 105
35 32
77 169
21 18
54 186
80 171
74 182
185 111
95 111
78 90
113 96
119 180
3 65
137 84
80 90
71 196
135 86
38 21
159 20
145 45
199 3
56 188
142 82
124 137
189 8
100 159
27 79
157 65
174 154
43 6
89 162
102 62
199 56
74 39
126 45
135 83
113 44
136 57
42 181
119 74
25 75
145 105
40 105
190 67
166 75
132 21
152 39
132 179
88 33
122 112
14 73
120 64
149 45
180 91
116 137
168 2
147 74
128 125
128 38
119 39
180 66
50 98
190 113
98 171
151 56
81 175
56 41
101 28
86 87
126 192
159 66
43 27
26 136
19 139
145 99
126 110
102 147
122 27
56 183
198 65
130 5
26 107
28 90
131 84
92 88
14 186
13 81
80 104
14 50
23 61
187 92
42 76
60 35
192 183
14 130
161 112
197 57
174 135
26 58
12 182
191 120
100 189
60 29
82 73
200 135
74 109
144 88
191 65
4 17
23 19
117 20
63 80
199 152
80 88
166 171
70 171
103 22
140 17
160 199
25 108
112 162
172 11
78 182
167 158
132 25
162 84
47 6
125 64
3 95
43 100
7 12
17 18
136 121
173 66
63 22
156 186
149 94
93 1
176 105
40 70
124 106
103 82
84 52
77 49
181 87
25 69
31 181
190 141
161 52
79 183
29 20
68 126
40 24
192 49
185 22
102 70
92 138
173 32
26 106
189 41
154 59
74 127
11 108
148 45
174 78
7 14
81 12
118 73
147 193
145 131
163 135
173 144
192 137
7 95
168 25
25 106
83 125
145 72
120 145
43 161
129 85
28 51
165 41
113 30
128 138
133 150
172 12
137 107
60 46
50 169
60 153
179 143
128 12
68 131
165 48
167 88
78 74
78 169
117 94
171 38
162 76
195 99
131 95
23 164
192 79
77 83
149 141
193 64
174 50
128 44
166 105
77 69
76 52
80 108
10 199
120 175
155 70
180 146
173 181
47 156
34 67
125 142
131 17
184 45
92 62
50 64
131 129
107 110
69 130
37 39
140 33
75 150
111 46
156 85
80 116
167 30
192 22
63 78
128 110
80 12
29 196
195 190
174 107
68 42
72 18
91 18
32 98
37 179
170 109
103 81
32 153
137 149
40 49
68 148
37 171
113 18
27 110
154 123
116 115
163 117
191 87
170 173
135 137
178 127
194 147
177 34
113 76
163 6
96 38
133 29
174 181
29 164
171 6
140 153
124 96
34 196
7 67
9 33
101 62
126 127
54 188
102 137
113 39
189 48
10 52
19 73
173 152
189 12
187 125
180 118
106 46
4 186
186 41
26 119
136 4
147 18
8 105
54 194
29 116
120 1
29 87
187 19
195 77
74 138
192 38
165 56
168 21
189 137
75 62
8 134
54 148
178 84
42 186
187 116
100 140
42 130
109 113
7 34
169 182
111 115
9 136
110 30
168 182
185 184
50 35
40 115
151 153
119 185
65 5
163 28
124 48
34 88
100 127
7 167
129 46
133 199
81 123
61 139
156 161
127 134
26 121
133 53
92 127
75 122
160 193
103 117
124 95
148 115
185 6
60 88
124 16
111 45
3 130
26 68
61 127
13 57
138 1
147 181
115 45
55 79
178 130
187 117
200 190
167 199
98 114
29 122
154 192
66 62
94 197
151 70
187 22
180 88
154 164
60 10
117 192
54 28
7 63
171 129
17 96
60 16
100 180
173 20
168 194
149 188
64 84
162 158
35 109
14 1
67 138
27 51
177 28
67 130
37 180
27 5
53 73
89 90
167 115
148 17
170 138
146 51
194 58
36 15
146 90
120 69
11 118
157 84
158 18
102 115
104 28
147 106
135 74
60 101
157 105
54 35
26 138
187 108
193 104
77 56
7 46
34 70
113 158
7 87
181 114
68 27
125 99
53 162
172 6
42 85
71 110
127 182
43 76
77 97
43 85
177 146
4 61
13 34
159 15
156 3
40 12
9 192
176 84
89 49
2 101
27 130
192 84
117 12
167 98
3 61
108 20
166 163
123 39
94 57
99 139
34 99
32 198
3 142
184 196
61 22
174 157
130 115
18 45
94 88
145 114
170 177
92 53
132 138
156 67
148 150
170 193
156 84
162 62
179 114
26 15
31 35
133 114
77 58
148 28
7 190
2 67
95 96
132 152
102 96
63 185
83 198
43 79
32 172
43 118
87 62
103 16
198 19
55 127
53 21
199 141
57 44
130 59
87 150
199 22
114 138
88 158
31 114
133 151
29 97
55 95
25 51
13 80
154 20
178 194
116 107
165 18
67 64
66 193
14 195
55 33
133 95
147 1
132 10
43 197
171 15
114 184
102 116
60 150
7 144
140 99
194 70
156 93
31 101
4 29
47 14
199 62
141 115
127 90
34 134
16 138
43 165
166 82
137 139
75 64
80 96
193 113
170 57
135 129
178 79
71 187
128 157
156 199
148 61
181 101
37 126
40 162
87 111
42 94
120 144
193 87
60 70
31 56
93 73
75 116
86 40
163 79
60 48
165 76
163 197
54 47
136 169
9 145
63 120
92 30
65 95
151 64
165 137
180 184
144 20
65 196
119 129
133 137
163 3
109 46
119 114
14 36
4 75
70 20
22 6
191 140
33 85
163 55
92 188
63 137
58 44
139 96
163 18
71 191
133 45
179 19
160 157
157 90
157 109
94 1
156 181
185 41
56 57
107 46
177 112
51 12
27 107
181 129
96 183
100 79
117 5
178 105
37 84
137 152
153 30
140 98
14 72
83 144
58 87
53 193
153 185
80 45
31 16
61 5
58 79
179 145
187 123
15 197
65 41
104 150
147 94
67 8
40 110
132 136
101 16
130 36
164 1
97 138
170 143
25 188
126 12
179 115
102 49
160 58
168 48
155 15
195 48
126 139
112 171
59 176
63 14
92 143
59 39
36 90
36 82
195 5
13 95
173 60
59 197
104 188
109 21
99 44
78 141
181 99
16 155
32 197
8 84
178 34
47 180
160 185
37 80
125 131
43 48
23 1
81 109
81 108
30 1
32 70
118 12
166 36
187 150
141 38
117 184
42 193
168 52
71 91
194 182
120 73
79 158
114 97
132 184
93 44
167 169
77 142
116 39
170 135
189 83
172 165
23 127
179 45
116 16
167 106
101 59
43 193
159 185
119 112
156 39
8 82
93 106
140 158
182 82
168 131
83 161
186 95
133 191
135 19
133 61
58 90
10 74
102 83
55 139
156 129
35 89
136 113
168 115
133 48
64 59
86 123
98 52
9 137
147 19
27 82
178 64
87 196
100 13
61 137
200 118
47 76
7 51
21 52
31 65
173 22
102 80
194 144
130 129
157 181
51 150
180 82
142 45
25 127
60 162
8 41
66 67
10 152
60 74
136 154
113 88
151 120
11 22
184 22
26 81
66 79
171 111
61 79
60 188
28 22
95 85
78 140
140 152
47 68
177 113
172 30
69 176
170 27
193 171
167 12
98 62
184 150
122 48
107 59
178 108
135 85
194 73
200 39
135 57
148 149
122 110
28 76
90 183
198 130
72 96
56 21
31 32
24 85
68 103
32 144
80 185
55 97
197 141
191 95
26 179
156 56
68 76
128 91
163 93
166 89
168 64
124 60
23 80
170 190
62 84
159 153
98 176
61 21
49 21
8 96
165 90
190 93
25 193
54 11
36 129
100 99
92 118
9 72
174 139
136 112
14 94
112 164
179 120
63 114
3 45
48 152
187 83
75 49
117 106
68 67
92 106
9 11
65 118
47 85
102 155
189 73
151 101
170 88
140 183
160 100
140 103
23 179
102 18
54 97
7 13
101 182
67 111
186 196
99 18
181 138
155 33
34 131
117 104
168 137
113 33
117 84
199 120
144 46
59 46
2 74
121 198
178 140
31 42
172 29
168 39
7 104
10 12
8 188
9 56
149 139
14 96
93 155
71 163
173 131
14 142
162 176
161 73
192 105
52 158
123 17
110 185
55 57
174 68
66 83
159 111
102 39
197 24
151 193
161 18
63 98
112 41
188 118
3 108
173 104
69 22
13 77
117 90
99 15
200 167
153 169
104 20
144 39
114 57
117 138
119 54
99 176
78 29
129 1
50 153
147 169
26 48
78 196
132 113
133 140
135 41
77 3
150 141
82 52
169 105
94 76
200 67
190 39
61 48
37 11
163 110
68 173
164 88
13 123
87 176
113 95
68 84
106 84
124 45
43 60
52 20
95 185
195 157
174 83
139 79
