InstanceID
4_50_4
NumObjects
50
NumFactors
4
Weights
68.0079235935741
87.44368931121159
92.40700869281602
92.93362188436957
62.523911932985364
73.72536964322968
26.73581042233799
80.4477516410931
44.34328380889292
73.23803795584212
38.88589512567495
49.55583165349926
53.97510865901833
81.17783064161577
50.722699046215446
41.69909510790926
28.906841743074697
37.65530906728045
28.01458818655609
40.2993319872788
16.992428846217898
85.92225608677752
78.82012859966774
14.83807603795988
35.65712166362027
83.79534555756175
73.46267818124655
59.476110248015715
41.8755275478452
67.32113861862415
3.9378741667074335
23.647197345962123
8.342546392153395
58.2014006809193
70.72989108521752
66.03653721367131
48.350834578774695
69.14027300091001
70.9770462470501
2.147311112683825
22.964572477762758
83.61783499841904
25.14557834252271
45.271634596433444
45.12079389806842
40.779356149828885
60.46160080407035
49.77127635092291
87.10336786393624
68.79427988885803
Budget
1330.700479343442
Profits
-13.601584718714822
-17.488737862242317
-18.481401738563203
-18.586724376873914
-12.504782386597073
-14.745073928645937
-5.347162084467598
-16.08955032821862
-8.868656761778585
-14.647607591168423
-7.7771790251349895
-9.911166330699853
-10.795021731803667
-16.235566128323153
-10.144539809243089
-8.339819021581851
-5.781368348614939
-7.531061813456089
-5.602917637311218
-8.05986639745576
-3.3984857692435795
-17.184451217355505
-15.764025719933548
-2.967615207591976
-7.1314243327240545
-16.75906911151235
-14.692535636249309
-11.895222049603143
-8.37510550956904
-13.464227723724829
-0.7875748333414867
-4.729439469192425
-1.668509278430679
-11.64028013618386
-14.145978217043503
-13.207307442734262
-9.670166915754939
-13.828054600182003
-14.19540924941002
-0.429462222536765
-4.592914495552551
-16.723566999683808
-5.029115668504542
-9.054326919286689
-9.024158779613684
-8.155871229965777
-12.09232016081407
-9.954255270184582
-17.420673572787248
-13.758855977771606
FactorLoading
0.5957091763128772	0.2672418616634904	0.13646319938823193	0.0005857626354004442
0.010708560888892826	-0.05070324699322404	0.9176898650513572	0.020898327066525946
-0.058303323337944635	0.6206355684678697	0.17976308413941755	-0.1412980240547681
0.45606307214534425	0.18116569904413082	-0.029904725591252568	-0.33286650321927236
0.04526291963803719	0.5946607601422644	-0.2778041846977175	0.08227213552198087
-0.2856144995531362	0.2485912345068455	0.17484352437823758	-0.2909507415617807
0.528688861381428	0.031463280204059973	-0.20267325218147603	-0.237174606233036
0.23107042850853166	-0.007393685003593831	-0.1753399602218404	0.5861959262660341
0.09867061061522153	-0.29489966968233583	-0.14393340674031663	0.462496312962126
0.6476512071896754	0.1898239812472502	0.16129325968450736	0.0012315518785670498
-0.07178923385808789	-0.19363533405118005	0.03156404281024927	0.7030113892804828
-0.02045447423639324	-0.3999321577852242	0.5228780079229036	0.05673536005547897
0.26633615505198427	0.16577141608799306	0.37099663110930203	-0.19689579775072064
0.10602232401239187	0.29081828190042613	0.5667808629182973	0.036378531168884676
-0.34347577570743404	-0.02375301140382735	0.3718120535689893	-0.26095915931974933
0.3395559912491626	0.37598294822474765	0.20657807848580867	-0.0778829820402811
0.17118734019410065	-0.5773882949821842	0.2474341168207992	0.003990248002915919
0.21244456748914886	0.10331255213325918	-0.43618161593087446	0.2480612644467175
-0.016464524824958193	-0.5930813158593011	0.32153558141389893	-0.06891857790184175
-0.36216637740534985	0.1284124672733622	-0.3268804694102101	-0.18254068591107786
-0.1055815668906892	0.6121018631347124	0.10433198826859247	-0.17798458170600595
-0.1077528040323712	-0.030490367170521893	-0.668187876973585	-0.19356895182352196
0.1177084496322589	0.18773897913994597	-0.5445050275180112	0.1500475437097839
-0.08639015174078368	-0.3791717237866232	0.5136732787707692	0.02076484570182391
-0.015886148055016536	0.5754331209348358	0.047160204068865674	0.361520526941282
0.13887929442893432	0.2868609444098076	-0.14746616099409304	-0.42679360016716505
0.09949542485507346	0.3275945861344163	-0.4105684622392831	0.16234152677122715
0.23587810093188422	0.18724566060942616	0.4707347908875672	-0.10614144757112243
0.1341692558130585	-0.5644060151244117	0.2832779653686004	0.018146763693929424
0.7352259277650837	0.06479752015706342	0.15327438102936308	-0.04670217104848984
0.41373173592259027	0.12778850193916802	0.22657794572473833	0.23190181641350338
-0.21603754016655818	0.36317924670735136	-0.18035582704408282	0.24042738608200764
0.7275660528021064	0.050922306436186116	0.13959480813495384	0.08191683262675364
0.4875544253728785	-0.0521160140406407	-0.3038757916974928	-0.156453768888988
-0.15492817550814109	0.15391135673677447	-0.6820331802279924	-0.00912728752709202
0.01134554868009685	0.09969521377819657	0.5841472400217922	-0.3048119975199144
0.24530841768455924	-0.5709852021147357	-0.02213185281457286	-0.1615745273861322
0.25214382547499303	0.05879043364631098	0.16147316361205277	0.5275925772666432
0.040241016213859115	0.38834754052289755	0.18413893494355604	0.3872725083196873
-0.11515936423296225	-0.0197539031881504	0.34141566449600536	-0.523671068082882
-0.08227197042875556	0.034604147133376895	-0.2913955557385015	-0.591728326699366
-0.5245333711595046	0.3077821365729949	0.02265725294133092	-0.14502723932616957
0.00625734562014113	0.9534737570236731	-0.03478786789121635	0.0054810294649694224
-0.1568135467484002	0.3754929955550421	-0.24258774553163787	-0.2251057121649198
-0.6830017845052518	0.05815295533203879	0.19496639152441841	-0.06387886863829095
0.5810917179852078	-0.24938703782434368	0.03394409689843836	0.1355771472920102
-0.09321009185831719	-0.7229899323092948	0.1520042679597977	-0.03179570787259034
0.3812575137730594	0.035474021833932	-0.5496666256488998	-0.033601838744108825
-0.5558043185351729	0.051451146931027925	-0.36775177120346014	0.024992763330339063
-0.2847965887288877	0.13724541199146345	-0.23756081129521456	-0.3403971879844343
Conflicts
4 35
8 45
41 1
31 11
41 20
43 9
2 49
21 18
14 36
43 33
26 29
31 42
34 48
24 18
40 8
48 12
29 28
23 19
35 3
16 1
9 30
5 30
12 33
22 39
25 38
29 19
17 1
19 17
23 46
49 20
41 6
28 45
46 20
50 46
15 45
34 38
9 47
48 38
17 12
35 39
2 28
26 13
31 8
25 50
14 44
29 36
47 22
28 1
36 21
19 20
17 18
47 41
37 32
10 20
50 36
46 30
10 6
7 14
10 11
21 20
23 34
26 8
14 45
16 45
14 46
23 1
32 1
28 5
47 29
43 3
25 11
2 19
40 46
48 24
26 46
13 31
32 24
49 24
37 31
14 3
8 44
42 40
11 15
5 22
4 14
43 36
25 19
43 8
7 45
43 14
47 21
23 50
42 24
25 48
16 15
43 2
23 41
2 24
23 28
50 24
9 6
35 8
3 39
28 21
3 30
27 5
6 33
37 8
8 30
37 1
5 38
29 39
8 33
5 12
39 24
25 35
48 6
34 19
26 4
49 21
11 39
10 35
25 41
7 49
36 1
22 18
48 36
9 2
50 11
40 44
44 45
38 20
35 29
2 5
26 19
50 32
37 48
17 20
31 33
43 47
47 8
8 39
26 49
4 15
2 3
19 41
43 17
6 30
20 45
9 50
5 33
19 38
32 45
42 34
14 21
5 24
42 36
23 24
8 1
16 36
47 49
27 21
5 20
34 8
50 16
38 6
26 39
13 44
27 1
25 45
4 24
34 15
9 41
50 19
23 10
47 42
22 44
32 40
26 24
28 6
32 12
23 8
37 29
21 38
31 38
15 6
3 48
48 15
50 34
23 49
41 12
19 36
23 32
37 44
40 5
42 17
13 19
23 33
32 28
2 41
23 37
42 20
31 30
37 5
50 5
47 38
31 21
26 14
19 6
31 1
3 46
41 45
26 50
43 50
25 39
4 17
17 30
35 24
9 19
43 24
37 24
3 27
25 5
9 11
3 19
10 2
35 6
26 23
19 49
44 12
28 16
35 15
19 22
4 48
37 41
10 33
19 16
26 45
4 38
4 13
25 31
32 49
50 21
14 10
32 38
3 24
47 19
7 25
23 42
50 15
29 8
39 46
40 48
7 4
25 27
9 14
37 40
37 2
43 41
23 31
34 12
35 49
28 39
7 50
27 18
43 15
9 36
32 5
25 34
11 30
43 29
15 44
36 6
3 21
34 21
16 38
15 33
38 18
50 22
14 24
35 33
14 6
49 39
13 14
43 46
14 5
36 20
21 39
49 12
9 24
28 30
23 12
6 45
7 15
13 46
32 39
10 5
22 38
10 39
4 19
36 38
31 36
50 2
26 20
28 15
8 38
37 11
29 1
9 28
48 1
26 25
23 35
46 18
14 11
36 15
7 33
37 18
26 35
23 48
2 38
9 29
40 39
35 22
26 9
7 39
27 48
50 28
8 6
36 39
2 40
22 15
9 20
25 24
31 48
4 45
9 5
19 39
50 20
39 30
25 14
47 40
22 1
13 36
43 20
13 30
2 12
3 1
32 35
28 38
13 29
29 27
7 24
20 24
33 20
49 38
21 45
37 12
42 30
11 18
16 21
14 18
42 27
25 21
11 5
4 30
26 17
23 30
32 15
42 1
43 12
32 17
6 12
6 44
32 42
17 21
7 1
35 48
21 6
36 30
40 22
13 16
7 2
4 27
22 6
29 45
34 1
9 17
47 17
13 24
2 11
23 7
19 28
27 17
3 12
8 49
26 32
10 44
32 34
28 22
10 30
44 18
42 33
26 15
5 46
7 35
25 6
19 46
34 28
28 17
14 40
8 22
3 16
36 44
15 24
14 49
41 33
43 5
7 5
7 10
36 46
5 41
28 24
9 48
9 40
49 22
37 10
25 46
27 39
7 11
4 41
2 29
38 44
48 21
14 12
40 41
38 30
49 15
37 27
16 12
47 25
13 50
26 38
4 33
26 6
31 41
21 12
26 36
23 14
13 11
25 22
26 22
8 15
28 48
37 22
32 36
2 44
9 13
4 18
34 11
30 20
47 27
13 18
47 34
4 9
3 22
42 2
13 41
22 45
41 39
49 41
28 20
26 16
10 22
13 2
43 10
26 47
49 33
19 30
42 22
13 38
23 3
42 8
50 40
9 18
14 31
4 42
42 29
47 14
25 42
4 34
46 45
2 46
16 46
3 44
5 39
17 38
38 1
48 8
26 28
50 6
4 44
9 42
11 49
32 3
15 20
4 32
33 24
15 30
45 24
16 6
32 29
44 24
7 20
13 49
21 22
7 40
3 18
38 24
14 41
7 46
28 11
12 24
47 44
34 44
13 48
7 8
6 20
42 49
9 12
17 6
29 5
32 48
23 38
9 34
23 45
4 12
21 46
46 44
7 34
11 44
28 8
2 45
19 21
42 48
2 20
37 38
32 33
48 46
34 39
34 18
49 45
31 40
23 6
14 19
31 24
40 15
26 3
47 45
9 38
15 46
37 13
34 40
31 32
50 30
3 40
50 42
36 33
10 17
42 44
1 20
22 33
27 49
23 47
37 17
32 21
25 36
34 2
28 18
43 21
44 20
29 40
11 24
10 27
34 27
29 41
29 22
9 16
50 3
17 49
13 25
11 33
39 12
23 36
22 46
11 12
31 6
34 45
49 44
25 29
21 33
27 8
29 17
25 3
13 28
37 14
13 10
16 11
48 18
9 15
34 36
26 27
5 15
48 39
