InstanceID
4_60_4
NumObjects
60
NumFactors
4
Weights
68.0079235935741
87.44368931121159
92.40700869281602
92.93362188436957
62.523911932985364
73.72536964322968
26.73581042233799
80.4477516410931
44.34328380889292
73.23803795584212
38.88589512567495
49.55583165349926
53.97510865901833
81.17783064161577
50.722699046215446
41.69909510790926
28.906841743074697
37.65530906728045
28.01458818655609
40.2993319872788
16.992428846217898
85.92225608677752
78.82012859966774
14.83807603795988
35.65712166362027
83.79534555756175
73.46267818124655
59.476110248015715
41.8755275478452
67.32113861862415
3.9378741667074335
23.647197345962123
8.342546392153395
58.2014006809193
70.72989108521752
66.03653721367131
48.350834578774695
69.14027300091001
70.9770462470501
2.147311112683825
22.964572477762758
83.61783499841904
25.14557834252271
45.271634596433444
45.12079389806842
40.779356149828885
60.46160080407035
49.77127635092291
87.10336786393624
68.79427988885803
99.94142373645995
59.57091763128772
86.29510379763676
50.328100343011094
71.01728909109086
95.22702617427674
90.11390812431482
97.9101672933474
1.0708560888892826
6.1411807882116864
Budget
1659.5084658777055
Profits
-13.601584718714822
-17.488737862242317
-18.481401738563203
-18.586724376873914
-12.504782386597073
-14.745073928645937
-5.347162084467598
-16.08955032821862
-8.868656761778585
-14.647607591168423
-7.7771790251349895
-9.911166330699853
-10.795021731803667
-16.235566128323153
-10.144539809243089
-8.339819021581851
-5.781368348614939
-7.531061813456089
-5.602917637311218
-8.05986639745576
-3.3984857692435795
-17.184451217355505
-15.764025719933548
-2.967615207591976
-7.1314243327240545
-16.75906911151235
-14.692535636249309
-11.895222049603143
-8.37510550956904
-13.464227723724829
-0.7875748333414867
-4.729439469192425
-1.668509278430679
-11.64028013618386
-14.145978217043503
-13.207307442734262
-9.670166915754939
-13.828054600182003
-14.19540924941002
-0.429462222536765
-4.592914495552551
-16.723566999683808
-5.029115668504542
-9.054326919286689
-9.024158779613684
-8.155871229965777
-12.09232016081407
-9.954255270184582
-17.420673572787248
-13.758855977771606
-19.988284747291992
-11.914183526257544
-17.259020759527353
-10.065620068602218
-14.203457818218173
-19.045405234855348
-18.022781624862965
-19.58203345866948
-0.21417121777785653
-1.2282361576423373
FactorLoading
0.07224232414574505	0.6129855960645987	-0.013549964744494325	0.30122211504516194
-0.3048614864150898	0.44324780386768503	0.08390117833558408	-0.16798953138164108
-0.3682306237341013	0.56595302560398	-0.037957622082801956	0.027858728579116754
0.022928659275674113	-0.8292360888293382	0.12004064785211543	0.027794604042872262
-0.17699691222271952	0.6297931542020017	0.0020557448078855067	0.19115418876739332
-0.37214357372381035	-0.27784552498984394	-0.15008906005981792	-0.19992184122652779
0.043310101150138225	0.18015617561510888	-0.40774761327377096	-0.36878610996098193
0.20185553881083163	0.002783246908087955	0.3704904035044789	0.4248708107766015
0.8182187792074418	-0.11835088136837957	-0.02473292189765064	-0.038697417526528
0.03491387084543285	-0.3969814044517084	0.5276382679673948	-0.04046645673546401
0.20903777378926214	-0.24110507143428928	0.27731590346359636	-0.27254125131285223
-0.6688987668677697	0.1354053032168263	-0.13051117623957076	-0.0651847536758332
0.6145291322674888	0.1319624935168484	-0.14594305222197046	-0.10756532199369229
-0.17633806833499355	-0.032821102511780165	0.6920073460998488	0.09883348305337747
-0.6917347928194948	0.04129553060734703	-0.06558203972073806	0.20138763685242012
0.4850785190506046	-0.32346968672731835	-0.18111119359530714	0.010340600626769891
0.04898396749236622	0.47321697886550296	-0.290350255887444	0.1874487977546868
-0.18388640033344306	0.3076024508576025	-0.21503567250382516	-0.29347547630512927
-0.1189386924283935	-0.08217223659831663	0.40343286637386644	0.39545620459942343
-0.4393755699197255	-0.20354483850442384	-0.2846583895115613	0.07242120206428937
-0.034000677772653365	-0.14579840681157608	0.13557217311364278	-0.6846287423021278
0.18949968018871766	-0.46459259139822895	-0.034427046728739974	0.3114806816843134
0.19660403210771027	-0.16124283241473458	0.22331337364395432	0.41883976183360083
0.414947490380134	-0.10914218707137802	-0.32876948682348206	0.14714083572500591
-0.05993120649943284	-0.5254137045751324	0.023150912045589056	-0.39150417687984573
0.09016077750498708	0.5633882209558547	-0.050454113251108046	-0.29599688828805015
-0.7069103226948243	-0.018337241218682854	0.26159621143261647	0.013156224653876336
0.26837490623090887	0.4769487162255248	0.20530144796892613	0.04937492957464018
-0.5023884423243594	-0.20814687432478385	0.1859208576704352	0.10354382568042153
0.5883716269856831	0.17235528039612347	0.23647130649572112	-0.002801786122472283
0.036572033512833224	0.1988600865498098	0.29814683398658737	0.4664210459507696
0.7854387144037824	-0.05803615106537552	0.10346047471736952	0.053064659813472526
-0.04160432418638127	-0.27419405216585124	0.3453139852944582	-0.33888763835330926
-0.2509238944923786	-0.1526865185338706	-0.3048240139719407	0.2915655730018101
-0.7533902543203006	0.039625847384956225	0.1902463155178633	-0.016737582776879867
-0.26837667472869553	-0.154936464072726	-0.3902381080102584	-0.1864487531883201
0.5616744186238429	-0.13633248617938287	0.2109855379865897	-0.0910075572101845
0.7274209735323789	-0.05607068948800209	-0.11787568431914819	-0.09863265266047083
-0.037951127770650794	-0.3718714409170505	-0.14995712248436543	-0.4402203088279333
-0.022764893631879612	0.35878052665141613	0.46028570262666535	0.1581688770900389
-0.260613409203333	-0.40464113657073786	0.04375023781731513	0.29099521640861403
0.11043521797662748	0.4830118350684993	-0.18879326096084292	0.21775968599403028
-0.051217791731202666	0.17057532081400928	0.6348965767470989	0.14331031070768918
-0.03312972288177107	0.5096265026194791	0.452496819587094	0.004746954911655887
0.1563449045548222	0.8007694062647446	-0.021540439109621	0.021345250070812227
-0.03118002371000883	0.45935782666437874	-0.019203114321130865	-0.49025903530448156
-0.39389305773247973	0.19634098005596679	0.03942599115669321	0.3703399710548603
0.09501712366818293	-0.16465213974878945	0.2408781097249555	-0.4994526268580721
-0.2138976222229254	-0.25317587604692204	-0.5018515747600858	-0.031074926970066752
-0.07837149415092437	0.1518641770863538	-0.48257106595969224	0.2871932628030296
0.2479587546176627	0.643001597671879	0.010339466224432492	0.09870018148602577
-0.7483112724606253	-0.06924227627908097	-0.16492076799848654	0.017525683261807146
7.112077510362802e-5	0.14058057480801667	-0.3293023529464001	0.5300459514704796
0.180041466506629	-0.49239294881338114	-0.07022621501494997	-0.2573393696650399
-0.43649602511585606	-0.11708225845185027	0.2701702110538271	0.17625150537846657
-0.1311415597765344	0.7470390186191456	-0.11288482119330823	0.008934600411011795
0.004121578817521954	-0.12040899587923315	-0.26445579402489594	-0.611013631278349
-0.30648780451847957	-0.02337144856896911	0.13305422761960206	-0.5370865192929493
-0.09347232470378941	-0.5057300119102262	0.35101018633710845	0.04978747704887598
-0.5225493940925159	-0.010606067144205422	0.34780034539225935	0.11904419337101935
Conflicts
17 1
19 17
52 46
23 49
55 20
41 6
28 57
36 45
14 46
50 46
58 15
53 45
60 34
9 38
47 38
48 12
35 17
54 39
2 28
26 13
31 51
50 8
25 57
14 44
29 36
47 22
28 1
60 36
58 21
19 20
17 52
60 18
60 56
47 41
25 51
37 38
32 56
54 20
10 57
50 59
54 36
54 30
10 46
14 6
7 57
10 11
53 21
34 20
23 8
26 14
59 45
16 45
58 46
23 14
32 1
51 1
28 5
47 29
43 3
25 11
19 52
2 40
46 24
48 46
31 56
54 55
54 32
37 49
31 3
47 14
41 44
40 8
42 51
11 15
5 22
14 59
4 36
43 19
43 25
8 45
7 14
43 52
47 21
23 50
42 24
47 52
41 57
25 48
16 15
43 2
23 41
2 24
23 28
50 52
28 24
52 45
9 6
35 8
3 39
28 21
59 30
3 5
27 59
56 6
37 33
8 57
58 30
37 8
54 1
5 38
29 39
59 8
54 33
5 12
39 24
54 35
34 6
26 19
4 49
21 39
35 29
26 52
25 60
49 41
7 1
36 56
58 18
60 22
48 36
9 2
50 11
55 48
38 44
53 40
44 45
38 20
2 5
50 32
58 48
37 57
17 20
31 33
50 36
31 11
43 47
47 8
8 39
26 49
55 58
51 15
4 56
2 3
19 41
43 17
59 6
57 30
57 45
9 20
50 5
38 33
55 19
32 45
60 42
34 21
14 5
31 36
31 24
23 58
8 1
60 44
14 58
16 36
47 49
27 21
43 59
9 53
5 20
56 8
34 2
50 28
55 16
5 30
38 6
26 39
13 44
27 1
25 45
4 24
34 15
9 52
50 41
23 19
60 10
42 56
40 44
49 21
26 24
28 6
21 52
47 12
32 39
8 22
23 6
29 33
37 21
31 6
15 24
2 57
47 9
3 48
48 15
50 34
41 12
19 36
23 32
37 44
5 52
37 40
42 29
17 21
4 27
35 57
13 19
23 33
32 28
54 2
37 41
23 42
31 20
53 58
5 57
37 5
50 38
31 53
58 22
47 6
58 19
31 1
3 46
41 45
26 50
26 54
50 58
43 50
25 39
17 59
53 17
24 30
35 55
9 19
43 24
37 24
3 27
25 5
56 11
9 60
3 19
2 59
10 35
26 6
23 51
49 51
50 19
36 57
59 44
54 59
53 12
28 16
35 15
19 22
4 48
10 33
26 16
55 45
4 38
4 53
13 25
31 49
32 51
50 21
14 10
34 8
32 38
3 24
47 19
7 25
48 56
50 15
29 8
59 46
39 33
59 5
40 48
4 57
7 47
9 51
7 49
60 27
25 19
9 40
2 41
43 58
55 52
23 31
49 12
35 52
59 39
28 22
50 44
7 59
4 14
27 18
43 15
9 32
34 5
25 30
11 57
43 29
15 44
36 6
3 21
21 30
11 38
60 52
55 59
33 18
53 24
50 22
14 56
19 24
17 33
35 56
49 39
13 14
36 51
43 1
46 57
14 20
36 21
39 57
9 24
9 11
28 30
23 12
60 59
6 45
7 52
56 15
13 46
10 48
38 39
4 10
19 38
36 59
50 2
26 20
43 9
53 15
28 38
29 11
9 1
60 28
48 1
26 25
23 35
7 45
46 18
58 11
14 52
36 15
7 33
59 18
26 37
53 41
60 20
27 38
2 29
35 39
26 22
9 39
7 48
58 27
8 6
32 49
31 55
23 39
37 32
56 22
15 20
25 35
48 6
31 45
4 5
56 39
19 44
13 50
7 20
9 33
55 39
38 21
25 14
40 58
47 51
22 1
13 52
36 20
43 13
2 30
12 1
55 3
32 35
25 34
5 24
13 56
53 29
13 29
29 27
7 24
20 24
33 20
49 38
21 45
37 52
54 60
42 12
18 30
16 11
21 18
14 60
42 27
25 21
11 5
9 28
35 3
51 30
4 18
26 18
17 30
15 45
43 32
41 1
42 53
43 51
17 12
32 58
6 12
42 17
4 35
6 44
42 58
32 21
35 48
21 6
40 22
16 51
7 13
11 30
7 2
14 45
22 6
29 45
55 41
54 47
34 1
9 17
47 17
56 24
13 2
23 7
54 51
19 28
27 57
3 12
8 49
26 32
10 44
32 34
10 30
55 44
32 18
54 42
53 33
42 15
26 36
31 5
60 46
7 35
25 6
54 46
34 30
55 17
14 40
37 2
60 3
29 44
28 18
55 27
3 15
53 46
60 49
14 41
60 57
7 56
7 10
5 41
9 14
25 38
48 51
9 21
25 49
31 12
40 11
49 22
37 10
58 44
55 8
32 40
25 46
27 39
7 11
28 15
32 17
4 59
29 57
48 21
14 12
40 41
38 30
16 1
54 13
58 16
49 15
37 56
52 12
25 16
47 35
50 48
13 58
9 41
53 19
28 59
26 38
4 58
33 6
26 41
31 52
21 12
11 12
17 22
25 22
19 15
48 24
54 28
37 53
14 22
4 32
55 53
2 44
9 13
4 60
34 18
11 52
30 20
32 36
54 50
47 27
26 59
40 6
13 5
52 18
47 34
54 17
4 42
9 22
3 59
42 2
55 11
41 18
13 48
41 22
1 45
17 51
35 21
21 41
39 46
40 17
42 41
49 20
50 51
28 20
40 51
16 57
10 22
55 5
59 56
2 38
13 22
10 5
26 30
25 33
7 37
37 19
10 42
23 60
42 8
40 59
50 30
9 30
1 18
41 20
14 51
39 22
60 58
47 42
25 42
57 24
34 57
4 34
58 45
55 2
16 46
15 46
3 44
5 39
17 38
38 1
48 8
26 28
50 6
4 44
9 42
4 51
26 60
19 51
32 11
3 20
4 15
32 24
35 33
29 15
31 15
32 16
29 24
23 53
42 33
23 57
53 56
43 12
7 60
42 1
13 49
59 51
60 21
55 1
42 38
55 42
16 6
21 22
7 40
52 57
50 53
3 6
38 18
41 24
14 57
39 52
4 29
7 19
28 11
53 49
13 36
42 20
59 12
10 24
10 51
47 44
60 5
33 44
9 34
13 57
7 8
57 20
42 6
49 30
11 33
8 12
6 1
29 17
48 5
34 11
2 39
23 4
10 19
60 30
21 46
46 44
7 34
11 44
23 10
53 57
28 8
2 56
34 17
42 48
53 20
32 33
6 52
34 46
60 39
55 18
34 49
54 45
40 27
31 48
13 51
2 45
14 19
8 46
23 54
54 24
40 49
32 15
26 9
53 6
47 45
19 46
13 15
37 34
40 24
50 56
31 32
3 51
42 40
59 57
36 33
23 55
43 28
37 13
10 17
7 58
7 41
44 20
26 1
49 33
7 27
49 45
23 47
37 17
4 13
23 46
25 36
23 56
48 59
26 15
43 21
24 18
29 40
11 24
27 20
27 30
10 6
32 48
32 44
42 34
27 36
59 33
29 41
22 52
29 16
23 1
7 50
34 27
3 17
54 49
39 12
23 36
23 38
22 38
26 11
26 45
55 34
49 44
25 29
40 5
21 33
27 8
29 56
25 3
15 33
28 51
13 55
37 14
10 15
54 11
59 15
32 8
15 18
9 59
34 53
26 55
5 15
32 30
2 8
10 12
21 24
37 50
13 60
10 21
43 30
60 48
54 10
7 18
35 2
51 33
4 50
56 18
14 18
42 30
4 33
10 39
45 18
35 58
50 20
12 20
47 40
4 39
8 52
16 59
23 13
53 3
27 46
15 30
9 27
3 22
57 12
31 22
13 39
42 46
5 33
29 22
54 3
14 3
26 47
17 46
38 12
26 42
26 44
23 16
37 27
28 33
44 1
49 24
14 15
16 5
35 24
38 15
22 18
56 46
47 13
28 44
34 28
28 39
31 10
36 18
20 45
31 8
11 22
10 3
48 20
29 20
14 35
26 34
10 8
42 36
32 12
43 60
35 46
35 34
13 10
4 6
31 41
43 56
13 17
54 18
34 51
