InstanceID
4_80_4
NumObjects
80
NumFactors
4
Weights
68.0079235935741
87.44368931121159
92.40700869281602
92.93362188436957
62.523911932985364
73.72536964322968
26.73581042233799
80.4477516410931
44.34328380889292
73.23803795584212
38.88589512567495
49.55583165349926
53.97510865901833
81.17783064161577
50.722699046215446
41.69909510790926
28.906841743074697
37.65530906728045
28.01458818655609
40.2993319872788
16.992428846217898
85.92225608677752
78.82012859966774
14.83807603795988
35.65712166362027
83.79534555756175
73.46267818124655
59.476110248015715
41.8755275478452
67.32113861862415
3.9378741667074335
23.647197345962123
8.342546392153395
58.2014006809193
70.72989108521752
66.03653721367131
48.350834578774695
69.14027300091001
70.9770462470501
2.147311112683825
22.964572477762758
83.61783499841904
25.14557834252271
45.271634596433444
45.12079389806842
40.779356149828885
60.46160080407035
49.77127635092291
87.10336786393624
68.79427988885803
99.94142373645995
59.57091763128772
86.29510379763676
50.328100343011094
71.01728909109086
95.22702617427674
90.11390812431482
97.9101672933474
1.0708560888892826
6.1411807882116864
68.52279202103438
7.224232414574505
69.8777884954838
98.14279215755575
85.87019759452319
5.8303323337944635
67.89388918058144
30.486148641508983
74.81092902827749
83.20104686183589
36.193394683651434
66.71334967807276
63.72287711894751
45.606307214534425
93.41836493380814
97.21412714208833
36.82306237341013
42.91823387385767
63.99236797803016
4.526291963803719
Budget
2231.0027287223925
Profits
-13.601584718714822
-17.488737862242317
-18.481401738563203
-18.586724376873914
-12.504782386597073
-14.745073928645937
-5.347162084467598
-16.08955032821862
-8.868656761778585
-14.647607591168423
-7.7771790251349895
-9.911166330699853
-10.795021731803667
-16.235566128323153
-10.144539809243089
-8.339819021581851
-5.781368348614939
-7.531061813456089
-5.602917637311218
-8.05986639745576
-3.3984857692435795
-17.184451217355505
-15.764025719933548
-2.967615207591976
-7.1314243327240545
-16.75906911151235
-14.692535636249309
-11.895222049603143
-8.37510550956904
-13.464227723724829
-0.7875748333414867
-4.729439469192425
-1.668509278430679
-11.64028013618386
-14.145978217043503
-13.207307442734262
-9.670166915754939
-13.828054600182003
-14.19540924941002
-0.429462222536765
-4.592914495552551
-16.723566999683808
-5.029115668504542
-9.054326919286689
-9.024158779613684
-8.155871229965777
-12.09232016081407
-9.954255270184582
-17.420673572787248
-13.758855977771606
-19.988284747291992
-11.914183526257544
-17.259020759527353
-10.065620068602218
-14.203457818218173
-19.045405234855348
-18.022781624862965
-19.58203345866948
-0.21417121777785653
-1.2282361576423373
-13.704558404206875
-1.444846482914901
-13.97555769909676
-19.62855843151115
-17.17403951890464
-1.1660664667588927
-13.578777836116288
-6.097229728301796
-14.962185805655498
-16.640209372367178
-7.238678936730286
-13.342669935614552
-12.744575423789502
-9.121261442906885
-18.68367298676163
-19.442825428417667
-7.364612474682026
-8.583646774771534
-12.798473595606032
-0.9052583927607438
FactorLoading
-0.8521647481050123	0.06556311637300682	-0.05447753147910861	0.027794604042872262
0.17699691222271952	-0.3572088218372622	0.27258433236473945	0.19320993357527882
-0.6499890987136543	-0.11283629505330972	-0.037252765006508204	-0.19992184122652779
-0.043310101150138225	0.19515401236198726	0.3927497765268926	-0.36878610996098193
-0.09867061061522153	0.10596817510369805	0.3704904035044789	0.4248708107766015
0.8182187792074418	0.11835088136837957	-0.06219878754561159	-0.0012315518785670498
0.03491387084543285	0.26207473987408436	-0.134906664577624	0.5681047247028588
0.02045447423639324	0.1885832995528689	-0.24110507143428928	0.5498571547764486
0.43210757113997733	-0.3721964989446187	0.13051117623957076	-0.0651847536758332
0.10602232401239187	0.508506808255097	0.1319624935168484	-0.25350837421566275
0.17633806833499355	-0.032821102511780165	-0.13431660486066033	0.656524224292566
0.7155389394739102	-0.017491383952931594	0.06558203972073806	-0.20138763685242012
0.4850785190506046	0.2634971161256803	-0.059972570601638076	-0.19145179422207703
-0.5222009463578692	0.22973778919541332	0.060612466692030686	-0.1874487977546868
0.18388640033344306	-0.3076024508576025	0.4395925709071127	-0.06891857790184175
-0.1189386924283935	-0.24322768497695635	-0.24237741799522672	0.39545620459942343
0.4393755699197255	-0.2783078601056761	-0.20989536791030905	-0.07242120206428937
-0.034000677772653365	-0.14579840681157608	-0.6266319635922486	0.19356895182352196
-0.3054474287722049	0.34864484281474173	-0.034427046728739974	-0.3114806816843134
0.19660403210771027	0.16124283241473458	-0.6213882897757312	0.02076484570182391
0.414947490380134	0.10914218707137802	-0.11438979560720597	-0.361520526941282
-0.573206399832835	-0.012138511241730265	-0.023150912045589056	0.39150417687984573
-0.42709001098948973	0.22645898747135207	0.050454113251108046	-0.29599688828805015
0.4231237615413104	-0.28378656115351397	-0.2799334526512993	0.013156224653876336
0.26837490623090887	0.4769487162255248	0.2365296138496369	0.018146763693929424
0.7105353166491433	-0.1859208576704352	-0.05684165463193169	0.04670217104848984
0.5415202378617583	0.046851389123924836	0.17235528039612347	0.2392730926181934
-0.036572033512833224	0.17946550665372496	0.3175414138826722	0.4664210459507696
0.7854387144037824	0.05803615106537552	-0.0746083019040884	0.08191683262675364
-0.3157983763522325	-0.2238720630612867	-0.12144192223317152	0.33888763835330926
-0.15492817550814109	-0.24868223751810814	-0.3048240139719407	-0.2915655730018101
0.6951880024800856	-0.05820225184021499	0.22987216290281953	0.016737582776879867
-0.24530841768455924	-0.023068257044136287	-0.5451745720829844	-0.1864487531883201
0.25214382547499303	0.3095305931488499	-0.34731802416597257	0.0910075572101845
0.42858855673675667	0.3549031062836243	-0.11787568431914819	-0.09863265266047083
0.037951127770650794	-0.07720823646231145	-0.29466320445473904	-0.5901774313122987
-0.022764893631879612	-0.059507076796875946	0.7595591524812055	0.1581688770900389
0.260613409203333	-0.2639199619561716	-0.14072117461456624	0.33474545422592916
-0.5934470530451268	0.18879326096084292	0.1774907886378445	-0.04026889735618577
-0.051217791731202666	-0.48108875057223965	0.3243831469888685	0.14331031070768918
0.03312972288177107	-0.5096265026194791	0.3933649058604589	0.06387886863829095
0.1563449045548222	0.7080779481531676	0.09269145811157697	-0.04288568918043323
0.03118002371000883	-0.45935782666437874	0.4776664417530221	-0.03179570787259034
-0.4167315356069914	-0.17350250218145513	0.03942599115669321	0.3703399710548603
-0.2596692634169724	0.2408781097249555	-0.055256945393244994	0.44419568146482713
-0.2138976222229254	-0.20814437849742573	-0.5468830723095821	-0.031074926970066752
-0.22477869384624594	-0.005456977391032236	0.48257106595969224	-0.2871932628030296
-0.8909603522895417	0.010339466224432492	0.019904066314552882	0.07879611517147289
0.5141292583388215	-0.3034242904008848	-0.16492076799848654	-0.017525683261807146
-7.112077510362802e-5	0.46988292775441676	0.39266297261564365	-0.13738297885483597
-0.6724344153200101	0.07022621501494997	-0.04341522732015557	-0.21392414234488433
-0.0016799127187245855	-0.5518983708489817	-0.2701702110538271	0.17625150537846657
-0.5803657444352426	-0.2978148339604374	0.11288482119330823	-0.008934600411011795
-0.004121578817521954	0.3848647899041291	-0.35050389295277395	-0.260509738325575
-0.30648780451847957	-0.02337144856896911	-0.03661956398245869	0.6335211829300926
0.037727584316342266	-0.055744740387447145	-0.5057300119102262	0.40079766338598444
0.5225493940925159	-0.004060573003656254	-0.3543458395328085	0.11904419337101935
0.20483635813521417	0.21285638327641365	-0.11007025289275263	-0.47223700569561955
-0.09191801877859618	-0.035920322454708664	0.33126416775950673	-0.5408974910071884
0.20188040799979046	-0.19294839295774846	0.44149928833372587	0.1636719107087352
0.13061943984598323	0.2001864918973686	0.5682665374301694	0.10092753082647876
0.4686446824220456	0.1341149619991091	0.12893816500442723	-0.26830219057441806
0.742032563529964	-0.01993433406113243	-0.20514200880459388	-0.03289109360430964
0.04226651021830352	-0.6861754571572329	-0.05820891089562674	0.2133491217288368
-0.2725497655631097	0.4152711245135252	-0.27842974092907347	-0.033749368994291595
0.3613527040563542	-0.07452249521471699	0.11185321094518796	0.4522715897837408
-0.22314012253458615	-0.19234337197020213	0.07169492718732307	0.5128215783078887
0.6160700777983112	-0.04043230317641555	-0.12150482004461205	-0.22199279898066115
0.2701379681067033	-0.47176306316544325	0.2048219561719946	-0.053277012555858816
-0.06789448641343854	0.17524962986902382	-0.4550816329227132	-0.30177425079482445
-0.05992474101267686	-0.5907379892064828	-0.13084609646874545	0.2184911733120949
-0.23071015810865125	0.342294915476147	0.1486696104364238	0.27832531597877797
-0.01783704818983689	0.6311049997427207	0.16609297458462602	0.18496497748281637
0.223785632474498	0.12653038700470942	0.11544976856209788	0.5342342119586947
-0.22346182899971723	-0.4748513817236151	-0.24412225017882094	-0.057564539097846756
0.02386777338355328	0.25115332357285447	0.23106291676418	-0.49391598627941224
0.03190396996835654	-0.28682401560446946	0.302235015075772	-0.379036999351402
0.3417620240610597	-0.16343091104044127	0.13087047223447668	-0.36393659266402234
0.18003910324439443	0.039354157559230885	0.587258297144601	-0.1933484420517737
-0.022209816365517998	-0.09053066740479832	0.8258155650203078	-0.06144395120937585
Conflicts
72 44
42 40
51 15
75 22
78 5
68 36
43 25
71 8
43 78
47 42
52 24
25 79
63 16
66 41
62 57
66 24
23 64
45 24
6 73
72 39
67 3
59 5
27 6
63 72
58 30
72 1
5 39
72 59
54 33
76 5
39 24
54 35
25 48
19 6
68 39
75 10
29 52
60 41
7 49
56 1
58 18
64 36
9 66
48 11
40 38
53 44
38 45
29 69
2 61
63 61
19 48
37 20
17 33
31 11
43 72
47 8
64 39
58 49
55 79
68 51
66 67
43 63
70 30
9 50
69 33
32 34
78 69
42 36
61 24
78 44
47 16
27 49
9 59
69 20
72 56
34 66
50 55
16 5
77 70
27 65
4 24
34 79
50 73
23 10
42 56
47 22
32 49
21 24
21 6
61 52
47 76
32 39
8 22
23 6
37 38
38 6
79 24
2 73
3 48
48 15
23 61
76 41
19 64
23 44
69 52
40 62
42 29
17 21
68 27
23 13
66 28
54 41
23 37
31 8
63 8
53 57
69 5
31 38
53 64
75 14
26 47
31 6
65 46
3 41
50 45
43 58
68 56
17 59
35 24
9 55
37 64
25 3
69 11
3 73
2 59
74 70
26 51
49 38
19 51
53 36
28 12
35 16
23 79
48 22
4 41
80 74
4 61
4 53
13 32
14 51
10 72
34 38
32 3
7 25
23 48
48 79
29 8
69 46
47 21
48 57
71 68
47 9
71 51
60 49
25 27
47 19
9 78
2 52
31 55
60 76
35 49
59 52
28 59
7 4
14 27
15 18
36 57
9 69
25 75
43 15
36 44
3 6
38 21
11 52
80 15
55 33
69 38
50 24
78 56
56 24
14 6
49 39
70 73
13 14
36 1
63 64
43 46
27 57
69 21
78 20
76 21
73 24
11 73
12 30
70 45
71 15
13 44
13 46
32 55
74 24
5 38
62 39
4 74
19 38
36 59
2 36
43 73
53 15
8 38
75 65
9 28
60 48
23 65
7 35
46 18
75 78
7 15
59 18
37 35
23 76
58 48
53 41
25 60
2 27
40 73
35 22
26 9
71 48
70 8
31 32
55 36
37 62
2 15
9 20
63 25
48 70
31 45
68 5
39 73
50 77
71 62
52 30
55 39
14 21
40 51
77 65
52 20
43 13
2 30
65 12
55 67
34 24
77 56
77 29
14 44
7 24
49 21
52 45
54 60
42 76
18 30
80 11
69 27
67 38
4 51
17 30
15 45
32 64
63 37
42 1
43 53
51 76
32 58
6 12
42 17
4 6
58 44
59 21
71 65
2 5
35 48
51 6
40 22
13 16
71 52
75 70
2 6
71 45
78 65
4 27
22 6
70 22
34 65
47 73
13 56
2 11
28 57
67 52
72 12
13 27
26 32
74 44
10 28
55 44
54 18
42 6
26 15
31 69
60 46
71 35
25 6
54 28
28 6
14 17
37 40
66 8
22 73
43 3
63 60
80 28
61 27
55 53
3 79
62 46
78 41
47 58
60 57
71 56
71 10
36 5
28 48
9 25
11 76
55 22
58 74
25 8
75 39
7 28
17 79
50 5
63 27
2 29
57 44
48 76
14 35
29 41
40 76
61 16
13 65
80 58
59 15
60 6
16 76
25 35
77 58
41 73
19 28
26 59
4 38
26 70
52 12
26 21
7 14
25 2
13 11
76 22
26 22
19 15
72 24
37 53
4 14
2 44
36 79
13 61
68 73
60 11
14 52
56 11
47 50
69 6
77 52
56 44
4 17
9 67
66 42
61 33
7 31
11 18
4 48
77 22
1 45
41 39
17 46
50 42
28 20
79 51
80 57
55 74
56 5
66 38
13 22
74 5
43 30
5 52
60 33
71 25
37 19
75 74
25 38
60 67
23 72
42 59
50 44
65 73
41 20
14 45
23 78
4 13
22 57
60 58
78 57
13 24
63 48
68 34
66 46
80 62
15 33
23 32
3 44
19 36
50 1
48 38
26 72
50 76
70 6
4 42
9 68
34 39
62 49
75 3
79 20
68 79
29 61
35 33
15 6
32 16
78 29
42 33
23 53
43 12
14 60
71 61
49 1
13 70
60 21
42 65
80 70
71 22
9 40
7 36
26 36
13 53
50 6
67 18
78 24
39 52
4 64
7 53
28 11
28 15
65 8
63 34
13 20
12 24
10 74
47 69
33 44
9 34
50 48
13 8
7 54
60 70
75 62
17 73
65 6
2 39
4 21
64 12
19 49
60 74
64 46
14 61
77 44
7 46
11 44
10 57
53 28
56 8
2 58
19 45
34 44
42 48
2 53
64 20
6 52
23 35
34 46
34 28
31 49
13 51
23 70
14 66
62 24
67 15
53 39
23 9
61 49
19 46
13 79
37 34
3 30
40 59
36 33
7 69
13 28
10 17
7 58
71 19
7 50
23 42
44 1
22 33
71 27
4 77
31 51
54 46
23 25
26 66
43 34
29 57
11 39
27 20
10 70
32 42
29 33
29 16
51 73
13 1
50 72
67 59
54 17
10 22
13 19
13 75
62 15
48 12
37 36
23 38
14 70
14 74
68 13
29 44
40 5
10 30
37 72
58 17
67 48
29 17
56 51
28 51
37 77
63 78
74 79
16 79
11 15
72 17
14 53
58 27
26 61
69 79
75 52
32 15
2 49
8 76
74 21
13 50
10 21
71 77
30 20
43 48
71 74
55 3
35 66
4 33
56 12
14 18
68 33
9 17
62 1
54 74
43 68
63 75
62 76
35 58
13 60
9 76
80 40
68 15
50 52
23 62
44 46
16 8
50 29
27 46
15 30
36 15
74 19
14 42
10 32
9 27
67 1
53 49
38 12
31 34
69 51
22 45
54 67
42 8
14 3
76 46
5 1
31 30
64 59
7 65
10 5
23 16
28 8
65 49
16 15
35 69
31 65
22 18
58 56
77 46
47 78
78 28
74 28
31 18
43 52
59 39
34 20
61 8
31 73
8 57
11 22
10 67
35 20
78 3
26 53
40 8
10 42
36 6
65 11
68 74
42 38
21 39
7 66
77 74
68 6
49 24
13 58
31 42
13 17
17 18
38 18
26 43
8 15
77 49
29 5
49 45
35 76
55 6
35 70
35 40
32 52
27 44
23 52
37 66
26 35
77 73
26 1
23 80
25 36
44 45
37 46
31 21
58 5
14 50
54 29
62 38
51 22
77 39
47 44
53 59
53 11
37 28
61 5
67 12
13 18
74 38
40 21
7 39
53 17
35 6
80 64
63 59
70 18
68 32
61 20
3 74
31 28
68 30
54 65
80 29
27 48
37 80
63 13
76 39
9 52
68 16
28 46
27 76
25 76
42 18
69 24
79 18
69 61
28 36
40 30
63 55
4 20
67 39
35 38
50 15
55 62
19 20
72 33
33 73
37 27
8 45
7 34
49 22
38 24
42 46
68 47
72 38
62 20
7 68
9 56
36 41
66 61
42 64
31 40
74 56
64 22
23 15
79 41
72 65
69 74
32 80
32 5
50 36
37 16
35 53
71 21
71 54
50 80
33 18
48 21
38 41
34 45
53 5
14 10
19 65
14 1
68 41
60 79
59 33
68 40
78 64
78 80
55 20
70 33
65 17
43 62
78 74
54 76
4 63
34 67
70 15
68 77
56 46
72 73
72 64
75 36
36 12
43 32
37 70
36 73
7 48
78 58
29 11
80 67
24 1
68 60
60 8
34 6
66 22
3 49
4 39
26 48
11 1
61 65
47 60
25 73
48 52
68 70
77 30
65 30
37 1
4 1
70 5
16 49
75 44
25 24
48 56
80 76
72 41
37 3
23 19
37 5
43 37
4 22
22 20
60 73
68 75
68 50
7 21
10 44
71 13
13 31
23 36
16 45
17 45
54 10
74 52
2 65
72 48
12 18
31 3
66 56
67 33
35 18
54 70
65 51
74 33
42 79
54 2
10 46
47 66
59 57
51 46
13 36
43 36
14 79
80 30
75 21
62 59
64 24
13 45
60 40
39 22
23 8
12 46
73 45
16 41
42 69
63 65
35 65
13 5
63 62
19 39
53 20
4 57
52 1
26 64
14 56
54 6
42 44
13 21
34 52
43 64
65 5
31 75
71 67
68 55
47 40
79 21
66 17
16 48
55 18
64 65
23 39
37 44
67 41
59 22
15 1
60 65
37 55
19 73
26 56
16 70
50 20
68 1
34 2
67 21
42 11
19 11
53 72
22 46
32 73
23 41
15 20
36 51
32 2
80 41
35 42
71 66
68 22
55 57
23 31
31 59
74 11
59 49
44 18
34 80
2 72
72 46
54 39
58 12
74 64
38 52
13 57
49 52
35 51
21 52
54 36
3 51
78 51
60 30
65 57
18 45
21 30
40 72
40 64
37 39
16 44
26 69
55 61
16 52
63 69
2 8
57 30
26 33
41 6
56 41
63 73
36 76
23 67
58 73
48 45
75 57
72 15
58 46
50 69
58 19
25 80
54 3
1 30
74 8
4 73
55 41
80 36
23 2
4 66
66 62
10 6
48 24
39 1
7 71
9 58
34 29
47 70
3 28
69 56
3 12
25 66
60 56
54 49
25 1
3 39
32 29
51 18
23 74
51 52
55 27
9 8
52 18
53 24
37 52
68 19
39 12
68 10
53 8
26 65
71 37
7 42
25 59
60 10
6 18
27 11
29 39
65 39
26 28
8 49
37 75
54 34
56 79
66 77
2 51
61 28
37 31
28 41
47 51
32 51
4 69
8 6
8 52
47 63
60 29
65 18
74 62
43 51
41 21
9 44
14 73
55 1
23 3
31 58
53 21
74 22
48 39
63 54
47 65
26 13
28 45
25 74
25 29
66 45
53 27
41 15
50 33
67 56
32 36
67 72
78 46
78 66
7 32
68 28
10 58
7 64
25 10
4 31
29 58
40 18
13 15
31 61
55 34
4 10
40 39
32 74
25 39
28 79
58 16
37 11
34 49
80 8
43 7
45 30
63 35
23 60
35 34
10 34
4 37
46 52
4 16
31 24
63 50
40 11
10 41
63 66
44 52
63 58
67 44
61 51
31 22
7 60
29 40
54 20
34 70
80 69
54 72
26 52
68 44
72 30
32 59
55 5
75 19
47 46
76 38
76 24
56 52
63 17
69 70
43 74
35 2
68 35
32 12
69 49
72 76
77 79
59 51
69 57
3 22
40 65
47 38
7 29
40 28
11 57
71 29
47 27
40 24
59 30
26 80
78 49
57 12
36 24
66 30
35 80
51 33
55 72
58 45
61 44
67 27
31 57
62 21
58 70
35 27
26 50
54 13
26 45
58 21
37 32
66 40
62 12
62 44
75 67
58 3
41 45
2 33
10 45
75 42
56 15
47 48
28 49
50 19
7 17
63 56
66 36
61 62
21 12
57 73
37 50
75 5
23 56
5 18
3 40
26 78
48 20
7 20
49 12
32 44
58 67
36 11
53 6
31 52
26 76
63 79
62 18
8 20
4 5
62 65
43 80
2 18
75 34
31 48
16 73
54 61
63 14
26 2
4 35
2 22
66 79
72 28
79 1
68 46
71 60
76 45
66 49
75 51
61 59
2 24
55 64
6 30
64 5
66 18
70 51
74 48
11 70
77 21
34 21
80 16
36 62
22 30
4 2
14 58
35 56
34 8
2 3
4 32
68 45
27 73
15 73
15 44
77 16
43 1
75 56
61 12
71 1
35 59
37 9
78 79
32 72
26 74
47 75
74 41
72 52
43 47
77 41
50 16
53 19
5 24
17 36
79 38
72 61
58 65
66 29
37 41
29 30
29 1
43 10
55 21
17 52
71 38
63 36
35 21
26 25
67 45
70 39
29 72
48 46
7 44
42 57
67 76
31 14
31 19
78 17
55 70
7 33
26 30
35 28
71 33
7 62
31 5
63 70
74 49
13 33
31 64
9 13
75 76
60 35
36 30
77 72
17 57
71 42
78 76
42 70
23 20
3 8
48 59
75 45
67 61
31 67
80 39
29 65
32 30
78 8
60 72
59 45
71 41
60 28
43 28
18 20
14 34
68 58
4 76
26 60
43 77
48 1
21 57
31 16
55 11
64 79
7 3
3 27
58 51
77 11
63 12
78 32
3 24
4 49
77 80
59 24
4 11
63 45
26 19
49 18
7 76
14 59
26 77
43 70
14 30
75 79
47 53
78 30
31 29
70 52
32 24
22 12
12 44
63 2
63 67
26 67
6 24
16 46
14 24
39 46
77 12
65 15
79 15
50 62
69 62
47 13
5 6
35 52
32 65
29 64
76 20
13 6
37 22
67 46
71 6
75 20
53 40
37 57
55 10
50 18
55 59
11 51
31 36
34 22
50 34
14 16
16 36
48 8
60 5
77 45
7 79
27 1
53 69
19 24
55 46
42 52
54 31
7 11
32 56
10 56
68 78
14 28
78 33
76 30
31 77
10 73
27 64
61 36
54 40
3 21
77 34
51 38
34 3
78 19
9 72
80 12
14 48
32 33
4 55
60 12
3 56
32 28
43 79
23 30
61 17
4 34
69 15
56 76
43 69
5 8
66 33
54 56
4 75
54 32
19 59
69 72
66 2
40 33
40 44
79 5
61 38
17 62
3 64
75 1
61 41
35 10
32 17
69 45
33 20
43 9
12 45
25 58
75 15
71 40
64 49
2 70
43 75
72 45
37 48
64 56
75 59
22 1
10 50
75 58
60 64
37 58
25 49
71 28
75 40
26 49
55 19
8 1
23 69
8 51
75 6
55 2
32 22
71 57
73 18
35 55
50 12
32 21
37 65
43 11
69 1
23 47
54 11
64 38
23 1
62 64
3 61
53 74
23 54
69 28
43 55
78 50
54 51
47 64
11 46
17 5
77 67
79 22
71 76
67 8
53 51
29 70
64 44
9 33
55 28
2 16
68 48
75 30
66 80
26 37
42 30
14 38
71 30
51 30
59 12
3 5
3 59
43 31
74 72
55 15
35 64
75 66
60 55
28 33
29 45
25 5
2 57
48 5
35 44
49 15
37 6
26 40
66 64
31 56
37 24
47 52
11 45
75 11
51 21
59 20
75 12
12 20
64 1
44 6
58 22
35 72
67 51
71 14
62 22
