InstanceID
5_100_4
NumObjects
100
NumFactors
4
Weights
53.03646605536807
77.70091698339469
30.13103535440822
88.13491207672945
83.83576532332523
52.40587188478234
57.125965860896
93.15154141626472
4.422802345157595
11.814743857996657
51.14826505242655
80.29609983145889
67.13001813825518
8.567664223247418
36.24632704303252
38.83774531923385
40.109587458776666
50.74453861845003
54.95366512679345
6.728541622841666
62.38873118334289
98.10074532207751
35.575031897384555
96.28155964157932
10.531210821150294
20.514525877036682
61.478031926876376
65.85851395147928
98.02890213858275
94.07637470105716
53.01226032511257
34.05216764209609
43.84905878063661
97.7319224416235
64.46865601377458
15.9505131991194
29.487815758628155
72.66767677498646
29.711690173661196
82.48471231939132
33.876255773241624
17.631487220319507
77.93347144453875
45.65253870825403
62.114228556625164
71.07877842525951
75.91110561435985
54.14254997612027
34.50421388471811
46.96829943453662
33.20847262273667
5.925574756840213
90.79292209625112
10.679060236746496
51.743250417153575
2.87064844065561
60.781321352263994
69.02991197954915
27.458341362423756
21.46099851364365
89.80771118475839
74.03636972786944
79.05179030513226
50.563815490294914
34.7712793676773
93.49018854910733
98.19711565479258
47.17408773520313
48.50105525722406
10.008438325534552
20.34184316633043
82.7815817283887
3.7798866265414732
20.300859099876668
42.16842697160394
56.11709526168971
73.69665547879502
21.942872007981286
35.71437910085808
72.05874646472066
57.43901770970374
39.02727567303867
31.222752743757987
74.14353486237361
82.64770939786825
99.39821224179401
48.97583741416389
14.79841072335304
69.29910796549588
13.951522525693893
35.66427919926449
78.9783762220514
21.83760745294252
85.84188438102692
15.160042885900493
61.68744408009401
67.7644881851738
65.37887220578678
1.3225692924918597
74.84861206339919
Budget
2570.213880014214
Profits
-10.607293211073614
-15.540183396678938
-6.026207070881644
-17.62698241534589
-16.767153064665045
-10.481174376956469
-11.4251931721792
-18.630308283252944
-0.884560469031519
-2.3629487715993314
-10.229653010485311
-16.059219966291778
-13.426003627651037
-1.7135328446494835
-7.2492654086065045
-7.76754906384677
-8.021917491755334
-10.148907723690005
-10.99073302535869
-1.3457083245683332
-12.477746236668578
-19.620149064415504
-7.115006379476911
-19.256311928315863
-2.106242164230059
-4.1029051754073365
-12.295606385375276
-13.171702790295857
-19.60578042771655
-18.81527494021143
-10.602452065022515
-6.8104335284192175
-8.769811756127321
-19.546384488324698
-12.893731202754916
-3.1901026398238796
-5.897563151725631
-14.533535354997293
-5.94233803473224
-16.496942463878263
-6.775251154648325
-3.526297444063901
-15.58669428890775
-9.130507741650806
-12.422845711325033
-14.215755685051903
-15.18222112287197
-10.828509995224055
-6.900842776943622
-9.393659886907324
-6.641694524547335
-1.1851149513680426
-18.158584419250225
-2.135812047349299
-10.348650083430716
-0.574129688131122
-12.156264270452798
-13.805982395909831
-5.491668272484751
-4.2921997027287295
-17.96154223695168
-14.807273945573888
-15.810358061026452
-10.112763098058982
-6.954255873535461
-18.698037709821467
-19.639423130958516
-9.434817547040627
-9.700211051444812
-2.0016876651069104
-4.068368633266086
-16.55631634567774
-0.7559773253082946
-4.060171819975333
-8.433685394320788
-11.223419052337942
-14.739331095759004
-4.388574401596257
-7.142875820171616
-14.411749292944132
-11.487803541940748
-7.805455134607735
-6.244550548751597
-14.828706972474723
-16.52954187957365
-19.8796424483588
-9.795167482832777
-2.959682144670608
-13.859821593099175
-2.7903045051387787
-7.1328558398528985
-15.79567524441028
-4.367521490588504
-17.168376876205382
-3.0320085771800986
-12.337488816018801
-13.55289763703476
-13.075774441157355
-0.26451385849837195
-14.969722412679838
FactorLoading
-0.5892627840730538	-0.1676609716600257	-0.043722538617056994	-0.19935370564986354
-0.11020956738674514	-0.21500250174781366	0.47527841036819596	0.19950952049724524
-0.25390763699414554	-0.3470720521828954	0.19151815746405387	-0.2075021533589052
0.5380357043966921	0.20254451382631844	-0.11329472518182504	0.1461250565951644
-0.14836992794945503	0.2567246963305685	0.34212833933671494	0.25277703638326154
0.11329090915368645	-0.2411417945661447	0.23944604361538313	-0.4061212526647857
0.513645698605016	-0.2544811229981998	-0.049704197404926154	-0.18216898099185808
-0.35751068399307795	0.031073790838251236	0.02103365562953763	-0.5903818695391332
-0.26851188337012366	-0.2608436092358857	0.4064300076315335	-0.06421449976245719
0.09552515757227775	-0.12455538549175449	0.6162336917094451	0.16368576522652267
0.6475180453411691	-0.03935009944714207	-0.11885564475144528	-0.19427621046024357
0.24518454990398286	0.2885297968988396	0.17504642658158343	0.2912392266155941
-0.1815497632565657	-0.16343013545612228	0.1517387955455174	-0.5032813057417946
-0.1761238213381593	-0.1447682263636041	0.09110785034592395	0.5880001019523127
-0.025736794854778644	0.45298638691700677	-0.21007828549715413	0.31119853273106046
0.0181931192649325	0.07051943774398395	0.7280296946787752	0.18325774831230834
-0.05925015753944862	0.2624473484026064	-0.6321716424974015	-0.04613085156054342
0.19001408115261742	-0.08367022362498777	-0.28225888821521217	-0.44405680700718264
-0.09057347319438369	0.6064316371642764	0.20834990066242853	0.09464498897891138
-0.027274109577292815	0.0806269077024766	0.6095118966048254	0.2825870861154052
0.19652016785235182	-0.19882212053642023	-0.5965539351378044	0.00810377647342353
0.265543278149043	-0.13536675738640414	0.29129129239359797	0.3077986720709549
-0.007268793547957397	-0.1351497887995705	-0.5945092553720199	0.26307216228045216
0.106156261532669	0.7058092010212165	-0.1456344689204585	0.04240006852565603
0.5852891135272846	0.03875538064338979	0.04647296099233622	0.32948254483698936
-0.15319202279932642	-0.3080397063690634	0.04422979212225253	0.49453847870935763
-0.2753803122292766	-0.19041181830987375	-0.1257921885442097	0.40841568091663993
-0.343076358051829	0.009500196984714826	0.2589261379868213	-0.38849730697663487
-0.05481574176306658	-0.1098554523330939	-0.7324614516688699	0.10286735423496962
0.1802847689705238	0.4941458572597668	0.23924263381039523	0.08632673995931417
-0.30976235751041514	-0.26754830155702325	-0.09410617589684889	-0.3285831650357127
-0.36653254915456057	0.10142732381362252	0.005450497007145394	-0.5265896300246715
0.12020800702359935	0.31887115599302485	-0.24233511847915823	0.3185857185042176
-0.12257062691506704	-0.20099584236697554	-0.4337403701843219	-0.24269316053363554
0.15043570534087558	-0.22301189440167324	-0.2130084156910701	0.4135439845663811
0.800236343670832	0.06020298711022942	-0.04598847898220049	0.09357219023673813
-0.6960239503514254	0.001400576064173542	0.062465159123292535	0.24011031446110853
-0.0314987701883811	0.39985982330955316	-0.03735900821328286	0.5312823982887829
-0.10921487067632629	0.1615497238451291	-0.21183078421443424	-0.5174046212641104
0.21260004294171364	0.12714737286175248	-0.1522553538998943	0.5079972302966396
0.08153480936950519	-0.5073059401008722	0.07044119070300492	0.34071805982661774
-0.13057762333453016	0.5549308531106019	-0.08866560176415694	-0.22582592179071104
0.016788745104361347	-0.050882679377954876	0.21922177009833743	0.7131068054193463
-0.497224192952487	0.2609972857781877	0.2352973271079184	-0.006481194161406911
-0.552449024712764	-0.1448119578115199	0.13051246757752644	0.17222654989818964
0.09696047730409862	-0.08165444855716197	0.7867177995160686	0.03466727462267083
-0.141413360380235	0.42977771931254405	0.034910165979475494	0.39389875432774546
0.14213867170072425	0.032815838328359215	0.20676566343937486	-0.6182798265315417
0.043581005944488105	-0.10895584804726033	0.35402304505728943	0.49344010095096213
0.020346332424905578	-0.0962155412143193	0.3798133140792841	-0.503624812281491
-0.0737018366975748	-0.6453655943132091	0.21862024663985435	0.06231232234936179
-0.446881486151659	-0.16764801400026186	0.06204183355878934	-0.3234286662892898
-0.14029932744649565	-0.181694273187343	0.5147267116630339	0.1632796877031275
-0.15442647301561974	-0.49307796444096463	-0.19866182169744562	0.15383374084597
0.06220402048521434	0.35408157022896636	0.34228031048739793	0.24143409879842137
-0.20211053471759333	-0.5045220446039163	0.16949280546987722	0.1238746152086132
-0.4256342319374391	-0.17234267687535776	-0.031904883428155895	0.37011820775904725
-0.2842500731270743	0.1100443261280244	-0.5885296998475829	-0.017175900897318463
-0.2173618094099401	0.20426977231655452	0.06556174294531503	0.5128066753281904
0.47954180246520317	0.028195701702783627	-0.13585016048242538	0.3564123353495878
0.007683712051349989	0.6746863253907622	0.23787569213270965	0.07975427042517813
0.09060474662578799	0.22840784241126078	0.6532356073775114	-0.027751803585439827
-0.05623831068558727	0.6877036458912114	0.06060273021414231	0.19545531320905907
0.010779502839791011	-0.6271577332713536	-0.192822874881998	-0.16923988900685738
0.12381121927757954	0.10285773059533443	0.34267314251207837	-0.43065790761500766
-0.43525791359650645	-0.26714288900659033	-0.14313988129063127	-0.15445931610627195
-0.05097521950595674	0.2438946138440059	0.037305586462302864	0.6678245801877345
-0.3119004518059947	-0.6252470038565978	0.033916814242007876	0.028935730095399625
-0.2195762933687646	0.28238374304911873	0.12260017124247113	-0.37543979233964553
0.19612674462484558	0.7134274062898003	0.08886979301491871	-0.0015760560704354276
-0.05212741584314751	0.13525439368249192	-0.2800144111267746	-0.532603779347586
-0.10637085115910239	-0.5121675782308572	0.15123540758345566	-0.23022616302658472
-0.5203746908135156	0.01028916221258025	0.45501444579531447	-0.014321701178589663
-0.4609800025724682	0.19001601191521011	0.05366252084010781	-0.2953414646722139
-0.13008201104934014	-0.13420735657904537	0.3942922490662597	0.3414183833053548
0.33318211915025353	0.3848320660545428	-0.26554878006253024	0.01643703473267344
0.6362081786429021	0.06958839471347966	0.1298011880616925	0.1644022385819257
-0.03674814423944328	-0.03008331069687431	-0.14230375844528664	-0.7908647866183958
-0.2574993221099362	0.5048412662432158	-0.12383936477794877	0.11382004686889924
-0.05833960896530632	-0.003960236853584043	0.006576883764698893	0.9311232704164107
0.028996411788807297	0.2692832852737297	-0.17513126108495825	0.5265890418525048
-0.07027579954210617	-0.569909257741317	0.25586008624466183	-0.10395485647191505
-0.13828859184086806	0.341576454636523	-0.01064872570769948	-0.5094862278149095
-0.31278540618083883	0.2020499772182831	-0.39698989791220396	-0.0881747186886741
0.13220039220207913	-0.2130163736703432	0.4295435136770227	-0.22523972045055496
0.2578989249096888	-0.374728124789228	-0.1276332263031661	0.2397397239979171
-0.051777846562595986	0.2513906340975114	0.21026451736705143	0.4865670019728412
-0.07215449781257499	-0.07806028555877886	-0.7721223293304778	0.07766288729816839
-0.08756633485662424	-0.10722874650990954	-0.5920256734289386	-0.21317924520452758
-0.06558286105407984	0.3240878115170758	0.5573723119146212	0.05295701551422316
-0.07860947100255	0.6027273318739765	-0.22337673177665596	0.0952864653468175
-0.1259320656971774	-0.06050658471917658	-0.035568353756301185	-0.7779929958273448
-0.33967635083525005	-0.005986124899530543	-0.3229622933081522	0.3313752309570672
-0.22837390700943971	0.23680834970307174	-0.45608524621341995	0.0787324970740686
-0.054476302874459925	-0.525737204930975	-0.2923912865983096	-0.1273952055962555
0.14825445797941694	-0.3338844225074782	0.21772908750293984	0.30013203201016503
-0.2258422920340144	0.6236156464952904	-0.021274304155072032	0.12926775731562312
-0.7180826244380674	0.03087929573120851	-0.10593504290378819	0.14510303692693594
-0.09171788695233496	-0.03921617566243185	-0.7136700912502247	-0.15539584613500845
-0.351739183748742	0.24216169540423382	-0.15691105072889866	0.2491880701181255
Conflicts
35 61
7 92
69 84
28 62
98 94
72 17
99 94
100 32
56 52
66 72
93 91
69 28
58 79
100 22
69 49
13 32
55 57
14 55
31 97
100 60
42 24
50 16
61 12
74 18
26 20
42 98
16 64
95 21
47 74
80 44
65 79
10 82
71 33
70 90
3 51
92 35
80 90
29 88
71 57
44 6
70 20
70 24
21 90
4 58
4 10
47 56
12 73
81 12
94 44
16 94
37 96
11 97
83 58
55 3
92 56
8 45
42 29
67 85
17 94
17 39
27 39
47 85
92 38
41 30
84 18
80 5
7 69
94 12
29 67
9 73
14 78
67 8
14 99
2 80
32 3
81 72
32 12
80 8
60 38
60 91
77 5
94 22
68 40
54 56
87 88
65 82
80 61
8 18
63 11
49 6
78 38
94 33
86 8
42 67
14 81
57 18
71 40
75 72
9 36
92 86
66 81
61 45
70 15
83 29
60 62
61 24
25 57
94 30
78 42
100 13
60 39
50 24
5 12
53 90
4 87
47 81
55 53
25 31
75 91
39 84
67 64
23 14
54 59
4 54
58 30
27 11
25 6
10 24
63 32
13 58
67 56
72 18
50 93
35 95
86 1
78 94
68 30
64 46
61 33
99 82
34 5
80 57
40 19
23 63
71 9
8 5
54 83
28 12
83 85
33 18
28 18
78 19
78 69
2 99
2 48
30 1
25 39
69 1
14 82
98 73
42 64
63 49
83 76
51 1
65 51
58 97
72 48
37 2
52 18
71 76
67 99
81 51
34 62
25 51
42 16
53 59
83 16
35 73
8 76
19 91
27 44
23 90
100 56
99 57
43 18
36 11
42 94
3 45
4 32
86 29
53 21
87 57
4 49
61 73
68 31
67 15
78 84
64 6
25 20
10 83
81 84
4 83
82 20
63 90
78 25
26 53
64 41
83 45
34 80
4 45
89 94
62 51
66 87
61 88
51 46
22 91
62 85
69 11
74 84
54 8
66 59
3 87
9 4
99 61
39 57
8 38
26 86
47 52
54 21
58 94
58 65
55 39
44 18
81 74
65 20
78 28
95 18
99 15
25 29
36 24
23 47
64 39
42 39
74 15
68 92
77 67
81 28
32 98
75 1
69 56
23 100
10 88
35 81
5 39
71 14
29 56
60 73
53 20
11 84
43 17
92 80
49 46
16 45
89 91
67 49
3 99
21 91
37 56
78 1
9 10
69 24
68 53
34 56
55 97
53 76
14 89
81 56
37 72
94 84
34 89
50 84
23 55
31 65
54 13
70 44
32 48
62 21
46 12
38 1
18 24
48 52
10 38
40 41
60 24
32 42
22 46
13 24
75 24
19 36
10 67
9 84
40 90
67 38
25 64
70 51
4 12
56 33
34 85
68 3
97 15
99 87
95 41
23 34
80 62
9 12
48 51
67 72
87 97
57 1
13 79
16 52
58 51
29 59
100 53
66 3
90 24
50 87
66 30
62 65
43 33
34 91
42 8
22 82
63 13
63 62
66 70
63 2
13 85
69 97
34 45
10 89
50 72
62 84
77 44
74 38
55 24
32 15
93 96
92 45
3 17
100 69
29 72
76 1
87 59
3 62
9 18
47 78
13 49
86 52
11 38
13 72
55 80
100 65
35 53
60 93
50 99
81 48
80 12
68 52
10 86
59 38
81 21
43 40
79 5
81 45
57 6
50 79
92 70
34 33
72 44
68 96
71 42
67 94
93 20
32 1
27 5
78 8
39 85
55 67
65 15
39 46
92 91
81 20
65 95
19 45
100 99
41 46
71 35
77 85
86 38
54 88
67 88
49 12
2 49
93 51
71 100
81 24
4 80
23 2
23 77
99 95
9 69
74 30
69 73
13 88
49 30
60 51
49 21
65 85
81 5
53 5
19 15
7 72
83 80
11 1
100 6
99 72
98 76
79 39
9 94
50 61
15 45
8 15
100 59
63 35
51 12
47 27
98 80
35 72
8 73
23 81
67 52
1 20
74 82
3 76
31 30
64 95
93 90
2 33
26 73
22 30
88 85
51 84
62 24
71 67
19 65
32 81
53 28
23 18
81 46
31 56
40 46
93 30
31 52
92 61
66 95
13 28
8 79
2 97
23 36
8 30
39 91
9 11
71 61
54 15
96 88
72 24
71 31
87 56
2 61
90 52
59 84
14 44
2 3
23 64
66 67
27 38
48 17
17 21
9 83
89 59
7 15
16 84
2 95
53 70
67 96
75 6
43 84
81 82
11 73
83 20
92 28
49 39
58 67
37 39
27 79
95 52
59 22
40 52
87 44
74 20
28 97
37 29
35 94
49 82
13 5
34 87
33 1
26 83
43 45
54 78
35 70
98 70
34 94
76 30
100 95
41 38
67 62
26 51
86 22
92 24
89 99
14 57
66 85
76 52
42 62
51 73
59 85
47 77
3 39
14 67
63 55
69 58
55 64
42 19
54 19
98 56
10 66
76 21
47 31
44 45
47 93
40 16
67 97
47 17
3 44
56 22
39 22
31 90
25 24
31 15
50 58
43 94
29 41
75 53
23 6
4 41
58 36
11 91
47 12
51 33
34 70
89 45
13 34
99 84
37 30
29 98
97 79
37 78
32 90
37 24
35 82
89 11
80 89
5 6
63 79
77 99
66 56
10 58
77 56
2 88
50 59
9 20
79 33
31 24
13 19
25 45
28 1
36 94
78 33
68 86
25 88
4 29
7 22
75 82
39 6
47 9
70 45
96 45
75 100
53 48
25 38
48 44
63 60
3 12
60 19
93 85
43 66
4 40
65 41
55 5
3 73
3 24
60 87
32 5
17 56
60 17
42 91
40 49
92 46
55 70
66 88
68 85
35 86
19 33
100 19
98 18
11 51
59 94
37 70
47 41
100 34
26 82
70 79
79 24
79 91
14 51
3 19
26 68
62 52
22 73
57 44
35 39
13 44
41 21
86 85
71 82
3 90
63 1
66 51
63 70
58 73
42 12
31 74
50 28
47 35
17 91
63 75
58 11
69 18
53 58
69 81
77 52
28 38
2 40
99 18
62 44
55 36
34 46
14 83
54 14
50 2
78 3
42 72
71 13
17 96
81 2
71 25
92 93
96 57
69 74
29 73
86 91
13 65
14 28
82 44
86 18
3 15
43 52
34 22
8 85
93 52
95 97
72 38
26 19
14 3
68 5
23 74
7 80
81 18
75 99
63 46
92 15
92 83
61 6
81 1
3 18
67 18
63 84
61 18
2 19
55 2
67 93
44 91
66 6
43 25
10 20
78 21
71 89
95 12
68 28
5 1
37 34
34 77
17 59
10 42
66 46
47 53
41 52
16 49
94 8
55 91
25 69
22 18
57 90
63 33
75 3
71 49
37 47
80 16
34 15
32 11
56 30
9 53
14 59
89 39
3 57
35 84
69 20
78 55
25 84
62 91
99 36
68 10
79 44
68 19
25 35
92 51
61 20
20 30
59 1
34 51
100 29
70 46
41 6
18 85
54 79
10 87
8 20
94 90
75 60
69 44
55 87
9 45
77 18
75 57
36 56
74 21
4 15
34 52
16 11
29 89
86 15
52 24
25 5
100 80
27 21
80 88
41 1
98 33
13 73
23 91
26 36
65 46
69 94
68 58
42 74
33 45
95 76
37 65
31 59
25 27
8 33
48 20
97 85
83 64
92 2
16 39
80 97
76 82
69 16
63 85
34 64
15 96
15 82
74 16
90 84
42 90
16 36
79 41
69 5
14 53
19 73
76 18
23 48
31 67
48 38
88 20
98 1
28 94
27 97
83 30
14 52
98 97
78 53
10 94
81 6
75 31
62 5
79 6
29 5
13 82
55 74
52 84
75 95
89 48
84 85
23 94
63 99
50 60
27 48
66 96
71 4
95 8
43 36
25 3
81 58
27 88
48 24
26 18
78 58
79 46
47 86
98 45
98 93
9 49
72 70
97 8
96 52
32 84
87 96
50 95
63 77
78 76
43 30
39 45
60 72
72 27
2 45
100 94
29 38
74 96
12 18
68 74
78 90
17 20
37 6
81 80
42 87
25 93
43 100
68 81
14 61
98 89
37 41
43 60
58 64
37 94
71 53
42 2
84 33
55 28
31 93
71 99
37 44
10 52
43 57
63 54
7 54
2 8
83 33
9 28
25 55
95 11
35 11
48 39
72 65
70 96
33 44
86 76
80 74
98 57
86 90
2 56
2 24
34 99
48 84
78 5
69 90
71 16
59 8
10 79
92 84
4 56
92 17
1 18
66 52
28 22
4 20
64 82
60 56
88 52
34 2
61 44
74 85
53 65
42 52
54 72
83 94
40 74
61 85
68 13
38 45
29 76
59 11
40 62
23 51
50 86
71 81
21 82
4 77
26 54
58 56
32 77
12 84
66 21
58 19
56 94
57 45
2 96
99 56
86 30
50 81
11 96
51 85
80 20
25 53
14 48
33 30
11 21
7 29
99 20
43 68
10 70
68 80
74 88
42 21
56 79
37 38
56 84
14 19
50 52
2 84
2 21
94 88
64 17
40 39
9 24
61 41
55 40
31 16
81 96
79 85
97 5
47 3
25 94
47 30
29 11
68 82
35 90
100 16
87 46
50 5
26 95
55 41
83 52
14 22
29 49
40 70
3 30
47 72
54 17
34 72
55 93
13 2
39 33
79 57
58 24
11 85
50 53
4 61
72 88
36 6
32 73
8 1
39 30
72 73
47 69
95 90
66 94
32 18
58 33
47 68
90 85
26 46
9 70
55 83
77 19
54 93
43 22
28 90
72 84
55 86
53 24
75 11
89 24
95 5
65 30
78 79
56 21
55 65
25 65
26 89
95 51
66 48
10 60
67 20
15 52
92 48
29 19
71 45
50 39
29 53
94 5
68 54
71 68
93 16
89 18
31 81
13 62
19 96
69 3
5 84
19 28
5 38
64 5
63 8
99 41
37 100
29 70
9 37
27 46
27 70
40 72
53 93
100 41
87 20
47 44
51 52
4 65
17 46
91 18
61 91
48 6
83 46
50 8
8 46
39 24
80 58
43 55
4 11
43 53
26 8
19 52
69 39
55 84
65 1
63 44
14 97
78 36
55 6
52 20
4 62
81 27
31 73
71 51
15 88
61 59
40 88
15 38
95 79
10 65
88 45
13 27
63 51
27 99
48 8
4 84
54 12
4 31
67 5
81 91
98 16
37 18
62 79
47 54
75 22
98 30
54 27
50 70
72 61
86 41
26 63
3 33
25 62
2 6
78 6
32 22
65 17
31 1
87 38
14 91
70 5
10 48
36 12
55 99
9 32
58 52
19 46
19 79
43 77
77 91
21 52
71 21
28 56
14 32
53 16
4 96
35 52
54 98
89 67
99 39
60 22
53 85
31 29
75 19
71 36
2 53
81 59
79 90
17 44
9 75
25 2
25 52
50 29
48 11
26 91
52 45
69 36
17 41
47 42
37 67
76 33
69 12
76 22
28 70
63 28
63 80
23 82
72 96
74 52
29 40
32 52
77 98
29 28
97 20
17 38
56 97
14 64
71 38
97 38
29 6
23 39
25 12
69 33
77 8
13 41
23 60
16 85
47 66
86 11
23 84
99 46
94 46
95 84
72 21
99 51
72 74
49 22
43 24
40 84
59 95
69 95
7 13
16 51
71 59
59 82
65 91
62 73
43 28
71 47
53 18
65 52
13 78
3 61
8 39
72 62
35 51
34 36
4 64
77 90
70 73
35 99
29 8
94 82
87 36
75 48
14 29
87 49
88 33
54 70
25 19
37 76
25 30
83 97
98 86
100 93
49 45
92 5
89 28
32 19
40 1
84 24
26 64
4 86
36 76
36 90
80 27
42 41
70 39
74 33
53 27
76 24
25 96
99 62
42 73
35 36
32 30
97 22
13 93
43 20
74 5
63 83
87 8
72 19
46 52
27 95
73 1
60 11
74 87
98 28
7 98
32 95
47 6
23 75
11 88
14 39
60 44
86 27
24 73
56 18
36 70
16 70
94 24
96 1
81 99
23 38
25 77
48 95
23 93
75 42
43 56
93 33
66 93
78 17
35 62
35 88
81 88
66 69
79 76
78 98
81 44
79 1
93 22
27 22
1 45
29 1
43 87
63 40
63 12
33 57
32 8
81 19
55 77
3 70
53 11
36 85
58 8
25 8
31 8
65 87
64 20
31 22
9 52
61 64
81 22
46 44
93 44
94 1
47 89
23 21
37 46
16 73
66 79
31 11
96 38
74 22
54 11
69 91
23 49
80 28
21 20
78 57
32 58
69 65
32 79
38 91
99 88
63 29
100 83
98 3
95 49
59 46
47 57
10 80
50 56
26 93
98 53
55 17
3 41
75 10
28 48
7 47
77 94
15 73
60 88
98 41
74 11
69 15
23 98
48 56
81 29
71 80
68 21
92 98
59 44
43 91
4 88
4 24
75 12
80 1
85 73
93 64
22 24
50 73
13 15
78 51
92 29
19 51
54 82
69 27
23 28
44 12
25 40
83 87
32 80
67 11
58 61
47 92
71 77
86 94
16 90
53 97
100 88
4 14
61 16
94 45
42 22
21 22
54 10
61 28
25 72
31 14
95 82
42 15
35 59
78 24
99 85
48 94
48 96
9 65
2 94
56 12
83 12
100 66
71 86
72 16
60 94
2 65
60 48
32 69
64 24
32 89
31 60
59 91
34 39
40 22
8 44
3 38
10 36
77 15
26 67
51 49
66 19
68 20
25 32
50 94
80 79
93 24
10 62
66 8
70 1
17 85
14 40
51 88
71 15
77 17
87 12
64 85
100 1
27 6
34 73
71 7
58 84
36 57
95 15
68 29
88 90
60 89
46 91
35 49
71 58
86 58
69 57
4 42
74 57
89 41
83 48
37 90
83 70
68 16
40 30
43 83
29 99
13 10
58 20
7 38
98 40
77 82
55 48
5 45
71 23
100 33
3 28
13 31
37 61
66 76
99 22
23 85
75 96
4 38
41 45
22 44
32 21
7 5
63 41
94 18
48 22
27 8
19 16
58 87
89 19
59 56
28 24
10 22
26 30
62 39
9 3
51 44
7 61
35 27
48 5
63 19
32 83
51 45
14 38
5 85
7 21
23 27
61 82
72 15
92 94
87 33
87 82
37 80
12 90
72 56
60 42
27 12
78 50
78 18
70 38
60 53
33 91
60 77
23 40
47 48
74 51
31 99
83 40
68 44
10 46
26 21
71 43
71 64
19 85
33 6
83 98
53 67
47 34
14 60
34 84
71 78
26 88
62 18
83 67
35 65
35 19
12 6
16 65
88 84
54 65
63 66
72 91
26 31
78 35
20 24
31 46
63 76
25 81
31 80
2 27
35 22
97 90
89 85
43 54
60 12
32 17
7 39
23 79
75 88
78 22
58 76
23 99
34 81
63 78
100 2
8 57
100 36
37 75
60 64
68 18
10 50
85 1
29 93
29 20
31 5
25 82
17 62
94 41
61 62
37 98
71 48
47 10
22 57
68 88
34 18
80 93
42 46
10 12
23 26
26 92
54 37
80 56
2 85
99 73
26 70
56 46
34 17
40 87
87 11
99 33
34 58
25 99
32 6
26 59
36 97
75 87
32 57
31 95
81 87
34 44
83 53
28 65
47 96
7 28
97 44
7 68
68 79
72 82
65 45
69 76
46 82
74 1
27 18
23 30
34 29
93 17
43 34
43 31
35 89
17 5
87 85
47 75
11 49
97 88
9 97
17 8
73 18
61 22
64 15
71 17
14 69
48 76
81 90
7 82
7 93
19 30
16 41
58 17
78 16
54 62
89 65
56 15
63 87
71 79
2 52
25 56
68 89
34 86
39 20
17 6
100 11
34 79
40 21
38 46
59 76
29 95
49 84
67 33
23 70
83 69
10 97
31 44
86 40
67 74
98 39
78 67
29 58
86 49
23 3
64 91
28 44
43 13
68 12
77 28
10 85
37 79
19 6
92 85
59 41
32 39
63 86
26 33
65 18
18 20
8 21
64 97
19 8
3 95
66 80
14 98
31 72
61 5
50 44
90 1
43 11
23 10
7 36
61 97
71 69
78 52
54 81
54 94
43 49
72 76
35 87
43 93
66 18
21 6
57 46
17 33
93 38
26 87
43 37
58 28
97 51
3 21
13 46
36 41
78 56
32 51
49 85
68 99
80 70
80 64
29 18
51 41
83 73
14 56
77 96
95 44
87 5
31 83
78 73
76 96
54 57
63 6
83 86
43 8
33 73
20 85
14 8
27 45
61 8
86 45
9 98
78 11
65 59
63 14
92 87
54 48
25 15
76 38
25 42
15 46
78 85
4 66
58 22
62 30
71 94
77 24
35 97
28 16
41 18
47 83
4 44
60 66
79 45
61 70
59 88
51 82
89 73
83 36
13 96
75 74
3 48
81 67
83 44
28 95
32 16
71 73
43 96
2 28
87 91
80 99
95 85
56 6
53 3
21 45
59 52
25 73
39 21
28 84
54 77
87 41
19 87
22 45
64 70
14 87
83 1
41 90
77 27
89 87
17 24
47 8
59 15
66 65
43 48
97 21
25 1
31 79
64 45
43 41
89 61
10 1
80 6
7 89
3 36
10 21
9 42
77 70
97 18
37 91
69 38
57 73
8 24
87 6
7 78
90 20
100 52
4 81
7 84
35 60
50 3
92 18
82 30
50 45
94 57
77 36
43 9
59 33
4 8
78 74
2 74
2 98
9 17
36 38
74 93
58 18
80 96
28 96
89 20
99 24
52 6
44 85
9 41
92 57
78 88
16 76
86 96
3 91
15 33
51 18
42 65
19 21
100 89
54 85
67 41
71 12
77 22
69 72
71 37
71 93
31 89
58 91
35 79
67 28
9 19
60 65
21 57
14 79
13 39
19 93
31 6
66 57
38 52
75 69
42 84
37 68
9 90
42 82
71 24
25 70
69 52
46 73
50 76
3 5
4 21
50 32
12 1
100 76
92 30
17 45
86 6
26 27
23 41
42 40
79 49
80 86
86 95
89 27
38 90
79 22
25 48
26 76
63 94
9 91
58 49
58 39
77 64
89 21
65 8
8 96
26 37
77 6
92 69
32 53
89 82
55 89
32 96
40 64
60 69
10 29
68 59
77 21
55 42
55 27
25 86
37 89
19 59
22 84
54 95
56 45
7 64
7 51
47 1
77 51
71 98
26 90
61 21
34 98
6 24
26 55
4 95
100 78
13 55
15 6
34 11
21 85
34 65
96 44
40 33
27 62
4 82
7 77
70 76
53 51
7 27
98 38
74 90
36 95
9 13
48 64
35 85
50 67
56 44
29 39
78 32
100 5
49 5
71 5
61 19
35 8
5 15
7 58
54 34
59 70
66 86
67 45
14 93
83 99
35 50
57 20
7 67
87 94
28 85
74 44
63 72
32 65
26 97
89 49
68 25
21 88
92 25
66 16
80 22
21 84
43 63
54 89
60 32
64 84
40 96
42 76
60 61
60 20
8 82
47 51
32 59
82 24
19 49
89 12
66 82
35 45
98 21
68 62
77 74
31 12
56 5
60 85
59 21
55 60
50 57
55 61
33 90
3 27
64 62
53 88
50 41
37 25
75 27
86 67
46 85
54 40
34 12
13 38
94 21
89 8
99 19
37 64
51 24
92 81
93 95
36 21
92 99
92 96
22 96
2 1
63 31
13 16
83 89
32 36
58 5
66 22
31 34
94 79
26 25
12 30
40 94
22 85
40 85
87 70
76 90
54 50
56 24
37 12
22 12
95 45
83 5
63 24
34 82
5 88
10 35
100 40
26 12
63 74
89 44
31 91
68 87
40 56
98 96
36 96
95 57
62 57
13 8
25 17
13 69
23 87
17 95
54 90
83 82
91 30
64 22
92 44
4 27
13 89
26 94
7 11
43 3
7 81
15 39
54 2
47 99
68 27
63 17
34 49
48 49
32 86
16 12
70 6
7 86
10 8
10 57
68 84
100 45
50 69
51 30
53 94
25 98
32 70
83 59
66 84
31 28
100 81
77 11
62 6
80 85
75 79
80 17
31 21
39 44
55 15
66 24
25 46
62 45
86 24
55 10
26 50
36 1
25 67
28 88
75 41
64 51
23 83
42 85
27 96
27 33
35 3
51 20
11 6
54 55
69 80
99 76
80 94
99 65
80 82
26 45
83 17
36 17
42 36
6 82
13 95
77 1
65 39
5 57
11 79
31 82
9 59
25 18
63 53
80 45
4 74
27 65
26 24
86 84
62 46
83 21
81 62
23 88
13 70
19 84
12 24
59 97
68 61
19 20
56 96
54 25
67 30
15 24
53 49
13 33
2 41
16 22
11 41
13 98
32 67
87 48
43 29
69 21
60 49
26 48
66 49
26 57
23 95
75 50
4 52
44 73
50 80
78 59
14 36
13 6
81 3
100 17
77 48
49 15
34 48
28 5
51 79
55 66
43 10
90 91
32 85
59 24
92 1
64 52
54 87
8 6
92 73
22 20
50 12
7 99
4 99
81 65
16 18
41 33
92 65
60 80
74 76
19 5
7 66
9 87
12 82
7 1
100 21
37 73
78 77
14 84
37 20
54 46
79 88
87 90
69 8
94 20
31 87
47 60
69 6
68 83
3 96
3 85
92 19
16 57
99 5
9 16
67 57
38 88
48 21
25 33
43 82
33 24
23 11
29 12
86 28
55 96
77 61
93 94
10 72
36 8
47 11
7 35
83 18
93 65
86 89
16 38
9 89
37 5
93 5
23 66
76 85
32 49
9 14
54 60
14 5
51 39
84 20
29 52
42 27
44 20
43 88
16 5
50 49
4 57
47 79
35 24
53 91
7 30
7 94
67 51
14 77
8 52
78 34
75 80
98 90
26 29
60 58
23 76
55 22
37 84
16 88
36 52
28 57
14 62
28 82
14 45
40 91
48 36
50 17
16 44
75 13
54 80
100 8
43 64
23 97
63 98
50 51
53 96
92 40
78 83
28 73
74 41
86 70
75 29
81 40
21 24
27 85
83 65
2 58
25 74
71 65
53 80
23 25
62 56
98 99
27 17
29 21
43 6
43 14
62 95
49 24
23 50
31 66
48 30
43 72
23 57
68 57
6 18
93 62
42 6
96 33
41 57
55 44
14 33
47 73
35 20
75 2
2 30
10 51
