InstanceID
5_150_4
NumObjects
150
NumFactors
4
Weights
53.03646605536807
77.70091698339469
30.13103535440822
88.13491207672945
83.83576532332523
52.40587188478234
57.125965860896
93.15154141626472
4.422802345157595
11.814743857996657
51.14826505242655
80.29609983145889
67.13001813825518
8.567664223247418
36.24632704303252
38.83774531923385
40.109587458776666
50.74453861845003
54.95366512679345
6.728541622841666
62.38873118334289
98.10074532207751
35.575031897384555
96.28155964157932
10.531210821150294
20.514525877036682
61.478031926876376
65.85851395147928
98.02890213858275
94.07637470105716
53.01226032511257
34.05216764209609
43.84905878063661
97.7319224416235
64.46865601377458
15.9505131991194
29.487815758628155
72.66767677498646
29.711690173661196
82.48471231939132
33.876255773241624
17.631487220319507
77.93347144453875
45.65253870825403
62.114228556625164
71.07877842525951
75.91110561435985
54.14254997612027
34.50421388471811
46.96829943453662
33.20847262273667
5.925574756840213
90.79292209625112
10.679060236746496
51.743250417153575
2.87064844065561
60.781321352263994
69.02991197954915
27.458341362423756
21.46099851364365
89.80771118475839
74.03636972786944
79.05179030513226
50.563815490294914
34.7712793676773
93.49018854910733
98.19711565479258
47.17408773520313
48.50105525722406
10.008438325534552
20.34184316633043
82.7815817283887
3.7798866265414732
20.300859099876668
42.16842697160394
56.11709526168971
73.69665547879502
21.942872007981286
35.71437910085808
72.05874646472066
57.43901770970374
39.02727567303867
31.222752743757987
74.14353486237361
82.64770939786825
99.39821224179401
48.97583741416389
14.79841072335304
69.29910796549588
13.951522525693893
35.66427919926449
78.9783762220514
21.83760745294252
85.84188438102692
15.160042885900493
61.68744408009401
67.7644881851738
65.37887220578678
1.3225692924918597
74.84861206339919
75.69237557330794
58.926278407305375
80.06462943501364
43.67071380822631
3.1264638844418435
48.59422478925622
2.080619793138072
32.52120691345588
80.04904795027548
11.020956738674514
29.446247826474405
34.54331622819986
68.23322511270145
75.85473027629719
79.24978466410948
25.390763699414553
60.097968917704094
48.47235932427911
28.33365741227145
71.47890484971064
18.33875148166073
53.803570439669215
85.38749434048356
74.05802182230106
90.08705451173842
53.57950140876859
27.74975553937622
94.91968814533958
40.50946242800235
74.72229636167384
14.836992794945502
23.922487706696273
60.348285807358714
59.02261831535376
73.96052114988649
11.329090915368646
35.44327037198312
59.38787473352143
74.60008699286193
38.93597956358228
73.73876252517033
16.5327193839242
76.81268216032157
51.3645698605016
81.78310190081419
89.28782349441047
39.254249065363254
49.99064342032011
23.74434574826254
40.96181304608668
Budget
3852.8443755342164
Profits
-10.607293211073614
-15.540183396678938
-6.026207070881644
-17.62698241534589
-16.767153064665045
-10.481174376956469
-11.4251931721792
-18.630308283252944
-0.884560469031519
-2.3629487715993314
-10.229653010485311
-16.059219966291778
-13.426003627651037
-1.7135328446494835
-7.2492654086065045
-7.76754906384677
-8.021917491755334
-10.148907723690005
-10.99073302535869
-1.3457083245683332
-12.477746236668578
-19.620149064415504
-7.115006379476911
-19.256311928315863
-2.106242164230059
-4.1029051754073365
-12.295606385375276
-13.171702790295857
-19.60578042771655
-18.81527494021143
-10.602452065022515
-6.8104335284192175
-8.769811756127321
-19.546384488324698
-12.893731202754916
-3.1901026398238796
-5.897563151725631
-14.533535354997293
-5.94233803473224
-16.496942463878263
-6.775251154648325
-3.526297444063901
-15.58669428890775
-9.130507741650806
-12.422845711325033
-14.215755685051903
-15.18222112287197
-10.828509995224055
-6.900842776943622
-9.393659886907324
-6.641694524547335
-1.1851149513680426
-18.158584419250225
-2.135812047349299
-10.348650083430716
-0.574129688131122
-12.156264270452798
-13.805982395909831
-5.491668272484751
-4.2921997027287295
-17.96154223695168
-14.807273945573888
-15.810358061026452
-10.112763098058982
-6.954255873535461
-18.698037709821467
-19.639423130958516
-9.434817547040627
-9.700211051444812
-2.0016876651069104
-4.068368633266086
-16.55631634567774
-0.7559773253082946
-4.060171819975333
-8.433685394320788
-11.223419052337942
-14.739331095759004
-4.388574401596257
-7.142875820171616
-14.411749292944132
-11.487803541940748
-7.805455134607735
-6.244550548751597
-14.828706972474723
-16.52954187957365
-19.8796424483588
-9.795167482832777
-2.959682144670608
-13.859821593099175
-2.7903045051387787
-7.1328558398528985
-15.79567524441028
-4.367521490588504
-17.168376876205382
-3.0320085771800986
-12.337488816018801
-13.55289763703476
-13.075774441157355
-0.26451385849837195
-14.969722412679838
-15.138475114661588
-11.785255681461075
-16.01292588700273
-8.734142761645263
-0.6252927768883687
-9.718844957851243
-0.4161239586276144
-6.504241382691175
-16.009809590055095
-2.204191347734903
-5.889249565294881
-6.908663245639973
-13.646645022540289
-15.170946055259439
-15.849956932821897
-5.078152739882911
-12.019593783540818
-9.694471864855823
-5.66673148245429
-14.295780969942129
-3.6677502963321458
-10.760714087933843
-17.07749886809671
-14.811604364460212
-18.017410902347684
-10.715900281753719
-5.549951107875244
-18.983937629067917
-8.10189248560047
-14.944459272334768
-2.9673985589891005
-4.784497541339254
-12.069657161471742
-11.804523663070752
-14.792104229977298
-2.265818183073729
-7.088654074396624
-11.877574946704286
-14.920017398572387
-7.787195912716456
-14.747752505034066
-3.30654387678484
-15.362536432064314
-10.27291397210032
-16.356620380162838
-17.857564698882094
-7.850849813072651
-9.998128684064023
-4.748869149652508
-8.192362609217337
FactorLoading
0.35751068399307795	0.031073790838251236	-0.01890639113190362	0.5925091340367672
-0.10822244879892184	0.16028943457120182	-0.2608436092358857	-0.47064450739399066
-0.09552515757227775	0.7407890772011996	0.11008886514377236	0.05359690008275031
-0.6868681447883112	-0.11885564475144528	-0.19032357767557095	0.003952632784672616
0.24518454990398286	0.46357622348042304	0.2634417119631629	-0.027797514652431188
-0.1815497632565657	0.09595576818678242	-0.06747436726933986	-0.655020101287312
-0.0019376358277267691	0.17418618551043252	0.1447682263636041	-0.6791079522982366
0.025736794854778644	-0.07354066928410607	0.5895240031300548	-0.31119853273106046
0.08871255700891645	0.43375711288503327	0.29427258179374194	-0.18325774831230834
0.32169750594205504	-0.050317439051533075	-0.5818542034458685	0.04613085156054342
-0.19001408115261742	-0.08367022362498777	-0.46909188030313187	0.25722381491926294
0.09057347319438369	0.3439467656494506	0.47083477217725433	-0.09464498897891138
0.027274109577292815	0.2074833923965942	0.4826554119107078	-0.2825870861154052
-0.19652016785235182	-0.3538278451363992	0.44154821053782545	0.00810377647342353
-0.265543278149043	0.13536675738640414	0.29165198774748213	-0.30743797671707074
-0.007268793547957397	-0.3949450559068757	0.33471398826471477	0.26307216228045216
0.106156261532669	-0.7058092010212165	0.05460961906514594	0.1334249183809686
0.5080868638372353	0.11595763033343909	0.04647296099233622	-0.32948254483698936
-0.048991701180348235	0.4122400279880416	0.04422979212225253	0.49453847870935763
-0.14833902330708648	-0.12704128892219013	0.19041181830987375	-0.5342078694608496
0.0356558176375914	0.3074205404142376	-0.2684263349715361	0.38849730697663487
-0.05481574176306658	-0.1098554523330939	0.32095581259080896	-0.5143729933130305
0.6744306262302906	0.23924263381039523	0.002874296783190733	0.08345244317612344
-0.30976235751041514	-0.16316008678083227	-0.19849439067303987	-0.3285831650357127
0.07404175978254335	0.39391811318563974	-0.005450497007145394	-0.5265896300246715
0.12020800702359935	-0.5612062744721831	0.1424612281315234	-0.17612449037269418
-0.10641305308663318	-0.016157573828433858	-0.6347362125512974	-0.24269316053363554
-0.15043570534087558	-0.43602031009274334	0.3425561299079758	0.07098785465840529
0.5295202747130157	-0.3309190560680457	0.04598847898220049	0.09357219023673813
0.18215681049428678	0.5138671398571386	0.06386573518746608	-0.24011031446110853
0.0314987701883811	-0.018788019882760798	0.38107180342679237	-0.5686414065020657
0.07046245697477804	-0.03875241370154825	-0.1615497238451291	-0.7292354054785446
0.21260004294171364	-0.12714737286175248	0.20768894142804517	-0.4525636427684887
-0.5888407494703773	0.07044119070300492	0.33715373526725645	0.003564324559361287
0.04302636062780274	-0.08755126270672742	-0.6435964548747588	-0.22582592179071104
-0.016788745104361347	0.2701044494762923	0.565092734954542	-0.1480140704648043
0.11110220233634638	0.6471192763943283	-0.2352973271079184	0.006481194161406911
-0.22136528643676412	0.4758956960875198	0.13051246757752644	0.17222654989818964
-0.09696047730409862	0.08165444855716197	0.6386204588189233	0.18276461531981614
0.030421021843876517	0.11099233853635848	0.46468788529201954	-0.39389875432774546
0.14213867170072425	0.23958150176773407	-0.19304257143230008	-0.4252372550992416
-0.15253685399174843	0.35402304505728943	0.29272767278227696	-0.20071242816868518
-0.020346332424905578	0.0962155412143193	-0.685952810372815	0.19748531598796015
-0.0737018366975748	0.27910505304461974	0.5848807879084437	-0.06231232234936179
-0.06374777200012227	0.5507817281517986	-0.06204183355878934	-0.3234286662892898
-0.0851519797486342	0.05514734769786145	0.6964209848503768	0.1632796877031275
-0.042046186389148144	-0.11238028662647159	0.49307796444096463	-0.35249556254341563
0.06220402048521434	0.6963618807163643	0.20251258573844022	0.03892151305998115
-0.20211053471759333	0.2807005080403111	0.39331434203348237	0.1238746152086132
-0.23661575767724408	-0.18901847426019502	0.17234267687535776	0.40202309118720314
0.2842500731270743	-0.1100443261280244	-0.027383040781320478	-0.5783225599635808
0.16461183676513436	0.05274997264480574	0.20426977231655452	-0.5783684182735054
0.5077375041679868	-0.07392646331639852	0.06192369716602686	-0.3564123353495878
0.6367212014750507	0.045648835967061485	0.23787569213270965	-0.07975427042517813
0.09060474662578799	0.5679010762808894	-0.3137423735078828	-0.027751803585439827
0.006001427356609135	0.7379405292201895	0.06060273021414231	0.19545531320905907
-0.010779502839791011	-0.49291594116832926	-0.32706466698502235	-0.16923988900685738
0.12381121927757954	0.4455308731074128	-0.14372799952792437	0.2869299080870833
-0.43525791359650645	-0.03522120090648562	-0.375061569390736	-0.15445931610627195
0.29486983334996264	0.037305586462302864	0.10206354698759457	0.5657610332001399
-0.3119004518059947	0.004522213312191825	0.620724790544406	-0.0628525443374075
0.13319313998966087	0.36876689642822247	-0.12260017124247113	-0.37543979233964553
0.5404585906119639	0.369095560302682	-0.08886979301491871	-0.0015760560704354276
0.05212741584314751	-0.03273261363837365	-0.10252178004411827	-0.8126181904743606
-0.2999012171698161	0.3186372122201435	-0.15123540758345566	0.23022616302658472
0.04264363123595505	0.47773105957756057	-0.01028916221258025	-0.46933614697390413
0.3477366206963073	0.303259393791371	-0.05366252084010781	-0.2953414646722139
-0.20819662585339338	0.05609274177499213	0.3942922490662597	0.3414183833053548
0.33318211915025353	-0.38386545106294157	0.26651539505413147	0.01643703473267344
0.6362081786429021	0.06958839471347966	0.09120483030713156	-0.20299859633648665
-0.005523675764544711	-0.06130777917177288	-0.14230375844528664	-0.7908647866183958
0.010709015921463338	-0.7516315724316887	0.12383936477794877	-0.11382004686889924
-0.05833960896530632	0.003960236853584043	0.31628149433686437	-0.6214186598442453
0.028996411788807297	-0.2692832852737297	0.5291347078443369	0.1725855950931261
-0.07027579954210617	0.079577033349989	-0.49033222439132795	-0.3598149427165769
0.13828859184086806	-0.2547654196324318	-0.08681103500409115	0.520134953522609
0.1893576675780415	-0.12342773860279732	-0.5990398751304871	-0.0881747186886741
-0.34521676587242234	0.4295435136770227	-0.11293293937929083	0.11230678107126413
-0.2578989249096888	-0.4411432360846901	0.06121811500770402	-0.2397397239979171
0.3031684806601074	0.1453648964781762	0.06489962088887524	0.4865670019728412
-0.07215449781257499	-0.07806028555877886	0.3035100554839405	-0.5462751611447056
-0.19479508136653378	-0.25684179983811894	-0.3351838735908197	-0.21317924520452758
0.27692039176081495	0.11275028081034066	0.5573723119146212	0.05295701551422316
0.05590930585815612	-0.02270016514439388	0.6027273318739765	-0.31866319712347346
-0.055294235981725226	-0.13114441443462876	-0.035568353756301185	-0.7779929958273448
-0.33967635083525005	-0.12372226199653191	0.2052261562111508	-0.3313752309570672
0.22837390700943971	-0.01607508426035631	0.6768185116561354	-0.0787324970740686
-0.4158814898097851	-0.16433201799564978	-0.2923912865983096	-0.1273952055962555
-0.4821388804868951	0.10102827850653529	0.11670080899640456	-0.30013203201016503
0.07670784650814388	-0.772750092021161	0.021274304155072032	0.12926775731562312
0.4665568218248024	-0.25152580261326496	0.03087929573120851	0.2510380798307241
-0.09171788695233496	-0.03921617566243185	-0.12860116758127593	0.7404647698039573
0.1940298992233116	-0.15770928452543043	0.3990727461331325	0.2491880701181255
0.3234296540023327	0.44993984316353264	-0.11616616343932651	-0.11046433939480815
0.3871243339670698	0.4762652670771623	0.0048714383496957225	-0.13173896060607215
-0.35737713071238075	0.2074546641288859	-0.35568349011382394	0.0794847150449094
-0.17599267861437506	-0.04335838583561369	0.4522173357740842	0.32843159977592706
0.1746773276564313	-0.25624038348329226	-0.15912442720873377	-0.4099578616515427
0.16897466327834465	0.21813794711695178	-0.04913835872888539	-0.5637490308758182
0.1448496798655703	0.18133158890699064	0.5828086826877363	-0.09101004853970274
0.19785225348470448	-0.5462912193509339	-0.0446527336984055	0.21120379346595608
-0.45938077604731453	-0.10030492913255618	0.37552932143277884	-0.06478497338735045
-0.5697859061761263	-0.37482002378442436	-0.0005770745315754056	0.05481699550787389
-0.03870009352996062	0.44513319601423285	-0.3250813773969885	-0.19108533305881803
0.16797694347257597	0.2688507038324077	-0.4788328500650889	0.0843395026299274
0.3345423564262566	0.10221057183226923	0.2059463132571473	0.35730075848432685
-0.02157741871844765	0.3399027918766391	0.5931810693940955	0.045338720010817735
0.0808510082625502	0.3037213347695078	-0.37463050375375895	0.24079715321418305
0.15080221823243778	-0.22395848865759294	-0.06270214614382019	-0.5625371469661491
-0.3419699590183698	0.14614933260515373	-0.409438654143099	-0.10244205423337749
-0.2733700841081881	0.20375451313245874	0.44019036297157754	0.08268503978777564
0.24134926830612602	0.3869886229421695	0.1757617654492798	-0.19590034330242467
-0.2542659242475829	-0.32466776805233666	0.11293037317802401	-0.30813593452205645
0.17792744878449995	-0.2315128573610623	-0.013755914175729078	-0.5768037796787087
-0.24367475346237	-0.3022121266564952	-0.05298282506661178	-0.401130294814523
0.6234877297600816	0.29524894927967615	0.07319270816777323	-0.008070612792469012
-0.5186040303214874	0.05275649949345507	-0.15830368903037884	-0.2703357811546787
-0.07631290501721422	-0.4181312794338594	0.3539314282662158	0.15162438728271055
-0.21505609427947925	0.3338096593655766	-0.4274868980862001	0.02364734826874404
-0.24226589446914337	-0.11961356736774986	-0.22516137666369462	0.41295916149941214
-0.20067943967781243	0.1544740984739763	0.19061802542428152	0.45422843642392974
0.24213733016452643	-0.06623033391805677	-0.11972670695378551	0.5719056289636313
0.1649049592916485	0.04826516015693616	-0.423236486511801	0.3635933940396143
0.3107415210693476	0.2916812034715537	0.2169417983572608	0.18063547710183792
0.0029291038544856374	0.6709647889928201	0.0739660776506108	-0.2521400295020835
0.1328202281040891	-0.7342852251198064	0.07785096138192249	-0.05504358539418197
-0.04157517881409589	0.23898401463649832	-0.26849707036461323	0.45094373618479255
-0.5607415230264701	-0.18378617523603547	0.010492754562535511	-0.24497954717495896
-0.06714585552818964	0.2945758092151691	0.1717644744984732	-0.46651386075816803
0.2924142051007632	-0.3754687714152656	0.09638283172333462	-0.2357341917606366
-0.22588553876815154	0.5391299224606594	-0.10337483105944756	-0.13160970771174152
-0.05371779438570079	-0.38853976179909666	-0.5174040663796742	0.04033837743552837
-0.03745425261945168	0.3379058782045199	-0.265865712970603	0.3587741562054254
-0.2650209806577797	-0.12319367235662515	0.505937037789604	0.1058483091959912
-0.006311473773241705	-0.5666284337058538	0.08605865904993903	0.34100143347096545
0.2235303451794899	-0.36364293974191053	0.07201914067856041	0.34080757440003917
0.05659111582090448	0.4832794440176509	-0.22756820629656205	-0.2325612338648826
-0.2116120026616375	0.004484973022966354	0.6983724579057138	-0.08553056640968237
0.01216278351535105	-0.4325660559293467	-0.14796582721327622	-0.407305333342026
0.42144515702471574	-0.16189248254437483	-0.034493339566255665	-0.38216902086465376
0.06529537155481013	0.18975102175560665	0.6038972429102885	-0.14105636377929476
0.09495867467902319	-0.4279934716194229	-0.07434961123393369	-0.4026982424676202
0.1250387808634177	0.2281362469837811	0.621586959829882	0.025238012322919223
-0.12707638923487785	-0.11923622690283553	0.41485787170031774	0.3388295121619689
0.09772846104672572	-0.6813860761600998	0.05544350879591109	0.16544195399726336
0.1621795964716659	-0.34712214801956054	0.047854432262961044	-0.4428438232458125
-0.26272739281915225	-0.2548115371411639	0.2396554392933261	-0.24280563074635775
0.24947404768018067	0.20674492790928012	-0.09893958664811686	0.44484143776242235
-0.21424560351862754	0.1877135840266495	-0.20527870732310016	0.3927621051316228
0.31622483982307314	-0.24445716538021256	0.31988711188045027	0.11943088291626403
Conflicts
71 137
136 133
54 140
83 28
120 85
146 18
78 19
78 69
124 1
103 129
14 73
42 49
83 76
58 1
2 48
52 18
71 116
76 51
81 62
102 42
53 16
83 16
108 73
19 8
27 109
23 56
146 99
139 94
42 3
52 45
32 18
132 86
29 149
53 57
4 87
61 73
31 15
67 106
78 64
20 134
83 138
81 84
4 83
82 20
63 90
78 125
25 64
80 41
132 34
108 51
87 88
80 118
150 91
101 142
139 57
69 101
54 8
66 131
4 137
136 109
123 126
26 86
54 62
34 122
54 21
117 58
29 94
55 65
148 18
78 28
95 18
99 15
25 29
125 24
23 47
119 42
113 39
74 143
92 77
81 28
32 1
23 73
10 122
81 5
14 108
98 20
94 111
11 84
43 17
92 80
121 16
67 99
3 21
123 91
78 1
10 137
68 56
34 53
89 76
81 142
72 127
37 84
34 94
89 65
115 18
13 57
104 115
48 70
62 21
140 1
105 24
146 48
128 138
102 38
60 24
32 120
150 46
13 75
147 24
10 36
67 137
40 110
67 38
112 64
132 140
118 33
131 85
68 107
108 97
107 15
87 95
23 34
80 33
140 137
48 51
87 97
129 57
13 144
59 52
29 53
103 90
50 87
66 62
43 33
34 42
8 150
109 141
63 118
2 85
13 69
34 103
89 45
138 88
61 72
77 84
116 44
38 115
116 122
143 24
96 127
17 108
69 3
100 72
94 12
140 103
129 76
87 59
3 62
137 18
47 78
13 49
139 127
72 38
55 141
80 130
93 65
60 81
80 12
68 52
138 24
81 59
40 149
134 45
89 79
92 94
34 33
113 76
42 67
148 93
126 129
136 5
55 15
65 20
103 19
100 46
38 127
56 33
67 88
111 88
140 49
43 130
71 24
4 121
23 130
23 127
9 99
69 74
69 88
49 141
28 18
149 111
133 65
53 5
147 15
7 144
110 105
11 1
98 6
114 76
9 109
50 94
61 15
143 45
136 15
100 59
63 140
47 27
123 98
80 72
35 8
116 67
52 20
114 129
131 113
31 30
125 64
2 90
33 73
26 22
88 85
128 84
51 24
71 147
32 110
53 28
109 18
31 81
125 46
93 52
31 92
13 95
109 8
102 79
136 130
9 11
71 61
54 143
112 88
72 96
31 125
87 56
2 61
125 90
14 59
131 130
66 109
145 48
17 107
116 21
122 137
59 15
135 144
2 70
120 2
96 6
139 73
148 105
28 39
58 49
28 95
141 12
5 22
102 40
112 110
80 3
66 114
97 20
29 28
37 94
141 82
133 34
137 87
128 33
83 1
43 45
54 105
94 30
100 76
86 62
92 22
99 24
110 57
66 142
52 85
42 59
3 109
67 142
63 102
55 69
55 58
43 98
10 33
101 149
47 102
93 44
40 108
144 97
47 17
100 32
3 44
128 58
56 150
39 150
128 115
116 57
71 90
15 24
117 127
50 126
29 107
53 6
22 118
4 115
58 36
140 11
16 45
70 33
123 45
141 84
111 30
120 79
32 90
124 40
37 82
89 11
123 89
133 6
63 77
66 56
58 138
103 88
130 59
9 50
79 20
19 141
25 11
68 129
25 88
94 44
4 29
7 22
75 103
39 82
47 134
137 70
100 126
53 98
25 44
140 3
60 125
147 93
43 111
132 102
124 65
8 30
133 123
3 131
102 87
133 145
60 145
123 46
118 88
66 85
86 134
49 33
100 147
147 98
146 139
37 59
47 70
128 41
26 34
112 82
70 79
14 79
131 19
68 62
150 73
119 57
63 14
2 108
141 44
149 115
71 86
3 82
66 1
140 74
31 50
122 145
54 56
63 75
58 11
78 14
128 146
120 69
81 52
77 116
40 28
2 106
125 99
146 93
34 96
125 45
34 64
54 14
50 142
2 3
102 101
122 72
141 105
81 145
2 18
25 92
93 96
69 73
13 115
142 39
117 82
128 18
131 15
34 52
136 22
30 85
58 93
59 84
95 108
123 72
119 19
142 111
3 142
4 58
133 74
23 125
7 146
15 46
83 6
118 1
131 18
67 18
37 146
136 102
107 8
86 150
19 41
2 130
55 84
67 93
66 91
104 134
68 40
148 138
78 89
71 95
17 5
138 46
144 41
39 6
136 94
55 91
25 18
22 33
75 3
71 127
80 16
15 41
149 11
32 83
56 30
125 59
17 70
102 103
53 137
34 89
34 131
35 84
148 69
113 105
64 115
64 36
79 138
68 19
92 35
30 20
148 1
100 51
128 29
109 134
146 108
8 138
148 94
60 117
69 87
55 82
9 77
43 146
36 56
4 21
34 143
43 144
116 15
103 5
119 21
80 117
102 113
119 129
108 33
13 91
26 46
123 58
65 95
37 105
3 15
136 59
48 33
103 20
16 85
64 97
3 130
144 17
63 113
143 15
74 16
16 111
133 36
119 142
147 112
146 67
132 31
88 20
98 1
14 30
52 138
120 6
75 81
5 6
29 79
133 82
141 111
55 89
124 105
53 48
23 85
99 94
49 39
133 129
60 29
27 110
132 66
95 8
43 106
25 131
81 58
68 27
48 127
26 126
47 18
86 45
98 49
108 8
97 96
113 52
123 122
87 96
132 40
78 67
79 141
101 39
60 108
27 130
56 94
3 38
12 18
119 90
123 145
37 148
6 33
147 80
42 107
101 93
105 18
43 44
68 127
14 61
98 36
21 91
37 90
60 64
53 130
126 84
28 93
119 40
37 99
138 57
43 63
7 130
136 126
83 122
137 28
101 134
95 139
35 139
34 48
117 56
65 111
60 147
117 44
86 24
74 76
98 57
130 111
104 56
29 56
92 130
84 24
69 5
71 16
92 79
132 84
102 145
146 129
66 20
13 150
132 20
2 52
110 115
44 85
2 74
53 65
104 110
42 52
54 53
53 104
92 28
101 24
122 12
40 61
61 85
141 45
87 64
123 95
99 11
59 30
47 8
50 51
71 149
132 82
26 54
58 56
77 12
34 84
100 21
58 19
83 45
83 130
86 99
50 30
122 96
11 51
148 146
142 18
139 30
7 21
102 20
131 104
43 68
10 118
100 80
101 6
42 149
56 84
14 19
130 84
112 79
2 149
114 127
78 88
40 17
103 137
55 108
31 144
79 85
122 5
70 127
47 131
78 142
47 11
68 82
31 67
35 134
129 90
148 115
119 144
87 118
133 50
41 150
14 18
23 143
135 3
47 56
54 103
72 17
55 50
121 108
130 110
39 57
124 139
123 85
50 53
132 61
29 88
72 110
36 134
136 111
72 129
95 73
126 94
58 90
43 82
26 70
137 110
55 22
19 118
54 93
22 90
28 84
86 107
55 53
109 127
75 139
133 113
78 56
21 38
55 28
25 112
95 51
60 138
75 120
102 8
143 52
92 48
19 56
109 115
71 45
50 39
68 5
54 68
124 89
141 18
120 19
133 147
5 127
64 111
5 105
131 8
99 41
3 126
70 105
9 113
27 46
40 72
116 113
31 113
100 15
148 87
118 52
4 28
69 17
146 61
48 134
117 106
136 50
133 39
8 46
58 127
55 80
43 139
43 132
53 1
124 62
65 8
26 19
121 20
17 39
129 84
63 70
102 142
97 12
78 36
40 130
81 27
31 101
143 127
23 2
61 59
40 143
116 38
65 138
17 88
128 45
146 131
13 27
8 85
54 84
34 12
31 72
132 125
133 81
98 144
37 135
62 18
7 47
75 30
98 27
121 86
26 111
63 126
3 115
25 62
130 134
150 134
75 51
23 18
44 84
25 91
65 17
31 124
38 1
87 91
133 14
48 138
140 36
21 41
101 105
9 104
58 107
124 19
147 77
77 81
124 56
149 52
149 56
32 65
65 142
109 16
4 96
121 6
123 57
54 35
98 89
140 149
2 150
26 63
53 85
121 29
31 127
103 105
43 19
71 75
89 130
79 90
137 17
25 130
50 42
119 29
48 139
104 52
98 94
47 69
145 101
37 33
9 140
101 12
69 112
119 22
28 70
14 105
63 101
63 103
80 89
40 74
32 113
98 52
29 97
17 20
97 142
71 57
83 137
29 6
23 39
140 126
8 33
77 41
23 110
144 85
119 139
125 86
23 84
99 46
106 84
72 21
99 109
103 74
131 82
49 22
119 84
132 69
95 141
135 51
144 82
126 113
43 28
71 18
65 105
13 52
78 3
108 110
8 118
35 36
119 72
54 123
136 35
29 82
102 36
35 70
14 49
125 88
54 19
81 123
37 76
100 104
99 30
115 45
93 33
100 92
133 28
147 89
32 122
127 1
2 126
4 86
36 90
147 67
42 70
94 33
76 105
42 96
42 114
35 32
148 22
13 3
125 19
133 20
83 114
63 8
19 87
128 46
95 52
63 27
73 1
112 139
60 74
130 87
63 54
108 127
98 28
7 95
119 32
48 6
74 72
23 75
11 88
51 85
145 130
119 105
123 143
124 39
99 107
14 113
112 105
12 84
36 18
16 70
94 1
61 84
77 5
81 134
77 114
89 48
23 142
75 109
56 79
145 117
7 141
116 103
35 64
145 142
79 76
78 98
44 1
22 150
27 129
40 129
2 12
136 33
32 19
55 120
53 107
107 139
136 36
136 25
104 59
144 20
144 107
31 150
83 30
9 52
64 85
61 51
114 22
89 1
47 21
23 37
16 73
46 6
47 108
66 70
25 6
96 38
74 150
34 139
102 120
69 116
107 91
80 28
146 22
21 20
58 104
125 79
102 146
67 108
133 95
99 88
100 91
131 107
95 76
47 59
10 57
50 105
93 108
125 51
55 145
148 61
3 41
75 10
133 25
28 90
47 41
77 94
41 73
98 8
74 90
139 15
126 141
117 28
55 48
101 104
71 80
21 84
123 59
100 134
43 91
132 120
102 66
132 129
85 73
8 115
126 30
89 150
141 15
54 149
147 82
112 115
136 44
123 115
25 140
135 87
83 11
47 61
117 104
71 108
131 112
144 45
53 88
14 16
61 111
109 94
150 21
54 22
10 61
101 72
14 69
48 24
147 36
95 15
35 59
78 24
99 48
102 48
83 87
130 137
117 12
83 12
66 126
83 107
71 138
144 138
14 122
61 24
102 2
65 113
32 106
32 89
50 29
34 46
40 22
102 44
68 47
47 10
77 74
23 15
89 149
99 130
26 125
81 74
71 49
66 147
56 106
68 84
148 84
4 139
145 46
80 40
10 93
136 107
17 1
14 40
77 15
140 17
87 85
100 129
27 39
6 73
7 102
143 95
93 90
119 58
66 86
121 51
136 52
4 42
48 41
117 36
9 90
83 38
104 16
71 83
29 99
141 138
132 148
4 135
98 116
48 5
23 100
3 33
37 141
61 22
75 53
111 105
96 85
4 38
125 41
14 110
22 44
106 21
135 5
63 41
15 18
71 48
144 19
60 51
83 58
25 102
147 105
25 77
2 24
22 138
101 18
26 30
66 81
9 56
131 51
126 61
27 20
35 48
133 19
63 127
121 107
83 109
142 38
116 144
19 134
5 21
7 23
15 82
107 94
40 49
120 11
29 67
60 27
12 52
146 38
63 85
60 91
4 77
40 84
23 132
51 96
126 74
68 83
10 149
43 64
29 85
19 139
29 59
83 123
34 98
14 60
71 34
62 113
103 67
19 12
18 134
16 65
65 51
66 115
106 91
143 96
26 78
86 8
148 24
127 46
31 56
35 97
63 122
25 81
103 96
61 93
25 113
119 147
66 76
43 94
109 5
145 12
7 73
23 79
108 79
150 88
78 58
23 72
119 78
63 35
100 2
8 57
100 123
78 5
121 114
75 146
68 9
69 138
129 85
50 5
29 20
21 111
121 112
22 24
78 25
116 94
61 114
37 48
47 126
119 1
123 150
42 117
34 93
72 46
10 12
133 68
23 140
37 80
118 85
147 2
128 122
120 70
118 111
4 17
11 21
25 34
26 103
87 57
31 95
87 44
34 123
126 18
65 150
28 96
47 28
7 109
7 97
68 105
93 18
72 22
8 82
101 51
25 139
132 65
69 45
53 46
129 46
104 111
27 18
23 114
47 31
32 44
34 17
47 13
35 19
75 127
126 1
139 49
122 97
102 127
9 4
89 24
9 8
145 146
36 73
22 127
145 15
71 14
123 48
81 76
93 30
147 41
69 16
14 109
58 145
78 144
62 65
89 16
126 143
86 87
124 130
25 56
68 34
39 20
145 6
119 38
119 76
29 95
84 33
69 114
138 44
86 40
2 80
86 52
66 67
50 121
126 110
69 139
68 148
23 3
52 91
28 64
43 13
68 12
77 1
35 10
37 79
147 134
92 41
118 44
37 78
110 94
83 93
102 24
86 145
127 88
25 101
65 33
20 18
136 146
122 87
69 27
136 149
7 112
136 147
131 95
144 52
78 35
14 98
107 70
97 79
72 91
23 145
133 131
44 90
64 129
93 8
44 46
78 139
7 138
69 97
54 78
69 111
35 99
122 93
66 134
21 57
42 46
139 8
17 33
26 82
43 37
58 28
97 115
136 51
58 149
131 141
36 41
61 106
119 49
68 120
99 112
80 131
74 18
51 41
126 52
116 41
83 17
95 44
133 107
109 87
83 73
128 78
96 88
100 124
57 6
63 142
83 115
136 106
7 50
71 109
148 85
119 109
136 142
27 45
97 110
112 36
35 121
51 8
86 61
114 45
9 98
10 65
8 142
112 87
15 33
25 38
25 76
43 42
25 106
110 15
66 48
4 150
58 108
49 84
35 24
28 97
144 99
109 41
127 18
4 44
60 122
136 101
79 45
103 70
61 88
82 73
89 36
128 96
102 141
48 44
71 21
62 1
2 16
28 115
98 99
66 79
84 85
117 134
53 3
149 106
101 113
113 45
25 59
61 21
68 28
147 87
53 22
68 55
148 59
14 129
56 41
126 95
5 111
77 27
114 87
89 145
47 42
59 8
143 113
101 65
56 110
43 101
110 106
149 1
31 79
64 45
43 41
123 61
10 89
80 1
7 6
89 44
131 114
63 149
10 101
9 120
146 70
120 97
58 91
103 57
114 8
87 134
85 20
7 115
87 46
148 100
4 52
75 135
60 98
3 146
104 113
82 30
118 45
103 101
69 36
77 137
59 33
132 8
50 74
112 73
130 5
47 130
137 36
49 12
121 146
39 115
57 1
37 9
103 89
4 148
135 134
38 44
9 150
78 120
126 88
144 105
112 76
55 3
119 91
148 51
42 112
19 149
86 33
130 85
124 111
140 99
77 150
74 127
32 67
98 107
89 142
108 52
42 29
71 37
126 149
31 38
123 111
60 65
72 19
137 113
147 120
101 22
65 94
113 142
130 97
39 141
54 57
31 6
61 57
64 110
7 106
124 5
69 33
50 33
25 51
74 84
68 42
42 110
13 79
68 31
133 76
132 58
50 149
32 46
140 129
100 121
92 81
145 105
17 45
105 6
136 86
43 124
121 101
102 29
42 123
114 90
80 49
17 91
23 49
89 61
79 105
48 22
42 24
9 91
80 138
113 49
139 39
89 64
103 21
2 65
26 136
120 42
123 79
64 88
81 106
102 53
103 107
100 13
108 82
119 123
32 96
60 40
86 138
104 27
77 113
65 149
133 5
116 12
28 111
42 27
86 104
37 73
54 89
115 138
19 22
25 125
54 95
101 56
7 116
7 117
117 51
136 132
101 118
102 1
41 115
71 132
34 115
26 90
133 98
149 33
109 108
26 134
4 123
4 40
100 103
38 30
100 115
22 141
126 108
55 143
10 6
136 1
105 44
62 108
132 15
77 76
95 70
7 51
98 38
81 114
59 24
148 95
36 141
9 64
116 89
50 22
120 108
100 41
71 5
136 19
35 5
124 15
135 58
104 91
148 125
9 54
34 49
72 139
29 38
121 99
67 20
126 20
14 83
35 57
148 67
7 121
119 85
120 3
89 49
68 25
145 112
124 149
103 127
147 21
87 106
144 56
66 122
123 22
113 149
32 121
125 12
27 61
117 130
148 76
32 82
9 87
69 90
19 49
12 82
128 56
98 149
137 91
51 12
140 29
58 111
56 5
125 44
60 105
121 59
77 57
55 61
131 33
114 106
86 67
110 85
34 140
54 122
72 113
121 21
38 141
8 21
92 108
93 95
146 149
92 96
150 111
3 129
31 2
83 144
144 115
81 19
136 137
13 32
135 117
147 5
119 24
36 45
124 150
66 107
31 34
67 79
119 121
63 87
66 105
116 40
94 85
71 85
121 85
9 103
124 122
27 141
50 141
56 24
128 140
79 12
131 87
14 45
54 133
116 82
58 12
4 108
133 88
9 81
126 65
9 10
133 40
116 84
150 12
60 101
63 74
40 87
98 109
123 36
115 57
13 62
136 108
25 17
13 122
116 131
71 124
125 95
83 90
91 30
59 22
130 6
121 91
31 123
128 92
132 27
75 141
26 52
56 139
135 131
117 99
63 105
140 40
10 85
66 46
43 102
135 56
120 56
143 16
54 2
47 123
68 124
34 145
132 121
81 88
115 84
114 118
38 45
144 12
139 97
110 134
136 138
17 105
29 138
42 2
117 5
34 107
119 100
28 59
31 84
16 18
133 1
80 30
94 142
25 32
143 59
83 103
66 84
31 28
74 139
62 134
62 85
80 145
149 118
31 12
25 109
103 118
26 67
72 27
143 1
25 66
62 24
10 86
50 45
26 1
2 28
25 67
129 96
28 88
75 64
131 30
23 42
27 85
119 33
148 131
107 51
139 52
30 134
121 126
128 54
80 62
47 54
62 44
102 99
80 99
133 9
11 8
26 140
69 57
39 45
54 83
17 113
100 145
43 134
150 82
119 45
141 33
95 127
65 1
7 71
131 38
31 11
146 82
9 59
78 150
63 56
7 82
80 48
4 34
35 27
65 48
54 24
100 84
81 115
140 104
62 46
3 143
62 88
23 13
70 18
19 84
34 146
109 12
59 91
147 20
126 56
27 59
110 30
148 118
145 62
81 97
53 17
13 130
144 22
86 41
120 139
13 143
87 48
87 21
11 49
99 21
83 57
26 144
69 29
50 95
75 112
123 39
116 64
50 86
14 36
75 107
23 6
81 141
3 17
124 143
81 67
5 79
136 31
55 138
43 127
90 91
92 52
119 6
119 8
92 150
148 50
7 140
81 101
35 146
109 106
41 6
92 65
102 76
147 74
7 5
28 127
68 137
148 8
140 82
7 18
129 21
74 21
111 85
133 122
142 84
140 16
123 3
75 124
148 35
136 10
139 105
92 90
87 113
78 41
136 42
126 101
93 142
60 113
69 134
131 6
55 45
108 129
15 73
83 131
92 19
144 109
99 5
144 62
129 115
116 146
38 82
48 21
111 33
146 33
89 108
23 139
32 16
61 12
93 113
4 142
10 72
102 107
124 61
131 139
47 35
135 18
148 122
137 56
120 5
23 66
61 49
148 101
9 142
14 5
67 115
97 84
109 118
113 20
133 138
16 49
50 57
4 141
53 106
135 30
7 118
100 65
77 142
128 64
42 81
136 90
105 52
80 150
75 110
102 108
26 29
101 8
38 22
2 27
72 149
101 82
37 125
16 52
28 142
91 45
40 48
128 50
145 144
69 15
125 97
136 116
100 64
74 8
128 105
4 101
23 98
63 42
51 138
50 117
53 40
78 73
27 38
127 6
138 1
29 8
17 64
140 58
10 81
40 21
116 24
83 85
113 82
135 141
2 58
113 84
25 124
71 134
53 80
25 107
107 111
98 69
145 131
58 130
118 6
59 129
43 89
137 142
106 20
62 129
29 51
86 106
50 24
23 52
116 114
31 73
144 48
25 30
43 72
149 95
115 105
23 38
68 134
102 130
93 62
96 134
135 35
129 12
133 61
142 82
117 62
109 79
106 44
100 55
124 51
67 131
77 108
78 52
75 130
2 30
10 51
99 110
67 62
59 88
135 77
40 24
104 84
13 53
27 137
64 12
32 17
70 5
7 148
88 12
123 141
60 77
135 94
78 60
130 65
107 105
14 41
55 93
141 88
42 72
47 84
14 8
79 84
75 59
94 88
117 59
65 110
47 53
126 45
86 76
121 44
92 60
135 150
7 89
136 117
109 33
107 138
5 90
32 84
2 114
36 17
39 30
108 5
145 51
78 146
75 145
54 87
132 143
63 132
48 45
113 95
50 130
101 138
31 3
133 132
47 83
34 106
68 116
37 127
142 52
145 114
121 41
146 17
47 97
124 53
31 27
64 48
80 122
126 127
32 48
29 130
13 123
64 41
63 24
26 97
68 70
108 24
90 30
119 98
50 46
110 18
83 44
32 147
125 105
89 15
75 121
27 87
101 15
69 2
132 100
131 70
49 20
102 85
71 56
14 91
78 131
48 150
69 21
113 97
47 129
147 104
53 51
120 1
15 118
83 18
53 145
29 137
101 130
107 96
66 5
132 33
71 31
121 8
95 20
67 1
54 107
67 138
76 134
98 113
31 108
102 143
137 57
116 118
135 103
103 112
34 30
16 22
66 145
26 8
136 30
53 109
124 2
110 38
74 93
139 70
40 12
98 115
26 57
73 24
122 76
107 113
120 125
23 14
132 88
75 57
78 148
9 38
29 146
61 36
135 39
132 126
66 139
55 49
120 59
128 134
97 105
149 15
75 17
104 21
50 67
4 80
128 137
40 138
77 19
101 61
148 39
89 93
63 96
126 79
102 51
25 60
32 81
114 113
23 123
69 140
50 109
77 127
35 65
99 17
146 142
49 24
4 92
15 84
4 70
80 11
135 93
31 10
136 85
43 150
143 64
63 78
54 75
77 66
148 113
10 15
112 30
117 131
27 139
100 27
122 99
56 39
6 12
63 45
61 139
145 44
119 68
122 129
44 134
140 39
114 41
132 99
34 85
135 27
58 74
78 32
51 90
137 150
68 150
83 46
14 107
143 5
117 141
100 131
96 138
51 38
77 149
145 41
69 145
47 39
66 99
40 64
123 104
9 149
150 45
37 22
137 118
76 8
54 147
10 80
14 76
123 88
10 16
58 67
10 18
100 53
60 42
111 1
147 117
127 111
31 39
68 86
80 143
71 41
35 150
71 146
35 144
122 6
9 135
128 66
108 12
125 81
80 82
111 46
148 130
149 38
63 6
12 73
15 105
64 105
36 12
23 103
7 70
86 93
77 40
92 131
109 95
62 82
83 56
107 149
89 18
135 101
63 93
67 22
70 51
76 90
71 98
68 112
110 76
47 96
133 105
4 89
78 130
25 149
55 19
140 45
149 142
87 70
68 118
94 51
37 31
119 27
81 117
70 20
50 104
64 95
66 6
74 110
9 47
137 30
92 116
119 132
29 16
146 95
71 30
148 83
95 38
50 116
60 46
54 16
119 89
116 104
46 20
10 115
148 48
75 50
122 126
37 130
97 22
131 46
9 21
54 113
145 143
104 138
6 134
89 97
49 90
23 146
37 19
64 70
108 138
80 59
128 57
150 105
16 21
114 46
50 135
69 44
7 111
43 61
77 99
101 52
120 89
54 45
71 38
149 8
121 87
119 93
93 134
86 111
28 51
96 24
54 130
4 66
112 45
92 20
136 27
97 24
10 141
147 143
90 52
19 57
99 105
86 18
32 53
119 86
145 97
143 111
96 44
51 150
50 146
128 7
124 90
9 41
48 97
120 107
14 101
112 90
57 30
78 55
137 49
150 84
3 30
78 117
133 22
107 30
39 138
10 107
40 76
60 134
54 39
148 97
92 72
77 141
140 109
50 69
37 75
31 40
60 127
43 10
43 46
55 137
92 44
86 97
32 118
74 28
3 39
71 28
103 109
54 20
78 48
45 1
53 39
113 46
13 140
61 138
83 88
113 94
19 91
101 150
34 58
135 32
100 144
8 38
43 140
7 48
43 49
54 92
105 82
17 51
107 57
75 20
132 1
31 110
147 110
117 109
70 38
58 88
63 115
103 16
68 102
133 110
111 84
80 112
42 144
52 30
95 6
62 52
120 104
10 39
103 51
98 12
123 114
128 109
23 115
60 36
40 85
147 45
80 21
101 99
73 20
92 109
89 114
40 122
27 30
66 38
112 44
13 147
31 115
28 6
4 114
48 20
67 21
132 14
81 53
121 103
2 91
75 123
149 91
63 144
7 56
17 134
63 137
114 15
148 145
100 111
118 141
97 57
148 5
120 40
126 139
120 86
142 73
43 126
59 82
40 1
9 57
10 112
116 3
31 139
83 142
25 110
89 20
34 88
7 24
117 48
14 80
28 91
136 125
53 131
9 93
11 82
14 93
121 69
47 122
9 58
128 59
69 8
32 66
77 33
104 149
37 57
3 59
71 89
26 104
39 18
136 61
89 82
144 142
131 115
50 97
83 24
9 108
147 85
118 57
145 129
14 86
29 129
71 123
74 5
132 91
114 110
124 76
51 49
35 69
76 138
119 140
139 85
55 147
86 69
147 62
60 107
47 46
37 116
121 62
10 19
89 59
89 90
78 42
50 17
71 40
86 1
98 22
29 93
128 73
66 144
94 141
36 108
89 8
100 113
122 52
59 21
28 1
23 58
137 38
39 46
99 27
65 6
35 105
32 95
58 52
109 30
128 80
135 97
144 79
52 115
75 126
54 100
69 62
129 52
81 110
104 105
72 138
146 110
87 139
54 18
40 89
140 72
120 111
140 28
107 84
136 17
80 22
82 1
78 16
87 141
78 145
108 106
10 88
93 94
7 55
68 65
68 41
31 70
123 86
131 149
122 18
116 29
75 21
136 34
7 85
100 96
109 93
116 11
119 117
120 18
55 110
26 127
101 5
58 87
130 115
120 67
62 20
67 12
117 76
148 11
13 114
125 48
117 22
87 33
32 76
94 21
107 56
109 11
30 1
71 44
94 49
92 134
47 36
9 126
15 115
42 20
83 141
114 96
101 112
58 46
132 106
88 18
3 65
28 87
47 82
140 85
120 62
71 107
16 113
42 101
148 124
3 89
10 1
133 135
9 42
122 111
80 113
131 45
53 115
120 33
68 29
136 12
62 8
69 141
109 21
31 105
27 15
34 95
6 52
149 51
147 12
130 142
80 57
147 28
68 103
108 118
71 15
58 99
9 30
136 69
17 15
42 15
139 134
98 143
89 85
113 106
53 56
47 94
143 139
74 105
42 69
145 76
26 6
117 115
42 30
31 29
71 122
121 144
10 108
143 73
49 142
144 141
120 39
26 128
35 101
135 24
13 103
60 53
14 137
102 15
120 72
35 82
40 73
13 76
81 2
25 20
114 1
100 106
89 74
14 10
114 150
42 33
1 18
47 4
74 57
68 125
28 48
60 33
62 115
98 88
91 82
83 62
125 53
118 96
67 16
46 45
98 137
116 95
9 86
126 8
43 137
2 97
33 45
15 91
74 109
74 114
10 69
125 39
150 33
104 150
148 110
112 111
135 130
44 30
42 146
101 16
81 95
58 73
71 25
124 109
110 20
35 129
61 137
6 44
50 34
125 149
104 112
9 82
76 88
114 139
37 95
136 64
54 50
75 28
128 90
133 66
54 69
98 21
69 1
135 81
30 18
140 56
13 88
112 57
104 118
17 90
132 92
9 55
81 112
29 36
116 45
113 12
23 112
31 147
80 74
55 129
136 48
110 5
5 20
40 99
10 94
13 77
26 94
122 115
22 88
84 82
7 38
4 72
22 85
102 139
116 96
143 141
110 46
101 64
100 6
120 113
103 99
26 9
103 58
86 16
25 80
37 81
14 143
138 134
63 135
98 104
49 6
83 79
19 115
55 83
13 107
122 94
120 114
119 60
22 115
126 46
14 130
10 131
140 81
92 10
75 111
61 79
114 95
58 84
37 77
75 143
140 112
143 134
119 9
17 115
13 35
60 10
2 93
27 112
4 106
10 129
122 22
7 3
100 89
99 8
43 35
62 90
117 91
88 33
9 100
64 52
37 35
23 54
137 16
55 94
98 30
119 37
95 96
136 110
118 12
58 22
11 39
104 129
99 138
54 76
9 20
76 115
26 107
112 127
66 120
59 127
25 127
92 110
141 52
29 2
122 27
99 149
28 108
43 112
119 106
129 1
23 1
3 52
140 106
125 17
108 85
66 90
135 86
81 33
111 90
123 144
103 56
23 55
11 6
102 125
34 147
98 90
77 103
135 105
74 48
148 117
98 51
139 142
128 150
145 127
7 104
26 68
100 139
13 109
81 64
61 70
9 131
40 16
53 112
62 149
9 146
83 5
51 105
133 118
103 52
104 11
132 55
136 115
39 105
92 21
135 40
68 64
76 82
37 8
80 73
114 38
56 46
25 84
146 106
53 87
9 92
35 20
47 124
16 106
43 32
58 51
36 82
3 49
83 94
59 45
145 30
80 46
19 96
106 85
140 15
99 56
13 97
34 110
116 22
61 30
132 147
102 116
23 94
137 105
74 56
39 52
66 40
28 57
23 8
119 107
43 21
126 107
74 62
149 79
31 112
50 19
3 48
43 40
136 135
135 120
62 110
118 84
25 61
54 66
86 110
149 44
54 86
105 90
113 51
92 146
96 12
70 129
128 19
71 55
42 53
72 52
27 94
84 57
131 48
144 94
100 1
43 96
34 59
69 40
132 87
58 89
140 118
143 46
120 87
66 140
106 138
135 59
72 94
47 137
103 39
81 72
148 103
121 72
7 52
101 11
95 24
78 2
136 113
86 64
119 35
119 137
36 51
147 27
43 66
64 106
58 40
140 33
78 66
47 118
145 84
99 82
23 118
19 5
123 2
148 55
27 84
75 14
81 6
116 141
56 15
83 67
16 11
31 146
26 32
102 118
7 66
66 116
121 150
42 48
125 65
63 97
32 28
48 90
131 74
72 45
33 115
148 30
128 81
143 142
26 129
10 110
60 130
118 21
50 32
145 113
60 18
80 56
66 83
28 65
123 87
23 71
4 31
47 81
133 35
131 24
63 11
107 1
106 30
78 118
132 112
132 97
140 76
13 87
54 91
9 106
120 24
78 138
42 116
143 138
64 108
25 40
19 64
55 127
68 99
100 49
136 96
77 138
40 118
102 45
147 123
63 146
101 95
71 53
113 15
125 72
25 1
37 61
31 111
62 39
128 75
145 95
117 114
119 97
31 8
37 102
16 142
34 70
78 102
68 106
102 89
105 20
2 118
69 70
128 117
147 118
145 74
126 115
43 122
140 30
61 1
97 1
13 106
126 111
32 137
68 80
98 33
128 118
13 60
133 24
141 30
121 56
124 117
148 21
128 120
99 108
13 96
92 67
14 33
63 138
60 149
116 49
2 19
109 85
35 113
104 45
4 82
43 123
76 18
45 20
86 129
132 85
40 82
110 8
17 79
125 109
9 107
9 13
76 30
112 41
62 150
34 57
123 52
77 48
28 150
119 52
98 114
114 91
32 39
98 141
136 114
121 96
93 38
139 11
37 100
120 29
9 29
99 12
145 27
136 62
94 5
89 146
14 114
149 94
13 112
108 84
26 100
32 77
100 67
66 112
101 131
58 144
29 22
37 50
77 107
33 30
128 98
50 113
63 88
119 116
119 118
57 24
127 115
142 1
149 150
139 5
60 57
124 118
144 110
54 46
86 48
80 67
100 97
124 91
26 48
126 38
25 123
27 16
78 126
107 52
132 81
92 18
58 44
94 106
124 38
128 139
50 27
7 134
117 139
34 28
77 21
42 97
42 8
120 149
94 127
124 41
124 107
109 84
35 125
101 137
29 17
54 3
142 85
92 50
146 15
87 111
148 6
92 64
78 49
132 46
14 52
26 53
56 108
29 90
54 110
86 115
133 51
128 76
3 138
145 65
13 74
27 111
31 60
43 100
83 65
121 15
121 80
9 79
113 24
63 10
98 117
135 65
61 45
43 14
53 58
40 33
120 106
82 45
123 129
98 131
68 13
133 150
4 55
117 65
94 97
133 75
144 15
130 108
37 44
136 75
81 126
60 17
78 57
120 131
51 82
63 86
129 111
63 72
25 73
42 65
128 31
110 118
82 85
55 34
71 3
42 83
47 60
36 24
63 1
48 141
139 115
12 30
25 116
38 20
124 36
125 118
3 94
77 105
82 57
63 133
132 117
136 118
53 20
81 29
4 125
45 18
25 49
116 143
86 49
96 105
112 134
126 144
4 2
133 127
146 62
147 86
68 138
114 19
116 18
129 5
144 39
76 57
63 65
40 91
53 138
137 90
55 46
135 137
142 90
146 137
37 67
69 48
148 42
65 106
68 61
86 17
33 18
101 74
86 85
60 94
19 28
135 45
137 115
26 137
32 20
86 57
69 61
77 70
132 9
47 5
78 40
67 70
119 75
62 106
123 82
125 56
69 58
13 58
122 33
9 48
47 136
74 115
104 127
125 108
60 89
128 100
37 25
26 40
29 18
72 65
42 113
143 28
117 1
11 115
53 103
121 22
121 19
50 93
25 122
42 94
116 61
126 93
101 73
144 72
86 81
36 87
121 46
22 111
35 2
65 52
132 39
147 51
136 49
131 108
2 115
65 134
2 142
121 27
53 49
47 116
61 108
132 96
109 110
4 91
137 97
43 53
50 134
66 8
89 39
95 90
4 22
69 28
31 18
144 8
118 18
75 83
31 102
148 70
124 46
13 142
53 30
62 84
69 126
75 117
63 62
14 139
35 104
43 47
72 39
83 95
128 125
7 14
132 17
63 134
37 114
60 1
2 62
27 41
62 97
131 41
2 44
92 91
27 11
53 129
99 118
56 76
100 94
13 15
31 32
41 24
61 149
66 118
122 101
106 57
115 24
26 87
86 3
101 109
78 104
5 1
124 106
47 104
48 94
37 108
71 106
133 15
135 10
112 142
55 79
75 58
100 62
80 103
28 21
27 134
9 70
148 77
74 79
8 73
87 73
96 20
16 30
92 17
37 11
130 129
11 76
92 93
120 122
132 51
42 12
55 27
3 6
67 110
147 141
74 138
130 138
13 39
14 70
37 124
42 142
125 58
129 105
4 138
112 6
109 62
87 110
107 150
58 17
117 149
94 8
133 41
36 52
80 110
26 38
51 88
71 117
126 112
133 84
150 44
102 94
80 52
132 114
16 64
77 24
122 70
62 96
100 114
78 84
68 2
9 34
7 12
133 62
99 74
16 90
103 110
7 81
50 11
86 80
112 65
70 30
53 67
93 76
4 126
63 58
140 111
60 12
72 143
13 135
35 98
78 135
3 73
6 45
39 33
136 54
72 115
145 11
16 93
34 22
67 57
78 91
53 143
37 69
35 145
132 60
118 91
132 89
63 117
80 6
66 137
147 91
80 70
112 118
34 134
95 30
68 24
120 118
145 1
13 50
70 24
105 46
23 20
92 55
144 30
117 57
98 93
66 12
112 130
55 104
9 74
86 149
13 145
41 111
48 46
92 139
11 138
72 141
149 84
74 64
31 22
76 85
77 131
29 46
119 36
116 134
67 30
13 42
123 107
99 16
67 118
89 134
63 12
125 117
117 30
53 21
97 127
57 127
63 84
31 143
136 37
78 93
101 139
63 76
67 82
19 90
13 1
95 11
10 124
50 118
16 139
130 149
144 28
142 20
59 20
83 101
119 138
5 134
75 104
65 56
133 89
71 130
31 59
29 72
146 5
59 18
118 90
60 79
113 88
98 46
6 85
122 139
133 144
149 18
110 41
132 115
128 91
47 74
130 51
99 1
25 8
83 98
133 143
139 76
32 116
50 77
78 10
75 15
37 56
68 20
23 22
89 118
99 49
82 111
4 30
65 84
78 83
68 57
27 96
131 111
132 6
64 20
132 104
126 99
86 144
117 143
40 146
33 52
43 118
53 139
75 52
133 87
32 134
50 129
103 142
43 4
75 2
119 61
102 96
69 108
140 84
120 150
135 49
147 129
55 96
60 142
122 104
26 150
86 127
131 138
135 104
104 97
23 30
36 62
19 39
132 28
31 142
53 101
139 96
135 146
28 138
84 45
39 84
64 38
31 121
110 1
137 52
68 60
4 144
4 50
27 82
10 121
33 85
117 61
82 134
121 106
143 105
48 113
74 70
86 51
68 98
76 118
58 131
74 22
75 95
5 106
120 58
25 104
12 20
11 18
43 93
3 118
112 93
66 3
32 98
75 94
71 43
117 79
70 111
146 30
53 149
116 108
47 33
78 6
50 125
100 79
81 48
103 17
71 136
114 20
3 19
92 6
121 3
100 11
48 95
43 143
2 84
103 122
121 129
81 61
101 79
72 88
120 116
8 134
83 82
10 27
65 88
56 57
100 24
131 105
9 129
32 145
56 138
2 134
121 5
74 15
149 21
29 150
117 96
72 11
102 57
86 20
77 143
120 146
70 12
116 36
100 127
133 146
27 22
128 142
13 6
124 141
53 70
69 12
17 118
148 15
26 120
66 108
36 97
86 38
42 126
78 114
99 115
107 85
99 38
78 112
126 15
140 70
75 40
112 62
135 88
137 48
119 39
121 140
53 141
122 112
11 73
70 138
43 145
58 143
142 44
14 94
96 91
61 44
122 84
122 85
89 70
124 88
2 138
23 144
50 20
4 19
104 70
26 77
131 56
75 73
7 19
112 16
54 44
31 77
117 118
7 129
68 94
112 49
114 59
75 49
9 73
89 137
104 137
65 115
103 149
48 15
93 91
76 39
41 46
145 88
128 149
26 42
55 2
122 143
106 134
63 92
31 52
135 145
98 15
103 12
47 51
125 145
112 138
7 29
71 143
9 123
63 49
118 106
47 2
14 58
126 85
133 64
113 33
10 66
28 24
71 129
47 3
25 41
128 40
14 103
35 118
114 52
32 34
112 149
135 60
98 130
53 127
123 108
66 34
78 99
27 65
128 87
133 139
116 51
111 18
60 88
29 113
13 14
14 134
124 125
23 41
55 12
124 18
76 1
34 41
150 127
55 38
60 110
11 134
29 105
23 81
135 2
51 129
87 62
25 48
2 56
90 88
124 45
10 117
117 137
149 12
128 51
29 19
136 76
140 22
49 41
107 118
28 36
103 97
110 11
40 112
144 84
98 95
80 95
27 115
137 20
102 21
23 9
146 126
68 67
102 64
9 122
19 108
128 95
9 96
145 59
145 138
60 20
102 86
116 101
69 123
48 149
109 149
87 15
131 49
60 32
23 57
111 6
108 111
125 98
47 90
7 78
27 28
103 150
130 79
132 108
146 112
71 17
145 94
35 91
94 52
28 62
136 88
86 90
29 74
122 113
77 97
123 56
125 36
31 19
58 126
145 36
113 90
61 17
117 97
121 70
31 16
15 20
64 6
13 94
58 5
148 56
27 105
72 24
16 127
47 6
65 45
62 139
10 103
66 11
147 59
22 134
42 22
34 118
13 101
47 127
148 96
63 4
99 106
126 57
89 144
121 105
9 76
136 56
3 145
133 141
92 51
63 21
75 6
23 116
55 107
143 44
120 137
113 85
50 115
23 25
7 123
122 28
102 72
78 62
4 122
50 6
51 115
23 12
28 8
94 118
54 126
53 144
135 107
124 120
117 45
116 72
81 21
126 48
63 20
80 8
133 60
75 19
132 116
136 95
37 126
29 11
65 129
116 142
31 89
134 1
38 91
146 107
66 44
23 29
13 113
64 51
59 118
50 36
17 110
4 6
112 1
119 101
99 113
35 115
47 86
36 105
25 24
32 101
79 73
119 83
31 103
119 15
75 16
53 142
142 24
43 95
104 94
13 134
66 45
2 141
35 40
105 138
29 117
14 28
150 90
3 150
13 124
34 149
120 73
55 112
5 84
145 99
23 107
119 115
70 22
28 56
74 24
119 120
128 21
114 112
59 51
98 138
66 97
34 150
60 38
11 91
80 98
47 77
113 127
75 62
69 118
116 30
28 139
132 16
10 67
75 89
128 2
10 138
26 37
136 124
16 1
61 20
14 88
131 5
21 45
49 44
116 107
50 18
104 12
2 6
133 44
122 144
53 91
127 82
70 84
35 93
124 110
126 137
55 116
69 150
50 52
28 44
3 108
58 57
119 51
28 16
122 49
120 44
82 138
108 94
19 45
81 16
71 121
25 103
4 25
54 32
34 6
90 85
14 117
63 3
95 110
47 111
51 45
23 48
29 122
53 126
35 58
61 118
60 52
59 73
47 142
13 70
54 79
143 49
145 134
9 105
92 57
140 144
14 72
70 41
107 12
54 135
90 1
121 12
42 140
124 129
132 111
96 46
114 21
23 63
71 133
35 6
8 90
49 118
107 95
7 107
32 30
143 8
62 51
78 124
43 57
10 34
54 52
83 22
66 80
132 50
131 142
117 74
133 10
149 96
54 5
67 48
48 18
16 149
55 40
89 109
48 82
72 131
102 122
124 44
47 91
132 144
135 125
13 93
40 15
66 19
124 72
49 5
112 19
14 57
78 76
105 84
97 33
92 1
98 65
42 74
54 109
17 76
83 97
147 53
82 18
76 45
69 110
29 143
37 103
112 33
130 106
114 111
28 11
68 46
100 30
104 85
58 134
13 11
122 51
70 46
149 88
35 42
40 101
83 139
102 69
98 70
122 56
143 106
23 65
112 11
21 18
71 78
145 141
128 14
131 129
4 65
32 36
74 45
37 117
3 106
32 141
35 77
10 8
116 46
137 1
37 66
93 150
108 20
63 112
119 34
69 131
25 145
9 39
67 41
50 49
143 79
4 129
126 96
10 84
68 45
26 11
13 21
92 99
60 69
3 27
64 49
19 17
67 139
7 133
139 118
144 88
136 18
140 143
103 61
140 67
123 113
72 49
77 20
26 3
43 11
64 11
63 81
27 36
79 41
144 16
68 88
98 101
7 62
94 84
61 87
60 150
7 75
61 91
125 87
29 65
43 8
99 18
68 22
83 126
131 59
92 105
89 30
96 111
50 40
79 33
86 131
103 141
109 46
123 138
43 48
7 43
63 28
27 24
51 52
19 20
143 110
66 49
62 22
143 94
9 121
58 115
7 137
43 23
114 65
6 20
37 137
81 104
62 5
133 102
96 150
25 36
130 18
143 48
59 70
44 82
104 82
49 38
66 27
36 113
108 22
29 44
89 115
2 1
60 112
120 94
16 57
81 111
114 141
60 56
41 18
3 5
80 81
126 33
19 46
130 48
60 50
121 113
71 150
147 29
47 24
146 59
130 114
103 104
47 66
72 150
118 134
23 141
31 55
69 127
143 57
132 80
54 60
48 91
40 131
14 64
58 20
26 62
60 16
149 138
60 19
60 131
115 1
36 118
60 109
95 79
63 55
102 12
125 93
86 91
126 39
93 48
78 46
70 91
148 45
97 21
54 102
92 138
102 30
104 57
9 97
2 96
32 72
2 89
103 28
108 91
131 36
59 138
31 99
43 88
23 61
40 94
32 57
119 41
71 12
117 87
105 73
62 142
19 52
9 46
124 145
58 85
25 90
91 73
147 39
80 115
31 117
121 145
53 19
11 142
68 146
23 93
26 73
116 5
80 64
87 45
98 62
37 46
100 149
68 131
133 91
69 59
16 46
133 112
58 118
54 70
52 1
102 6
34 109
43 30
49 106
101 36
132 138
23 147
44 24
58 129
99 33
103 134
35 88
147 144
113 22
124 57
108 134
75 32
119 112
23 35
96 45
50 16
96 141
131 134
121 137
57 44
19 97
25 142
26 93
147 1
55 8
26 79
37 92
121 24
132 78
143 56
15 90
26 147
150 52
76 111
55 126
125 70
43 149
32 126
131 84
92 61
98 139
55 122
54 131
67 97
63 32
2 67
56 38
145 45
21 82
144 51
120 53
69 79
36 46
14 1
2 95
80 114
53 44
123 17
77 139
132 11
93 97
77 46
98 111
42 122
49 88
3 107
7 40
55 41
93 46
83 51
7 28
14 32
16 51
143 118
104 18
121 30
74 94
92 144
19 65
57 85
4 36
127 33
147 6
15 6
38 85
71 11
135 115
79 49
113 134
137 24
97 11
144 44
143 30
116 33
55 105
37 111
34 138
43 80
25 98
47 29
4 134
9 61
47 147
79 1
89 88
136 98
92 2
144 36
122 142
130 46
40 144
55 149
147 103
62 127
97 91
104 17
126 12
13 78
81 56
112 94
75 48
114 93
65 108
3 1
71 74
46 24
92 117
56 105
133 27
109 6
105 1
78 127
42 134
71 2
58 41
124 48
72 137
131 93
14 22
35 108
133 80
101 110
7 92
31 53
55 74
78 94
67 44
148 41
25 117
37 45
47 48
75 41
120 91
76 20
89 111
86 141
80 36
132 59
13 120
132 110
68 1
103 11
77 101
37 122
60 121
139 79
100 137
26 149
79 127
77 30
47 92
67 36
143 21
100 150
37 147
106 142
148 88
29 96
31 88
91 18
13 33
114 143
80 127
28 85
89 28
38 105
13 116
42 86
43 39
133 52
54 29
98 112
143 62
4 64
4 45
86 95
149 49
46 73
145 67
132 142
135 8
136 66
98 97
19 1
37 5
4 14
7 114
45 73
63 110
14 97
34 120
124 8
29 1
54 118
62 15
14 104
132 150
35 52
31 14
143 70
109 138
9 102
53 76
19 105
69 113
76 46
17 127
3 91
7 72
14 149
116 70
143 88
71 59
4 136
104 106
34 137
122 138
93 57
104 90
36 95
141 106
60 72
135 122
140 134
31 135
17 18
56 118
102 105
71 73
87 38
19 73
71 32
93 56
120 51
137 96
69 38
146 84
13 92
14 124
123 106
65 49
140 27
126 87
114 79
143 90
135 15
38 106
83 53
23 10
34 38
22 12
98 91
80 58
77 130
128 123
11 105
114 115
7 15
10 24
10 74
21 85
10 2
94 91
140 41
77 89
124 77
121 1
139 90
124 49
145 20
62 6
136 148
9 16
89 17
114 12
40 46
69 105
124 135
108 150
79 44
47 30
60 116
143 36
54 67
100 38
75 140
141 115
125 113
143 6
93 49
146 88
131 99
54 37
59 44
54 117
52 82
100 102
135 123
86 89
104 6
103 79
37 87
28 38
16 24
68 49
67 45
63 131
63 116
42 76
122 11
128 106
31 109
112 70
92 118
70 57
15 134
132 29
23 117
119 130
125 111
32 15
128 63
100 48
32 12
145 139
120 12
13 121
136 140
108 39
4 67
31 104
120 95
123 20
47 114
114 142
67 149
110 90
124 113
29 45
137 111
13 83
47 65
36 107
120 123
78 38
127 85
141 21
128 11
92 88
129 33
50 137
133 149
107 6
2 8
37 60
67 49
16 94
54 25
27 118
37 145
101 111
87 94
147 97
146 73
78 137
23 138
55 102
92 70
61 95
47 109
131 96
2 15
131 106
78 105
145 56
42 80
78 122
72 108
124 33
79 52
62 33
146 36
68 16
132 105
71 100
11 5
132 141
55 6
61 82
4 10
37 72
113 73
63 130
125 121
92 135
81 137
39 96
34 142
131 1
103 87
29 30
17 44
7 25
72 99
14 67
144 95
9 32
122 58
104 130
71 145
99 22
92 148
64 30
104 15
128 143
16 15
116 8
42 89
75 78
104 62
2 113
117 20
130 16
140 91
128 17
25 50
119 133
4 16
72 79
72 16
110 129
68 59
109 76
150 18
10 70
128 116
53 82
119 11
66 74
93 106
72 118
72 18
36 79
43 86
81 131
117 64
102 83
71 77
69 142
72 30
63 19
132 70
78 50
119 73
93 127
148 109
68 30
63 145
40 145
124 58
32 107
89 99
66 88
132 135
126 41
68 87
132 131
16 150
77 111
72 82
104 65
54 148
67 74
140 97
17 30
12 85
83 69
120 16
135 127
54 41
135 79
2 144
78 11
130 28
136 84
133 134
43 108
10 20
88 1
78 101
17 49
95 12
140 127
41 84
139 21
6 18
106 24
50 62
71 128
147 126
16 97
126 97
55 59
75 35
133 73
56 97
32 87
92 125
76 6
67 51
80 44
67 141
107 41
90 115
60 70
14 24
119 95
43 51
71 111
86 21
14 42
53 73
9 27
32 38
87 108
107 45
92 83
148 134
122 108
92 36
35 106
103 46
4 39
65 91
49 96
17 97
101 85
121 138
35 90
48 73
34 5
143 76
37 139
32 45
61 64
119 53
120 65
47 89
56 8
25 2
84 20
122 149
92 69
150 138
43 31
83 81
144 6
122 106
128 112
35 18
58 39
130 76
58 70
125 114
140 139
124 101
137 73
26 80
47 138
109 22
61 8
100 70
102 91
67 56
25 111
43 107
58 8
110 52
81 139
40 6
15 52
58 45
75 29
15 38
102 81
32 6
125 140
17 52
93 85
50 72
141 73
89 95
16 105
120 52
60 85
92 33
143 82
113 1
7 42
116 145
97 138
41 82
135 57
32 103
11 33
34 27
74 12
75 92
22 1
43 129
48 129
13 28
41 39
29 141
53 61
110 6
9 72
47 44
131 52
39 88
109 70
35 123
25 46
40 134
3 85
4 140
75 142
9 44
109 45
146 72
58 65
35 141
83 112
98 59
43 59
58 21
69 46
77 95
12 105
98 39
34 77
42 85
37 3
120 117
2 139
136 100
58 95
114 62
100 98
124 67
117 24
24 18
34 87
78 70
54 48
27 131
23 67
2 129
71 118
2 40
32 40
33 44
103 81
99 19
93 59
149 46
55 150
100 42
3 114
103 22
44 73
122 41
132 146
69 84
72 84
107 21
26 60
144 18
125 3
109 48
128 42
116 73
26 141
128 144
123 19
146 111
116 74
65 141
21 33
7 76
53 18
75 91
12 90
59 49
120 64
124 42
13 8
87 105
68 100
13 98
70 134
47 145
109 90
137 59
114 33
72 5
97 111
80 109
149 57
123 134
75 96
61 62
61 76
27 6
27 88
2 21
40 107
17 138
51 18
42 103
66 57
68 73
48 96
137 134
102 138
17 149
89 27
137 95
54 115
47 55
110 84
146 122
79 142
58 79
71 113
47 58
13 104
148 57
48 106
130 93
89 106
124 97
137 93
47 99
126 91
92 8
125 129
14 142
133 57
54 15
97 52
119 150
8 141
102 88
125 142
32 143
110 44
63 108
102 150
124 74
135 82
89 87
10 97
80 91
133 16
10 91
27 113
