InstanceID
5_50_4
NumObjects
50
NumFactors
4
Weights
53.03646605536807
77.70091698339469
30.13103535440822
88.13491207672945
83.83576532332523
52.40587188478234
57.125965860896
93.15154141626472
4.422802345157595
11.814743857996657
51.14826505242655
80.29609983145889
67.13001813825518
8.567664223247418
36.24632704303252
38.83774531923385
40.109587458776666
50.74453861845003
54.95366512679345
6.728541622841666
62.38873118334289
98.10074532207751
35.575031897384555
96.28155964157932
10.531210821150294
20.514525877036682
61.478031926876376
65.85851395147928
98.02890213858275
94.07637470105716
53.01226032511257
34.05216764209609
43.84905878063661
97.7319224416235
64.46865601377458
15.9505131991194
29.487815758628155
72.66767677498646
29.711690173661196
82.48471231939132
33.876255773241624
17.631487220319507
77.93347144453875
45.65253870825403
62.114228556625164
71.07877842525951
75.91110561435985
54.14254997612027
34.50421388471811
46.96829943453662
Budget
1336.2927517602047
Profits
-10.607293211073614
-15.540183396678938
-6.026207070881644
-17.62698241534589
-16.767153064665045
-10.481174376956469
-11.4251931721792
-18.630308283252944
-0.884560469031519
-2.3629487715993314
-10.229653010485311
-16.059219966291778
-13.426003627651037
-1.7135328446494835
-7.2492654086065045
-7.76754906384677
-8.021917491755334
-10.148907723690005
-10.99073302535869
-1.3457083245683332
-12.477746236668578
-19.620149064415504
-7.115006379476911
-19.256311928315863
-2.106242164230059
-4.1029051754073365
-12.295606385375276
-13.171702790295857
-19.60578042771655
-18.81527494021143
-10.602452065022515
-6.8104335284192175
-8.769811756127321
-19.546384488324698
-12.893731202754916
-3.1901026398238796
-5.897563151725631
-14.533535354997293
-5.94233803473224
-16.496942463878263
-6.775251154648325
-3.526297444063901
-15.58669428890775
-9.130507741650806
-12.422845711325033
-14.215755685051903
-15.18222112287197
-10.828509995224055
-6.900842776943622
-9.393659886907324
FactorLoading
-0.05925574756840213	0.2728289786589646	-0.5758444947351444	0.09207077903748884
0.21460998513643648	0.05997342848780107	0.415715706171254	0.3097008802045085
-0.347712793676773	-0.5871890918143003	-0.047069271056852546	-0.018028843452074117
-0.03779886626541473	0.16520972473335194	0.6248072262851203	-0.17218418271611302
-0.35714379100858085	-0.2172463860884566	0.14619728755016914	0.2794125353527934
0.1479841072335304	-0.3417742669081085	-0.5042237482763012	0.00601787758205985
0.15160042885900493	0.06677564567042027	0.6400427692808439	-0.14158115618973088
0.5892627840730538	-0.15922333656093812	-0.00843763509908757	-0.24307624426692054
-0.02080619793138072	-0.3044058712031781	-0.47527841036819596	0.19950952049724524
0.25390763699414554	-0.5046396657688264	-0.03395054387812291	0.2075021533589052
0.1833875148166073	0.3546481895800848	0.3158392390081435	-0.1461250565951644
-0.4050946242800235	-0.34212833933671494	0.2019739178366573	0.05080311854660424
0.11329090915368645	0.2411417945661447	-0.3851725077790338	0.26039478850113507
0.165327193839242	0.348318504765774	-0.2544811229981998	-0.23187317839678423
-0.2374434574826254	-0.12006722651045254	0.052107446467788865	0.5903818695391332
-0.20183264747011198	-0.32752284513589736	-0.4064300076315335	0.06421449976245719
0.09552515757227775	0.12455538549175449	-0.10502835615212547	0.6748911007838423
0.5075082772250552	0.14000976811611388	-0.03935009944714207	-0.31313185521168885
0.24518454990398286	0.0974166209728331	0.19111317592600652	0.4662856531971775
-0.1815497632565657	-0.3151689310016397	-0.11676927843582763	0.386512027305967
-0.06858847976560023	-0.25230356793616315	-0.09110785034592395	0.5880001019523127
0.025736794854778644	-0.45298638691700677	0.04322904983527964	-0.47804776839293495
-0.0181931192649325	0.6750856171171831	0.12346351530557609	0.18325774831230834
0.05925015753944862	-0.2624473484026064	0.5318888615298119	-0.1464136325281331
-0.04340684145977769	0.2302774633178275	-0.28225888821521217	-0.44405680700718264
0.09057347319438369	-0.051303574250854966	0.5551280629134214	0.3029948896413399
-0.10790101727976942	-0.5584168270974863	0.05109506950733911	0.2825870861154052
0.19652016785235182	0.19882212053642023	-0.5164281013762044	-0.08822961023502351
-0.40091003553544713	0.27464190966410573	-0.016649382729492235	0.3077986720709549
0.007268793547957397	-0.1351497887995705	-0.480299608445631	-0.37728180920684107
-0.8119654625538855	0.030390197877478764	0.11524427104297974	-0.04240006852565603
0.5852891135272846	0.03875538064338979	0.004081158831983567	0.371874346997342
-0.15319202279932642	-0.35226949849131595	-0.2781913363488344	0.21634714236052321
-0.2753803122292766	-0.31620400685408345	-0.05089515914174059	-0.35752052177489935
0.343076358051829	-0.009500196984714826	0.4589123000382418	0.18851114492521437
-0.1646711940961605	-0.16631514738538278	-0.5661463042834871	-0.10286735423496962
0.1802847689705238	0.3696554976785771	0.1244903595811897	0.3255693737697094
-0.5773106590674384	-0.09410617589684889	-0.23537913474975314	-0.09320403028595958
-0.36653254915456057	-0.07703791559650508	0.02983990522426283	0.5265896300246715
-0.2946109959606107	0.1444681670560135	0.24233511847915823	-0.3185857185042176
0.12257062691506704	-0.20099584236697554	-0.4185601445452163	-0.25787338617274114
-0.2673870420674729	0.10606055767507594	-0.2130084156910701	-0.4135439845663811
0.7397241101005272	0.060512233570304774	0.06020298711022942	-0.13956066921893862
0.5673048576060065	-0.13011966880959247	0.062465159123292535	0.24011031446110853
-0.0314987701883811	-0.437218831522836	0.5140719544171113	-0.017210443871671588
-0.10921487067632629	-0.37338050805956335	0.45953864569414016	-0.057865975569970196
-0.21260004294171364	0.24998001159978012	0.029422715161866675	-0.5079972302966396
0.08153480936950519	0.5777471308038771	-0.26526318137581884	0.0754548784507989
-0.5458549555329542	-0.13965352091217786	0.08866560176415694	-0.22582592179071104
-0.06767142448231622	0.21922177009833743	-0.03449241076384202	0.6786143946555043
Conflicts
13 1
28 16
31 40
42 30
31 21
14 45
9 32
37 24
9 25
31 16
27 28
28 17
22 46
7 29
21 6
40 41
19 18
26 17
43 36
50 49
4 18
5 41
23 6
5 20
3 15
38 46
14 12
35 12
8 46
2 11
9 15
49 45
25 49
35 3
39 12
35 16
9 20
42 17
50 44
50 5
19 38
27 1
10 46
5 38
23 27
7 10
35 6
37 5
46 18
12 20
43 14
46 20
11 49
43 31
26 27
6 46
23 13
49 30
32 30
7 45
27 21
7 37
13 20
4 16
19 8
23 9
47 13
32 11
13 15
7 38
17 11
7 50
10 34
37 19
23 15
26 19
7 26
18 30
9 48
9 12
3 11
13 29
7 20
47 1
40 24
3 6
46 1
7 48
27 39
11 33
7 3
3 18
25 6
47 30
10 39
25 29
4 17
43 5
25 14
23 12
2 18
23 20
50 17
31 11
43 18
37 33
29 36
2 3
47 41
7 30
37 16
10 2
4 19
11 8
24 30
41 30
23 11
31 27
27 46
50 11
3 45
13 10
7 16
13 28
36 46
43 27
42 16
31 2
22 30
26 21
50 30
31 50
38 33
10 11
7 35
28 39
5 46
20 45
28 46
34 30
17 8
35 30
32 36
2 8
29 44
47 5
48 15
36 22
49 5
13 32
14 33
31 36
42 24
40 39
50 16
10 12
44 18
26 20
34 42
10 21
47 44
16 41
15 1
10 18
7 33
26 6
50 3
35 44
48 39
26 29
45 24
7 44
40 6
49 20
6 24
4 38
4 10
47 12
17 44
16 30
44 45
37 11
19 33
3 28
37 41
8 45
42 29
50 21
41 45
40 3
17 30
17 39
38 21
47 48
28 38
45 18
43 20
16 5
7 5
3 30
29 12
9 30
9 14
14 3
35 8
14 2
32 3
32 12
16 8
38 41
13 41
5 30
49 22
4 40
23 24
1 18
16 18
37 8
11 6
49 38
25 33
42 8
17 48
7 18
40 8
36 11
9 22
47 28
2 17
6 45
29 15
19 24
25 30
14 11
36 33
13 39
43 24
26 12
23 4
17 41
47 46
43 25
11 39
3 20
23 44
4 12
27 11
47 10
32 24
29 8
50 35
31 22
30 1
37 14
4 30
46 33
14 38
35 18
34 5
40 38
16 45
40 19
23 40
7 9
8 5
19 12
28 19
21 33
14 28
14 19
2 5
35 2
48 41
25 39
5 39
14 34
9 42
49 12
19 1
33 1
48 8
37 2
3 12
35 17
25 34
42 38
16 19
9 16
8 12
27 19
26 36
43 11
36 30
42 3
4 32
29 22
23 21
4 49
9 4
31 15
47 20
14 6
25 20
10 19
17 20
20 18
26 14
26 25
41 44
19 45
34 16
4 45
2 24
16 46
27 22
14 21
25 11
10 20
23 3
35 45
8 39
26 38
42 22
47 34
21 30
29 24
39 1
10 17
44 20
28 1
14 41
31 18
35 15
36 24
23 47
42 39
49 39
10 15
4 28
13 3
32 34
11 1
35 5
10 35
17 5
7 39
14 29
9 44
34 20
11 20
47 17
43 16
49 46
25 27
3 49
37 1
9 10
5 24
4 42
34 33
25 12
14 17
30 20
50 20
23 38
31 1
13 18
40 44
32 6
48 21
46 12
38 1
41 18
10 48
38 44
41 24
32 42
13 24
11 24
19 39
36 39
10 3
39 20
9 40
26 46
3 38
48 12
4 33
34 21
4 3
43 44
15 33
43 35
23 16
31 34
9 33
3 8
23 33
13 16
26 24
50 39
23 2
43 33
34 27
22 18
13 45
2 6
2 46
13 21
5 33
34 39
25 45
37 10
50 24
50 8
44 1
38 45
10 24
32 15
32 29
28 45
3 5
36 8
29 30
9 3
47 18
14 13
11 22
8 38
13 40
2 16
36 1
35 29
16 12
4 22
10 44
17 38
49 21
43 40
5 15
17 45
50 6
25 15
28 30
34 6
8 33
44 12
19 49
7 42
29 20
32 1
27 5
14 8
39 21
27 20
17 1
31 19
39 45
35 36
41 46
22 38
29 33
3 24
47 24
2 49
43 29
43 7
36 17
16 24
13 2
23 31
9 35
13 30
49 18
28 48
47 49
21 1
17 21
19 15
7 8
19 46
36 6
15 12
50 45
9 39
37 30
15 45
38 15
8 15
27 12
23 8
3 17
1 20
50 12
40 30
26 2
26 22
20 24
47 3
7 19
17 46
23 28
29 46
31 28
43 46
2 33
23 36
27 8
7 11
31 24
7 23
48 20
14 44
23 45
50 38
27 48
43 21
9 19
2 20
31 6
49 33
43 6
11 18
41 20
3 39
37 15
37 28
13 12
5 22
48 46
3 16
50 2
28 33
37 29
38 30
13 49
26 1
43 19
43 45
35 34
26 3
28 22
35 24
25 46
21 12
47 21
42 19
34 19
37 21
38 12
47 31
47 29
16 33
47 32
50 36
3 44
22 39
7 31
15 24
11 41
4 41
27 36
47 11
33 45
41 6
34 45
35 42
47 37
34 29
37 32
40 46
25 16
5 6
39 24
2 44
9 50
15 20
13 19
1 45
25 24
44 30
4 29
7 22
39 18
47 6
9 45
32 45
42 48
48 38
19 21
29 2
47 38
41 1
43 30
23 32
48 5
27 49
40 28
4 21
35 22
49 6
19 36
34 18
11 30
37 6
47 42
36 41
26 34
48 18
15 6
27 15
22 44
39 44
