InstanceID
5_60_4
NumObjects
60
NumFactors
4
Weights
53.03646605536807
77.70091698339469
30.13103535440822
88.13491207672945
83.83576532332523
52.40587188478234
57.125965860896
93.15154141626472
4.422802345157595
11.814743857996657
51.14826505242655
80.29609983145889
67.13001813825518
8.567664223247418
36.24632704303252
38.83774531923385
40.109587458776666
50.74453861845003
54.95366512679345
6.728541622841666
62.38873118334289
98.10074532207751
35.575031897384555
96.28155964157932
10.531210821150294
20.514525877036682
61.478031926876376
65.85851395147928
98.02890213858275
94.07637470105716
53.01226032511257
34.05216764209609
43.84905878063661
97.7319224416235
64.46865601377458
15.9505131991194
29.487815758628155
72.66767677498646
29.711690173661196
82.48471231939132
33.876255773241624
17.631487220319507
77.93347144453875
45.65253870825403
62.114228556625164
71.07877842525951
75.91110561435985
54.14254997612027
34.50421388471811
46.96829943453662
33.20847262273667
5.925574756840213
90.79292209625112
10.679060236746496
51.743250417153575
2.87064844065561
60.781321352263994
69.02991197954915
27.458341362423756
21.46099851364365
Budget
1523.2680026493367
Profits
-10.607293211073614
-15.540183396678938
-6.026207070881644
-17.62698241534589
-16.767153064665045
-10.481174376956469
-11.4251931721792
-18.630308283252944
-0.884560469031519
-2.3629487715993314
-10.229653010485311
-16.059219966291778
-13.426003627651037
-1.7135328446494835
-7.2492654086065045
-7.76754906384677
-8.021917491755334
-10.148907723690005
-10.99073302535869
-1.3457083245683332
-12.477746236668578
-19.620149064415504
-7.115006379476911
-19.256311928315863
-2.106242164230059
-4.1029051754073365
-12.295606385375276
-13.171702790295857
-19.60578042771655
-18.81527494021143
-10.602452065022515
-6.8104335284192175
-8.769811756127321
-19.546384488324698
-12.893731202754916
-3.1901026398238796
-5.897563151725631
-14.533535354997293
-5.94233803473224
-16.496942463878263
-6.775251154648325
-3.526297444063901
-15.58669428890775
-9.130507741650806
-12.422845711325033
-14.215755685051903
-15.18222112287197
-10.828509995224055
-6.900842776943622
-9.393659886907324
-6.641694524547335
-1.1851149513680426
-18.158584419250225
-2.135812047349299
-10.348650083430716
-0.574129688131122
-12.156264270452798
-13.805982395909831
-5.491668272484751
-4.2921997027287295
FactorLoading
0.7403636972786944	-0.05015420577262808	0.10755920879626135	0.10192288815241612
-0.10008438325534552	0.3716564940966858	-0.013269675220209276	-0.5149894474277594
-0.42168426971603945	-0.13948668290085764	0.17579560217105317	0.26303344521204974
0.31222752743757987	0.07804522929280688	-0.3511625918933494	-0.25856465137626383
0.13951522525693894	-0.217127566735706	0.33634828766231384	-0.30700892034504124
-0.6168744408009401	0.03691428125692764	0.023856159793870235	0.322355118148262
-0.031264638844418435	-0.4054424992378447	-0.3639391562678733	0.19935370564986354
0.11020956738674514	0.1842529108779989	0.050970684017254575	-0.6545668377180014
0.2833365741227145	-0.20138701912007662	0.11625609593424979	0.3990203108229591
-0.5357950140876859	0.20478520413532464	-0.1602903268943736	0.09912945488261582
0.14836992794945503	0.09085494911750769	-0.36425798100662443	-0.39651714192641285
0.3893597956358228	-0.2045189516993915	0.15212212259340507	0.25399913007138064
-0.39254249065363256	-0.42528852835450937	-0.07504721593596275	-0.10712176505589532
0.3885844748313292	-0.01890639113190362	0.16080622074899775	0.43170291328776944
0.10822244879892184	-0.032040485376792605	-0.1282489491944092	-0.7314881166298763
0.31763127510178557	0.5186829596716918	0.11008886514377236	0.05359690008275031
-0.23012800808459621	-0.5755957814551602	0.19032357767557095	-0.003952632784672616
0.7087607733844059	0.029891792941183937	-0.23354991902197897	-0.027797514652431188
0.2775055314433481	-0.03837193537011396	-0.0291024318992259	-0.655020101287312
0.0019376358277267691	0.12740991380531308	-0.04677627170511944	-0.8238761786618407
-0.09927746413888472	0.5895240031300548	-0.2886640999961916	0.02253443273486888
0.08871255700891645	0.43375711288503327	-0.21501934737433603	-0.26251098273171425
-0.3720149449935881	-0.4112846604833553	0.17056954296251314	-0.04613085156054342
-0.08501147484957694	-0.10500260630304048	0.5527621039281196	-0.25722381491926294
0.4345202388438343	0.18594216788883156	-0.2848926042884228	0.09464498897891138
0.027274109577292815	0.2074833923965942	-0.6179077397910653	-0.1473347582350477
-0.11232056462289797	0.43802744836585306	0.44154821053782545	-0.00810377647342353
0.265543278149043	0.1864710805616998	-0.24054766457218646	-0.30743797671707074
-0.1465723997916304	0.2556414496632027	0.33471398826471477	0.26307216228045216
-0.106156261532669	0.7604188200863624	0.13174649269850502	0.001678425682463569
0.5080868638372353	0.1624305913257753	-0.08724916743611622	0.24223337740087314
0.048991701180348235	0.08770657039731966	0.32453345759072194	-0.5387682708316102
-0.14833902330708648	0.24485205573082203	-0.07260105150124185	-0.5342078694608496
0.0356558176375914	-0.5758468753857737	0.0063235722331107524	-0.3821737347435241
-0.05481574176306658	0.03929064171849306	-0.3915206232054098	0.5143729933130305
0.9136732600406858	0.002874296783190733	0.07395179821807796	0.009500644958045479
-0.05445040118462896	-0.2553119563257862	-0.16316008678083227	-0.5270775557087526
0.07404175978254335	-0.39391811318563974	-0.063049495327413	0.4689906317044039
-0.12020800702359935	0.648704769362735	-0.05496273324097145	-0.17612449037269418
-0.07813216325956929	-0.028280889827063893	-0.6508937863797313	0.24269316053363554
-0.14181546384486166	0.008620241496013925	0.7785764400007191	0.07098785465840529
-0.5295202747130157	0.31126253055948605	0.06564500449076016	0.09357219023673813
0.18215681049428678	0.5138671398571386	-0.14587743033896605	-0.15809861930960856
-0.050286790071141896	0.38107180342679237	-0.12973877710600523	-0.4389026293960605
-0.07046245697477804	-0.20030213754667736	-0.5447215349979686	-0.184513870480576
-0.3397474158034661	0.20768894142804517	-0.18326531443810534	0.26929832833038336
0.047083105006353376	0.541757644464024	0.40759492597026137	0.003564324559361287
-0.04302636062780274	-0.08755126270672742	-0.4503575668120541	-0.41906480985341577
0.016788745104361347	0.3328425980123393	-0.5023545864184951	0.1480140704648043
0.11110220233634638	-0.4052106340158925	0.2419086423784358	0.2417785212693253
0.22136528643676412	0.02298721954422933	0.4529084765432905	-0.3027390174757161
0.11023609344939023	0.06837883241187037	0.6386204588189233	-0.18276461531981614
0.030421021843876517	0.575680223828378	-0.02625037683670639	-0.36764837749103907
0.3817201734684583	-0.19304257143230008	-0.39355185275175564	0.03168540234748596
0.15253685399174843	0.07972574113802322	-0.5670249767015432	-0.20071242816868518
0.020346332424905578	-0.415151718984341	0.36701663260279327	-0.19748531598796015
0.18756140783439834	0.1652454819077962	-0.5848807879084437	0.06231232234936179
0.022956784746008152	-0.04079098725411412	-0.6128235617105879	0.3234286662892898
0.0851519797486342	0.05514734769786145	0.05511559466414839	0.804585077889356
-0.042046186389148144	0.11238028662647159	-0.30910815492451915	-0.5364653720598611
Conflicts
3 38
58 52
46 12
14 35
58 12
8 46
2 11
9 15
56 49
25 45
3 49
35 59
39 12
35 16
9 20
42 17
50 44
5 51
50 57
19 38
27 1
10 46
5 38
23 27
7 10
35 6
37 5
46 18
12 20
43 14
46 20
11 49
43 54
26 31
27 6
13 46
23 53
32 30
57 30
7 58
56 45
27 21
7 37
13 20
16 56
4 19
8 52
9 57
23 13
47 57
32 11
13 15
7 38
17 11
7 55
50 10
34 57
54 19
37 15
23 59
19 59
26 54
7 26
23 6
56 30
9 18
48 12
9 11
58 3
13 29
47 20
19 1
53 19
40 24
3 6
46 1
53 56
7 56
27 48
39 33
11 51
7 59
60 3
25 18
6 30
47 10
29 39
25 17
4 5
43 25
14 12
23 30
42 18
23 2
50 20
17 21
27 52
31 56
11 57
43 18
37 33
36 51
29 59
2 3
47 41
7 30
37 10
54 2
4 60
19 11
8 30
51 24
41 30
23 11
31 27
27 46
50 53
3 11
52 45
13 10
13 58
7 20
16 28
13 53
36 46
43 27
54 42
53 16
31 2
9 55
37 32
26 22
51 21
9 32
51 30
54 33
10 38
54 11
35 58
7 28
39 46
5 45
28 20
46 30
34 17
58 8
35 56
36 56
2 29
27 44
47 28
5 15
58 48
36 22
49 5
13 32
55 57
14 55
31 33
60 36
42 24
40 39
16 52
50 12
10 44
20 18
26 34
42 16
31 21
41 44
16 15
51 52
18 1
10 55
7 33
26 6
50 51
35 3
28 44
16 39
26 48
29 24
57 45
7 44
40 6
49 20
59 6
21 24
26 58
4 38
4 10
47 56
9 12
17 12
44 30
16 30
32 44
37 45
11 33
58 19
55 3
28 41
37 56
42 45
50 29
21 45
51 41
40 3
17 30
17 39
27 39
58 38
47 21
28 48
38 30
41 18
43 45
5 20
7 16
16 5
60 50
35 12
3 30
29 12
9 30
9 14
14 3
35 8
14 52
42 2
3 16
32 8
32 17
55 12
16 8
60 38
59 41
60 41
13 5
49 30
40 22
4 54
56 24
23 18
16 1
37 18
11 8
55 6
49 38
14 25
25 33
60 30
54 56
8 22
42 3
14 17
48 57
7 18
40 8
11 52
9 36
47 22
2 28
17 45
15 6
29 19
60 24
25 57
14 42
60 11
51 33
13 36
43 39
60 53
50 5
26 12
53 59
23 4
17 41
47 53
55 46
11 39
57 20
23 3
14 44
54 59
50 58
11 30
25 59
32 24
13 55
47 58
3 56
8 18
31 35
22 1
37 30
14 58
4 57
46 33
14 38
35 18
34 5
40 38
16 45
40 57
55 19
23 40
7 9
8 5
28 12
19 56
21 33
56 18
53 18
14 28
14 19
2 5
35 2
48 41
60 1
25 30
5 1
14 18
9 34
42 52
49 12
51 1
58 51
48 33
37 8
2 52
52 18
7 12
3 59
35 51
60 17
34 56
25 51
42 38
9 16
35 44
8 12
27 19
44 45
35 57
36 11
42 30
3 45
4 32
29 22
53 21
23 57
4 49
9 4
31 15
14 6
25 20
10 19
17 20
26 14
25 53
26 44
41 45
34 16
4 45
51 44
54 24
56 51
46 57
16 22
37 27
25 21
10 20
54 8
2 59
35 45
39 57
8 38
26 59
22 52
42 51
47 54
54 58
34 21
54 53
58 30
58 1
55 39
44 18
10 17
44 20
28 1
14 41
31 18
35 15
25 29
36 24
23 47
42 39
10 49
28 15
4 13
3 17
34 28
23 9
10 35
58 17
5 39
7 54
14 56
60 29
9 44
53 20
34 30
47 11
43 17
49 46
25 27
59 21
27 56
37 1
9 10
5 24
53 52
4 56
42 34
55 33
53 12
17 56
30 20
25 34
23 55
31 38
51 57
54 13
40 44
51 6
32 48
21 46
12 1
38 24
37 55
48 52
38 44
40 41
42 56
32 46
58 22
13 24
11 24
19 39
36 39
10 3
39 20
9 40
26 46
48 6
4 12
56 33
54 21
34 3
43 4
44 33
43 15
23 35
31 41
23 34
16 33
9 56
54 12
60 51
55 48
3 8
23 33
57 1
53 36
26 24
50 39
1 30
43 33
34 27
42 8
22 18
13 45
2 6
54 55
2 46
13 21
5 33
34 39
37 58
10 24
50 8
13 44
56 52
47 1
38 45
10 52
58 59
55 24
32 15
32 29
28 45
17 44
3 5
36 8
29 30
59 12
47 14
49 52
51 22
11 38
13 39
60 55
16 49
2 1
35 29
60 35
50 17
4 16
59 38
17 49
40 21
17 5
50 6
25 15
28 6
34 33
8 44
32 51
7 42
29 20
32 1
27 5
14 8
39 21
15 1
27 28
31 1
7 41
35 21
13 22
38 33
29 56
47 3
49 24
2 12
54 49
29 51
7 36
17 24
13 2
23 31
9 35
5 30
13 56
28 18
48 51
47 60
49 21
21 1
53 5
19 15
7 8
16 41
19 46
11 1
36 6
15 12
50 45
53 39
9 37
50 30
3 15
38 15
8 15
36 59
27 12
47 59
9 8
23 52
52 20
10 1
12 18
50 49
31 40
31 44
26 29
2 33
26 9
22 30
51 20
37 24
7 19
17 46
28 59
40 46
42 29
31 52
31 28
28 8
46 45
2 36
52 30
27 8
9 39
7 11
54 15
48 24
8 24
7 31
23 51
26 2
59 52
48 20
23 45
50 38
43 21
19 52
9 58
7 15
16 20
53 6
49 33
2 56
32 3
11 6
43 20
17 18
19 20
28 39
58 49
3 39
37 13
5 12
59 22
40 52
16 46
33 20
29 28
37 38
35 30
49 18
33 1
26 43
43 19
14 45
54 41
6 45
35 34
34 6
31 36
41 38
3 51
28 22
35 24
25 46
14 57
2 21
9 51
13 3
39 45
55 38
58 5
55 42
43 34
10 33
37 2
21 38
47 12
29 45
47 44
40 16
3 33
47 17
32 50
3 36
56 22
39 22
57 52
26 25
15 24
31 53
11 41
22 6
39 41
4 51
58 36
27 11
41 6
34 45
13 34
35 20
42 49
47 30
37 29
15 44
37 14
32 56
26 53
7 46
60 40
25 11
25 16
13 35
10 58
39 24
2 44
50 59
15 33
31 19
36 1
14 30
58 33
4 22
25 24
4 29
7 22
39 18
47 6
9 45
56 6
32 45
11 45
42 48
34 59
25 38
48 44
3 12
60 19
29 21
43 2
47 40
43 30
55 8
59 5
9 3
3 24
60 44
23 38
32 5
48 17
60 56
60 42
27 49
40 28
59 46
4 2
19 36
34 18
59 30
37 6
47 42
36 41
48 18
27 15
14 51
3 19
26 4
9 52
22 57
55 44
35 39
41 21
3 18
26 1
2 51
38 6
42 12
31 50
35 28
47 52
58 11
14 11
50 18
17 52
13 52
28 38
2 40
35 42
57 18
29 36
32 34
43 6
54 14
50 2
37 42
13 8
2 17
7 25
32 57
10 5
9 29
38 57
48 22
53 46
18 45
3 22
15 52
21 30
29 58
59 33
19 51
14 48
23 54
59 11
15 46
28 19
54 17
37 20
38 46
8 45
14 22
22 38
19 41
2 57
2 53
55 59
29 3
43 40
25 40
4 20
14 21
31 12
4 28
49 1
37 34
13 17
10 2
55 52
49 39
43 58
8 6
27 30
25 55
5 18
55 22
26 57
50 3
7 49
37 41
26 47
32 16
15 41
11 21
16 19
3 21
17 59
9 53
14 59
14 49
40 20
27 51
36 49
4 15
19 44
4 25
28 51
30 45
59 20
34 1
39 6
41 46
21 6
23 10
8 20
26 30
23 44
55 18
38 1
13 18
10 21
34 15
43 52
39 52
55 5
16 36
53 24
60 34
13 27
26 36
4 58
42 58
10 45
