InstanceID
5_80_4
NumObjects
80
NumFactors
4
Weights
53.03646605536807
77.70091698339469
30.13103535440822
88.13491207672945
83.83576532332523
52.40587188478234
57.125965860896
93.15154141626472
4.422802345157595
11.814743857996657
51.14826505242655
80.29609983145889
67.13001813825518
8.567664223247418
36.24632704303252
38.83774531923385
40.109587458776666
50.74453861845003
54.95366512679345
6.728541622841666
62.38873118334289
98.10074532207751
35.575031897384555
96.28155964157932
10.531210821150294
20.514525877036682
61.478031926876376
65.85851395147928
98.02890213858275
94.07637470105716
53.01226032511257
34.05216764209609
43.84905878063661
97.7319224416235
64.46865601377458
15.9505131991194
29.487815758628155
72.66767677498646
29.711690173661196
82.48471231939132
33.876255773241624
17.631487220319507
77.93347144453875
45.65253870825403
62.114228556625164
71.07877842525951
75.91110561435985
54.14254997612027
34.50421388471811
46.96829943453662
33.20847262273667
5.925574756840213
90.79292209625112
10.679060236746496
51.743250417153575
2.87064844065561
60.781321352263994
69.02991197954915
27.458341362423756
21.46099851364365
89.80771118475839
74.03636972786944
79.05179030513226
50.563815490294914
34.7712793676773
93.49018854910733
98.19711565479258
47.17408773520313
48.50105525722406
10.008438325534552
20.34184316633043
82.7815817283887
3.7798866265414732
20.300859099876668
42.16842697160394
56.11709526168971
73.69665547879502
21.942872007981286
35.71437910085808
72.05874646472066
Budget
2050.5201014015265
Profits
-10.607293211073614
-15.540183396678938
-6.026207070881644
-17.62698241534589
-16.767153064665045
-10.481174376956469
-11.4251931721792
-18.630308283252944
-0.884560469031519
-2.3629487715993314
-10.229653010485311
-16.059219966291778
-13.426003627651037
-1.7135328446494835
-7.2492654086065045
-7.76754906384677
-8.021917491755334
-10.148907723690005
-10.99073302535869
-1.3457083245683332
-12.477746236668578
-19.620149064415504
-7.115006379476911
-19.256311928315863
-2.106242164230059
-4.1029051754073365
-12.295606385375276
-13.171702790295857
-19.60578042771655
-18.81527494021143
-10.602452065022515
-6.8104335284192175
-8.769811756127321
-19.546384488324698
-12.893731202754916
-3.1901026398238796
-5.897563151725631
-14.533535354997293
-5.94233803473224
-16.496942463878263
-6.775251154648325
-3.526297444063901
-15.58669428890775
-9.130507741650806
-12.422845711325033
-14.215755685051903
-15.18222112287197
-10.828509995224055
-6.900842776943622
-9.393659886907324
-6.641694524547335
-1.1851149513680426
-18.158584419250225
-2.135812047349299
-10.348650083430716
-0.574129688131122
-12.156264270452798
-13.805982395909831
-5.491668272484751
-4.2921997027287295
-17.96154223695168
-14.807273945573888
-15.810358061026452
-10.112763098058982
-6.954255873535461
-18.698037709821467
-19.639423130958516
-9.434817547040627
-9.700211051444812
-2.0016876651069104
-4.068368633266086
-16.55631634567774
-0.7559773253082946
-4.060171819975333
-8.433685394320788
-11.223419052337942
-14.739331095759004
-4.388574401596257
-7.142875820171616
-14.411749292944132
FactorLoading
0.31222752743757987	0.07804522929280688	0.18411742036665069	-0.42560982290296256
-0.13951522525693894	0.008468881976591458	-0.5450069724214284	0.30700892034504124
0.15160042885900493	-0.4652740119419352	0.060770441050797874	0.322355118148262
-0.43670713808226314	-0.15255564599079063	-0.2113835102770827	-0.19935370564986354
-0.11020956738674514	0.1842529108779989	0.5060280012380107	0.19950952049724524
-0.25390763699414554	0.2308159562486456	-0.11625609593424979	0.3990203108229591
0.7405802182230106	-0.11329472518182504	0.046995601712548574	-0.09912945488261582
0.14836992794945503	0.09085494911750769	0.5079980865497757	-0.25277703638326154
-0.35443270371983115	0.23944604361538313	-0.15212212259340507	0.25399913007138064
-0.513645698605016	-0.30418532040312596	-0.07504721593596275	-0.10712176505589532
0.35751068399307795	0.031073790838251236	-0.01890639113190362	0.5925091340367672
-0.10822244879892184	0.16028943457120182	-0.2608436092358857	-0.47064450739399066
-0.09552515757227775	0.7407890772011996	0.11008886514377236	0.05359690008275031
-0.6868681447883112	-0.11885564475144528	-0.19032357767557095	0.003952632784672616
0.24518454990398286	0.46357622348042304	0.2634417119631629	-0.027797514652431188
-0.1815497632565657	0.09595576818678242	-0.06747436726933986	-0.655020101287312
-0.0019376358277267691	0.17418618551043252	0.1447682263636041	-0.6791079522982366
0.025736794854778644	-0.07354066928410607	0.5895240031300548	-0.31119853273106046
0.08871255700891645	0.43375711288503327	0.29427258179374194	-0.18325774831230834
0.32169750594205504	-0.050317439051533075	-0.5818542034458685	0.04613085156054342
-0.19001408115261742	-0.08367022362498777	-0.46909188030313187	0.25722381491926294
0.09057347319438369	0.3439467656494506	0.47083477217725433	-0.09464498897891138
0.027274109577292815	0.2074833923965942	0.4826554119107078	-0.2825870861154052
-0.19652016785235182	-0.3538278451363992	0.44154821053782545	0.00810377647342353
-0.265543278149043	0.13536675738640414	0.29165198774748213	-0.30743797671707074
-0.007268793547957397	-0.3949450559068757	0.33471398826471477	0.26307216228045216
0.106156261532669	-0.7058092010212165	0.05460961906514594	0.1334249183809686
0.5080868638372353	0.11595763033343909	0.04647296099233622	-0.32948254483698936
-0.048991701180348235	0.4122400279880416	0.04422979212225253	0.49453847870935763
-0.14833902330708648	-0.12704128892219013	0.19041181830987375	-0.5342078694608496
0.0356558176375914	0.3074205404142376	-0.2684263349715361	0.38849730697663487
-0.05481574176306658	-0.1098554523330939	0.32095581259080896	-0.5143729933130305
0.6744306262302906	0.23924263381039523	0.002874296783190733	0.08345244317612344
-0.30976235751041514	-0.16316008678083227	-0.19849439067303987	-0.3285831650357127
0.07404175978254335	0.39391811318563974	-0.005450497007145394	-0.5265896300246715
0.12020800702359935	-0.5612062744721831	0.1424612281315234	-0.17612449037269418
-0.10641305308663318	-0.016157573828433858	-0.6347362125512974	-0.24269316053363554
-0.15043570534087558	-0.43602031009274334	0.3425561299079758	0.07098785465840529
0.5295202747130157	-0.3309190560680457	0.04598847898220049	0.09357219023673813
0.18215681049428678	0.5138671398571386	0.06386573518746608	-0.24011031446110853
0.0314987701883811	-0.018788019882760798	0.38107180342679237	-0.5686414065020657
0.07046245697477804	-0.03875241370154825	-0.1615497238451291	-0.7292354054785446
0.21260004294171364	-0.12714737286175248	0.20768894142804517	-0.4525636427684887
-0.5888407494703773	0.07044119070300492	0.33715373526725645	0.003564324559361287
0.04302636062780274	-0.08755126270672742	-0.6435964548747588	-0.22582592179071104
-0.016788745104361347	0.2701044494762923	0.565092734954542	-0.1480140704648043
0.11110220233634638	0.6471192763943283	-0.2352973271079184	0.006481194161406911
-0.22136528643676412	0.4758956960875198	0.13051246757752644	0.17222654989818964
-0.09696047730409862	0.08165444855716197	0.6386204588189233	0.18276461531981614
0.030421021843876517	0.11099233853635848	0.46468788529201954	-0.39389875432774546
0.14213867170072425	0.23958150176773407	-0.19304257143230008	-0.4252372550992416
-0.15253685399174843	0.35402304505728943	0.29272767278227696	-0.20071242816868518
-0.020346332424905578	0.0962155412143193	-0.685952810372815	0.19748531598796015
-0.0737018366975748	0.27910505304461974	0.5848807879084437	-0.06231232234936179
-0.06374777200012227	0.5507817281517986	-0.06204183355878934	-0.3234286662892898
-0.0851519797486342	0.05514734769786145	0.6964209848503768	0.1632796877031275
-0.042046186389148144	-0.11238028662647159	0.49307796444096463	-0.35249556254341563
0.06220402048521434	0.6963618807163643	0.20251258573844022	0.03892151305998115
-0.20211053471759333	0.2807005080403111	0.39331434203348237	0.1238746152086132
-0.23661575767724408	-0.18901847426019502	0.17234267687535776	0.40202309118720314
0.2842500731270743	-0.1100443261280244	-0.027383040781320478	-0.5783225599635808
0.16461183676513436	0.05274997264480574	0.20426977231655452	-0.5783684182735054
0.5077375041679868	-0.07392646331639852	0.06192369716602686	-0.3564123353495878
0.6367212014750507	0.045648835967061485	0.23787569213270965	-0.07975427042517813
0.09060474662578799	0.5679010762808894	-0.3137423735078828	-0.027751803585439827
0.006001427356609135	0.7379405292201895	0.06060273021414231	0.19545531320905907
-0.010779502839791011	-0.49291594116832926	-0.32706466698502235	-0.16923988900685738
0.12381121927757954	0.4455308731074128	-0.14372799952792437	0.2869299080870833
-0.43525791359650645	-0.03522120090648562	-0.375061569390736	-0.15445931610627195
0.29486983334996264	0.037305586462302864	0.10206354698759457	0.5657610332001399
-0.3119004518059947	0.004522213312191825	0.620724790544406	-0.0628525443374075
0.13319313998966087	0.36876689642822247	-0.12260017124247113	-0.37543979233964553
0.5404585906119639	0.369095560302682	-0.08886979301491871	-0.0015760560704354276
0.05212741584314751	-0.03273261363837365	-0.10252178004411827	-0.8126181904743606
-0.2999012171698161	0.3186372122201435	-0.15123540758345566	0.23022616302658472
0.04264363123595505	0.47773105957756057	-0.01028916221258025	-0.46933614697390413
0.3477366206963073	0.303259393791371	-0.05366252084010781	-0.2953414646722139
-0.20819662585339338	0.05609274177499213	0.3942922490662597	0.3414183833053548
0.33318211915025353	-0.38386545106294157	0.26651539505413147	0.01643703473267344
0.6362081786429021	0.06958839471347966	0.09120483030713156	-0.20299859633648665
Conflicts
53 24
67 6
46 1
53 56
71 56
75 39
3 51
7 51
60 64
25 3
47 6
25 10
4 5
25 78
23 12
62 30
23 66
50 21
31 52
75 56
14 57
12 33
29 51
2 59
63 3
74 16
68 2
75 72
75 38
50 11
3 52
13 45
58 74
13 20
71 80
13 36
27 16
9 66
55 32
71 37
22 30
21 73
51 30
31 61
62 56
75 74
35 61
7 69
28 62
72 17
32 56
72 52
66 28
69 79
58 22
69 49
13 32
55 57
14 55
31 60
42 24
50 16
61 12
74 18
26 20
42 16
64 21
47 74
80 44
65 79
71 10
70 33
35 80
29 57
71 44
40 6
40 70
70 20
21 24
4 58
4 10
47 56
12 73
12 44
37 16
58 11
55 3
56 8
42 45
29 67
27 39
47 39
38 30
41 18
80 5
67 12
29 12
9 73
14 78
67 8
14 2
80 3
32 72
32 12
80 8
60 38
60 77
5 22
68 40
54 56
80 65
61 18
11 8
63 6
49 38
78 33
42 8
14 67
57 18
71 40
9 36
66 61
70 45
29 15
60 62
61 24
25 57
42 30
78 11
13 39
60 24
50 5
53 12
4 47
55 53
25 31
67 64
23 14
54 59
4 54
58 30
27 11
25 6
10 24
63 32
13 58
67 56
72 18
50 35
78 1
68 30
64 46
61 33
78 38
34 5
80 57
40 19
23 63
71 9
8 5
54 12
28 33
78 28
78 19
69 2
2 48
30 1
25 39
69 1
14 73
42 64
63 49
76 1
65 51
58 51
72 48
37 2
52 18
71 76
67 51
34 62
25 51
53 59
16 73
35 8
19 76
27 44
23 56
43 11
42 36
3 45
4 32
29 21
53 57
4 49
61 73
68 31
67 15
78 64
6 20
4 20
63 78
25 53
26 64
41 45
34 80
4 45
62 51
51 46
78 22
14 62
69 11
74 8
66 3
9 4
61 57
8 39
26 38
47 52
54 21
29 58
58 65
55 39
44 18
74 20
28 65
78 18
25 15
29 24
23 36
74 39
68 15
77 67
32 28
75 1
69 56
35 73
23 10
35 5
71 39
14 56
60 29
20 73
53 11
43 17
80 49
16 46
67 45
3 49
56 21
37 1
9 78
69 53
68 56
55 34
53 76
37 72
50 34
23 55
31 65
54 13
70 44
32 48
62 21
46 12
38 1
18 24
48 52
10 38
40 41
32 42
22 46
13 24
75 24
19 36
10 67
9 40
67 38
25 64
70 51
4 12
56 33
34 3
34 41
23 80
62 33
9 56
51 12
67 48
72 1
79 57
13 16
58 52
59 51
29 53
50 24
66 30
62 65
43 33
34 42
8 22
63 13
63 62
66 70
63 2
13 69
34 45
10 61
50 72
77 62
65 44
65 38
55 74
32 24
15 45
3 17
69 72
12 1
59 76
3 62
9 18
47 78
13 49
11 52
72 38
13 55
80 2
63 65
35 53
60 50
48 12
68 80
10 52
36 24
59 38
40 21
43 79
5 45
57 6
50 79
34 70
72 33
76 44
71 68
42 67
32 20
5 1
27 8
78 39
55 67
65 15
39 46
65 20
19 45
41 46
71 35
77 38
29 56
54 67
49 12
2 49
43 51
43 71
80 24
23 4
77 2
23 9
69 30
74 73
49 30
28 18
60 51
49 21
65 5
53 5
19 15
7 72
16 45
80 11
6 1
80 72
61 76
79 39
9 50
67 61
8 15
59 15
63 35
47 27
23 8
67 52
1 20
74 76
3 30
31 64
2 33
26 73
51 24
67 62
71 19
32 65
53 28
23 18
31 46
40 56
46 30
13 28
8 79
2 36
23 30
9 11
71 61
54 15
72 24
71 31
2 56
61 52
59 44
14 3
23 2
66 38
27 48
9 21
7 16
2 53
2 67
75 6
28 39
58 49
67 39
37 79
27 52
5 12
59 22
40 52
55 44
66 74
28 20
37 29
35 49
13 5
34 73
9 33
26 1
43 45
54 78
35 70
76 30
41 38
26 51
22 24
66 76
42 52
59 73
47 77
3 39
63 55
69 58
55 64
42 19
54 19
43 56
10 33
66 21
47 76
31 44
47 45
40 16
67 17
47 32
3 44
56 22
39 22
71 57
15 24
31 58
43 50
29 41
75 53
23 6
4 41
58 36
47 11
16 12
51 45
13 34
37 30
29 79
37 78
71 32
40 24
37 35
5 6
63 79
77 56
66 58
10 56
50 59
9 20
79 33
31 24
13 19
25 45
28 11
36 1
68 25
4 44
29 22
7 75
39 6
47 9
75 45
53 48
25 42
48 38
63 44
60 12
60 3
66 19
43 40
65 30
55 8
5 73
3 24
32 5
17 56
60 17
42 49
40 46
55 70
68 66
35 6
49 33
51 18
59 11
37 70
47 41
26 34
70 79
79 24
79 51
26 19
68 62
52 73
22 57
63 14
2 39
35 44
13 41
71 21
3 1
63 66
63 51
70 73
42 58
74 12
31 50
35 28
47 17
63 75
69 18
53 58
69 52
40 28
2 18
62 44
55 36
34 46
54 14
14 50
78 2
42 3
13 72
71 17
71 25
69 57
29 65
13 14
3 15
43 52
34 22
8 30
26 72
23 19
3 58
4 68
74 5
23 70
7 80
75 18
63 46
15 6
61 1
3 18
67 18
37 39
63 61
8 18
78 8
14 22
2 19
55 2
67 59
66 44
43 6
25 40
68 20
10 21
71 78
28 12
68 1
37 34
77 17
25 59
78 42
10 66
53 46
16 52
49 39
8 6
25 55
63 33
75 3
71 49
37 47
32 16
15 41
11 21
32 80
59 30
17 70
9 35
14 39
3 57
35 20
78 69
62 64
64 36
68 10
79 44
68 19
25 35
61 51
30 20
59 20
34 1
70 46
41 6
54 18
10 79
8 20
75 60
69 44
55 65
68 45
9 77
43 75
36 56
74 21
4 15
34 52
43 25
16 11
52 24
25 5
80 27
80 21
41 1
13 73
23 26
36 65
69 46
68 58
42 74
33 45
65 76
37 15
31 3
27 59
25 8
48 33
16 20
2 64
16 39
80 76
69 16
63 34
64 15
16 15
16 36
79 41
69 5
14 53
19 73
76 18
23 48
31 67
4 48
38 39
28 1
27 30
14 52
78 53
10 6
75 31
62 5
79 6
29 5
13 35
75 52
23 78
63 39
49 5
50 1
60 56
77 29
71 66
4 8
43 36
58 27
68 48
26 24
58 79
47 46
49 45
9 70
72 8
65 52
50 40
63 77
78 67
76 79
43 13
45 30
60 39
2 27
56 45
78 3
29 38
68 12
78 74
17 20
37 6
19 33
42 80
25 18
43 44
68 14
61 36
37 21
43 41
60 58
37 64
71 53
42 2
55 33
31 28
44 52
10 57
43 63
7 2
8 33
9 28
64 6
35 39
34 48
65 56
72 19
60 70
33 44
69 24
74 57
2 24
34 24
78 48
5 38
71 69
16 59
28 8
4 56
17 18
66 52
28 22
4 13
64 20
2 52
34 44
61 74
2 61
53 65
54 72
28 24
31 12
40 61
68 13
38 45
25 76
29 11
40 59
47 8
27 51
23 50
4 77
26 54
58 56
32 77
34 12
58 19
56 57
2 45
56 30
80 51
25 20
53 18
14 18
11 30
7 21
29 20
43 68
10 70
60 74
42 21
56 79
37 38
19 56
2 21
78 58
64 17
40 39
9 24
61 41
55 40
31 16
79 5
47 3
25 30
47 29
68 11
35 1
50 46
26 5
55 41
22 52
23 15
7 29
70 49
40 3
72 30
13 2
39 33
58 24
50 61
4 29
72 36
6 73
32 8
72 39
47 73
66 69
32 18
58 33
47 68
43 60
74 46
26 70
9 55
77 19
43 54
55 72
75 11
5 24
78 79
28 38
25 65
66 48
10 60
67 20
76 8
15 52
47 48
29 45
50 29
68 54
16 18
31 13
19 62
69 3
19 5
64 5
3 5
63 41
9 29
37 46
72 70
53 40
31 15
41 20
47 44
51 52
4 65
69 28
17 46
48 6
8 46
50 39
23 5
55 80
43 4
53 30
62 1
65 8
26 52
19 20
17 39
69 39
44 1
63 70
14 51
78 36
2 40
55 6
52 20
4 62
31 27
51 73
71 15
61 59
40 15
79 38
10 65
18 45
13 3
63 27
42 48
31 72
4 38
67 5
54 16
7 37
79 18
47 62
7 54
75 30
54 27
50 70
72 61
26 41
25 2
78 6
32 6
75 51
25 44
61 65
31 17
14 70
48 5
10 36
21 12
9 32
19 46
19 79
43 77
21 52
28 56
14 65
4 53
35 52
54 57
42 12
60 22
26 63
43 19
71 75
17 44
9 75
25 52
42 77
32 50
26 48
52 45
69 36
17 41
47 42
37 67
76 33
9 12
69 76
70 22
14 28
67 28
29 52
29 74
32 40
77 52
29 28
56 38
65 41
14 64
9 38
23 25
69 8
77 41
13 44
54 60
23 16
47 66
23 11
72 21
72 51
74 65
49 22
43 24
71 16
65 73
43 62
71 28
47 53
65 18
13 52
78 61
3 8
35 36
34 64
29 36
75 48
14 29
54 70
25 19
68 76
28 19
2 1
4 36
36 76
67 58
72 41
42 39
74 70
36 33
53 27
76 24
71 42
25 62
42 73
32 30
53 20
13 22
3 19
43 20
63 8
46 52
63 1
11 73
54 28
7 32
71 51
74 6
17 51
54 2
27 38
14 60
27 73
12 24
56 18
36 70
16 70
1 24
77 5
32 38
47 25
77 48
75 42
66 51
78 17
35 62
7 13
35 69
66 64
14 17
78 76
22 1
27 22
1 45
29 1
40 12
8 57
32 19
55 29
53 3
36 11
58 8
64 59
16 21
54 22
31 30
9 52
77 64
25 61
51 22
46 44
47 21
23 46
37 73
66 79
31 11
11 38
4 22
54 74
34 11
34 69
23 49
80 28
22 18
21 20
78 57
32 58
69 65
32 79
63 60
59 46
47 57
10 80
50 56
26 53
55 17
61 20
3 41
75 10
7 77
77 8
15 73
60 41
80 74
11 15
23 69
55 56
29 48
68 21
72 59
44 6
4 24
75 12
80 1
64 73
51 15
78 21
54 29
19 51
67 11
58 61
71 47
77 30
3 16
53 45
4 14
61 16
50 52
22 21
10 28
14 69
44 24
48 1
19 11
35 15
78 59
48 24
35 48
9 2
56 12
66 12
72 16
9 60
14 24
60 65
69 48
32 64
66 46
34 59
40 44
8 38
68 3
47 10
47 36
77 74
26 67
51 49
71 74
66 49
4 11
25 32
50 80
40 79
62 8
17 1
14 40
71 77
17 12
64 1
71 34
7 58
36 57
49 46
48 8
52 57
42 69
4 57
74 41
48 36
9 37
70 38
68 16
40 30
13 10
58 20
7 38
77 40
55 48
71 23
3 33
37 31
76 22
23 75
32 44
27 5
48 22
19 16
80 58
19 59
25 28
10 22
26 30
66 56
62 39
9 3
51 44
7 61
69 20
35 27
63 19
32 45
16 38
19 48
23 27
75 65
72 15
40 49
11 33
80 12
42 27
12 52
78 50
63 53
60 33
4 40
74 51
31 40
68 44
10 46
26 21
71 64
42 29
29 59
33 6
53 67
47 34
78 34
71 26
62 59
40 18
23 67
35 65
35 19
12 6
16 65
54 66
63 72
26 78
54 35
54 8
20 24
35 76
63 25
31 69
80 29
48 64
35 22
25 29
43 74
60 5
17 24
39 73
7 24
23 79
75 79
58 76
23 58
34 72
2 8
78 5
37 75
68 18
9 69
10 50
31 5
70 5
25 70
17 62
37 62
71 48
65 1
68 42
34 18
42 46
10 12
68 5
37 80
26 40
4 34
34 58
32 59
26 36
75 57
31 32
47 28
7 28
35 59
7 44
31 22
48 51
25 11
69 45
17 76
74 1
27 46
47 30
43 31
34 29
31 35
17 5
47 75
11 1
9 49
9 8
36 22
61 15
14 48
7 76
7 30
19 41
14 58
56 15
63 29
71 79
71 36
32 21
25 56
68 69
39 20
17 6
79 21
29 76
47 67
10 44
78 66
50 67
29 49
23 3
28 64
75 77
78 44
37 24
63 17
26 33
18 20
69 21
7 64
19 8
3 48
66 80
78 35
14 72
31 79
61 5
50 44
8 44
7 36
78 52
43 49
27 72
43 65
66 6
21 57
75 46
42 11
17 38
26 43
37 58
31 51
3 21
13 46
36 41
78 56
32 51
68 49
80 70
80 64
41 52
17 73
77 44
78 73
51 76
69 29
43 8
7 56
71 50
14 8
27 45
51 8
61 45
63 59
14 33
54 48
76 38
15 46
54 62
48 49
16 41
60 66
79 45
61 70
36 73
13 15
67 44
68 63
80 62
71 73
43 28
3 6
53 21
61 21
77 28
54 41
19 22
64 45
53 70
68 55
14 1
48 41
27 17
59 8
66 15
31 48
43 21
25 1
7 6
44 45
51 21
10 42
70 18
38 73
6 24
78 20
7 46
7 4
50 30
57 45
4 59
67 73
9 17
36 38
74 49
58 18
57 1
52 6
7 48
38 44
42 22
9 41
16 76
35 3
15 33
42 65
19 21
71 33
67 41
36 12
71 12
77 22
67 74
14 32
68 52
71 67
35 79
72 49
9 67
19 30
14 79
19 6
31 66
64 52
56 52
69 38
50 51
25 74
37 42
68 64
9 42
71 24
27 79
76 46
50 28
4 21
56 46
17 30
54 45
26 27
23 41
42 40
79 49
80 17
79 22
25 48
26 76
63 9
58 39
77 11
2 65
26 37
77 6
69 80
53 64
32 52
54 32
40 64
60 69
10 29
68 77
21 46
27 65
50 12
55 28
54 10
22 45
54 25
47 1
77 51
71 4
39 24
21 33
34 61
26 55
78 30
34 65
8 1
40 33
27 62
4 37
70 76
74 24
9 48
64 11
50 22
29 44
32 41
71 5
61 19
5 15
60 20
9 54
34 49
72 11
59 70
66 67
20 45
14 20
57 20
7 67
28 76
3 74
72 44
26 65
