InstanceID
6_100_4
NumObjects
100
NumFactors
4
Weights
51.147743685702565
12.137363840295734
83.03755731695395
2.639192720466399
93.57692936146552
30.37121502988569
76.58229275070889
42.895750461308026
71.40299127954843
90.98959528367503
39.98765849272963
92.72455218331477
40.4087243517576
83.70921201405375
11.878561791894281
23.042746637119937
79.81442262438205
34.38441579712539
53.75635631543525
11.554064125274843
71.18489301066752
60.803016448994505
83.02690413312408
64.89059010186918
53.58149118840343
42.96262934825346
62.44408352228872
68.74417253370122
57.15635838149247
99.7193136381383
37.704917984673855
53.1279076704958
96.68082905099497
5.368240736522134
79.72666910534426
28.623352462178687
53.58423891779749
87.0661487683118
73.1669029771239
71.16944453544869
5.265032295153493
73.4644628200109
64.32422759526284
98.99870023311877
82.09978098034836
49.392552185945604
63.94302272547758
31.481309963608094
48.94668424405473
25.711810459890394
96.11890238438782
88.74693507451335
49.83527477925496
96.02993251839173
95.80648562867296
94.75928750560195
72.75443715122194
31.084862872353327
76.83936325382513
46.611107969364916
81.31806595012108
57.53242273887618
68.04550470361237
65.11967069461993
57.03466977460481
15.45880629687546
45.96056307119547
93.77261183833762
65.4560726673125
99.27987959486804
18.294308433359507
84.39233302536474
85.07085918559231
22.46412836925171
8.882074769068149
17.695872509403763
7.541506816690413
17.847639185672914
6.384312889225852
98.86333985813313
12.51616247686922
6.940425046712173
6.211764826137789
50.30101153102271
1.0106750982695756
74.9035969275264
38.553539708314055
32.808288315333066
57.9792703670837
46.35748663514563
50.10283247068901
99.50888599020476
74.63563280066006
77.3468222385181
54.08277645949975
7.501615880344903
33.77484310826324
99.88009617010829
13.439547579257471
2.4057749873503287
Budget
2712.8316571044384
Profits
-10.229548737140513
-2.427472768059147
-16.60751146339079
-0.5278385440932798
-18.715385872293105
-6.074243005977138
-15.316458550141778
-8.579150092261605
-14.280598255909686
-18.197919056735007
-7.9975316985459255
-18.544910436662953
-8.08174487035152
-16.74184240281075
-2.3757123583788564
-4.6085493274239875
-15.96288452487641
-6.876883159425079
-10.75127126308705
-2.3108128250549687
-14.236978602133505
-12.160603289798901
-16.605380826624817
-12.978118020373836
-10.716298237680686
-8.592525869650691
-12.488816704457744
-13.748834506740243
-11.431271676298493
-19.94386272762766
-7.540983596934771
-10.62558153409916
-19.336165810198995
-1.0736481473044268
-15.945333821068852
-5.724670492435737
-10.716847783559498
-17.41322975366236
-14.633380595424779
-14.233888907089739
-1.0530064590306987
-14.692892564002179
-12.864845519052569
-19.799740046623754
-16.41995619606967
-9.87851043718912
-12.788604545095517
-6.296261992721619
-9.789336848810946
-5.142362091978079
-19.223780476877565
-17.74938701490267
-9.967054955850992
-19.205986503678346
-19.161297125734592
-18.95185750112039
-14.550887430244387
-6.216972574470665
-15.367872650765026
-9.322221593872984
-16.263613190024216
-11.506484547775235
-13.609100940722474
-13.023934138923986
-11.406933954920962
-3.091761259375092
-9.192112614239095
-18.754522367667526
-13.0912145334625
-19.855975918973606
-3.6588616866719015
-16.878466605072948
-17.01417183711846
-4.4928256738503425
-1.7764149538136298
-3.5391745018807526
-1.5083013633380826
-3.569527837134583
-1.2768625778451703
-19.772667971626625
-2.503232495373844
-1.3880850093424346
-1.2423529652275578
-10.060202306204541
-0.20213501965391512
-14.980719385505278
-7.710707941662811
-6.5616576630666135
-11.59585407341674
-9.271497327029126
-10.020566494137801
-19.901777198040953
-14.927126560132013
-15.46936444770362
-10.816555291899949
-1.5003231760689806
-6.754968621652648
-19.976019234021656
-2.6879095158514943
-0.48115499747006574
FactorLoading
-0.0014889462822509358	-0.29406737387263404	-0.3862820423187101	0.3181616375264049
-0.08441918449069363	-0.2926035373322424	0.6053161983259521	-0.01766107985111187
0.09116414661901029	-0.08758182511577917	0.18263696450934996	-0.6386170637558606
-0.3999885335675213	-0.10423323476594049	0.41111328428073346	-0.08466494738580477
-0.14293464733723393	-0.5691322225851687	-0.18981433496544664	-0.09811879511215071
-0.007111022245250176	0.4915512478913109	0.11720528781732509	-0.38413244204611385
0.05302782504703463	0.20156997061717052	-0.47844634270953823	0.2669558616262566
-0.33211858031804065	-0.27355882152254907	-0.018835503606380977	-0.3754870945530293
0.02286403877421983	0.4588500213409432	0.44914091677462653	-0.06914502311021042
0.24226813894483	-0.10379413277209237	0.4006325315697221	0.2533051967133555
0.04556783730295755	-0.26662146349533145	0.5961636809787692	-0.09164701822294186
0.08968474562901507	-0.28871241037191164	-0.4454231603188388	0.1761796836802345
-0.32758491164989256	-0.31782453794378673	0.21131552705756862	-0.14327502334875208
0.003103443814293394	-0.23379396910586014	0.2334953333549732	-0.5296072537248733
-0.02183819866836223	-0.556192264378049	0.3842942083785992	0.037675328574989564
0.38137662705003605	0.10016496106511519	0.40958154277893777	0.10887686910591099
0.36455826995178975	0.2999416695227317	0.268089777388145	0.06741028313733355
0.01698266108363633	0.7505915279949362	-0.13460709582159724	-0.0978187150998302
-0.08186863106086073	0.46648929669406236	0.06507394282491719	0.3865681294201597
-0.3710887436523951	0.29798242634002015	0.24773881179104218	-0.0831900182165426
-0.12621923452501127	-0.6270968474718297	0.0640236828896057	0.18266023511355334
0.15939537936437453	0.11977923350156305	-0.4200616281892793	0.30076375894478313
0.11109299630871217	-0.5132086392686455	-0.03643082544935927	-0.3392675389732831
-0.4147592543967873	0.1524267731630884	-0.07596257622728908	0.35685139621283524
-0.33487303643771926	0.28654765092498113	-0.04391120640005175	0.33466810623724785
0.31169850878418504	0.5019516393543235	0.16479922420992765	0.021550627651563792
0.1214005555077482	-0.47970765293118145	0.20467112354624595	0.1942206680148244
0.1844914533613602	0.30138082531837873	0.2822245307885989	-0.2319031905316622
-0.07674693885901629	0.523194854233124	-0.2987788982501036	-0.10127930865775614
0.38263813726530804	-0.35692238053927383	-0.14410427823466376	0.11633520396075436
-0.14061439271564447	-0.4717720222949431	-0.20615812959408708	0.18145545539532537
0.09536916285354202	0.7690915523405166	-0.05915937825662021	0.07637990654932114
-0.13056930722428728	0.03306468594498546	-0.2688515000934959	-0.5675145067372314
-0.17141771496099634	-0.6156796832225058	0.16165328425283776	-0.051249317563660135
0.5335366375172246	0.1880300951045002	0.2334284971518088	-0.04500477022646643
0.8478370615644617	0.017723247962796895	0.014108153390696598	-0.1203315370820448
-0.3356322645115266	0.24594803754188477	0.3687415308813933	-0.049678167065195344
-0.6491953713936953	0.05570512281201423	-0.2584360875343914	-0.03666341825989905
-0.18909112971107778	-0.3648453324307728	0.21880156978894383	0.22726196806920562
0.531064813244297	0.15059819596937807	-0.27004714222312676	0.04828984856319818
0.47447806761862155	-0.2797937593426014	0.053248085297781245	-0.1924800877409958
-0.6490442816836843	-0.01303277113287482	0.17092608501038375	0.1669968621730571
-0.0869640323646983	-0.3703941182108539	0.5153988945805108	-0.027242954843937017
0.13311403184891257	0.3450742423284372	0.0895702040028985	-0.43224152181975173
-0.6284891686674776	0.14965456932006282	-0.10394356295268836	-0.1179126990597712
-0.19690221059763013	0.2661072305116827	0.29613871804610303	-0.2408518408445841
-0.19810928242588788	-0.26239913814559235	-0.33845668314369126	0.2010348962848285
-0.515893339493384	0.40086611058141597	-0.07835909772765048	-0.004881452197549541
0.38729238610827554	-0.37949281365668	-0.07520588534004435	-0.15800891489500013
-0.045279135736462583	-0.20173134365255208	-0.3059581186365161	0.4470314019744692
-0.2405364405666761	-0.18631964017380964	0.17584735705870425	0.39729656220081
0.1350066199500426	0.20706867448721455	-0.012862989461159602	-0.6450617161015832
0.54533222231241	0.10472952918349776	-0.20106866611710617	0.1488695823869861
0.3627179322133762	0.3748223822853709	0.2578180882523031	0.004641597248949747
0.047360662789011077	-0.41450679049283345	0.47384879642368616	0.06428375029446931
-0.3231851173358322	-0.37715940047226026	-0.07912353029347297	0.22053195189843455
0.74141856623211	0.05111139385655239	0.08665214025145773	0.12081789965987988
-0.0961476931994183	-0.15519944450642087	0.5364759904953029	0.2121768717988579
0.7831761356829712	0.1043141817529154	-0.06217667430123974	-0.05033300826287368
-0.08378166708981949	0.22560624062289247	0.12463784855637083	0.5659742437309172
-0.48344813099786976	-0.0007303002486926946	0.3744695998077503	0.14135196894568725
-0.3830241794196305	-0.13958425768783744	0.26459115967289937	0.21280040321963267
-0.00637250448773008	0.694734111762197	-0.17406926068093065	0.12482412306914226
0.012587479251211064	-0.08539261169613033	0.8592682861066128	0.04275162294604584
0.3600168545483482	-0.20922954218535206	-0.2891134500258259	-0.14164015324047385
0.21830026688452198	0.32527324738545693	-0.1925670726032238	0.2638594131267973
-0.04821057092224934	-0.06665556401022665	-0.27144413291358904	0.613689732153935
0.7818828904397239	-0.03028839376094239	-0.12268937830116577	-0.06513933749816792
-0.4845911782821053	0.34330540232957385	-0.04683631732433735	-0.1252671020639835
0.44616837522031116	0.07715248654024287	0.369663073512958	-0.10701606472648795
0.32186450377322373	-0.36759373086997726	0.05420438123974258	0.2563373841170564
-0.08628375101809715	0.42537340265356827	-0.15815758604584662	0.33018526028248796
-0.11305932847931532	0.571369760207993	-0.07871721398394449	-0.23685369732874717
0.39345966641033026	0.08311186046619068	0.23613180668248557	0.2872966664409935
0.029979082587277217	-0.40225977166880944	-0.19522129554436574	0.3725398501995476
-0.014118087970156568	0.2966507921339443	-0.13912026454717874	-0.5501108553487204
-0.07908985564560322	0.207886175056734	0.12697239985825948	0.5860515694394033
-0.2176434952027695	-0.09379197932523109	-0.43300551957440003	-0.2555590058975994
0.5689705978126043	0.17440946331698393	-0.1471625419835143	0.10945739688689748
-0.07784579955475901	0.10971197130785248	-0.35268228483489183	-0.45975994430249667
-0.1856239319331554	0.48562724667743495	-0.17549960897573147	-0.15324921241367817
-0.13110136592741117	0.3162643787950903	0.043843425792206014	0.5087908294852925
-0.15687992058133915	0.4874403594088632	0.13179257779544828	-0.22388714221434936
-0.0508557831874592	-0.15570472609220043	-0.13710311291273225	-0.6563363778076081
0.0685321502484959	-0.014744861980902746	0.7654566090211639	0.1512663787494375
-0.25285075879942265	0.35692764619091766	0.13531538241246377	-0.2549062125971959
-0.0023088261573749325	-0.6352640548374116	-0.12214950351421461	-0.2402776154909989
0.405653210333619	0.13601815005377005	0.2790749729433708	-0.17925366666924014
0.35060060050265207	-0.23499110681258628	-0.18228776539193814	0.2321205272928235
0.24741822337662378	-0.5540000572853305	0.12076823449672269	0.077813484841323
0.33408242503816243	0.22151128945368903	0.28212440996485877	-0.16228187554328977
0.4217558555657983	-0.36843006890083463	-0.2062035225897927	-0.0036105529435743744
-0.1694679548208402	0.052400399178361035	-0.24642596895664148	0.5317056770441573
-0.3309373436202887	0.09443350003863582	-0.003083477188263739	-0.5715456791528117
0.16195548774330693	-0.24866877033842738	0.23568413733760196	0.35369160458066373
0.32055015045597113	-0.26686216672461227	0.22530609144816593	-0.18728159137125067
-0.40154751164087155	-0.15990580873082494	-0.21072314942433246	-0.22782353020397106
0.09556220596114295	-0.5548249573532802	-0.32198701815732456	-0.0276258185282523
-0.1763171140155968	0.03318279512486488	-0.1203974743698053	-0.670102616489733
-0.2348585243478989	0.13287495991384324	-0.6199152947423241	-0.012351220995933776
Conflicts
61 64
43 88
74 49
65 79
21 85
15 45
25 57
75 96
75 74
26 84
86 57
94 73
82 18
92 85
78 18
99 74
68 92
63 47
54 14
4 96
71 19
99 94
60 84
92 30
17 90
59 76
92 98
50 62
100 30
25 65
35 21
42 74
7 4
4 42
77 61
61 57
100 80
9 87
29 82
43 8
17 82
87 96
53 67
56 45
63 81
23 41
98 95
55 53
77 57
65 41
23 32
92 48
31 76
67 20
77 56
23 64
93 97
5 6
99 87
56 91
23 76
16 5
61 11
26 57
72 39
99 41
16 70
35 53
43 44
70 44
86 95
71 38
13 74
56 8
2 95
2 85
43 11
7 92
83 2
14 88
8 82
54 86
92 17
4 11
4 59
15 52
75 22
10 51
90 18
60 50
32 8
54 13
19 90
49 12
4 8
78 60
16 97
99 76
64 94
12 44
83 74
26 60
63 76
58 82
4 39
29 15
60 8
2 19
7 10
53 20
28 97
50 58
84 52
10 95
54 62
35 28
16 62
64 5
66 65
61 27
63 95
55 16
35 55
63 56
80 89
35 58
50 39
26 65
52 20
26 71
25 53
99 22
25 48
2 22
41 85
4 68
59 38
92 39
9 66
63 2
55 30
65 12
29 44
83 49
66 3
34 29
77 69
14 30
37 18
92 82
64 21
50 28
25 52
58 28
58 70
23 11
56 57
35 94
55 76
92 64
44 1
92 41
91 73
37 64
86 30
43 32
5 85
3 18
72 56
23 7
71 69
63 65
2 17
79 6
74 61
59 79
78 36
17 59
100 28
93 84
13 6
71 79
43 39
63 32
13 1
99 33
61 5
91 33
69 21
100 45
17 96
13 87
23 90
87 57
53 85
43 24
67 30
37 17
37 28
50 2
61 84
13 97
17 39
35 41
5 18
22 45
69 6
47 58
60 29
27 45
67 70
92 77
7 57
86 88
78 16
19 20
19 73
64 59
31 99
86 49
49 73
83 62
89 27
11 39
54 51
95 84
27 84
62 56
63 22
4 93
4 20
45 30
25 3
38 85
34 74
83 36
67 39
83 42
88 52
50 85
27 56
31 69
27 15
100 17
35 20
36 91
17 57
49 30
63 17
35 79
19 65
4 83
71 100
49 38
71 40
100 81
66 20
76 96
49 91
82 88
29 16
89 30
26 46
3 44
60 64
99 88
7 66
63 51
16 96
11 79
29 72
26 93
42 64
46 73
63 12
71 80
89 46
7 18
2 38
78 1
27 21
61 20
97 12
37 3
56 85
98 36
58 85
99 57
9 3
65 59
46 12
3 57
43 52
28 11
98 11
70 52
59 44
54 80
47 61
41 84
81 19
26 2
100 74
55 11
83 15
28 64
71 34
47 75
7 19
50 41
54 34
39 91
80 20
55 15
22 88
19 52
78 72
86 41
64 46
62 51
7 33
37 56
100 91
64 79
47 57
22 44
42 70
13 80
7 29
78 82
27 65
27 94
36 57
22 91
32 5
11 96
68 1
13 2
34 96
88 24
96 46
67 44
2 99
97 38
70 18
98 15
69 20
44 30
29 21
40 57
59 18
47 64
43 61
38 20
81 46
93 8
62 46
40 30
87 46
41 6
52 45
25 56
19 87
100 85
98 62
60 76
83 56
86 96
16 20
68 56
37 70
81 61
53 69
60 45
75 15
10 72
47 87
74 8
23 56
29 61
50 21
74 91
71 2
61 49
92 76
25 12
37 8
31 3
83 97
4 17
49 57
42 77
61 36
38 6
95 56
25 73
26 18
34 42
31 98
100 97
10 18
19 11
9 76
18 1
40 15
9 70
71 8
79 41
26 8
42 69
37 46
67 84
26 52
23 6
29 87
60 82
28 12
97 91
10 94
70 38
68 31
23 94
31 94
74 65
7 86
52 73
77 6
93 33
92 33
78 97
49 41
27 95
68 86
42 58
31 38
23 40
34 17
81 99
34 72
96 44
69 70
92 29
79 15
71 47
29 56
86 65
9 57
10 44
16 90
36 8
54 49
63 16
25 86
87 44
53 45
9 49
77 1
9 59
31 5
58 33
90 46
19 30
100 73
2 39
27 91
58 18
60 57
86 45
10 81
83 94
72 65
53 11
71 6
87 88
31 6
67 15
29 99
80 67
100 67
25 10
21 84
69 99
68 10
83 17
100 84
83 8
26 15
69 40
80 62
26 76
15 84
55 74
76 44
75 16
39 52
81 88
84 12
67 73
99 19
63 69
37 40
47 14
7 94
9 44
75 48
14 51
69 48
100 51
10 30
10 93
43 46
4 22
67 5
37 6
31 2
80 12
50 56
83 91
92 59
63 58
13 50
28 19
68 58
19 95
35 38
62 24
25 84
89 1
37 32
42 90
94 44
75 32
81 20
25 38
65 46
68 2
81 86
49 44
27 30
98 87
62 95
9 24
56 82
14 34
10 91
10 48
31 25
80 6
36 21
9 6
9 96
10 33
10 61
4 25
4 6
46 18
67 90
64 36
7 51
10 80
36 6
23 34
31 42
50 65
94 21
35 76
23 88
60 38
26 40
50 67
3 95
9 8
54 90
31 44
43 91
10 22
28 76
32 67
25 34
5 46
68 87
40 96
55 27
25 55
69 84
87 82
75 25
17 84
28 38
53 88
69 24
25 36
65 6
91 46
48 15
25 70
78 22
59 12
81 22
42 18
40 20
36 11
55 18
100 77
63 20
9 22
8 51
4 27
58 62
63 97
44 20
13 48
4 34
43 77
55 41
77 93
14 57
37 80
7 91
76 52
97 79
71 94
96 90
66 17
35 74
63 24
86 69
50 29
57 20
54 89
75 85
66 51
7 89
95 21
43 90
34 21
86 59
34 22
13 65
47 8
72 38
13 19
80 61
93 51
63 53
4 97
25 72
47 45
7 45
14 97
53 51
56 30
9 21
54 2
14 55
10 49
3 74
19 79
90 30
13 89
63 11
97 24
40 33
4 94
66 52
32 29
25 8
95 39
66 59
69 87
13 69
52 24
61 12
68 60
59 1
60 17
96 45
4 46
8 79
19 49
50 95
91 20
99 73
37 1
94 88
43 18
10 56
31 32
14 42
69 67
100 76
62 39
27 18
77 51
31 64
96 73
50 70
66 69
75 70
100 1
26 34
78 93
81 3
4 92
48 51
23 58
48 8
25 51
9 16
36 41
58 20
97 51
9 75
83 64
77 86
79 12
61 95
75 5
78 59
60 35
87 56
80 24
82 85
51 41
31 57
100 39
66 64
99 48
59 73
80 39
9 67
4 91
88 33
77 87
17 20
92 79
55 56
7 88
86 82
100 15
39 85
86 33
9 25
29 33
47 35
10 20
95 88
14 19
48 85
74 20
80 36
79 82
69 95
60 83
54 65
75 19
25 1
60 79
2 76
89 15
5 52
40 79
63 5
94 39
9 54
60 77
99 6
37 41
84 20
10 8
92 6
81 64
4 3
92 57
62 84
75 73
100 66
40 97
10 28
21 33
58 96
78 32
75 6
8 96
98 56
55 19
74 15
68 40
36 38
80 56
54 42
43 31
26 11
26 23
58 8
31 11
75 40
86 62
60 58
47 11
89 74
16 12
50 88
15 39
25 78
87 22
32 3
26 24
41 18
53 82
86 74
23 87
78 62
17 1
98 58
23 12
68 55
10 46
70 21
92 99
71 60
11 6
69 82
23 97
54 21
66 46
17 15
75 1
77 53
86 99
68 21
28 48
5 39
68 20
10 76
78 17
76 82
77 64
42 21
42 40
9 95
62 76
88 45
19 18
61 82
59 33
99 82
37 22
80 99
64 51
3 46
43 53
97 5
96 41
75 89
95 30
43 69
82 52
7 62
9 80
35 24
46 45
37 21
100 62
68 45
59 11
75 17
13 99
2 62
39 6
9 86
61 41
69 59
75 62
7 81
28 96
98 61
7 41
5 73
92 46
59 57
50 93
95 73
81 65
15 33
98 48
13 88
55 1
9 89
46 30
39 18
37 24
32 77
25 66
13 59
58 76
53 62
4 32
37 42
14 61
43 79
3 91
39 24
4 88
11 57
56 52
4 2
47 88
54 50
80 5
64 24
43 50
38 73
80 8
50 46
66 8
93 49
11 30
35 34
63 30
25 11
23 27
23 52
62 97
90 84
28 73
13 52
28 49
92 27
32 41
31 33
3 1
83 27
43 87
64 20
4 80
34 65
85 30
99 96
34 16
65 95
59 46
27 88
25 92
83 28
58 79
42 33
60 5
22 41
41 30
93 22
66 72
74 38
98 6
77 8
49 51
23 100
12 18
60 21
48 33
63 98
83 87
13 66
35 91
94 12
78 96
53 17
34 67
19 57
43 63
61 44
16 24
54 18
17 12
31 19
42 44
21 6
13 32
8 18
26 82
19 93
47 22
90 88
37 89
2 61
71 90
94 46
65 30
6 45
78 11
92 11
65 94
72 22
2 82
21 45
63 70
32 6
58 94
9 28
66 91
100 20
100 88
98 97
32 93
60 10
72 87
32 85
9 20
86 51
26 21
40 27
35 16
28 17
42 45
76 6
70 90
50 90
31 56
83 66
37 66
27 5
9 15
86 16
31 45
58 64
28 33
43 65
75 41
99 44
47 16
50 81
81 33
79 21
65 91
75 66
3 70
31 36
89 49
61 39
2 48
43 68
83 40
79 96
54 85
94 84
7 14
74 11
25 88
28 56
63 93
43 80
81 49
47 2
74 5
42 5
42 19
40 8
4 14
31 70
47 94
43 78
89 12
70 22
63 64
84 30
72 49
43 42
23 95
3 72
23 13
39 96
10 77
26 16
54 27
2 93
54 32
37 63
26 74
38 96
55 17
32 95
14 5
42 22
56 11
40 67
17 87
66 18
87 38
8 6
56 70
81 76
25 87
78 80
68 59
86 24
70 51
55 49
16 21
78 61
82 1
29 5
65 17
92 32
66 76
25 40
80 87
95 24
98 30
60 48
55 64
57 18
100 87
95 20
32 48
43 81
34 88
87 33
95 8
100 59
3 99
26 92
37 85
80 91
80 30
94 33
2 79
60 90
66 82
78 84
28 79
26 49
81 52
43 89
23 72
5 20
72 11
31 16
64 82
34 89
58 21
34 2
7 85
97 76
80 19
80 15
56 12
60 61
35 5
68 33
13 14
80 1
27 49
78 98
62 18
29 1
47 20
81 56
47 21
13 85
54 19
27 38
60 33
8 84
26 45
63 57
21 20
87 97
26 20
47 30
13 16
14 66
23 61
70 46
93 41
35 61
25 49
7 55
32 39
3 59
93 20
47 13
55 10
53 58
60 99
7 15
71 88
23 80
13 86
68 8
74 84
27 99
9 81
40 22
25 76
5 33
35 59
32 1
50 80
11 90
47 80
48 30
62 88
99 90
55 85
14 82
28 44
83 21
32 79
19 6
53 79
13 11
83 44
42 27
47 10
26 59
74 73
32 66
17 70
77 79
21 90
72 93
28 87
60 67
69 44
70 91
92 3
35 93
38 52
7 58
43 28
41 46
68 83
14 76
55 38
86 58
67 57
95 41
36 85
63 45
58 84
81 85
3 33
35 49
86 48
3 90
74 17
27 82
95 51
69 46
68 3
68 36
69 15
3 88
55 89
34 97
99 61
89 90
26 75
86 12
43 12
72 33
80 28
48 24
60 56
26 88
28 45
14 85
83 52
98 2
75 12
26 38
27 48
31 58
35 83
96 82
26 22
64 39
7 17
43 38
67 64
71 4
28 84
4 98
74 48
17 91
72 94
34 90
79 24
78 49
83 59
35 95
98 53
71 64
29 85
29 12
54 28
79 33
7 77
34 59
42 96
89 65
58 59
77 65
94 30
60 52
28 22
7 83
66 57
74 95
36 39
92 40
69 81
67 24
59 41
100 13
49 18
50 49
79 18
29 51
15 21
97 6
54 39
53 3
22 96
52 85
32 80
9 18
91 30
57 24
88 84
32 52
43 34
69 12
67 28
33 46
61 73
22 33
60 72
7 75
86 38
86 28
9 91
6 57
54 30
89 85
94 20
71 70
89 17
89 16
92 5
26 44
64 38
8 46
55 62
96 91
78 31
50 59
55 66
55 61
12 45
16 64
91 24
37 49
93 15
92 13
92 89
10 88
68 98
81 80
43 83
75 34
55 44
63 72
80 40
71 37
92 65
67 91
2 97
78 10
53 84
71 46
94 38
72 79
81 44
69 16
29 76
11 24
14 56
24 30
4 99
2 46
7 82
14 75
42 62
78 53
66 98
80 96
38 33
42 93
100 72
29 36
48 20
26 33
4 74
69 29
63 52
50 27
80 44
62 79
63 40
97 70
77 36
40 99
69 61
35 36
72 36
65 33
42 76
42 59
7 32
88 20
59 8
63 36
42 99
32 19
50 52
83 57
67 76
64 41
11 49
26 79
5 88
47 19
19 94
48 91
91 45
96 52
55 99
78 8
25 74
64 87
13 61
74 21
35 66
35 65
89 91
71 65
51 1
55 88
92 86
42 28
100 42
35 70
34 27
9 61
8 91
4 41
8 88
60 41
67 72
74 52
74 70
77 85
10 62
12 33
99 11
97 20
93 62
74 87
64 1
29 49
9 73
55 65
9 85
2 89
95 85
89 11
25 80
61 48
60 69
37 88
83 34
71 22
38 91
68 72
74 93
50 91
14 50
2 73
59 94
100 22
58 90
58 48
31 86
75 77
100 32
65 8
78 15
17 11
4 5
7 52
55 59
23 67
31 52
95 91
75 59
2 57
34 86
4 69
54 59
3 79
35 62
63 21
2 65
40 90
89 87
89 76
75 99
72 70
54 44
100 44
58 61
58 17
19 48
75 69
2 72
89 44
41 73
40 17
41 91
83 45
65 82
37 27
7 87
61 8
7 6
29 38
17 85
4 50
9 72
75 100
98 73
37 31
92 88
52 90
75 36
63 96
79 88
71 72
69 30
40 87
54 94
95 59
87 85
38 24
86 18
92 74
88 57
83 96
66 41
4 12
81 82
81 16
89 19
26 29
50 69
43 72
29 46
53 41
17 94
55 86
98 65
13 64
11 21
85 24
69 36
98 76
35 45
13 38
70 5
26 1
76 15
34 91
96 20
26 58
31 40
68 13
9 4
71 10
67 46
16 38
28 41
43 37
77 12
1 85
77 70
21 30
25 82
77 2
8 24
10 57
99 97
95 79
61 24
83 58
86 85
99 91
48 6
14 46
34 24
62 48
67 97
70 6
35 39
37 98
37 35
13 12
60 39
95 1
59 20
97 8
86 27
92 81
61 87
8 1
89 36
47 74
93 87
2 5
26 85
21 41
4 21
63 50
81 27
55 24
42 85
23 99
19 59
16 18
81 15
94 57
91 52
79 30
80 70
97 44
60 59
14 33
63 55
75 56
13 93
10 98
69 38
64 30
87 30
14 22
57 91
21 12
74 45
76 84
11 44
61 18
65 15
58 12
29 30
13 53
28 20
94 52
78 77
34 15
29 24
72 76
77 30
32 28
36 33
93 76
7 90
23 38
7 39
47 84
40 95
42 82
71 68
87 59
77 46
77 80
40 41
80 46
28 90
34 53
54 38
16 22
62 73
94 18
61 62
68 49
50 64
35 50
25 22
48 38
33 20
51 24
72 84
43 51
23 36
74 96
44 24
71 66
75 20
74 44
47 67
53 65
42 87
13 3
94 24
55 69
92 22
33 57
60 12
58 16
81 72
99 52
92 20
47 56
11 85
89 22
99 17
16 48
68 61
25 24
66 15
76 73
92 62
78 20
83 46
44 57
75 29
34 64
9 19
40 19
23 51
35 89
13 42
74 1
86 79
38 57
54 15
50 57
3 36
50 97
63 3
58 38
34 81
68 80
50 34
71 43
60 53
60 42
13 30
49 15
4 95
43 48
47 32
37 90
89 72
31 48
56 18
1 20
22 15
13 29
37 73
47 37
3 76
42 52
4 48
23 62
95 11
48 88
72 16
14 35
40 12
59 15
42 48
40 36
41 45
8 45
16 33
14 1
60 94
56 5
54 74
49 90
92 58
100 16
9 92
29 65
2 11
37 61
17 49
40 58
98 19
15 90
9 17
99 84
26 28
43 4
25 61
64 91
13 22
9 78
4 49
89 62
65 70
81 17
89 28
78 24
96 84
50 94
49 96
77 20
51 21
32 89
58 49
68 66
58 19
25 67
26 30
40 59
61 21
7 25
23 57
29 62
49 5
43 73
66 6
79 44
48 1
9 30
53 90
35 2
55 8
71 92
69 80
54 41
55 28
47 99
67 6
67 89
77 5
31 73
100 5
25 50
25 95
100 55
9 53
50 82
50 74
100 53
67 18
35 98
92 15
92 34
97 21
75 83
32 61
62 21
93 46
75 79
36 45
54 79
72 19
94 45
51 85
29 64
25 90
72 82
6 20
71 32
74 36
22 85
100 6
51 45
89 5
80 49
47 79
63 59
99 16
63 77
20 18
13 94
43 29
36 46
100 96
3 67
67 45
72 15
34 41
23 30
64 57
42 66
39 22
92 10
55 40
63 10
69 45
83 41
35 44
13 39
10 85
84 44
48 57
13 5
17 52
37 65
97 90
93 56
53 6
86 67
65 24
8 85
60 3
33 52
98 8
4 78
97 33
32 33
89 57
28 52
35 57
4 19
7 20
77 15
83 6
28 51
42 89
70 96
37 74
23 47
40 82
57 30
38 12
99 85
9 94
4 44
98 64
98 72
47 34
75 93
13 34
81 97
5 8
69 1
71 35
83 67
47 66
65 49
62 11
77 45
53 89
48 97
63 29
59 22
54 3
77 59
13 76
67 49
54 95
83 93
78 99
99 72
98 51
3 65
50 3
11 33
92 51
2 90
37 82
87 39
68 12
70 79
47 17
54 70
2 87
3 15
31 1
50 55
40 44
43 97
86 84
66 34
11 1
74 6
11 97
50 20
74 88
3 94
92 35
58 24
31 65
43 92
34 49
79 73
31 15
53 30
60 88
71 58
56 73
64 11
26 66
43 3
32 99
62 59
99 62
78 74
35 64
68 30
75 28
83 19
83 82
2 64
59 51
68 94
78 45
23 85
9 10
50 36
100 8
68 6
97 49
26 86
14 73
10 40
35 1
69 5
17 18
5 90
26 56
38 45
23 66
98 16
16 41
37 50
43 13
79 39
62 20
69 88
56 15
14 93
13 84
17 97
78 90
84 45
13 79
68 16
26 43
100 94
7 47
54 66
89 33
59 6
28 1
60 44
50 66
98 82
15 6
77 84
78 6
77 27
75 87
7 73
19 91
35 6
49 8
68 25
98 20
77 62
77 48
100 18
10 50
3 85
63 85
67 11
26 91
100 33
56 38
51 12
15 82
87 73
76 41
19 46
7 30
54 10
92 90
3 20
3 12
71 54
98 96
7 79
83 98
23 33
58 36
83 86
93 73
5 38
68 42
34 44
2 36
80 82
42 11
89 20
72 90
98 12
37 20
64 84
28 6
95 57
43 99
9 51
35 52
53 76
7 65
90 1
84 85
78 2
23 84
81 84
96 30
16 8
10 39
63 94
92 52
93 91
19 8
62 15
56 49
29 28
93 39
61 85
71 29
27 36
22 52
72 52
14 79
27 52
32 17
82 24
93 12
13 24
53 72
83 65
32 15
22 84
15 30
77 72
14 70
77 52
63 73
23 1
55 12
75 52
68 99
51 22
58 5
31 81
27 96
63 13
87 18
66 87
14 27
78 5
93 38
21 22
8 33
97 96
29 88
42 30
12 24
22 82
35 97
68 81
63 49
89 40
50 32
60 66
40 73
48 46
100 12
21 52
50 42
48 44
48 79
14 69
95 49
59 49
66 33
4 81
55 6
54 60
12 1
11 52
57 82
10 87
81 39
63 35
34 82
67 94
76 49
78 73
27 70
51 6
72 6
7 99
9 2
60 86
28 39
81 96
69 39
66 96
80 76
14 59
81 91
2 91
47 46
100 48
79 45
71 57
48 95
32 64
66 67
71 12
4 40
32 82
81 8
51 18
32 46
71 98
9 79
81 51
97 18
63 75
40 70
70 15
47 65
99 1
63 46
77 22
56 20
10 84
66 86
17 51
2 58
77 73
61 96
74 59
43 47
86 53
58 99
19 39
37 68
57 90
25 13
50 79
27 85
32 76
4 53
31 35
95 33
42 57
10 38
37 33
27 33
31 91
34 8
78 51
31 27
49 39
62 6
25 18
74 24
100 19
22 12
85 20
71 51
50 84
87 76
32 74
4 52
78 34
53 5
50 44
2 8
63 89
83 33
42 2
34 93
8 22
79 38
48 96
74 76
4 35
7 48
35 96
71 17
95 45
72 95
39 46
98 17
70 76
17 56
54 58
62 30
62 44
17 46
9 62
2 33
19 36
63 60
61 93
51 84
32 49
5 96
21 18
87 20
42 24
94 96
13 46
23 5
14 96
3 28
40 56
43 35
36 17
71 42
92 12
78 56
60 30
64 12
75 24
7 43
60 18
43 59
58 41
34 36
81 6
44 18
79 57
14 80
37 34
42 91
66 94
98 93
58 73
53 59
25 21
50 83
25 41
19 41
77 95
53 81
87 1
31 46
41 33
59 90
54 33
47 12
78 28
66 53
77 74
14 48
68 15
22 46
40 11
29 8
60 27
90 6
71 1
61 97
74 18
78 89
83 72
61 1
95 96
14 40
100 40
27 28
48 45
25 33
40 88
7 50
71 18
55 34
98 1
37 14
61 19
34 52
59 88
46 1
54 98
75 49
75 64
9 77
3 17
98 45
29 19
4 24
10 73
48 39
43 62
25 64
31 24
62 12
29 95
58 3
66 40
71 93
43 10
4 64
17 79
89 95
69 57
25 85
99 20
82 84
89 64
83 81
16 52
4 13
48 18
14 21
97 1
27 12
66 62
81 21
2 6
92 36
100 60
23 93
9 27
82 45
36 22
13 60
76 21
4 51
15 73
86 97
3 96
92 96
29 58
34 61
43 54
27 51
14 86
17 41
100 29
37 51
54 75
75 53
92 72
78 69
3 82
42 84
65 97
38 18
13 49
61 65
17 8
74 22
89 6
26 80
29 98
86 90
50 96
35 3
35 77
50 40
14 95
89 45
