InstanceID
6_150_4
NumObjects
150
NumFactors
4
Weights
51.147743685702565
12.137363840295734
83.03755731695395
2.639192720466399
93.57692936146552
30.37121502988569
76.58229275070889
42.895750461308026
71.40299127954843
90.98959528367503
39.98765849272963
92.72455218331477
40.4087243517576
83.70921201405375
11.878561791894281
23.042746637119937
79.81442262438205
34.38441579712539
53.75635631543525
11.554064125274843
71.18489301066752
60.803016448994505
83.02690413312408
64.89059010186918
53.58149118840343
42.96262934825346
62.44408352228872
68.74417253370122
57.15635838149247
99.7193136381383
37.704917984673855
53.1279076704958
96.68082905099497
5.368240736522134
79.72666910534426
28.623352462178687
53.58423891779749
87.0661487683118
73.1669029771239
71.16944453544869
5.265032295153493
73.4644628200109
64.32422759526284
98.99870023311877
82.09978098034836
49.392552185945604
63.94302272547758
31.481309963608094
48.94668424405473
25.711810459890394
96.11890238438782
88.74693507451335
49.83527477925496
96.02993251839173
95.80648562867296
94.75928750560195
72.75443715122194
31.084862872353327
76.83936325382513
46.611107969364916
81.31806595012108
57.53242273887618
68.04550470361237
65.11967069461993
57.03466977460481
15.45880629687546
45.96056307119547
93.77261183833762
65.4560726673125
99.27987959486804
18.294308433359507
84.39233302536474
85.07085918559231
22.46412836925171
8.882074769068149
17.695872509403763
7.541506816690413
17.847639185672914
6.384312889225852
98.86333985813313
12.51616247686922
6.940425046712173
6.211764826137789
50.30101153102271
1.0106750982695756
74.9035969275264
38.553539708314055
32.808288315333066
57.9792703670837
46.35748663514563
50.10283247068901
99.50888599020476
74.63563280066006
77.3468222385181
54.08277645949975
7.501615880344903
33.77484310826324
99.88009617010829
13.439547579257471
2.4057749873503287
0.14889462822509358
68.18383624735951
29.5556320154885
34.81823981028109
40.90021312782801
36.6245384656509
93.13688966569254
98.23389201488881
37.702272182293605
8.441918449069362
37.54495395812676
13.881759859609932
53.31084829864374
45.17379811771782
17.874597173478946
36.13829362441394
9.116414661901029
62.97704861292151
17.016339728578743
55.09670499481898
38.201710425717984
91.53350526141952
50.42217683334618
39.99885335675213
27.78734558165452
35.19677590098704
70.9091974583822
7.340744856560466
71.20668699224026
14.293464733723393
90.18812048878493
8.802230340436434
29.48381921818224
32.47332323381655
16.58584950577748
61.58675579538861
49.86622701365611
0.7111022245250176
42.87232835227157
74.77510686265558
89.67056884967357
47.851669953267304
5.302782504703463
25.459779566420515
73.30441383737434
69.0866397555469
80.60468358621537
1.878037300213431
61.89821408713074
62.451290544697066
Budget
3796.6419021336937
Profits
-10.229548737140513
-2.427472768059147
-16.60751146339079
-0.5278385440932798
-18.715385872293105
-6.074243005977138
-15.316458550141778
-8.579150092261605
-14.280598255909686
-18.197919056735007
-7.9975316985459255
-18.544910436662953
-8.08174487035152
-16.74184240281075
-2.3757123583788564
-4.6085493274239875
-15.96288452487641
-6.876883159425079
-10.75127126308705
-2.3108128250549687
-14.236978602133505
-12.160603289798901
-16.605380826624817
-12.978118020373836
-10.716298237680686
-8.592525869650691
-12.488816704457744
-13.748834506740243
-11.431271676298493
-19.94386272762766
-7.540983596934771
-10.62558153409916
-19.336165810198995
-1.0736481473044268
-15.945333821068852
-5.724670492435737
-10.716847783559498
-17.41322975366236
-14.633380595424779
-14.233888907089739
-1.0530064590306987
-14.692892564002179
-12.864845519052569
-19.799740046623754
-16.41995619606967
-9.87851043718912
-12.788604545095517
-6.296261992721619
-9.789336848810946
-5.142362091978079
-19.223780476877565
-17.74938701490267
-9.967054955850992
-19.205986503678346
-19.161297125734592
-18.95185750112039
-14.550887430244387
-6.216972574470665
-15.367872650765026
-9.322221593872984
-16.263613190024216
-11.506484547775235
-13.609100940722474
-13.023934138923986
-11.406933954920962
-3.091761259375092
-9.192112614239095
-18.754522367667526
-13.0912145334625
-19.855975918973606
-3.6588616866719015
-16.878466605072948
-17.01417183711846
-4.4928256738503425
-1.7764149538136298
-3.5391745018807526
-1.5083013633380826
-3.569527837134583
-1.2768625778451703
-19.772667971626625
-2.503232495373844
-1.3880850093424346
-1.2423529652275578
-10.060202306204541
-0.20213501965391512
-14.980719385505278
-7.710707941662811
-6.5616576630666135
-11.59585407341674
-9.271497327029126
-10.020566494137801
-19.901777198040953
-14.927126560132013
-15.46936444770362
-10.816555291899949
-1.5003231760689806
-6.754968621652648
-19.976019234021656
-2.6879095158514943
-0.48115499747006574
-0.029778925645018717
-13.636767249471902
-5.9111264030976995
-6.963647962056219
-8.180042625565601
-7.32490769313018
-18.627377933138508
-19.646778402977763
-7.540454436458721
-1.6883836898138724
-7.508990791625353
-2.7763519719219865
-10.662169659728749
-9.034759623543565
-3.574919434695789
-7.227658724882788
-1.8232829323802058
-12.595409722584302
-3.4032679457157484
-11.019340998963795
-7.640342085143597
-18.306701052283906
-10.084435366669236
-7.999770671350426
-5.557469116330904
-7.039355180197409
-14.181839491676438
-1.4681489713120932
-14.241337398448053
-2.8586929467446787
-18.037624097756986
-1.7604460680872869
-5.896763843636448
-6.49466464676331
-3.3171699011554963
-12.317351159077722
-9.973245402731221
-0.14222044490500352
-8.574465670454314
-14.955021372531116
-17.934113769934715
-9.570333990653461
-1.0605565009406925
-5.091955913284103
-14.660882767474869
-13.81732795110938
-16.120936717243076
-0.3756074600426862
-12.379642817426149
-12.490258108939413
FactorLoading
-0.22639249442221177	-0.10572608589582888	-0.27355882152254907	-0.3943225981594103
0.48171406011516305	0.44914091677462653	-0.01722669086299522	-0.051918332247215204
-0.24226813894483	0.5044266643418145	0.22709975516086334	-0.02620544155249216
-0.04556783730295755	0.5068072840330253	-0.35597786044107527	0.09164701822294186
-0.08968474562901507	-0.28871241037191164	0.19626079189760648	0.4253420521014668
-0.15313899474448722	0.17444591690540534	-0.5291400650013554	-0.14327502334875208
-0.003103443814293394	0.23379396910586014	-0.422527375749268	-0.34057521133057844
-0.1157342166694626	0.46229624637694866	0.3842942083785992	-0.037675328574989564
0.38137662705003605	0.2672507090122427	0.24249579483181027	0.10887686910591099
0.36455826995178975	0.2999416695227317	0.01540538957216242	0.3200946709533161
0.01698266108363633	-0.8851986238165335	-0.020032718469331634	0.07778599663049857
0.01878447950832296	0.06308415155253777	0.5315632395189795	0.3865681294201597
0.09105479518703286	0.2800339484653622	-0.29798242634002015	0.3309288300075848
-0.12621923452501127	0.34539522048972016	0.28170162698210954	0.24668391800315903
0.15939537936437453	-0.11977923350156305	0.44061915637850246	0.28020623075555995
-0.11109299630871217	-0.5132086392686455	-0.16540363070819342	-0.21029473371444896
0.21552483228506825	-0.35166119527480744	0.07596257622728908	0.35685139621283524
0.33487303643771926	-0.13829968196787568	0.14824796895710546	0.3785793126372996
0.31169850878418504	0.5019516393543235	0.029396803496895663	0.15695304836459578
-0.1214005555077482	0.47970765293118145	0.046807392115538526	0.3520843994455318
0.1844914533613602	0.30138082531837873	-0.4907237042783219	0.023404017041939174
0.07674693885901629	-0.3922303139157095	-0.42974343856751807	0.10127930865775614
-0.38263813726530804	-0.24922101538989527	0.2518056433840423	-0.11633520396075436
-0.2359098749830486	-0.37647654002753894	0.20615812959408708	0.18145545539532537
0.09536916285354202	-0.4927421004411312	0.33550883015600563	-0.07637990654932114
0.13056930722428728	-0.03306468594498546	-0.03132688670203043	0.8050391201286968
-0.17141771496099634	0.2069872288522019	-0.5703457386231416	0.051249317563660135
0.7215667326217248	0.2183260461787051	-0.015102450973103698	0.04500477022646643
0.5069279344852189	0.3409091270792428	-0.031831401353493494	0.1203315370820448
0.3356322645115266	0.11058334922827306	-0.1353646883136117	0.4184196979465886
0.20410871633796712	-0.5007917778677424	-0.2584360875343914	-0.03666341825989905
-0.32961814477106777	0.22431831737078278	0.21880156978894383	0.22726196806920562
0.6816630092136751	-0.21550955479070577	0.054537587432420986	0.04828984856319818
-0.47447806761862155	0.2797937593426014	-0.1774630725526043	0.06826510048617274
-0.059877802684196624	0.5891664789994877	0.01303277113287482	-0.33792294718344085
-0.2691325407767391	0.1882256097988131	-0.5153988945805108	-0.027242954843937017
0.13311403184891257	0.4346444463313357	-0.25945526840054334	0.1727862534192084
0.31440970019764425	-0.4637340377898962	-0.10394356295268836	-0.1179126990597712
0.16919004545935645	0.02771216513827368	-0.5622459485577858	-0.2408518408445841
-0.19810928242588788	-0.03295661286063245	0.5678992084286512	0.2010348962848285
0.09673515292412116	-0.8200242971506788	-0.07835909772765048	-0.004881452197549541
-0.7647427202583519	-0.002042479506603634	-0.07520588534004435	-0.15800891489500013
-0.24701047938901466	-0.06997616499295045	0.23598195364356567	0.4470314019744692
-0.099759909380295	0.14077653118638112	0.18631964017380964	-0.5731439192595142
0.1350066199500426	-0.21993166394837416	-0.5704690495708922	0.07459266653069108
0.6163659540869078	-0.03369579740899997	0.20106866611710617	-0.1488695823869861
0.7177764232612454	0.019763891237501774	0.2578180882523031	0.004641597248949747
-0.047360662789011077	0.41450679049283345	0.5223322794175809	0.0158002673005746
-0.11509598314381564	-0.20808913419201658	0.45628293076573323	0.22053195189843455
0.7925299600886624	0.06414977608111161	0.022502364170346123	-0.12081789965987988
-0.14070923800960866	0.1106378996962305	0.5364759904953029	0.2121768717988579
0.7831761356829712	-0.1043141817529154	-0.028044715119330155	-0.08446496744478327
0.08378166708981949	0.22560624062289247	0.013141270317769571	-0.6774708219695185
-0.04232588968577411	0.44185254156078835	0.3744695998077503	0.14135196894568725
-0.3830241794196305	0.11290143909810668	0.02668281858973076	0.47739156289253204
0.00637250448773008	-0.38845865801685386	0.30627545374534315	-0.2988933837500729
-0.09798009094734139	0.7056657278742904	0.15360255823232238	-0.04275162294604584
-0.5692463967337003	-0.21570067873915555	-0.07341277128667034	0.14164015324047385
0.21830026688452198	-0.3051096932743069	0.020163554111150006	-0.4564264857300211
-0.04821057092224934	-0.06665556401022665	0.37175016283962403	0.5133837022279
-0.5757231212700666	-0.23644816293059967	-0.12268937830116577	0.06513933749816792
0.33658539202337123	-0.14800578625873406	-0.34330540232957385	0.17210341938832086
0.44616837522031116	0.05447908458525497	-0.3923364754679459	0.10701606472648795
-0.32186450377322373	0.36759373086997726	0.2883537947297523	0.022187970627046694
0.08628375101809715	-0.22691176237706046	0.1984616402765078	-0.4883428463283346
0.2217063503604959	-0.46272273832681243	-0.07871721398394449	-0.23685369732874717
0.47657152687652093	0.23613180668248557	0.1278356698944727	-0.1594609965465208
-0.43223885425608666	-0.19522129554436574	0.18136332981175096	-0.19117652038779664
0.09565148607470353	-0.21511739402939734	-0.13912026454717874	-0.5501108553487204
0.07908985564560322	0.3348585749149935	0.046039837705685205	-0.5400117317337181
-0.2176434952027695	-0.09517124374124442	-0.4316262551583867	0.2555590058975994
0.573254180850572	-0.1701258802790162	0.1471625419835143	-0.10945739688689748
0.05044639472904633	-0.02739940482571268	-0.4623942561427443	0.45975994430249667
0.08384765852149867	-0.10177627341165674	-0.6611268556531664	-0.15324921241367817
0.13110136592741117	0.18031917218276017	0.13594520661233012	-0.5526342552774985
0.4150424547123086	0.22927782527789375	-0.13179257779544828	-0.22388714221434936
-0.0508557831874592	-0.15570472609220043	-0.21309547893260516	-0.5803440117877352
-0.0685321502484959	0.46643638693798817	0.31376508406407844	0.1512663787494375
0.25285075879942265	0.012295629052867962	-0.47994739955051346	0.2549062125971959
-0.0023088261573749325	-0.0017211072427409935	-0.7556924511088852	-0.2402776154909989
0.5416713603873891	0.15299362115933812	-0.12608135178403268	-0.17925366666924014
-0.5855917073152384	-0.18228776539193814	0.12289653626659858	0.10922399102622493
-0.24741822337662378	0.40784962874435027	0.26691866303770295	0.077813484841323
0.33408242503816243	0.48209139757503694	-0.02154430184351086	0.16228187554328977
-0.4217558555657983	-0.1705817124713176	-0.4040518790193097	-0.0036105529435743744
0.1694679548208402	-0.11563198965163402	0.1831943784833685	-0.5317056770441573
0.3309373436202887	-0.0617911203920547	-0.03264237964658112	-0.5746291563410755
-0.4106242580817343	0.23568413733760196	0.06094471397578549	0.29274689060487824
-0.32055015045597113	0.4002434979351521	-0.09192476023762608	0.18728159137125067
-0.40154751164087155	-0.05561339306417712	-0.10429241566664782	-0.4385466796283035
-0.6063300744550024	-0.04405708885942072	-0.32198701815732456	-0.0276258185282523
0.1051465257160551	-0.0711705882995417	-0.03318279512486488	-0.7905000908595383
0.22331494526301277	-0.011543579084886124	-0.7527902546561673	-0.012351220995933776
0.5153311298262417	-0.1244314582805206	-0.07298242292247425	0.2872549889707634
-0.3516178546696014	0.04048319844702197	-0.5952789249636936	0.012620021919683033
-0.38379403914515087	-0.1050598485318468	-0.25116360037634444	-0.2599825119466579
0.15391676865211434	-0.36581891242035947	-0.07338464000378875	-0.40687967892373744
0.34596748223907103	-0.009687716975288918	0.02373516521132424	0.6206096355743158
-0.5642434060131873	0.026183192339449102	0.022168827041417316	-0.38740457460594624
-0.05064872064137793	0.32696521611963125	-0.6142194779134149	0.008166585325575904
-0.6102640785793667	0.0004192994183136456	0.16627765504675507	-0.22303896695556458
0.169941679103768	0.36026878324474443	-0.05448244209187414	0.4153070955596134
-0.2551675170973404	0.29360815844371113	-0.18011173462839092	-0.2711125898305575
0.32537277604100656	0.06266861037790772	0.13997208269208983	0.4719865308889959
0.3085783217551643	-0.03160307644585614	0.30230208701719596	-0.3575165147817836
-0.24705035776321016	0.1011851282995031	-0.27760942034722813	-0.3741550935900586
0.47768492428017506	0.19131532016811859	0.2689035640790316	0.062096191472674755
-0.22877197322632714	0.15470035545067473	-0.2198997195453931	0.396627951777605
0.25309546529866145	-0.3249689606748969	0.2648396108837112	-0.15709596314273044
0.24021814587764645	-0.0062289921907989765	-0.19788243665608363	0.555670425275471
-0.22461853472280047	-0.044567480839801554	-0.12059184678121415	-0.6102221376561838
-0.1437694121235089	0.47252459777437883	-0.15818241955133305	-0.2255235705507792
0.10060060719145891	0.07510910811922411	0.4114838838844739	0.4128064008048431
0.30885939504249516	0.2884597726699163	0.18924347825843313	0.21343735402915542
-0.05953666216414799	-0.32336934693124597	0.06611659631710287	-0.5509773945875032
-0.3225946661281147	-0.0310856325217983	-0.16706064299633416	0.4792590583537528
-0.21581076317719794	0.2706963283913866	-0.3370405426319334	0.1764523657994821
0.10464236046570075	-0.245168729630733	0.26480192206064745	0.3853869878429188
-0.12118668217897288	-0.49302944779833435	-0.24017316069471684	-0.14561070932797593
-0.4208123742981431	-0.1506971533953656	-0.19900077833527785	0.22948969397121344
-0.16190825933398312	0.46457015930891044	0.22875075567830683	-0.14477082567879962
0.30325611059543833	0.48042877378572335	0.08456532210129941	0.1317497935175389
0.31473111196141046	0.30805058799584484	-0.3761342080449772	0.001084091997767489
-0.1551772771221105	0.15202208804047523	-0.34103112843576766	0.3517695064016466
0.027728776183975068	0.3315569688332167	-0.4002842963149169	-0.2404299586678913
-0.6298980035553272	-0.1406879878843923	0.22178998499374591	-0.007624023566534577
0.012932841998306577	0.2991526118700698	-0.29159952706224934	0.3963150190693743
0.20092817499737636	0.1834144718320354	0.2898285764746551	0.32582877669593313
0.47368688607100595	-0.02458212605376353	-0.30389744953964604	0.19783353833558448
-0.4818249025700194	0.17005243407476311	0.1604314821335402	0.18769118122167727
0.12015632129373643	0.46686068596472063	0.12446222786507799	-0.28852076487646494
0.16490018411466978	0.4722561625172981	-0.16811531793886747	0.19472833542916468
-0.3636450470707875	-0.3394755332009418	0.07179042312935957	0.22508899659891113
0.31398461090654783	0.5212652187434332	-0.07837488712509355	-0.08637528322492538
0.01571532697737177	0.2523324795710782	0.6810628729661548	-0.050889320485395295
0.032823697102765115	-0.13380673736174775	0.028004187949600023	0.8053653775858871
0.14275777825647706	0.5578901760935675	0.029724057704390017	0.2696279879455654
-0.06350573213445698	0.017145149746427668	-0.5790151997830273	-0.34033391833608806
-0.2137242576532794	-0.1279288245512209	-0.23671501229994907	0.42163190549555063
-0.26332755727275736	-0.15934861266152556	0.2342643982178274	-0.3430594318478897
-0.6488479495710331	0.056967403253317395	0.15829272183488508	0.13589192534076444
0.23437394542270806	0.10253611141540842	0.6305575128132856	-0.032532430348597874
-0.06817968752157677	-0.18019716826964527	-0.06853210098173479	-0.6830910432270432
0.03750213660947588	0.29492225873821254	0.30229938569142534	0.36527621896088625
-0.5476571867082807	-0.318676234578227	-0.09287436674785465	0.04079221196563765
-0.026819806199832152	0.45401882987593356	0.11303663407357467	0.4061247298506596
0.072745090414575	0.1725323250105688	0.5706869497322471	-0.1840356348426091
0.059193440346046566	0.5950299393464158	-0.18431878208890562	0.16145783821863202
0.2036853017018967	-0.11207367139555435	0.11206913539012286	0.5721718915124261
0.22733957952733674	-0.12826959723143405	-0.639986581818675	0.004404241422554245
Conflicts
55 76
92 1
92 127
91 73
117 64
86 30
32 123
5 85
131 18
23 135
63 69
2 65
17 79
61 6
17 59
28 93
13 134
71 112
43 39
129 141
83 99
130 33
120 85
149 5
145 96
87 141
23 90
111 127
87 57
53 85
103 24
101 30
37 17
2 126
97 127
13 145
35 18
5 150
69 45
29 134
27 118
77 70
7 92
86 123
121 16
78 20
99 106
31 49
86 57
83 49
89 62
122 127
102 139
54 27
22 84
63 4
104 93
132 114
45 20
34 3
50 115
63 81
27 143
100 145
35 127
36 20
17 57
49 30
145 65
132 147
71 100
49 38
71 40
66 20
102 125
29 82
89 144
3 46
60 64
66 88
63 135
119 96
122 144
122 45
56 79
29 11
26 112
42 106
12 73
63 80
71 46
145 59
7 18
125 2
27 129
61 149
148 140
3 97
120 131
137 106
121 59
118 46
140 3
43 52
70 105
107 44
54 80
47 114
101 109
147 130
121 74
126 11
64 15
34 28
71 75
7 114
147 105
50 41
114 39
148 143
147 150
101 52
78 72
86 41
62 46
135 118
128 33
37 56
100 64
79 57
47 45
150 30
42 70
135 141
125 116
121 106
94 127
102 57
121 11
68 129
130 88
13 96
34 88
116 24
67 96
113 44
130 97
38 18
114 143
69 20
44 30
29 149
40 57
64 18
47 61
110 20
93 46
101 8
46 134
41 52
25 114
123 56
147 87
115 85
125 103
60 115
86 96
16 20
81 61
53 45
75 60
10 143
128 72
74 111
23 136
103 21
74 130
71 61
120 12
131 8
132 97
17 38
116 134
56 73
25 111
26 146
98 44
43 46
89 138
147 146
9 11
76 129
146 19
123 11
128 15
71 137
136 104
119 41
136 79
26 64
42 110
37 44
103 46
26 23
6 111
29 111
60 82
140 28
119 139
94 39
123 138
63 125
68 145
31 17
23 63
31 94
86 101
104 127
7 28
33 134
92 33
144 5
78 97
27 41
86 95
42 127
31 58
34 40
145 99
101 44
116 96
69 127
29 79
19 15
71 135
86 65
9 44
10 90
136 144
103 36
16 118
25 118
86 118
87 45
9 53
128 106
65 12
77 1
137 59
133 17
2 58
137 33
109 90
100 147
39 73
2 36
57 18
103 45
86 117
10 94
83 65
72 139
53 117
6 88
113 87
31 6
67 15
29 99
100 116
100 67
71 52
21 138
69 99
120 138
145 95
27 8
26 123
69 143
26 80
102 76
15 84
111 44
75 16
39 88
81 12
67 73
147 99
37 118
14 40
135 137
31 44
120 6
106 142
48 51
100 138
108 138
22 46
132 5
37 126
2 134
140 80
133 16
108 46
119 91
103 59
13 107
19 110
58 19
35 95
38 24
89 129
32 90
94 44
110 111
75 32
38 20
68 65
2 86
49 44
27 30
98 62
9 126
56 24
142 138
91 138
31 121
102 80
36 6
149 134
9 137
10 103
33 138
132 25
132 6
90 18
29 104
7 80
130 138
117 150
34 6
23 121
50 42
34 96
123 149
60 88
26 32
133 3
136 93
137 8
43 91
107 150
28 138
32 117
25 67
34 46
117 5
94 105
118 138
117 27
25 69
87 106
25 145
28 38
121 104
128 94
138 24
25 65
101 6
48 46
123 143
140 150
81 22
148 18
139 110
55 146
77 122
109 20
137 150
136 51
4 120
148 106
34 141
4 55
14 77
37 57
135 112
102 52
94 79
100 90
17 105
63 24
103 111
148 57
112 85
75 58
135 33
95 21
101 105
43 149
86 59
142 150
34 65
136 13
19 38
119 141
64 51
63 53
4 97
25 113
47 116
135 45
53 142
91 30
9 123
2 149
54 124
131 79
147 114
102 141
48 139
40 24
132 94
29 52
25 8
59 39
87 127
141 12
61 1
60 17
132 136
147 79
50 95
119 20
106 1
94 88
10 146
31 56
32 142
100 69
146 62
31 51
104 96
96 73
69 70
75 70
100 129
26 34
131 114
4 81
117 48
48 8
144 137
104 20
58 51
137 127
64 12
104 79
61 95
133 75
78 60
80 87
85 24
51 82
100 39
48 73
80 103
67 115
137 46
112 88
113 33
77 111
17 20
92 79
135 88
100 86
143 85
96 33
9 145
37 29
148 138
146 105
78 147
142 84
71 54
109 48
148 112
120 144
5 79
128 82
75 65
120 147
25 129
60 2
89 143
5 52
133 39
9 113
54 60
99 6
126 41
124 146
92 20
136 138
92 6
132 102
4 3
91 57
92 125
66 111
40 97
10 28
149 33
78 96
8 6
98 96
19 56
143 105
40 36
42 56
31 141
125 76
43 31
26 11
23 8
31 11
40 115
116 62
103 126
2 85
116 58
60 11
16 106
15 88
78 22
77 87
32 121
122 3
26 62
18 24
53 82
86 74
23 145
125 87
145 62
139 129
58 127
68 140
55 10
117 46
114 21
92 70
71 70
139 134
69 97
23 143
54 149
143 46
145 126
75 129
53 15
102 40
99 138
116 107
117 91
68 21
28 39
133 148
119 68
76 138
17 56
76 82
77 64
42 149
10 42
137 20
67 113
125 90
147 88
114 18
59 82
99 22
37 99
80 131
60 8
133 41
121 146
119 43
69 109
113 82
7 52
137 62
117 24
35 46
37 45
100 149
68 139
75 104
145 141
99 62
130 134
86 137
104 61
69 59
135 103
61 110
7 5
92 59
34 73
54 51
2 81
116 65
98 15
48 141
103 129
89 137
39 46
19 18
119 81
60 24
101 112
108 141
58 59
53 76
71 80
132 32
42 61
14 79
43 131
109 24
118 39
74 84
4 88
56 139
123 52
4 2
47 120
119 50
3 74
133 24
64 46
43 73
80 38
8 46
120 8
93 139
35 126
34 93
63 34
71 94
25 11
99 27
23 118
123 73
104 52
13 49
119 93
104 105
31 124
3 33
43 83
148 64
132 30
17 85
66 77
96 134
16 18
131 105
112 46
27 110
25 92
23 79
60 22
41 22
120 74
62 38
109 134
8 49
119 28
128 12
21 18
4 60
92 30
63 141
60 66
79 106
124 91
78 140
37 53
145 138
34 144
43 146
19 57
63 16
146 24
54 11
113 12
55 145
147 104
13 104
146 8
82 111
128 19
93 150
92 89
130 46
99 79
28 97
23 52
78 6
92 11
139 106
65 94
11 22
53 139
2 82
21 127
32 6
137 91
148 104
100 98
43 24
72 87
148 85
26 21
27 16
145 45
76 6
101 90
70 90
37 133
9 15
66 146
66 16
150 45
31 105
58 64
74 28
65 38
122 115
125 41
75 107
99 44
81 16
149 79
65 91
75 131
36 70
48 49
123 130
96 84
92 101
7 145
142 118
74 11
25 66
80 49
47 81
133 2
117 110
123 74
19 5
136 145
4 14
31 70
47 140
64 22
42 74
111 30
72 49
43 114
143 95
27 113
125 110
3 72
13 122
10 39
26 119
54 93
128 130
37 109
63 127
145 38
35 135
14 5
139 22
101 67
66 17
87 18
122 38
136 6
42 112
81 142
78 105
24 1
70 51
55 109
16 149
61 62
129 82
133 102
89 126
10 149
25 76
40 87
126 24
60 30
55 48
89 104
107 111
8 57
148 95
100 105
80 106
87 88
95 127
136 59
92 131
26 85
80 91
104 30
123 95
130 79
125 30
80 90
119 66
79 84
120 117
23 81
43 89
72 113
23 133
148 139
31 144
55 64
28 79
130 21
34 125
135 97
147 115
143 56
115 12
60 61
35 5
68 33
141 142
80 129
86 144
98 113
129 127
29 20
81 56
21 85
19 141
113 118
78 8
32 116
148 118
87 21
120 97
115 20
47 144
125 144
13 66
100 142
23 61
35 144
70 41
128 29
60 36
7 109
131 59
114 20
43 88
60 149
47 141
10 53
60 58
124 110
23 6
93 51
8 141
113 110
40 137
150 115
133 76
86 33
114 1
101 16
128 80
50 8
80 139
107 88
72 90
142 85
114 44
28 149
83 112
147 6
139 141
117 44
61 64
25 59
67 17
119 122
21 22
72 88
123 30
28 142
122 87
60 44
69 91
35 3
75 74
7 43
68 46
83 142
42 38
4 40
86 58
67 56
87 41
36 85
125 45
81 58
9 131
101 79
35 48
131 90
78 144
145 105
95 51
69 131
69 36
3 143
101 88
120 89
34 97
99 115
89 61
75 140
108 106
72 115
28 20
80 24
48 65
60 107
142 45
119 121
130 52
27 12
31 48
35 82
96 150
64 97
135 145
43 38
132 64
120 98
4 52
74 48
145 91
72 94
79 90
64 106
71 127
29 12
54 28
102 79
126 127
135 77
34 59
108 96
42 123
77 65
60 150
135 83
67 5
42 41
100 13
146 49
5 73
101 18
123 51
35 29
15 21
103 6
53 131
119 134
32 115
9 101
146 30
28 105
103 79
84 24
32 52
34 12
67 28
33 46
61 150
103 33
7 60
75 125
86 28
114 28
34 134
54 57
94 20
16 17
92 5
38 44
136 50
55 62
54 70
133 59
55 125
128 146
55 12
16 91
99 93
89 15
13 30
10 89
121 134
119 45
63 148
148 125
80 84
138 30
75 83
55 34
95 44
72 39
40 5
37 65
92 121
130 110
97 138
84 127
71 53
55 72
122 19
56 11
14 24
4 130
124 82
14 135
75 124
125 53
28 96
66 80
96 38
72 93
100 124
102 107
28 150
29 96
148 36
26 33
4 69
9 108
124 121
92 117
62 79
63 2
116 17
86 70
77 40
99 36
35 36
72 107
14 105
11 5
78 33
65 59
7 4
8 88
147 36
145 107
37 50
140 101
80 76
126 67
4 111
117 96
77 104
107 139
51 79
133 19
147 94
55 52
125 99
78 121
74 8
25 87
117 141
66 21
35 102
35 65
28 91
99 73
55 1
121 88
146 39
35 106
34 27
136 91
132 41
71 136
67 41
125 94
112 44
77 85
102 138
139 12
32 87
137 1
65 15
55 85
9 2
95 85
140 65
83 22
4 72
68 93
89 16
47 111
14 50
2 117
59 22
133 52
48 90
77 58
32 109
78 65
145 15
132 52
135 67
31 36
122 149
91 90
3 112
2 59
34 57
86 69
132 115
83 149
97 111
54 84
131 28
35 79
63 21
124 129
64 65
130 41
106 90
89 117
75 76
43 72
54 100
58 61
145 108
19 84
113 94
130 12
89 44
136 73
17 41
40 6
100 22
128 103
37 129
123 109
7 116
58 87
10 93
147 8
61 134
7 118
29 38
132 145
9 111
14 72
14 73
98 39
54 92
75 96
26 63
71 149
83 118
83 103
69 30
40 59
87 118
101 126
86 24
41 18
109 88
66 105
4 12
99 16
108 90
68 102
89 19
100 87
26 29
43 109
106 46
29 41
53 17
117 65
75 98
98 61
13 64
108 20
61 20
149 39
11 85
36 108
143 21
35 76
141 45
5 38
26 143
76 127
23 34
148 96
128 31
117 144
13 137
9 4
71 10
2 38
67 46
16 28
50 127
102 39
120 77
128 96
12 85
70 30
25 21
7 32
130 114
104 8
104 57
10 95
61 79
58 24
55 86
99 91
48 6
142 46
62 24
97 134
35 70
37 39
37 98
140 141
147 118
1 73
120 103
59 20
97 8
86 27
64 108
61 87
129 8
47 135
74 87
48 118
2 17
21 41
132 21
100 73
63 50
67 118
92 120
68 113
148 27
55 123
132 137
77 51
8 118
127 82
42 99
23 19
19 142
146 16
121 53
94 57
70 106
128 97
60 59
142 33
63 55
58 21
75 56
102 93
13 41
116 138
61 139
69 87
117 30
34 150
124 142
140 149
101 74
56 84
50 34
11 44
146 143
140 29
26 148
13 148
65 79
34 15
116 106
113 76
14 30
14 104
32 33
114 93
113 115
135 113
7 39
47 125
68 83
60 142
42 59
41 46
80 28
117 79
34 53
144 38
150 18
103 61
102 49
68 88
50 64
25 150
48 1
83 33
83 36
146 51
69 24
132 126
51 84
119 36
27 94
74 137
65 96
66 44
75 148
44 12
47 39
35 67
42 87
141 57
117 131
125 24
55 69
92 150
116 137
56 12
58 16
25 72
31 45
43 61
148 92
48 56
28 12
139 85
89 150
116 16
61 24
66 115
143 115
62 84
103 76
82 73
123 110
2 11
145 20
136 12
56 44
120 57
132 68
75 121
29 64
59 12
9 98
119 19
23 147
23 89
72 38
13 108
77 93
74 129
126 118
135 18
81 110
16 139
50 15
53 65
124 97
63 3
72 28
37 141
68 101
75 106
68 49
9 34
71 117
53 111
60 42
60 55
13 16
15 30
19 139
4 48
47 32
48 127
128 38
127 18
148 1
150 15
13 29
130 17
37 113
77 131
42 122
132 48
23 62
123 106
95 139
48 88
16 138
119 72
14 35
135 24
55 117
50 140
40 149
126 112
27 127
101 59
77 15
146 46
42 117
147 89
116 33
121 144
75 25
75 15
142 1
94 106
124 107
101 5
10 111
23 140
54 74
114 90
58 62
9 16
92 29
109 139
14 55
104 139
130 106
145 115
125 44
3 19
98 90
101 15
9 57
119 17
122 28
99 28
4 64
22 141
89 49
62 65
81 17
78 89
96 24
119 130
56 45
125 96
77 20
21 111
110 70
71 113
66 49
68 106
147 58
8 134
26 30
119 25
135 121
109 57
62 105
29 109
55 5
112 134
79 44
122 118
9 30
125 137
47 53
35 130
48 91
71 8
69 41
54 41
55 28
47 99
67 134
19 87
128 5
133 100
25 120
50 40
95 41
78 129
137 15
100 112
53 67
35 146
92 15
75 21
32 51
93 149
126 46
54 76
94 45
29 85
112 90
6 20
75 126
14 74
102 85
150 134
104 113
100 102
91 45
34 146
116 109
47 79
99 59
77 144
148 146
29 141
89 11
32 80
36 46
114 96
67 131
67 45
34 143
63 41
128 49
57 30
66 64
114 22
10 34
55 138
120 125
7 146
35 44
13 10
116 84
48 57
133 13
79 21
128 126
97 18
133 134
132 56
99 134
8 24
107 85
123 3
60 121
136 4
78 56
126 62
86 99
42 33
32 28
123 57
89 58
35 62
132 20
87 15
77 134
42 51
116 89
4 74
23 40
50 30
120 127
12 105
63 138
123 36
136 133
51 44
102 64
121 72
47 20
75 93
13 34
22 138
133 101
31 8
126 76
69 1
146 59
83 67
47 66
121 49
4 39
4 147
139 76
77 86
53 48
102 103
103 97
63 29
23 113
59 97
121 117
147 22
77 3
51 76
83 77
99 64
144 108
99 72
42 98
131 65
3 16
70 33
11 51
135 2
37 82
68 12
145 70
2 87
148 5
131 108
2 143
102 20
9 65
50 129
55 140
43 86
66 11
6 1
29 61
27 11
97 6
102 2
122 150
108 118
99 88
80 110
92 138
61 142
61 48
31 65
143 129
31 30
144 113
78 88
126 56
87 96
64 139
43 99
124 32
62 127
128 62
78 118
68 35
13 88
147 106
83 147
65 82
130 64
59 51
68 94
133 74
23 92
80 85
9 138
23 98
71 108
102 50
36 127
38 127
2 108
64 134
124 16
26 96
14 86
10 115
107 106
94 21
144 1
145 5
119 146
133 88
26 56
110 45
23 66
101 144
16 41
67 99
43 98
13 39
148 69
143 70
14 109
62 142
97 84
65 85
84 45
128 115
13 79
40 108
68 112
144 94
47 100
135 117
54 125
143 134
81 111
53 109
144 6
61 16
27 87
135 73
7 77
147 91
70 134
68 8
62 20
10 109
4 131
21 84
124 67
26 91
33 45
120 56
2 101
56 91
83 107
140 138
15 82
121 107
112 36
50 134
113 24
38 73
98 87
41 88
41 106
71 76
118 12
113 138
125 109
58 115
131 20
55 98
7 48
98 145
52 33
4 18
83 58
93 73
68 89
82 85
34 11
99 139
9 106
89 20
123 90
140 110
65 20
99 84
42 64
28 118
123 6
95 57
43 51
123 137
35 52
53 61
135 76
65 90
84 1
130 49
136 78
77 84
50 10
39 106
63 94
106 91
125 129
50 18
147 39
136 15
56 49
47 28
29 93
136 82
137 17
71 88
77 52
36 113
61 59
150 52
14 113
14 17
82 24
13 12
72 65
89 45
92 141
143 109
116 59
51 127
150 84
72 15
77 89
142 52
77 129
55 115
140 96
13 75
127 52
51 22
58 5
128 81
106 96
13 87
14 27
133 78
8 33
97 96
141 39
136 40
24 30
22 82
35 97
80 113
63 40
50 117
32 55
35 53
40 73
100 140
21 52
42 108
118 44
14 48
69 144
116 108
140 49
132 66
117 118
55 6
140 129
139 52
68 3
128 57
10 114
81 149
23 82
130 107
78 2
27 70
87 30
51 134
7 134
119 120
103 64
137 118
2 79
32 96
147 86
60 28
81 6
147 69
110 39
59 142
139 91
13 140
79 138
64 115
32 98
66 67
71 12
132 40
35 105
112 39
126 87
80 5
136 1
51 1
20 18
68 77
135 6
80 46
81 79
81 137
108 51
75 40
133 70
122 39
120 143
128 65
121 129
49 46
148 22
10 123
119 3
6 18
26 110
145 11
58 17
77 130
107 96
32 59
47 82
86 112
103 53
81 76
146 127
147 1
102 113
147 103
32 8
56 141
79 24
32 58
99 113
4 85
55 114
31 146
123 108
123 46
124 10
37 33
8 91
124 46
49 127
22 6
67 62
23 146
25 61
136 126
62 56
60 105
60 147
53 140
150 20
51 85
50 84
9 87
93 41
87 46
68 32
132 112
43 34
25 3
50 2
136 89
119 69
75 2
42 11
34 8
98 150
70 8
103 38
123 79
4 76
68 86
135 48
102 17
83 45
4 113
27 95
60 72
43 63
95 39
113 70
122 17
104 106
58 11
62 30
9 46
2 33
63 19
60 69
120 20
61 19
112 8
131 74
126 110
36 5
87 20
131 109
42 24
94 96
13 5
112 96
125 142
3 130
48 17
103 114
27 19
129 45
4 107
7 36
78 101
150 85
140 64
116 104
75 24
7 22
43 4
102 145
60 146
43 59
58 114
53 97
148 113
68 108
148 6
80 18
64 90
149 11
136 111
150 91
136 34
37 64
66 93
13 73
59 21
50 83
25 41
7 75
83 143
74 22
41 84
19 95
77 101
86 122
63 22
124 53
81 107
53 1
32 46
31 41
114 33
100 75
71 109
140 81
54 137
33 127
13 142
124 20
116 115
15 46
11 150
54 29
60 27
49 105
118 90
129 6
32 94
120 61
74 18
112 82
103 22
148 42
66 72
61 129
43 111
70 76
135 57
22 115
2 107
121 142
95 96
121 22
14 76
103 106
40 52
147 113
25 40
139 49
81 139
71 21
116 149
12 1
98 70
126 61
37 14
102 19
63 61
53 110
132 39
102 34
116 1
54 120
123 64
9 116
77 139
109 107
102 129
131 17
147 45
7 101
92 69
60 110
4 102
132 8
43 62
131 36
25 123
123 127
32 24
119 84
93 12
29 95
145 137
3 129
66 118
40 113
43 93
132 10
145 57
72 56
99 85
148 55
67 70
124 89
121 64
100 107
83 150
16 52
25 121
4 141
53 18
42 48
62 111
13 124
78 115
17 84
26 14
14 149
97 1
35 137
66 62
149 106
144 134
130 70
92 112
9 27
36 82
13 57
25 124
76 21
42 57
4 1
104 44
34 105
43 54
27 51
145 142
109 41
32 49
37 116
49 111
54 73
53 22
28 106
3 109
102 84
47 146
38 141
136 17
76 22
42 6
26 125
102 131
61 41
7 86
128 2
126 40
114 142
92 38
59 5
47 101
68 138
124 106
87 52
131 64
9 70
132 146
67 97
63 149
107 105
4 38
60 73
146 113
100 6
102 21
119 67
11 88
117 106
23 94
132 133
132 125
126 130
137 64
10 74
15 57
48 138
123 41
110 90
56 110
14 88
73 18
68 110
50 19
54 44
140 48
7 53
55 67
68 79
63 38
148 66
2 115
47 148
129 33
40 41
13 65
103 149
114 138
77 142
43 66
31 107
98 127
143 76
75 137
80 20
67 149
119 101
123 8
26 118
147 73
94 85
32 106
132 109
64 142
54 19
23 55
148 70
63 129
43 9
26 116
70 18
140 117
43 136
16 22
26 24
40 18
132 18
148 3
33 88
98 89
19 105
75 95
129 15
81 46
107 56
80 111
80 117
64 49
147 127
129 18
32 145
102 44
144 87
75 114
34 108
42 142
140 18
80 67
26 28
100 44
32 105
32 30
135 142
85 18
72 52
11 138
78 106
43 123
149 88
143 16
121 29
37 62
87 82
102 116
102 61
142 41
47 109
74 149
34 84
28 65
109 62
64 84
128 50
25 146
23 134
58 82
63 109
131 30
108 115
77 36
93 115
65 56
121 118
138 18
61 130
14 69
119 46
100 66
55 118
1 45
146 15
7 41
75 31
95 11
15 39
60 80
16 30
12 134
98 84
137 149
31 101
55 27
93 129
2 57
77 2
40 64
70 15
71 110
2 91
99 129
74 62
34 127
27 48
54 25
132 99
120 34
104 94
26 81
10 142
9 37
43 143
69 113
77 21
49 20
50 141
47 98
78 39
26 103
146 101
50 118
100 38
2 30
84 134
14 36
122 51
120 130
92 76
146 85
107 110
136 143
36 62
147 67
60 84
23 138
60 41
117 70
101 46
149 85
93 59
62 12
92 144
130 18
145 8
117 93
27 134
35 147
119 32
4 19
14 3
100 5
133 83
25 84
137 95
74 27
101 39
63 49
139 33
58 134
29 89
48 85
96 18
93 36
58 76
102 22
35 90
42 94
59 52
69 130
23 144
10 147
143 15
49 21
117 82
89 122
126 96
98 52
32 88
61 49
83 96
86 105
63 134
37 72
34 19
140 108
63 5
124 11
43 100
131 82
68 9
89 109
26 124
7 19
4 135
52 105
148 72
138 20
148 32
131 24
133 44
29 39
128 77
136 101
78 17
50 85
17 22
113 17
11 129
49 1
148 81
146 52
72 106
108 105
119 58
144 76
95 91
50 116
7 132
71 107
9 96
146 149
110 6
126 131
29 145
35 50
37 5
97 91
2 150
9 69
104 142
19 93
126 48
143 51
55 33
137 12
61 115
148 126
68 100
42 95
114 104
32 21
56 5
128 120
93 16
27 115
101 36
132 19
118 52
77 137
87 49
59 134
43 35
86 46
80 44
66 86
28 59
35 33
48 12
136 27
124 8
8 20
130 76
144 84
71 9
98 123
70 129
135 59
53 90
101 108
23 78
7 6
131 84
128 48
126 21
83 144
143 104
101 65
80 79
10 84
71 17
10 6
16 73
68 146
31 27
34 82
141 84
125 104
141 82
135 1
50 60
10 2
86 129
16 59
135 125
51 106
64 36
102 15
148 53
95 22
116 79
69 150
119 21
2 8
53 64
67 57
58 101
43 139
32 125
75 113
110 1
17 94
145 27
3 107
71 77
125 141
114 95
54 38
78 35
69 58
144 49
57 24
4 35
98 72
145 73
114 112
50 20
37 114
14 12
76 39
70 57
124 95
78 64
10 72
124 70
104 109
48 11
50 66
42 150
7 38
7 121
80 6
60 129
137 52
125 52
77 28
2 48
14 66
66 6
93 108
109 46
12 45
128 7
131 62
96 21
3 49
78 30
139 57
119 83
31 83
130 73
2 16
43 75
87 12
9 148
50 150
66 99
77 27
7 120
66 122
148 39
42 44
53 138
128 100
77 16
29 139
17 73
83 89
70 73
76 30
107 18
139 105
143 93
7 21
72 45
31 78
23 65
62 94
43 95
105 20
140 131
69 94
40 82
26 107
89 130
149 118
7 125
87 6
62 108
69 65
75 109
93 70
93 127
123 17
26 41
48 22
4 89
120 66
104 88
136 3
14 1
136 107
68 143
68 45
81 24
5 24
126 64
82 88
137 30
116 72
141 73
107 84
110 91
10 135
125 98
92 46
43 27
36 149
136 137
32 141
97 33
84 44
99 118
103 112
38 12
34 89
31 2
80 48
130 82
135 115
89 74
133 111
119 47
26 100
130 62
42 69
37 6
68 64
89 27
119 53
47 84
116 99
68 10
28 73
98 21
4 138
68 136
27 138
72 24
98 130
71 72
5 105
40 139
146 117
132 92
142 22
99 96
125 105
123 28
66 113
132 85
29 126
8 79
110 88
56 105
147 12
143 18
55 111
79 39
143 84
81 122
39 44
62 82
116 19
136 56
122 143
72 141
59 95
33 91
128 63
7 20
114 11
47 136
143 111
101 22
138 127
74 95
140 16
119 131
72 5
103 93
51 20
38 138
119 10
81 117
86 64
40 72
101 12
54 8
106 44
128 14
31 5
42 105
103 88
119 90
97 52
92 80
140 93
70 91
68 150
10 73
50 94
130 115
37 121
127 91
92 53
112 41
146 94
35 42
74 79
100 82
130 27
129 20
135 34
9 97
47 59
120 140
119 106
148 145
92 17
63 57
34 64
54 82
100 42
7 11
143 108
119 147
9 66
4 77
117 99
4 129
67 90
15 45
14 20
19 113
142 134
47 129
39 20
15 24
41 115
94 115
104 1
39 22
107 24
10 65
128 83
27 21
55 105
120 64
53 129
77 109
125 39
25 48
70 46
108 111
17 24
47 137
25 19
23 117
123 84
54 52
21 134
71 32
63 98
97 12
47 115
116 126
140 40
75 52
77 22
123 12
124 96
100 143
25 49
67 107
43 127
44 82
71 84
26 86
117 143
92 93
4 49
26 139
93 96
40 91
2 1
147 49
53 113
133 86
47 89
2 3
136 116
47 97
116 38
83 90
54 94
70 141
54 32
113 57
124 127
2 61
124 62
19 127
132 77
31 29
77 72
100 85
114 108
125 140
7 56
122 131
67 36
79 12
131 46
35 108
136 84
136 147
148 109
19 79
133 96
124 147
41 73
72 30
29 6
9 1
23 58
58 149
125 72
121 137
63 90
104 150
136 55
150 6
130 39
101 21
29 59
114 36
61 51
68 95
14 21
139 39
108 18
148 79
130 11
80 33
104 138
25 20
101 40
25 135
36 96
104 107
4 134
137 36
133 87
63 11
50 58
36 52
124 103
143 110
140 106
50 111
21 73
72 1
56 6
118 106
146 70
75 10
100 65
119 82
87 8
78 125
25 126
43 82
130 44
67 82
125 27
54 130
145 64
11 115
138 134
62 73
107 62
100 139
58 46
26 145
97 105
140 90
132 57
33 84
83 21
68 90
66 109
42 126
3 41
2 113
58 105
43 15
17 21
23 116
143 65
31 99
61 15
35 6
131 38
72 84
35 113
148 107
50 123
69 67
123 131
137 134
125 29
54 117
14 95
67 65
32 122
64 94
25 85
101 113
83 30
136 5
86 56
14 59
80 114
76 79
13 150
102 69
43 50
133 28
75 112
19 20
114 70
19 46
10 12
133 79
29 33
117 1
62 87
148 149
100 30
79 33
130 6
75 91
143 57
102 30
101 41
4 20
13 85
77 49
117 142
140 21
89 105
76 85
92 97
27 114
75 110
16 65
96 12
56 88
81 8
9 135
10 83
50 49
47 75
25 95
92 107
54 47
132 79
32 5
77 53
117 58
37 144
77 115
109 142
23 100
25 22
10 126
148 122
37 51
137 21
121 83
37 107
101 96
101 150
139 115
3 70
100 122
9 54
107 22
37 75
68 42
89 106
103 115
123 16
13 67
132 127
77 106
2 90
123 67
31 96
53 81
31 25
29 44
68 81
76 88
5 115
32 82
116 139
133 55
112 15
103 39
72 12
122 65
137 24
132 17
69 115
3 21
68 1
44 85
68 5
114 88
42 90
116 91
72 138
63 10
9 121
25 70
98 36
34 76
148 41
93 57
26 54
112 129
124 105
60 5
80 82
7 24
17 70
124 81
145 150
108 6
48 105
146 33
75 146
108 134
36 111
7 58
108 24
39 18
31 1
86 11
31 113
40 144
63 91
69 11
62 45
84 88
124 93
150 46
77 80
29 105
121 150
29 21
120 90
25 6
53 58
13 126
129 106
120 51
140 107
136 142
130 59
52 45
66 139
107 129
35 111
86 72
83 52
97 90
32 108
28 88
53 126
6 45
39 30
67 91
27 22
31 125
122 141
27 139
26 20
92 78
63 56
63 97
31 110
34 110
32 104
51 52
58 39
71 44
32 110
61 112
93 87
43 116
41 38
63 8
77 6
48 84
140 122
124 134
131 129
92 66
96 22
15 33
3 59
145 18
140 73
93 33
47 40
91 134
34 122
34 69
39 82
42 113
63 73
103 84
93 97
72 105
37 48
112 51
9 86
4 95
143 36
23 56
84 111
119 136
31 88
130 90
93 15
27 5
135 74
144 105
126 108
16 82
9 125
67 21
7 127
48 134
78 90
10 66
37 54
121 91
34 90
52 24
92 77
28 64
50 11
131 87
138 84
48 108
114 76
27 46
52 85
125 122
68 91
150 88
128 108
95 134
146 130
86 21
47 19
29 118
86 146
60 85
44 18
38 106
26 88
37 66
136 76
34 111
133 138
94 46
8 106
64 24
78 138
123 72
125 70
27 72
3 27
83 15
68 115
28 6
78 145
92 149
125 59
130 15
114 52
51 91
3 142
51 21
147 80
143 30
121 122
147 74
129 88
111 12
64 6
37 115
16 57
23 84
67 109
101 107
43 16
14 140
4 86
132 139
38 6
62 97
102 77
25 97
123 44
122 93
71 60
55 15
91 1
47 132
5 22
5 21
99 33
67 52
63 108
54 110
147 116
3 22
58 144
107 49
69 28
128 54
3 95
103 19
79 115
135 65
131 49
135 90
43 128
115 18
8 90
7 90
56 39
2 44
143 44
37 95
81 21
102 46
119 14
87 59
65 115
49 24
130 65
29 57
43 1
42 140
98 74
102 70
39 105
36 150
117 126
100 45
10 87
53 95
15 41
10 69
120 106
25 147
50 76
21 46
102 18
26 19
121 66
121 52
17 139
139 45
107 149
23 129
145 52
66 53
86 145
95 24
31 114
119 138
35 134
23 9
53 38
119 70
7 69
42 107
114 134
9 110
10 33
92 146
40 150
83 85
140 145
66 101
5 45
34 137
74 12
112 11
11 90
98 51
59 108
114 85
64 88
130 118
114 110
77 18
117 33
78 50
133 22
80 65
67 108
54 101
130 28
47 36
133 108
9 114
128 138
129 39
67 104
61 18
121 27
37 135
99 65
133 21
97 51
122 79
123 70
123 93
49 141
71 145
133 34
47 56
10 150
19 134
66 83
144 22
28 22
32 66
54 114
67 59
149 24
119 150
113 129
69 74
145 22
146 134
71 27
132 122
80 89
9 78
15 96
54 108
80 105
37 110
107 41
146 91
27 79
36 30
11 57
69 62
119 35
51 15
98 16
125 20
4 92
4 106
34 113
69 137
60 143
133 14
128 117
36 76
136 88
39 138
54 3
55 126
42 109
107 82
117 72
133 64
37 34
40 94
10 141
83 106
99 61
95 118
26 68
49 12
100 17
35 45
148 142
67 144
79 91
55 112
47 15
43 2
63 106
86 97
81 59
145 110
37 131
96 127
13 1
32 17
54 67
69 27
126 79
16 44
69 149
19 16
104 6
144 28
9 142
102 150
41 24
48 62
77 69
121 8
71 125
119 54
124 144
27 57
135 82
40 143
123 144
21 6
114 6
143 19
119 149
32 139
92 95
77 113
75 49
124 116
9 115
53 104
145 48
3 30
9 20
132 1
32 112
19 129
60 122
23 124
80 104
128 139
87 110
13 99
113 106
122 20
19 11
127 57
83 40
120 116
28 18
68 104
102 101
136 37
81 40
50 138
112 70
29 110
128 52
50 108
133 97
93 95
76 57
29 48
69 139
95 115
86 16
25 27
139 20
132 72
144 59
120 29
63 67
128 13
9 74
86 45
26 129
32 113
14 111
136 118
40 93
97 44
31 64
111 90
7 137
102 117
9 41
124 102
37 127
93 62
47 33
20 73
90 44
89 110
71 62
126 142
100 3
144 149
81 90
143 94
145 41
75 147
70 96
50 61
56 94
139 150
63 1
95 141
22 24
10 134
135 46
53 49
57 85
81 36
131 97
130 51
31 130
148 77
10 99
92 135
109 129
61 107
133 117
3 12
51 57
146 88
99 5
61 137
37 46
50 12
54 107
32 76
25 5
49 85
68 4
136 16
47 112
57 52
92 12
141 21
46 73
119 18
101 48
146 58
63 143
132 106
53 134
64 150
107 91
37 124
36 59
27 97
3 114
42 103
34 41
7 133
72 19
36 49
148 78
53 6
40 46
113 65
104 28
121 61
104 48
17 110
25 83
51 24
119 12
76 150
30 73
147 11
28 17
10 105
36 24
25 52
87 90
132 16
87 64
4 62
125 112
25 101
116 93
71 23
131 12
120 52
13 18
136 105
144 118
131 104
87 1
25 144
11 134
47 48
118 82
53 59
124 98
114 82
53 127
48 30
133 49
63 77
62 52
115 73
55 11
31 74
40 56
25 56
103 110
95 142
80 70
144 107
47 103
66 48
63 88
42 5
7 73
120 48
119 133
25 77
78 24
99 52
31 46
5 44
37 40
144 142
100 1
89 57
36 129
68 97
90 85
14 107
47 78
47 8
43 126
75 77
3 87
65 84
113 6
145 87
34 70
31 32
80 144
7 91
119 114
112 48
125 85
78 12
26 13
140 88
37 85
129 24
51 8
116 40
55 57
35 41
107 127
136 94
62 88
29 91
50 124
15 90
147 122
119 13
78 1
148 58
114 30
17 30
78 94
124 5
14 85
4 33
9 13
69 90
7 79
48 59
40 1
34 107
39 38
68 131
37 10
104 19
47 85
148 135
47 118
142 111
135 104
60 98
14 122
94 90
2 131
29 16
82 45
16 95
15 142
111 18
112 59
10 82
35 69
141 20
69 52
53 130
116 27
100 34
22 73
137 84
149 127
57 45
140 1
68 107
50 65
147 46
113 91
63 85
67 106
99 97
116 73
136 33
119 57
119 78
102 12
144 79
9 32
42 36
60 106
78 81
14 89
102 114
104 130
25 16
127 88
10 22
70 118
53 107
106 111
121 45
27 88
83 18
34 61
121 67
95 70
83 64
133 114
135 51
129 38
72 61
74 113
72 33
25 142
144 12
37 137
75 51
133 105
83 70
102 144
48 87
55 80
146 11
48 79
43 101
68 57
43 53
119 115
27 61
63 35
133 95
23 91
94 8
65 11
128 78
37 16
13 45
68 14
144 93
14 127
83 140
145 139
119 129
117 15
121 39
44 33
65 51
143 62
28 115
85 30
121 114
87 73
63 12
89 24
114 150
13 77
31 66
83 42
14 38
112 105
48 39
19 76
32 67
78 27
25 104
5 129
80 51
135 129
54 45
79 85
52 1
59 70
100 146
29 137
142 12
66 58
10 96
66 79
50 24
77 125
143 41
133 72
92 140
9 12
131 91
40 95
125 16
133 46
34 129
7 135
3 52
35 19
54 58
68 60
114 15
3 58
126 70
56 15
10 138
120 118
49 115
135 149
85 134
13 131
135 105
141 18
23 11
4 78
69 5
103 87
72 62
32 85
75 19
125 80
67 51
117 49
80 22
35 58
90 57
43 3
4 46
74 70
132 61
134 1
80 36
66 2
37 18
125 74
36 95
83 111
143 139
79 41
111 24
60 99
69 89
86 73
55 108
63 52
16 84
50 135
125 93
150 141
13 125
124 86
41 33
54 1
71 83
78 150
7 71
120 146
83 86
69 15
118 38
147 61
87 142
38 57
111 1
128 16
9 8
97 22
14 117
62 33
107 52
92 3
28 107
39 91
2 21
11 97
50 51
112 95
118 20
41 150
77 145
136 22
31 22
27 107
110 96
59 141
78 85
76 18
10 86
107 138
123 99
54 55
137 28
117 105
130 93
145 67
19 52
10 5
147 16
133 5
17 127
122 138
63 92
102 65
87 111
29 115
5 20
109 59
8 85
104 65
69 108
35 12
36 65
67 142
74 41
112 91
130 84
61 84
23 85
71 11
139 138
46 85
42 46
13 106
11 91
147 44
9 72
140 82
107 17
95 111
26 141
121 44
133 73
77 105
4 87
102 127
96 6
55 77
109 137
128 20
122 1
91 18
68 17
47 72
99 105
68 37
116 130
4 22
78 41
93 105
146 129
116 48
61 111
66 144
4 59
29 27
9 146
143 8
43 107
136 21
72 108
109 21
126 97
9 49
91 88
27 109
10 104
98 17
47 121
117 21
17 118
148 60
89 52
80 56
57 115
68 67
8 21
23 137
26 78
120 33
80 1
110 33
10 79
110 15
43 108
32 79
27 56
107 134
63 86
4 67
130 143
148 12
7 8
47 106
149 138
123 15
13 62
145 85
66 28
141 127
100 51
4 90
60 38
80 99
78 21
22 38
135 70
128 42
61 30
146 28
16 45
133 33
145 16
110 5
102 8
63 66
36 139
13 83
139 118
37 59
67 138
140 79
27 33
101 62
43 49
58 85
63 83
95 33
17 129
133 149
10 140
133 141
68 105
132 15
123 117
38 21
68 116
54 30
146 97
98 24
74 118
54 103
55 101
99 57
25 53
26 16
111 45
123 39
74 30
133 90
43 84
54 90
112 49
55 97
89 118
74 39
72 18
4 45
134 20
28 1
132 93
55 149
25 15
7 66
71 56
23 54
87 39
32 99
71 74
120 115
143 138
60 138
116 117
21 142
74 64
54 131
72 57
70 6
87 94
59 138
104 16
81 101
81 44
2 129
112 118
9 122
136 42
31 40
148 123
47 64
64 129
71 139
138 45
89 134
7 104
51 30
4 61
62 64
120 76
26 45
79 129
43 33
83 94
23 97
29 116
49 57
125 49
125 62
3 89
136 141
63 78
37 111
75 90
29 117
5 57
17 149
109 115
126 150
100 137
126 146
121 86
118 18
43 10
61 28
38 115
50 99
40 109
83 29
67 72
3 141
98 59
130 129
55 93
50 112
23 104
113 52
26 2
97 46
119 7
37 104
122 24
96 39
34 42
78 61
71 120
9 39
34 149
69 105
106 82
112 17
98 5
136 65
91 44
103 18
133 143
23 74
125 79
31 104
9 84
12 91
29 3
36 84
26 93
131 111
66 74
146 76
59 30
137 96
108 12
147 20
74 142
89 108
140 41
25 109
11 15
130 127
96 142
67 3
43 20
65 8
104 24
43 85
58 150
92 90
13 55
77 127
140 27
33 1
12 52
94 118
66 145
4 31
112 106
132 29
123 49
67 114
148 62
50 39
147 107
98 115
123 142
103 95
95 18
31 69
83 105
81 65
135 5
25 57
14 75
117 122
95 56
46 44
100 144
135 99
126 72
80 109
54 56
132 90
48 111
70 79
149 76
66 22
22 12
69 61
32 34
15 111
63 59
7 64
122 134
83 138
7 61
125 46
120 44
140 58
68 72
123 96
131 52
136 97
31 87
51 96
9 62
25 73
37 24
123 18
129 41
125 115
27 82
97 5
132 131
49 76
29 88
62 44
8 142
149 15
124 19
62 90
4 143
74 114
42 143
100 50
25 137
128 10
61 73
19 41
31 24
44 45
81 144
133 91
82 134
122 82
42 80
2 62
132 78
144 88
80 21
75 12
104 99
65 134
32 83
14 34
109 36
100 77
67 27
34 80
11 106
9 85
35 115
42 129
135 150
50 120
19 30
77 95
26 37
138 85
126 45
95 82
149 150
58 72
47 107
128 141
114 46
66 41
104 11
10 129
54 17
8 138
29 146
132 124
150 73
145 112
54 148
9 99
8 84
92 58
86 115
128 114
140 142
101 57
112 84
137 56
40 38
124 48
27 28
29 51
120 40
132 82
92 51
136 39
21 105
92 91
38 45
32 41
9 50
77 91
145 46
101 72
77 74
119 52
83 1
93 64
15 12
97 41
130 142
79 30
145 113
121 62
23 115
2 20
35 120
37 52
83 146
120 46
69 140
23 68
148 33
89 5
71 6
47 50
95 94
141 96
26 117
114 113
19 96
78 116
140 39
27 96
149 97
125 5
147 17
77 98
7 16
75 1
11 45
31 61
43 77
113 22
32 89
106 138
68 41
123 94
15 22
103 3
68 39
4 100
124 39
4 139
35 10
100 53
131 115
117 109
37 70
64 82
71 65
125 3
27 73
131 21
120 86
102 88
129 12
104 115
147 140
147 111
15 20
43 105
35 73
136 29
63 102
144 24
83 41
35 138
35 96
76 141
123 134
61 46
86 36
124 64
102 105
23 142
81 39
13 48
35 87
90 30
109 127
53 123
23 3
37 123
143 113
132 60
48 96
87 76
23 18
37 76
86 94
123 118
81 87
103 74
67 1
130 141
128 61
48 18
132 37
42 66
70 127
128 4
105 73
113 84
57 88
31 116
121 82
10 81
109 16
54 106
128 32
128 51
16 21
34 118
53 122
71 24
61 39
40 118
95 45
112 19
37 94
77 57
93 22
29 76
135 91
84 12
116 46
48 52
81 103
13 74
120 104
10 139
128 84
116 146
80 30
26 67
27 24
112 73
82 20
65 105
77 41
25 90
53 118
7 3
58 33
148 19
28 113
117 41
109 49
127 134
126 18
25 50
14 106
43 113
40 142
100 125
59 118
92 57
66 149
25 112
37 30
146 108
129 138
116 88
75 53
76 45
55 21
97 38
145 19
104 38
4 10
87 24
110 134
47 62
99 21
97 82
37 1
60 135
100 103
147 131
94 76
68 84
87 138
100 80
7 106
104 70
32 73
98 45
63 25
8 82
21 30
63 33
148 8
4 37
83 28
93 94
136 28
34 79
110 127
60 145
104 12
7 13
86 127
53 36
92 122
106 105
68 15
79 22
26 130
26 83
76 84
27 59
71 132
86 3
119 100
66 65
132 91
42 125
9 139
135 139
49 73
103 28
32 61
2 41
109 30
12 30
3 82
149 45
42 101
121 115
51 88
100 108
117 73
75 135
22 127
35 81
89 56
51 45
146 38
63 114
142 73
68 48
112 111
120 81
4 150
51 73
110 115
141 52
23 132
145 1
50 88
94 12
130 56
35 93
77 48
133 140
78 104
101 99
4 114
71 92
53 40
3 8
144 62
132 87
126 107
53 11
55 30
14 108
23 49
19 111
146 17
86 150
93 52
124 80
17 12
124 15
125 113
40 127
102 137
35 8
40 107
35 24
101 87
126 73
25 106
31 149
102 91
123 85
86 5
58 112
13 59
23 28
98 116
3 126
37 36
32 93
149 8
95 6
23 76
62 6
107 46
50 146
55 82
37 20
108 22
28 139
148 24
68 34
93 113
19 8
47 69
132 142
81 30
145 127
22 106
119 55
40 131
69 85
71 141
34 45
119 127
6 91
9 147
76 115
10 56
145 74
28 95
4 32
11 105
15 38
43 124
9 59
131 51
74 112
135 85
71 34
126 113
13 105
16 1
76 5
32 118
97 73
80 137
86 89
112 76
77 146
144 52
98 109
47 67
37 32
113 39
64 141
42 29
149 82
124 58
132 148
96 57
7 136
104 51
87 44
53 106
71 16
110 57
7 122
89 99
32 40
4 5
144 17
67 111
10 18
4 93
135 101
16 49
37 74
40 145
37 102
7 113
50 5
81 45
55 89
9 117
87 134
94 41
23 107
130 57
121 84
128 118
22 85
26 137
86 20
88 1
137 6
145 39
136 36
100 123
82 18
125 8
55 121
121 38
36 97
68 109
120 88
6 57
60 123
145 24
42 58
19 17
5 142
119 44
75 142
136 121
99 137
88 134
98 6
57 84
121 141
22 44
66 142
43 79
51 39
147 33
68 28
89 107
128 35
89 97
132 44
50 87
55 61
32 127
133 35
58 1
25 134
68 142
51 12
93 24
72 36
126 65
26 120
83 115
63 14
81 118
4 144
44 127
117 95
12 18
67 141
108 88
105 44
136 100
123 89
58 109
78 73
81 80
80 143
100 25
9 24
104 129
144 56
82 30
83 127
34 115
60 127
89 40
124 28
136 19
117 8
2 106
60 76
102 123
113 79
10 88
58 139
94 33
83 51
101 95
136 52
7 30
23 4
104 15
25 86
148 76
57 33
71 18
140 46
14 103
38 52
3 51
34 16
147 15
13 21
4 80
7 150
54 139
80 29
78 137
146 45
78 120
3 76
129 105
37 125
149 129
77 141
132 50
112 5
60 104
147 109
35 94
147 66
43 148
54 68
143 38
69 114
71 140
121 89
43 90
119 49
147 41
3 91
150 90
124 34
124 57
72 8
59 127
14 42
14 19
40 33
123 27
50 79
103 143
81 106
147 65
81 86
112 57
136 124
112 12
51 138
103 138
47 25
78 70
131 142
75 48
83 93
63 82
130 20
128 104
14 18
47 63
81 95
16 142
146 61
124 21
71 55
9 61
4 83
135 61
93 45
119 74
132 113
117 137
74 141
100 110
5 141
98 141
108 91
59 79
7 139
26 74
81 70
93 106
103 57
36 21
149 110
143 49
75 80
96 91
16 5
94 22
94 142
65 30
78 76
9 29
92 137
27 142
131 149
78 55
132 34
29 24
144 11
86 130
84 46
7 14
55 139
60 77
141 106
3 105
66 114
25 42
62 59
80 145
120 18
37 101
136 86
122 44
63 48
128 68
54 10
129 111
13 114
54 15
9 31
87 84
120 145
100 94
140 130
139 82
68 62
38 105
142 30
26 1
17 95
14 98
129 46
120 45
38 85
27 108
34 126
133 66
9 91
78 59
124 74
136 85
129 52
133 6
140 103
112 6
113 41
7 117
86 39
128 67
26 69
71 146
146 139
71 41
128 24
126 16
89 127
54 111
98 67
109 91
83 53
58 93
100 59
9 150
13 15
32 44
128 132
87 17
63 99
27 36
10 76
47 96
14 16
55 49
98 103
13 123
60 1
75 46
125 58
128 69
140 109
9 17
83 76
37 100
31 84
121 127
14 44
4 56
121 143
56 20
28 46
78 99
114 109
40 49
103 40
71 66
3 65
144 109
43 58
56 111
80 123
82 115
65 33
67 146
47 9
2 145
104 87
17 106
39 12
68 22
77 90
119 51
104 84
42 49
107 6
77 30
14 90
126 141
22 20
68 76
9 141
4 84
10 120
31 86
109 6
110 24
83 109
137 107
69 19
103 94
76 41
133 107
3 94
2 138
31 85
144 74
43 137
32 146
76 91
123 19
34 87
87 11
23 149
146 82
71 3
33 30
40 19
92 109
60 6
126 36
4 118
105 127
126 82
78 51
136 139
64 38
62 17
119 22
37 38
98 108
68 36
74 138
35 77
117 113
124 118
2 144
66 143
148 91
122 49
95 138
72 127
31 34
119 110
93 11
44 20
126 99
68 16
96 30
16 46
55 84
122 58
102 143
97 39
120 59
14 102
83 134
125 18
113 139
80 108
53 21
99 49
8 12
70 49
86 6
89 48
5 127
120 65
41 1
67 6
128 116
132 76
128 101
127 46
131 127
116 44
100 16
147 27
121 99
56 21
89 6
16 94
72 70
119 88
143 52
143 64
113 150
74 17
138 73
27 105
100 96
52 6
121 12
105 91
68 38
13 92
35 145
14 46
46 1
26 127
46 45
26 58
86 98
34 20
79 20
15 141
57 105
10 52
94 5
43 64
125 12
110 118
119 86
121 24
117 12
26 99
147 129
8 105
2 67
72 118
86 114
86 19
35 40
128 28
125 126
23 73
124 24
13 93
9 60
36 11
33 73
66 51
129 134
41 90
72 73
51 33
122 8
37 120
55 24
29 73
116 76
50 55
32 95
41 91
81 20
32 11
86 62
99 12
114 45
123 111
99 111
31 57
63 96
120 107
64 1
87 115
66 110
148 31
80 8
54 65
144 39
68 53
116 2
116 82
78 62
90 115
95 5
47 58
74 139
121 20
10 125
121 130
101 141
109 52
53 8
70 85
126 114
128 8
35 142
63 120
115 88
146 72
68 51
47 12
68 55
32 135
100 91
47 143
124 42
137 105
59 45
141 138
67 76
7 49
128 143
118 105
100 89
11 118
130 94
136 31
126 57
121 94
102 94
54 97
41 141
75 103
138 1
2 137
81 57
93 49
63 70
63 112
120 126
7 85
10 131
54 42
18 1
77 81
119 56
144 45
29 65
114 118
15 6
2 111
14 146
116 51
66 98
138 44
23 39
13 130
75 18
132 22
31 21
13 20
104 118
146 27
102 32
102 27
117 57
53 137
122 129
26 135
26 61
23 108
66 33
102 104
88 85
136 57
19 44
39 90
124 18
112 16
81 112
98 22
122 106
147 57
16 108
78 122
133 112
89 115
108 84
14 141
69 134
43 117
7 148
68 135
76 106
47 134
71 86
146 57
116 118
11 20
37 83
119 33
145 76
23 41
135 107
50 149
50 73
123 38
132 117
106 57
149 12
133 127
122 52
136 113
32 138
86 110
100 10
26 140
120 49
2 84
40 79
62 39
124 45
43 70
124 130
117 76
117 28
72 109
100 70
54 22
54 49
10 41
122 76
130 1
145 30
112 108
95 110
65 138
147 48
77 33
19 150
75 30
69 145
35 107
8 150
92 45
42 52
145 33
26 51
47 24
53 30
131 11
123 33
89 95
140 5
146 109
13 11
114 57
13 127
97 49
86 90
116 112
64 52
128 131
55 19
54 40
103 113
9 48
59 149
35 74
53 84
98 111
31 93
68 148
83 48
9 130
131 88
42 89
92 114
32 65
75 117
62 115
37 139
7 81
104 46
55 120
83 2
42 77
2 104
132 69
125 36
47 147
35 140
55 141
87 38
125 138
58 108
103 73
130 85
118 33
8 1
75 78
3 146
23 64
43 28
42 22
75 82
78 80
135 58
119 80
66 89
38 134
143 96
122 88
128 112
29 131
103 96
148 99
150 24
69 18
36 105
128 129
122 111
109 12
11 6
125 101
91 24
84 73
52 20
102 51
9 107
126 30
75 111
97 150
47 145
121 79
