InstanceID
6_200_4
NumObjects
200
NumFactors
4
Weights
51.147743685702565
12.137363840295734
83.03755731695395
2.639192720466399
93.57692936146552
30.37121502988569
76.58229275070889
42.895750461308026
71.40299127954843
90.98959528367503
39.98765849272963
92.72455218331477
40.4087243517576
83.70921201405375
11.878561791894281
23.042746637119937
79.81442262438205
34.38441579712539
53.75635631543525
11.554064125274843
71.18489301066752
60.803016448994505
83.02690413312408
64.89059010186918
53.58149118840343
42.96262934825346
62.44408352228872
68.74417253370122
57.15635838149247
99.7193136381383
37.704917984673855
53.1279076704958
96.68082905099497
5.368240736522134
79.72666910534426
28.623352462178687
53.58423891779749
87.0661487683118
73.1669029771239
71.16944453544869
5.265032295153493
73.4644628200109
64.32422759526284
98.99870023311877
82.09978098034836
49.392552185945604
63.94302272547758
31.481309963608094
48.94668424405473
25.711810459890394
96.11890238438782
88.74693507451335
49.83527477925496
96.02993251839173
95.80648562867296
94.75928750560195
72.75443715122194
31.084862872353327
76.83936325382513
46.611107969364916
81.31806595012108
57.53242273887618
68.04550470361237
65.11967069461993
57.03466977460481
15.45880629687546
45.96056307119547
93.77261183833762
65.4560726673125
99.27987959486804
18.294308433359507
84.39233302536474
85.07085918559231
22.46412836925171
8.882074769068149
17.695872509403763
7.541506816690413
17.847639185672914
6.384312889225852
98.86333985813313
12.51616247686922
6.940425046712173
6.211764826137789
50.30101153102271
1.0106750982695756
74.9035969275264
38.553539708314055
32.808288315333066
57.9792703670837
46.35748663514563
50.10283247068901
99.50888599020476
74.63563280066006
77.3468222385181
54.08277645949975
7.501615880344903
33.77484310826324
99.88009617010829
13.439547579257471
2.4057749873503287
0.14889462822509358
68.18383624735951
29.5556320154885
34.81823981028109
40.90021312782801
36.6245384656509
93.13688966569254
98.23389201488881
37.702272182293605
8.441918449069362
37.54495395812676
13.881759859609932
53.31084829864374
45.17379811771782
17.874597173478946
36.13829362441394
9.116414661901029
62.97704861292151
17.016339728578743
55.09670499481898
38.201710425717984
91.53350526141952
50.42217683334618
39.99885335675213
27.78734558165452
35.19677590098704
70.9091974583822
7.340744856560466
71.20668699224026
14.293464733723393
90.18812048878493
8.802230340436434
29.48381921818224
32.47332323381655
16.58584950577748
61.58675579538861
49.86622701365611
0.7111022245250176
42.87232835227157
74.77510686265558
89.67056884967357
47.851669953267304
5.302782504703463
25.459779566420515
73.30441383737434
69.0866397555469
80.60468358621537
1.878037300213431
61.89821408713074
62.451290544697066
60.56774018405897
33.21185803180406
22.63924944222118
23.383296520953678
40.61692787672337
47.87673860509478
2.286403877421983
93.08549768897896
48.171406011516304
94.80816677527848
72.0093509724278
78.32744750772397
22.619469680747617
34.60622717169224
74.66948032866445
24.226813894483
97.37945584475078
21.61966398114641
73.69997741087136
82.93856186720767
31.2189300798289
4.556783730295755
90.83529817770581
55.23751213359829
13.586135501305495
75.65036498645557
43.00818751888487
82.38203163197655
8.968474562901507
37.839715600092674
57.46579478985332
21.542180481523076
49.13565068784391
66.01175755632147
64.54094495936793
85.6724976651248
32.75849116498926
15.313899474448721
42.59304578189307
55.39443704898861
35.16659576703498
47.039274627512675
0.3103443814293394
23.689741292015356
65.94247886694215
18.524263967997978
92.10528243038785
5.9131165418566
2.183819866836223
57.80304630464113
Budget
4962.208817760605
Profits
-10.229548737140513
-2.427472768059147
-16.60751146339079
-0.5278385440932798
-18.715385872293105
-6.074243005977138
-15.316458550141778
-8.579150092261605
-14.280598255909686
-18.197919056735007
-7.9975316985459255
-18.544910436662953
-8.08174487035152
-16.74184240281075
-2.3757123583788564
-4.6085493274239875
-15.96288452487641
-6.876883159425079
-10.75127126308705
-2.3108128250549687
-14.236978602133505
-12.160603289798901
-16.605380826624817
-12.978118020373836
-10.716298237680686
-8.592525869650691
-12.488816704457744
-13.748834506740243
-11.431271676298493
-19.94386272762766
-7.540983596934771
-10.62558153409916
-19.336165810198995
-1.0736481473044268
-15.945333821068852
-5.724670492435737
-10.716847783559498
-17.41322975366236
-14.633380595424779
-14.233888907089739
-1.0530064590306987
-14.692892564002179
-12.864845519052569
-19.799740046623754
-16.41995619606967
-9.87851043718912
-12.788604545095517
-6.296261992721619
-9.789336848810946
-5.142362091978079
-19.223780476877565
-17.74938701490267
-9.967054955850992
-19.205986503678346
-19.161297125734592
-18.95185750112039
-14.550887430244387
-6.216972574470665
-15.367872650765026
-9.322221593872984
-16.263613190024216
-11.506484547775235
-13.609100940722474
-13.023934138923986
-11.406933954920962
-3.091761259375092
-9.192112614239095
-18.754522367667526
-13.0912145334625
-19.855975918973606
-3.6588616866719015
-16.878466605072948
-17.01417183711846
-4.4928256738503425
-1.7764149538136298
-3.5391745018807526
-1.5083013633380826
-3.569527837134583
-1.2768625778451703
-19.772667971626625
-2.503232495373844
-1.3880850093424346
-1.2423529652275578
-10.060202306204541
-0.20213501965391512
-14.980719385505278
-7.710707941662811
-6.5616576630666135
-11.59585407341674
-9.271497327029126
-10.020566494137801
-19.901777198040953
-14.927126560132013
-15.46936444770362
-10.816555291899949
-1.5003231760689806
-6.754968621652648
-19.976019234021656
-2.6879095158514943
-0.48115499747006574
-0.029778925645018717
-13.636767249471902
-5.9111264030976995
-6.963647962056219
-8.180042625565601
-7.32490769313018
-18.627377933138508
-19.646778402977763
-7.540454436458721
-1.6883836898138724
-7.508990791625353
-2.7763519719219865
-10.662169659728749
-9.034759623543565
-3.574919434695789
-7.227658724882788
-1.8232829323802058
-12.595409722584302
-3.4032679457157484
-11.019340998963795
-7.640342085143597
-18.306701052283906
-10.084435366669236
-7.999770671350426
-5.557469116330904
-7.039355180197409
-14.181839491676438
-1.4681489713120932
-14.241337398448053
-2.8586929467446787
-18.037624097756986
-1.7604460680872869
-5.896763843636448
-6.49466464676331
-3.3171699011554963
-12.317351159077722
-9.973245402731221
-0.14222044490500352
-8.574465670454314
-14.955021372531116
-17.934113769934715
-9.570333990653461
-1.0605565009406925
-5.091955913284103
-14.660882767474869
-13.81732795110938
-16.120936717243076
-0.3756074600426862
-12.379642817426149
-12.490258108939413
-12.113548036811794
-6.642371606360813
-4.527849888444235
-4.676659304190736
-8.123385575344674
-9.575347721018955
-0.4572807754843966
-18.61709953779579
-9.63428120230326
-18.961633355055696
-14.401870194485559
-15.665489501544794
-4.523893936149523
-6.921245434338448
-14.93389606573289
-4.8453627788966
-19.475891168950156
-4.323932796229282
-14.73999548217427
-16.587712373441533
-6.24378601596578
-0.911356746059151
-18.16705963554116
-11.047502426719657
-2.7172271002610993
-15.130072997291114
-8.601637503776974
-16.47640632639531
-1.7936949125803014
-7.567943120018535
-11.493158957970664
-4.308436096304615
-9.827130137568783
-13.202351511264293
-12.908188991873587
-17.134499533024957
-6.551698232997852
-3.0627798948897444
-8.518609156378613
-11.078887409797721
-7.033319153406995
-9.407854925502535
-0.06206887628586788
-4.737948258403071
-13.18849577338843
-3.7048527935995956
-18.421056486077568
-1.18262330837132
-0.4367639733672446
-11.560609260928226
FactorLoading
0.1157342166694626	0.11998562020405545	-0.7266048345514924	-0.037675328574989564
0.6486273360622787	0.06222872886428776	0.1802670659675225	-0.10887686910591099
0.5888192137771637	0.07568072569735773	0.01540538957216242	-0.3200946709533161
-0.819532928355041	-0.08264835654512881	0.020032718469331634	0.07778599663049857
0.01878447950832296	0.06308415155253777	0.817250123212236	0.10088124572690327
0.09105479518703286	-0.2800339484653622	0.39274602766993727	-0.23616522867766765
0.07016435075422378	0.40145010426050765	0.28170162698210954	-0.24668391800315903
-0.15939537936437453	0.3992300868191103	0.1611683030609552	-0.28020623075555995
-0.2311301128781178	-0.39317152269923983	-0.16540363070819342	0.21029473371444896
-0.21552483228506825	0.35166119527480744	0.026022688712198816	0.4067912837279255
-0.33487303643771926	0.13829968196787568	0.0819140294656906	-0.44491325212871446
0.8136501481385086	0.029396803496895663	0.08210168543175622	0.07485136293283956
0.1214005555077482	0.28782338887654535	0.23869165617017463	-0.3520843994455318
0.1844914533613602	-0.4195925224467454	0.37251200714995525	-0.023404017041939174
-0.4689772527747258	-0.42974343856751807	0.052926520320002224	-0.048352788337753916
-0.3022445673830556	0.3296145852721477	-0.2518056433840423	0.11633520396075436
-0.050666772998281484	0.18524310198476712	0.37647654002753894	-0.38761358498941245
-0.5881112632946732	0.18392273902839973	-0.1515860911276059	-0.07637990654932114
-0.13056930722428728	-0.0643915726470159	0.40178550705940674	-0.4032536130692901
0.3784049438131982	-0.03304512287306216	0.5373006157500795	0.051249317563660135
0.9057418798826324	-0.034150898917797434	0.015102450973103698	0.04500477022646643
0.5069279344852189	-0.3409091270792428	0.031450189725241495	-0.1207127487102968
0.4462156137397997	-0.1353646883136117	0.006922383649231145	0.4114973142973575
-0.20410871633796712	-0.33396637423130593	-0.1668254036364365	0.29509950579429045
0.103409071721549	0.22620907304951876	0.4431198871597266	0.22726196806920562
-0.6816630092136751	0.008541690680981429	0.20696786410972434	0.10282743599561917
0.10517534892277625	-0.3693027186958453	0.4572568318952057	0.06826510048617274
0.059877802684196624	0.1413500734915416	-0.4478164055079461	0.35095571831631567
0.26646253393360975	-0.0026700068431293467	-0.1882256097988131	0.5426418494244478
0.13311403184891257	-0.36899871391846983	0.3251010008134092	0.1727862534192084
-0.31440970019764425	-0.36699653331368065	-0.09673750447621554	0.22185626201245956
0.16919004545935645	-0.02771216513827368	-0.3683819816573013	0.43471580774506857
-0.127473147055438	0.07063613537044988	0.03295661286063245	0.7689341047134797
-0.09673515292412116	-0.717109521593569	-0.10291477555710982	0.08324054992520002
-0.2754690716949939	-0.489273648563358	-0.002042479506603634	0.23321480023504448
-0.24701047938901466	0.06997616499295045	0.012413680689524531	-0.6705996749285104
0.099759909380295	0.14077653118638112	-0.09253201022033797	-0.6669315492129859
-0.1350066199500426	-0.6294533851048485	0.16094732841441783	0.07459266653069108
-0.6163659540869078	0.23476446352610614	-0.010934881980037892	0.13793470040694822
0.6997078593309192	0.018068563930326187	0.019763891237501774	-0.26245968550125287
0.047360662789011077	0.31264990743405696	0.6241891624763574	-0.0158002673005746
-0.11509598314381564	0.25857292232567297	0.40579914263207684	0.22053195189843455
0.5248649590530632	0.3318147771167108	-0.022502364170346123	0.12081789965987988
0.14070923800960866	0.1106378996962305	0.09504214758140628	0.6536107147127546
-0.6257775965554209	-0.2617127208804657	-0.028044715119330155	-0.08446496744478327
0.30938790771271196	0.013141270317769571	-0.6360629613034774	-0.041407860666041074
0.04232588968577411	0.24083278841143452	0.5754893529571041	-0.14135196894568725
0.11316932119272272	0.3827562973250145	0.02668281858973076	0.47739156289253204
-0.00637250448773008	0.38845865801685386	-0.18290550098819391	-0.42226333650722214
0.21491715345133477	0.588728665370297	-0.15360255823232238	0.04275162294604584
-0.23320948153716503	-0.3360369151965352	0.21570067873915555	-0.2150529245271442
-0.5234099601588289	0.020163554111150006	-0.19399884745853146	-0.2624276382714896
-0.114866134932476	0.25251305713790617	0.11923710570171786	0.5133837022279
-0.4856934826731618	-0.09002963859690483	0.23644816293059967	0.1878287157993337
-0.33658539202337123	-0.14800578625873406	0.39236266571300016	0.12304615600489455
0.44616837522031116	-0.05447908458525497	0.39040258591948795	-0.10894995427494591
0.44106179150032254	0.24839644314287845	0.2883537947297523	0.022187970627046694
-0.08628375101809715	0.22691176237706046	-0.2771766900961856	0.40962779650865677
-0.2217063503604959	-0.5414399523107569	-0.1879297260527999	0.048923971275947276
0.47657152687652093	0.36396747657695827	-0.012038784000912406	0.1474222125456084
-0.19850059172178636	0.2337382625343003	-0.3765846253561167	-0.19117652038779664
-0.09565148607470353	-0.3542376585765761	-0.17745677209311372	-0.37265408325560667
0.07908985564560322	0.3808984126206787	-0.4173472140228447	-0.12266451771087339
-0.18431954633810643	-0.12849519260590747	0.4316262551583867	0.2555590058975994
-0.573254180850572	0.1701258802790162	-0.03864336487149034	-0.21797657399892145
-0.05044639472904633	-0.489793660968457	0.3763305050052075	0.08342943929728919
-0.08384765852149867	-0.10177627341165674	-0.5617356920697993	-0.25264037599704525
0.31142053811017134	0.13594520661233012	-0.12129409619276554	0.431340159084733
0.4150424547123086	-0.22927782527789375	-0.2691427123780026	-0.08653700763179506
-0.04408658410032684	-0.1624739251793328	-0.21309547893260516	-0.5803440117877352
0.0016170015190959397	0.5333515356673881	0.31376508406407844	0.1512663787494375
0.25285075879942265	-0.012295629052867962	0.4285068342906182	-0.3063467778570912
-0.004029933400115926	-0.16296806843744616	-0.592724382671439	0.2402776154909989
0.5416713603873891	-0.10622339301193362	-0.0467702281474045	0.3053350184532728
-0.08774829345268964	0.6801311792544869	0.12289653626659858	0.10922399102622493
0.24741822337662378	0.0066875709904758995	0.40116205775387437	-0.34473214787902595
0.8161738226131994	-0.02154430184351086	0.12776688086453114	-0.034514994678758626
-0.07391946389777271	-0.5184181041393432	-0.4040518790193097	-0.0036105529435743744
-0.1694679548208402	0.11563198965163402	-0.3733019015143355	-0.34159815401319027
-0.3309373436202887	-0.0617911203920547	-0.2060053644596762	0.4012661715279804
0.28135572324049263	0.12926853484124168	0.29662885131338745	-0.29274689060487824
0.18300823260632426	-0.537785415784799	0.09192476023762608	0.18728159137125067
-0.13447915880270211	-0.26706835283816943	-0.05561339306417712	0.5428390952949513
-0.3953378097558884	-0.21099226469911403	-0.04405708885942072	-0.34961283668557686
-0.1051465257160551	-0.10435338342440659	-0.3918793264771847	-0.3986207643823536
-0.22331494526301277	-0.43829226323887394	-0.3260415705021795	0.012351220995933776
-0.5123377865446506	-0.0029933432815911765	0.19741388120299486	0.2872549889707634
0.1477928956360115	-0.20382495903358988	0.04048319844702197	-0.6078989468833766
-0.17453046393190386	-0.3143234237450938	-0.25116360037634444	0.2599825119466579
-0.15391676865211434	-0.4392035524241482	-0.2941709229528964	-0.11270875597084107
-0.34596748223907103	0.033422882186613156	0.34788542371810416	0.27272421185621165
0.10835530403390647	0.45588810197928087	-0.026183192339449102	0.40957340164736356
0.05064872064137793	-0.32696521611963125	0.09020482675262875	0.5321812364863621
0.06125490599017791	0.5494284720075024	-0.16627765504675507	0.22303896695556458
0.169941679103768	-0.36026878324474443	0.1307835707641003	-0.33900596688738727
0.2828889138350754	-0.26588676170597614	-0.18011173462839092	0.2711125898305575
0.32537277604100656	0.06266861037790772	0.3594939685962317	-0.252464644984854
-0.3085783217551643	0.3339051634630521	-0.005716540138970272	-0.3517999746428133
0.261288645952364	-0.08694684011034925	-0.27760942034722813	-0.3741550935900586
0.6690002444482936	0.07147327581928109	0.1974302882597505	-0.062096191472674755
0.1847402045323845	-0.19873212414461738	0.2198997195453931	-0.396627951777605
-0.5780644259735583	0.2648396108837112	-0.11203252657472662	-0.04506343656800382
-0.24644713806844543	-0.19788243665608363	0.2539353786659595	-0.30173504660951145
-0.269186015562602	-0.12059184678121415	-0.04786495278167613	0.5623571848745077
0.12360861960654268	-0.02016079251696623	-0.6307070173257119	0.2255235705507792
0.10060060719145891	0.07510910811922411	0.4921297646204217	0.3321605200688953
0.30885939504249516	0.2884597726699163	0.37570163858590155	-0.026979193701687
-0.05953666216414799	0.10316221422043914	-0.2863237290279097	-0.5509773945875032
-0.06117922048251612	-0.2614154456455986	0.19814627551813246	0.4792590583537528
0.21581076317719794	-0.2671483079561576	0.003548020435228949	-0.5134929084314155
-0.34981109009643374	0.26480192206064745	0.01408226654443534	0.37130472129848346
-0.12118668217897288	-0.32629239699272716	-0.406910211500324	-0.14561070932797593
-0.40325004114950525	-0.16825948654400347	0.19900077833527785	0.22948969397121344
0.059815251756676124	0.102093007577307	-0.46457015930891044	-0.37352158135710645
0.7836848843811617	0.08456532210129941	0.045609624072054045	0.08614016944548486
0.31473111196141046	-0.30805058799584484	0.20736197967208736	-0.16985632037065734
0.1551772771221105	-0.2665290298433356	0.2265241866329073	-0.3517695064016466
0.3592857450171918	-0.4002842963149169	-0.22755948187673103	0.012870476791160268
-0.3866089641898742	0.3839770272498453	-0.22178998499374591	-0.007624023566534577
0.012932841998306577	-0.5637619447449091	0.02699019418741	0.3963150190693743
0.20092817499737636	0.1834144718320354	0.2596298299056028	0.35602752326498543
-0.47368688607100595	-0.02458212605376353	0.18690785468412696	-0.31482313319110355
0.44332347473077394	0.2085538619140086	0.1604314821335402	0.18769118122167727
0.12015632129373643	0.46686068596472063	-0.04644179828343442	0.3665411944581085
0.16490018411466978	-0.6403714804561655	0.11167256165737927	0.08305577377178541
-0.2699580004943942	0.09368704657639326	0.3394755332009418	0.2968794197282707
0.31398461090654783	-0.23756853164706615	-0.36207157422146063	0.08637528322492538
0.01571532697737177	0.2523324795710782	-0.35646136197941525	-0.3754908314721348
-0.032823697102765115	0.16181092531134778	0.7861306815941229	-0.019234695991764195
0.7006479543500446	0.029724057704390017	0.006282990334601335	-0.2633449976109641
0.06350573213445698	-0.16367542638389687	-0.4324849231455581	-0.34033391833608806
-0.2137242576532794	-0.22627702118956328	0.1383668156616067	-0.42163190549555063
-0.26332755727275736	0.10673455233972695	-0.286878458539626	0.3430594318478897
0.4293173670440116	0.2764979857803389	0.15829272183488508	-0.13589192534076444
0.3369100568381165	0.37252125141216164	-0.258036261401124	-0.032532430348597874
-0.012194622551598311	-0.05598506496997846	-0.24872926925138006	0.6830910432270432
0.03750213660947588	0.29492225873821254	0.17903985517527365	0.48853574947703793
-0.4872719223574	-0.3790614989291077	0.09287436674785465	0.04079221196563765
0.026819806199832152	0.0030648759655853564	0.4509539539103482	0.5191613639242343
0.072745090414575	0.1725323250105688	-0.2559755637301302	-0.498747020844726
0.5228182794178675	-0.13140510027459484	0.18431878208890562	-0.16145783821863202
-0.2036853017018967	0.22414280678567722	0.4993265806098026	-0.07284531090262347
-0.22733957952733674	-0.6642301414193243	0.10402603763078466	0.004404241422554245
0.7598420911637738	0.08986152418777604	0.0350783042796019	-0.11521808036884829
0.03253359553141055	0.09319788427660147	0.7045518442764132	0.16971667591557482
0.21051516112718582	0.6762595887222151	0.07560745785167411	-0.037617792298924924
0.5187644949537	-0.042786991796601725	-0.1501571661579164	-0.28829134709178184
-0.38706391460242306	0.006103092585085568	-0.6038394211158431	0.0029935716966482673
-0.0695064544335644	0.28812215527881513	0.37046122360449574	-0.27191016668312473
0.19112199735568747	0.4782295114529327	0.026017144836937733	0.3046313463544421
-0.24769017735758925	-0.044733039252619955	0.6931198895284483	0.014456893861342524
0.5460607015740739	-0.2354462967309343	0.039049999571566296	-0.17944300212342545
-0.6339179826287333	-0.12197945518358866	-0.12194560181954772	-0.12215696036813029
-0.052092211733992366	0.8014868664642918	-0.07284068249044462	-0.07358023931127122
0.050635567085497435	-0.6105332155686476	-0.09235261946361795	0.24647859788223703
0.6965853907900252	0.03428455347026116	0.016934431704352493	0.2521956240353611
-0.04528858428405602	-0.08199831850151185	-0.502385483456977	0.37032761375745515
0.13578682555932975	-0.3485168289991363	-0.5072213219380346	0.00847502350349938
0.45571786064105546	-0.14016332331628956	-0.3408903369346783	-0.06322847910797669
-0.05913981951815961	-0.09612302897115099	-0.3797335911290316	-0.4650035603816578
0.34652804752727295	0.15628714646678454	0.12134090807082742	-0.3758438979351151
0.7342756774214712	0.07934499181798005	0.11348818238548408	0.07289114837506472
0.15311891010238443	0.6519087281354212	0.11105059734336309	-0.08392176441883126
0.8254652676059475	-0.006491788981484836	-0.16354863934541508	0.004494304067152566
-0.046409190500103836	0.15924700016541982	-0.1100369792940108	-0.6843068300404656
0.43759321531025464	0.3108685895837726	-0.16117005128835826	0.09036814381761449
-0.13224146111214097	-0.05127380863354647	0.2890678096289274	-0.5274169206253851
0.10810313988548348	-0.38135083978042084	-0.044029895190253576	0.4665161251438421
0.018794567724907507	0.048062284414349676	0.011509405714664522	-0.9216337421460783
-0.552767718607243	0.01095299370019065	0.09828045354874804	0.33799883414381826
-0.016874303502159016	-0.380400782159265	0.5222472457660694	-0.0804776685725066
0.5839611653034256	0.23973368894593872	-0.13211248501782547	-0.04419266073281025
0.5679495018154987	0.07408637071382507	0.2774774076275499	-0.08048671984312628
-0.10379825148604938	0.5010444082838137	0.2136602412396007	-0.18149709899053623
-0.4126463381730683	-0.44656449590002856	-0.006181272417140171	0.134607893509763
0.15516219134514886	-0.2953085628457961	-0.08609489237692824	-0.4634343534321268
0.15892571869563388	-0.22223027661482742	-0.5045204796909317	0.11432352499860698
-0.6642597822231306	0.2665735277683572	0.017501247800592257	0.05166544220791991
-0.04883551165445321	-0.3219307842043466	0.4441277618340269	0.18510594230717325
0.08715773031984853	-0.477171361401205	-0.20025497063072706	-0.23541593764821944
0.1391557227654432	0.018786677838752208	0.4793360540808065	0.3627215453149981
-0.43415636463837237	-0.2810135575033459	0.17336084509876915	-0.1114692327595126
-0.47935014137159704	0.20594814452033372	0.25409488023638627	-0.060606833871682975
-0.18884849665134285	0.1383952642331545	-0.18663382456064603	-0.4861224145548566
-0.2876256383604625	0.016755422816973065	-0.24709040555229977	-0.44852853327026465
-0.6630383836295424	-0.0217392711114901	-0.2665003230975316	-0.04872202216143595
0.05969846508876775	0.18645812371176307	0.42763397645129175	-0.32620943474817743
-0.01764339080370836	-0.5716671832465237	-0.3951428282698346	-0.015546597679933383
-0.0026983605729358207	-0.35300051361758844	-0.40654786504567375	-0.237753260763802
-0.09389356459173737	0.46981312577607603	-0.10517202213526367	-0.33112128749692293
0.26304081971630233	-0.05078968713874299	-0.10205334087074713	-0.5841161522742075
-0.31829967856065666	0.2542458530356746	-0.16734184017478748	0.26011262822888126
0.059580877898183005	0.053413242942767614	-0.2866642382847562	-0.6003416408742932
-0.34063865800432036	0.4495290512598298	0.005783331316207674	-0.20404895941964218
-0.46338785956009354	-0.11266804850980505	0.0751925145001584	0.348751577429943
0.5419415633574374	0.07177883191046219	-0.27577396759997397	0.11050563713212647
-0.09901141697541416	0.41425629820819876	-0.47439493588136306	0.012337348935024028
-0.6391901264081297	-0.05574194766428575	0.170404685217179	-0.13466324071040559
0.21890207871396616	-0.21965980248714634	0.23221993687438225	0.32921818192450525
0.49203742730630173	0.10414991388397721	0.36714767810906457	-0.03666498070065649
Conflicts
147 105
50 41
114 162
39 182
148 143
150 183
147 101
78 52
72 41
86 46
179 192
62 118
135 33
128 56
37 100
64 79
47 57
30 45
172 150
42 70
135 141
157 116
125 106
121 155
193 127
155 94
164 57
102 150
160 5
145 96
121 11
68 129
130 88
13 96
34 88
174 24
116 96
67 44
130 113
97 38
198 18
114 143
69 20
44 30
29 149
40 57
187 18
47 64
61 171
166 110
46 20
93 8
174 101
168 190
46 158
41 134
173 52
25 114
123 56
147 87
115 85
125 190
60 103
184 115
86 96
16 20
184 196
198 165
81 61
53 197
60 45
75 143
10 72
128 175
74 111
136 184
23 103
157 189
178 21
74 130
71 177
120 61
153 12
165 8
159 131
132 97
177 17
170 185
189 164
38 134
116 56
25 73
146 111
26 162
170 98
159 44
43 46
89 138
147 146
9 11
76 129
146 19
168 11
128 123
198 15
71 137
136 104
119 41
136 79
26 151
42 64
110 197
198 44
37 46
195 103
26 180
23 6
29 82
60 28
119 140
139 39
94 138
123 198
166 63
125 145
68 31
63 17
23 94
31 193
86 101
104 127
7 180
28 134
92 33
5 33
144 97
78 177
27 41
86 95
196 127
42 58
166 31
151 40
34 145
101 99
200 162
116 44
96 127
69 198
29 79
19 15
71 135
175 184
157 86
9 65
185 44
10 90
136 144
103 36
177 182
191 118
25 16
86 118
172 118
87 45
9 53
128 177
106 12
77 65
59 1
133 137
159 17
2 58
137 33
109 185
174 90
147 158
100 73
2 39
36 155
186 18
103 57
188 45
86 117
10 94
83 65
72 139
53 117
199 6
113 88
87 6
31 15
67 99
195 29
100 116
100 67
71 198
153 52
21 138
69 99
196 138
120 145
27 95
26 8
123 143
168 69
80 190
26 102
76 84
55 15
76 111
16 44
75 180
39 88
81 12
67 73
147 99
197 118
37 191
40 175
14 135
137 44
31 176
179 6
120 106
142 197
48 51
100 138
138 158
108 46
171 22
132 5
37 195
126 134
159 2
140 80
133 16
119 154
178 184
103 91
186 59
191 13
178 156
19 107
110 196
58 19
35 95
190 38
153 24
89 129
32 165
170 90
94 44
110 111
75 32
38 20
153 65
174 68
2 86
49 44
27 30
98 62
9 126
56 24
162 142
138 91
176 138
31 121
80 153
102 6
36 149
9 134
103 137
10 33
189 138
132 25
132 6
174 18
104 90
195 192
29 164
179 188
7 80
130 138
164 150
117 6
34 151
23 121
159 42
50 193
34 96
123 149
163 151
60 88
166 26
168 32
133 195
178 3
136 93
137 8
172 182
159 91
43 107
173 155
150 138
32 28
117 67
25 34
5 46
117 94
105 138
196 118
168 27
117 183
25 183
69 106
25 87
145 28
181 38
121 104
128 94
138 24
25 197
65 164
101 6
48 46
198 118
25 150
187 140
81 22
170 18
168 148
139 164
55 110
146 122
77 20
191 109
137 150
136 190
155 51
4 186
120 190
191 172
148 106
176 141
4 34
169 171
55 77
14 57
37 135
112 52
102 79
199 94
100 90
194 17
163 105
63 24
178 197
157 103
148 111
61 112
182 85
75 179
194 58
175 33
135 185
95 21
101 105
43 162
86 149
59 142
179 150
34 65
136 13
175 38
200 19
119 141
151 64
189 51
63 53
4 97
200 25
173 113
47 116
135 45
179 142
53 184
91 30
9 123
2 149
54 124
142 183
177 138
131 79
114 141
102 48
191 139
161 24
40 94
132 194
29 52
160 25
8 39
194 59
197 127
87 197
152 141
180 12
61 188
196 1
187 17
173 60
174 132
177 147
50 95
119 20
106 1
165 88
94 171
10 146
31 56
32 142
170 195
100 69
167 62
146 155
31 51
104 192
96 73
178 96
194 70
69 70
75 100
34 129
26 131
81 114
4 179
117 48
151 186
48 8
179 153
144 137
104 169
164 20
58 51
137 127
64 12
104 79
61 95
133 75
78 187
163 60
87 184
80 24
82 85
169 51
159 185
100 39
194 192
187 48
80 73
167 103
67 115
137 46
4 81
112 88
113 33
77 111
17 20
92 79
184 183
135 88
100 86
143 85
167 33
153 96
9 145
37 29
161 175
163 138
148 105
78 146
147 142
154 84
54 177
71 168
109 48
148 112
120 144
164 5
79 82
173 197
128 188
65 182
75 120
25 147
60 129
2 89
143 162
168 5
133 191
9 39
54 113
60 99
126 6
165 41
124 146
186 20
136 92
138 6
92 192
132 102
4 3
91 57
92 190
125 111
66 97
40 28
10 193
178 33
149 96
163 186
78 32
75 6
8 96
98 56
19 183
143 196
40 105
166 36
42 56
193 182
31 141
125 76
43 31
26 11
23 154
186 8
31 11
40 115
116 62
103 126
2 85
116 58
60 11
120 175
16 88
178 15
167 153
78 22
77 87
121 171
32 122
3 62
26 174
18 24
169 82
53 86
145 74
23 87
125 62
145 129
58 139
194 127
23 145
68 140
55 10
117 46
198 114
92 21
71 188
139 134
69 97
23 176
143 149
54 194
143 46
145 126
75 129
53 15
102 185
40 99
107 138
116 91
191 117
179 21
68 176
28 39
133 148
119 68
76 138
17 56
198 186
76 82
77 64
42 149
168 42
10 176
137 20
166 113
67 90
173 88
147 18
114 82
189 161
99 59
37 22
80 99
174 131
181 171
60 8
133 41
121 146
119 158
43 109
69 82
113 52
7 62
156 137
117 24
35 46
37 45
100 149
68 190
173 139
187 75
145 104
99 141
130 62
167 134
86 137
69 61
190 59
135 156
103 110
7 61
169 5
174 92
59 185
178 73
54 34
2 51
81 190
116 65
161 15
98 48
129 141
103 183
89 137
39 18
81 19
119 165
160 24
60 199
194 112
101 153
108 141
58 59
53 76
71 190
32 80
132 165
42 61
14 79
43 131
109 24
118 39
193 74
155 84
4 88
185 139
4 52
120 2
119 47
50 182
3 74
133 24
64 46
178 171
43 73
80 38
8 46
178 194
120 8
177 93
139 158
35 126
34 93
63 158
71 34
151 94
25 11
159 99
151 27
23 180
190 118
123 73
156 104
13 52
156 49
119 93
104 105
155 169
160 124
31 33
3 129
83 27
43 148
132 64
193 162
85 30
66 17
77 134
162 96
16 18
192 105
112 46
187 110
25 27
92 156
186 79
170 161
23 117
60 5
169 22
41 158
177 22
200 182
194 120
74 38
62 134
109 8
119 49
179 151
166 28
128 12
21 18
60 161
4 176
92 153
63 30
66 141
60 79
163 106
124 91
78 140
37 156
53 145
184 138
195 144
34 146
43 57
19 171
63 189
172 16
146 24
54 11
151 12
145 113
55 104
147 196
159 172
170 149
160 134
13 104
146 8
154 82
19 111
128 93
175 150
89 165
154 46
130 61
71 90
99 109
168 79
28 97
23 174
193 52
173 158
78 6
92 11
139 106
65 94
200 22
53 11
139 82
2 21
173 127
191 198
32 6
156 186
137 91
194 104
148 151
100 156
160 98
10 103
43 24
72 87
160 85
148 137
179 86
26 21
163 16
156 145
170 45
76 6
101 90
70 90
178 56
31 67
194 73
37 194
133 155
9 15
146 183
16 150
31 45
173 105
58 64
161 28
191 184
65 171
122 115
125 41
75 107
155 158
99 44
16 175
178 81
161 79
149 91
75 65
194 131
36 70
159 49
167 189
130 48
171 196
168 123
198 96
178 182
101 84
92 145
7 142
74 118
153 11
28 184
191 93
25 66
80 171
81 49
47 2
133 110
123 117
74 5
170 19
170 194
136 145
168 14
4 31
47 70
140 171
198 22
191 64
42 74
111 30
72 49
43 114
170 95
151 143
27 113
125 110
3 72
151 122
13 39
26 10
119 16
54 27
130 93
160 182
128 198
180 109
37 151
63 154
166 127
67 96
145 183
35 38
160 135
185 5
170 14
139 22
168 184
101 67
66 192
17 87
194 18
122 38
136 6
42 112
198 142
81 184
153 87
78 80
187 196
105 1
70 24
177 51
55 109
16 149
167 61
62 129
102 82
133 157
145 65
89 126
10 172
149 164
32 123
194 76
25 40
166 87
156 126
30 24
60 48
55 192
89 104
7 18
107 111
176 57
190 8
148 95
160 176
100 105
167 106
195 80
162 171
161 88
87 95
136 127
131 59
26 92
165 85
80 91
158 30
123 104
161 95
130 79
125 30
80 188
66 90
119 84
156 79
154 117
177 120
23 81
180 89
43 113
23 72
200 139
31 144
162 64
55 181
28 79
186 21
34 130
135 125
147 97
143 115
56 115
61 12
68 35
141 33
80 142
155 129
177 86
144 113
98 146
29 127
175 20
81 56
175 21
141 85
19 182
113 118
166 155
161 188
78 8
32 116
173 154
191 185
148 118
87 21
120 97
154 115
47 144
144 158
13 125
66 142
23 61
35 144
174 70
128 41
60 29
163 189
159 36
153 49
156 83
7 183
160 109
167 59
131 114
88 20
43 60
149 141
47 171
189 183
10 53
60 58
191 53
124 15
135 110
199 88
166 6
23 51
93 141
8 196
113 110
74 84
137 155
76 150
133 153
163 33
187 86
114 1
160 101
128 16
50 80
108 8
108 139
80 175
176 158
107 88
190 90
72 110
125 157
85 183
142 44
114 28
83 149
160 112
147 6
181 139
141 44
117 61
172 64
170 155
42 175
25 10
159 154
160 59
194 198
67 17
119 122
21 22
72 88
123 30
28 142
122 87
60 195
69 44
198 91
35 3
166 180
75 74
7 186
43 156
169 46
68 83
142 38
42 183
4 40
86 58
198 56
67 185
157 87
36 41
45 85
191 125
81 58
161 131
9 101
79 8
35 49
48 90
78 131
145 144
155 105
95 51
174 69
131 196
36 196
69 143
3 88
101 183
120 89
34 97
99 115
89 61
75 154
199 162
174 140
9 137
108 106
140 72
161 115
28 20
48 65
187 60
107 184
154 88
135 151
156 45
119 142
180 121
130 52
154 12
166 27
186 48
31 35
96 82
26 150
167 64
135 145
43 38
195 64
132 199
156 120
4 98
52 18
48 57
74 91
145 72
94 176
197 90
162 152
178 79
193 106
187 177
163 181
64 127
71 157
29 12
54 28
126 161
77 127
135 34
59 96
42 108
123 65
187 186
77 193
113 158
180 113
60 156
83 150
194 74
121 36
167 168
69 152
67 5
187 42
100 41
13 49
146 115
50 177
5 73
101 18
123 51
166 29
35 15
21 6
53 182
131 150
96 134
119 180
32 115
146 30
28 105
185 79
103 24
32 84
171 52
34 197
28 12
67 33
61 46
103 150
60 33
200 7
75 125
166 86
154 114
187 34
57 134
54 158
94 20
71 70
195 17
92 16
154 5
38 44
136 50
55 62
70 91
54 167
133 178
170 55
128 125
55 146
173 189
16 12
192 152
99 91
161 165
89 15
13 30
10 89
196 134
121 45
119 181
63 148
148 125
80 84
177 8
78 138
83 30
75 171
55 34
95 44
160 72
191 39
172 67
199 40
37 65
92 121
195 130
110 97
138 84
53 127
71 174
166 72
55 19
172 122
144 197
86 29
104 11
56 152
14 158
4 24
174 130
124 82
75 124
170 190
125 53
28 96
66 80
161 96
170 38
72 93
100 124
102 107
28 150
29 96
148 36
26 33
4 69
128 29
9 108
191 180
178 110
154 27
172 121
124 172
117 185
63 62
168 2
116 17
86 70
179 8
77 146
40 164
189 99
36 197
35 36
72 107
14 105
11 5
78 33
170 65
170 59
4 153
7 160
104 20
187 88
191 8
170 36
160 147
145 107
37 180
37 50
101 57
126 76
67 111
4 96
77 117
177 169
107 139
181 51
154 79
133 19
167 175
147 94
173 176
55 52
125 99
78 121
74 8
25 192
189 87
117 141
190 183
66 21
35 102
35 65
28 91
193 161
199 73
179 99
193 1
55 88
121 39
146 1
170 156
170 35
34 198
9 27
189 126
136 91
132 41
71 136
188 41
200 67
180 125
112 28
198 74
77 85
102 190
138 12
161 139
190 20
32 104
87 64
117 1
177 157
137 183
65 15
55 85
9 2
95 85
189 176
60 197
140 165
193 65
83 162
199 22
4 155
68 93
89 16
47 111
14 50
178 2
117 59
133 22
186 52
159 58
77 109
32 105
100 8
101 65
78 15
145 11
135 52
187 183
151 67
31 180
162 36
122 149
91 90
3 112
2 59
34 57
86 69
132 115
97 111
54 187
28 84
35 190
63 21
124 129
64 65
130 164
40 41
87 106
195 90
89 117
75 76
198 72
43 172
54 172
100 61
58 186
145 108
19 176
94 84
113 12
189 197
200 130
89 44
136 73
41 183
181 17
160 40
22 6
100 151
126 41
128 103
131 185
173 59
193 129
37 155
123 109
7 116
58 87
10 93
199 147
61 8
7 134
118 38
29 145
132 178
9 111
14 72
14 73
98 165
159 39
54 92
164 96
119 174
63 122
26 149
200 71
83 118
83 103
69 30
40 171
59 182
87 118
166 101
126 24
86 18
187 41
109 88
102 57
66 169
105 12
4 16
99 108
189 90
102 186
68 89
19 87
100 29
26 197
43 178
200 109
106 46
29 41
53 17
86 183
181 186
98 65
75 98
61 64
13 108
61 39
149 11
152 85
36 108
197 21
143 76
35 45
141 38
198 5
26 172
198 143
76 127
23 34
148 96
128 186
31 154
168 117
13 196
9 4
71 10
2 38
67 46
166 16
28 169
50 127
102 39
120 197
37 77
133 171
128 192
187 96
196 12
1 85
165 169
77 70
21 30
7 25
32 130
114 8
152 57
10 95
61 79
58 24
55 86
48 6
142 46
162 24
62 176
195 97
70 134
35 39
37 98
163 37
140 141
167 188
147 118
1 73
120 103
59 20
97 8
86 27
87 108
61 129
164 8
47 135
74 87
2 17
21 85
41 21
132 100
50 73
63 67
118 15
120 64
92 113
68 148
27 152
55 123
132 137
77 51
43 119
8 158
118 127
42 82
23 99
187 19
19 142
146 16
121 53
128 197
15 57
94 91
180 158
80 106
128 70
172 97
60 59
186 33
63 142
9 55
58 131
75 21
93 56
13 102
177 41
116 138
61 139
166 69
192 158
87 30
166 117
34 171
193 150
185 142
124 140
101 149
173 74
56 84
199 183
50 34
11 44
189 146
193 143
140 186
29 158
26 148
13 181
148 156
180 65
79 15
34 106
116 103
157 24
113 76
200 30
14 104
14 32
156 164
114 33
93 113
113 115
166 7
125 39
47 106
128 83
68 142
156 161
60 185
199 196
174 59
77 40
41 46
80 28
117 79
194 169
34 53
38 182
144 150
190 18
103 61
68 49
88 183
50 64
163 178
166 1
133 48
148 33
83 36
146 51
69 24
174 197
132 126
200 84
171 51
119 151
27 36
137 94
74 96
65 158
152 44
71 66
75 127
148 44
39 12
47 67
193 181
35 198
42 87
184 57
131 141
125 117
198 24
55 69
177 150
92 161
185 6
136 137
116 12
153 188
16 56
58 72
25 176
43 61
148 180
92 155
153 48
175 56
139 85
89 150
145 99
16 176
116 61
196 24
153 184
66 175
167 115
62 84
103 76
82 73
194 123
110 11
2 182
174 145
43 39
136 12
56 176
161 44
120 57
132 68
75 121
29 162
64 59
98 12
9 19
119 168
23 147
163 179
23 89
194 38
170 13
93 108
77 61
98 129
126 79
166 57
160 156
135 18
189 110
81 139
186 16
15 182
50 185
131 164
120 65
124 53
178 97
63 3
200 72
37 28
166 186
68 141
75 101
162 106
9 178
34 117
71 111
53 171
60 42
60 55
13 16
177 30
4 139
48 171
47 32
165 127
200 48
128 159
38 127
176 184
148 18
150 1
29 15
13 130
37 17
192 113
194 126
37 175
77 131
122 185
180 42
132 48
23 62
123 162
95 88
48 138
16 158
119 72
14 35
176 24
135 55
173 184
50 117
140 40
126 149
112 27
59 127
101 15
42 176
168 164
147 89
173 169
136 173
116 104
121 33
37 144
169 184
75 57
25 75
15 1
155 142
94 188
124 184
107 5
101 111
156 10
153 176
23 140
54 74
177 114
58 90
16 62
9 92
29 193
14 139
104 130
165 106
61 110
177 115
3 44
168 186
98 19
15 90
9 154
119 17
122 28
99 182
154 28
4 171
189 153
64 22
137 141
102 127
132 49
89 62
198 65
81 17
156 89
78 24
119 96
178 130
191 56
125 45
177 96
179 111
160 21
110 70
71 113
169 49
66 186
68 106
147 58
8 134
25 67
26 30
168 187
61 149
119 25
135 121
170 151
109 57
62 105
29 109
177 5
55 61
43 112
194 134
79 44
122 118
48 1
9 30
125 137
189 49
53 38
47 35
130 91
48 185
8 183
69 41
54 41
55 28
47 99
67 134
195 28
19 38
128 87
159 5
133 100
65 59
25 120
50 40
153 41
95 129
172 183
181 137
100 112
53 67
35 146
189 127
92 165
92 15
162 21
75 198
167 51
189 182
32 190
93 149
126 46
164 76
54 173
147 88
200 94
166 45
179 161
192 85
29 90
200 153
112 6
199 20
160 126
75 14
74 164
102 85
150 134
104 113
100 102
179 45
34 91
146 3
133 80
102 177
116 109
47 79
191 59
99 144
191 77
148 146
171 141
29 11
80 89
32 36
151 46
114 164
131 96
67 45
34 143
63 41
128 191
166 49
151 30
64 57
170 66
167 114
10 22
200 34
168 55
191 138
173 125
7 146
190 169
35 44
167 13
10 116
172 84
133 13
80 129
79 21
180 126
128 145
165 65
97 18
171 134
133 132
99 56
181 134
195 24
193 8
107 85
123 3
136 170
4 182
78 56
126 62
9 131
86 99
42 33
32 57
123 89
156 180
58 62
35 185
19 110
132 20
87 15
156 51
42 89
116 198
74 165
4 47
23 120
127 30
175 185
120 185
166 12
63 105
36 138
136 123
133 192
51 44
102 151
121 64
180 72
162 175
47 20
75 93
13 34
22 138
167 101
133 8
31 126
76 1
69 59
199 146
163 67
47 83
66 121
193 49
4 39
4 147
185 111
25 126
35 76
190 139
173 77
86 48
53 103
102 176
103 97
63 29
23 113
59 97
121 117
162 22
147 182
187 3
194 77
51 76
177 67
196 45
54 93
83 77
125 87
99 64
144 108
99 72
179 98
42 198
131 65
16 70
11 33
161 51
135 2
37 82
167 68
198 12
179 182
145 175
70 182
2 87
148 5
131 108
2 143
102 20
159 129
163 55
166 140
172 153
43 168
66 86
162 11
6 1
74 192
195 123
61 27
11 97
6 182
102 2
178 112
148 122
108 150
99 118
74 88
80 3
92 35
188 138
61 142
61 48
186 152
31 65
163 171
165 46
177 162
48 129
31 143
181 30
78 188
186 88
199 126
87 56
139 96
9 64
194 154
124 99
187 32
62 127
26 112
128 173
170 62
78 118
35 192
68 158
13 88
75 147
83 106
147 65
130 82
68 51
74 94
133 161
23 92
80 85
9 199
98 138
23 172
198 108
71 132
191 102
102 50
36 127
136 189
136 2
64 108
48 49
124 16
173 96
26 86
14 10
168 115
166 107
94 106
144 21
163 1
5 197
145 146
119 121
133 59
190 88
26 181
56 45
23 66
101 144
187 16
99 41
173 67
178 165
98 192
43 13
190 39
148 69
143 184
109 70
14 164
163 192
62 142
34 141
97 84
25 145
181 65
84 85
128 45
13 115
108 79
68 112
154 144
47 100
135 117
194 125
54 161
187 109
156 134
172 129
178 188
194 82
143 134
109 111
53 88
144 109
198 6
189 16
87 73
63 135
7 69
77 91
147 70
163 134
163 102
49 8
68 20
62 48
132 171
10 109
178 131
4 84
124 67
26 91
33 45
178 120
25 199
2 101
166 56
107 91
83 138
179 140
15 82
121 107
112 36
168 134
50 24
113 38
98 184
41 88
76 106
71 4
174 147
184 118
135 12
121 158
113 138
125 182
109 115
58 17
187 67
131 192
3 20
199 140
98 182
7 48
156 98
145 162
52 33
151 18
4 187
25 59
58 164
83 93
169 73
5 38
89 162
68 170
172 162
2 36
80 82
170 11
157 99
9 152
106 20
200 89
123 90
140 110
191 187
191 65
165 20
151 99
64 84
42 162
28 118
166 123
156 6
95 57
43 51
123 137
35 52
61 186
135 65
90 1
130 49
78 151
136 187
77 84
10 39
63 106
180 94
176 91
129 18
50 39
136 147
190 15
56 49
47 194
29 28
167 93
136 82
137 185
189 85
71 88
157 77
192 52
163 36
113 155
61 59
190 150
180 52
200 113
14 52
155 152
174 181
14 17
82 12
13 152
181 72
89 182
92 141
143 109
160 116
51 150
15 84
72 158
77 89
198 52
129 115
55 151
140 96
13 75
127 52
51 196
58 22
128 81
155 106
191 96
13 87
87 18
194 27
133 14
166 78
8 33
97 96
141 39
136 40
157 30
170 24
140 190
101 22
35 82
113 97
80 196
177 158
132 40
168 137
32 55
35 53
194 188
40 73
174 176
100 140
21 52
160 108
178 175
42 118
48 44
14 176
177 69
116 140
173 49
187 66
132 161
117 118
55 6
188 182
140 129
139 52
68 3
128 57
10 114
198 149
155 164
167 81
3 165
191 35
198 162
23 82
195 107
2 130
27 70
51 134
200 134
7 177
119 120
179 103
64 118
2 137
79 96
32 147
60 86
167 28
156 81
69 39
194 110
102 125
80 76
139 91
130 175
140 46
13 138
174 188
79 176
100 173
71 57
95 176
64 115
32 98
66 67
71 12
35 105
112 171
39 24
160 82
192 87
126 5
136 1
155 1
168 51
20 18
68 77
6 158
80 46
199 81
137 79
81 51
108 188
75 191
40 70
133 39
198 122
120 143
65 175
128 129
121 46
191 186
49 22
148 184
10 123
119 194
3 18
32 189
26 110
47 45
146 62
54 51
77 130
107 96
189 72
59 90
32 82
86 112
156 176
126 101
81 76
154 161
146 127
167 1
147 165
102 196
113 185
147 103
32 8
153 56
79 141
178 24
32 58
99 113
155 85
160 4
43 199
55 114
163 152
31 146
123 108
86 161
46 30
123 184
124 185
170 10
166 33
37 161
27 8
162 8
124 46
179 165
71 199
189 137
152 127
167 159
167 155
62 6
23 67
25 146
136 61
157 126
62 175
60 56
180 152
60 53
140 150
85 20
199 51
50 84
9 87
93 41
87 46
68 32
180 112
132 34
43 3
25 175
180 5
181 150
50 172
191 89
119 171
75 69
42 2
167 11
34 8
98 150
198 8
70 38
103 123
163 76
4 68
135 73
163 123
102 17
199 45
83 113
4 95
27 72
63 60
43 95
200 39
174 48
109 176
98 145
51 182
113 70
121 106
122 17
184 106
104 182
160 58
62 11
62 30
172 145
190 46
9 33
2 19
63 164
60 69
120 20
61 19
177 121
112 49
160 8
131 74
193 171
126 110
5 21
109 87
131 24
42 96
13 94
174 5
151 112
96 142
156 125
3 130
48 184
168 163
164 171
170 17
103 114
27 19
129 45
4 107
7 36
78 184
60 101
104 64
174 116
81 79
75 24
7 22
43 189
4 145
102 60
43 146
43 59
72 169
58 114
162 164
53 188
113 108
6 18
172 185
14 80
135 90
64 183
23 52
136 34
150 111
37 34
170 64
144 94
66 93
154 186
13 73
120 181
103 59
153 21
50 83
25 41
7 75
83 169
143 74
22 84
19 41
77 95
101 122
86 22
63 124
53 81
107 1
200 53
32 46
31 41
71 109
81 137
54 33
175 127
140 28
194 181
174 13
176 142
180 20
124 196
116 115
15 46
168 150
11 57
29 8
54 156
60 27
154 105
108 96
98 90
118 6
71 129
136 32
166 64
61 97
195 120
152 18
74 82
112 22
103 171
168 152
148 188
42 72
151 66
43 111
70 76
135 57
22 115
2 107
142 182
179 121
95 96
165 22
121 76
14 180
168 106
103 40
200 52
156 155
177 181
173 147
113 176
25 161
40 88
200 112
139 49
7 178
71 146
162 183
177 21
116 149
177 12
98 1
34 70
13 151
61 197
126 73
169 96
94 21
37 14
102 19
63 61
53 110
132 39
102 34
104 52
187 125
75 123
116 64
9 77
159 139
109 107
102 129
131 17
147 45
7 157
92 101
69 110
4 60
102 152
132 8
167 176
43 62
131 36
123 192
25 123
32 127
119 24
159 84
190 93
95 12
29 137
145 190
3 196
129 118
66 40
199 113
43 93
10 186
132 192
145 197
56 57
53 72
153 85
161 99
148 61
120 67
101 70
144 84
198 51
124 89
186 64
170 121
100 107
181 111
83 81
16 52
121 141
4 89
53 104
48 18
42 111
13 62
187 124
78 153
103 115
36 17
14 84
26 184
14 154
149 97
137 1
35 171
140 155
181 141
66 62
149 106
144 134
130 70
191 164
92 112
151 188
173 82
36 22
13 60
25 57
124 21
169 76
99 152
163 42
64 51
4 1
104 44
3 143
186 105
157 34
51 142
145 109
157 112
32 49
179 116
37 111
49 73
54 53
28 22
175 106
72 197
121 109
102 3
200 170
193 84
117 30
47 146
38 183
177 141
189 193
136 17
76 22
42 6
26 168
178 102
163 131
163 61
192 41
7 86
2 161
128 126
40 158
197 1
114 142
173 38
92 5
172 169
187 33
47 101
68 138
157 106
124 87
131 52
74 70
125 129
132 120
146 171
186 97
149 197
107 196
177 105
86 24
4 38
121 88
60 73
116 186
32 113
181 146
100 6
181 21
102 188
67 182
119 152
163 87
179 69
154 151
117 11
169 106
19 95
125 153
200 132
126 130
110 171
151 117
64 158
74 137
10 175
12 85
68 123
181 41
110 90
195 193
56 110
14 88
73 18
155 110
39 46
50 19
183 20
167 160
69 183
54 162
140 44
191 48
7 162
55 53
166 67
68 79
63 38
148 153
66 115
148 129
151 33
168 41
178 40
13 65
103 149
181 107
31 88
114 41
147 138
77 142
43 66
31 107
127 158
54 76
120 164
75 173
168 20
187 80
67 149
119 101
123 8
26 118
147 73
94 85
32 196
35 186
109 97
184 142
54 19
159 10
23 55
63 70
9 129
26 31
116 93
77 18
140 70
136 117
43 16
22 24
26 135
117 155
40 18
132 18
148 190
3 33
123 88
98 64
89 176
163 115
193 19
167 75
163 95
129 15
81 46
194 56
80 107
197 111
80 117
136 126
64 49
147 127
145 171
32 44
102 87
75 144
194 114
170 188
194 34
108 142
174 42
140 18
67 184
26 80
100 28
189 44
197 30
177 32
135 142
155 18
72 85
165 52
154 153
23 152
168 61
187 192
11 138
21 106
123 190
43 149
173 143
173 151
156 29
166 188
189 154
154 121
177 62
87 82
102 116
102 61
142 41
47 109
160 185
74 149
34 186
65 84
28 62
128 50
23 134
58 188
185 82
63 109
131 30
108 115
77 36
187 93
65 115
121 56
168 118
138 18
58 162
14 115
119 69
46 12
66 85
100 193
55 118
164 106
157 1
146 15
7 41
75 31
168 95
11 15
60 39
200 80
161 30
195 134
98 84
198 188
137 164
31 149
101 27
55 129
2 93
77 57
161 64
110 15
71 193
129 91
99 61
74 150
34 127
27 48
54 25
132 99
120 34
167 184
179 104
177 94
173 81
181 192
165 142
9 184
163 172
143 158
172 69
161 21
157 49
50 141
47 177
154 98
78 39
166 103
26 193
146 113
4 101
50 81
100 92
121 30
2 84
177 134
179 175
14 182
36 11
121 51
122 130
92 120
146 76
110 85
107 175
136 143
36 62
147 67
176 84
23 138
200 171
194 41
60 189
117 70
101 46
154 85
149 59
93 182
62 12
92 144
166 22
163 182
60 18
167 130
160 184
191 145
93 196
178 117
27 134
147 172
35 165
119 32
4 19
35 106
58 21
14 3
100 5
133 83
25 84
137 95
165 131
200 152
27 28
93 76
178 51
101 39
63 49
8 57
139 33
58 134
77 188
89 142
194 79
186 56
18 85
109 96
188 57
93 36
180 17
152 20
161 162
181 76
102 155
185 90
35 94
42 193
49 20
154 59
160 69
177 144
23 199
10 147
143 15
49 158
200 21
55 12
117 82
89 196
126 96
98 52
175 88
32 61
181 49
187 83
86 175
200 105
63 134
37 72
34 19
200 176
159 104
108 44
63 140
124 5
154 11
179 159
161 61
189 98
43 100
170 131
166 82
68 9
165 109
26 89
124 19
29 95
194 50
42 196
4 135
105 183
148 72
83 33
128 19
138 20
148 192
32 131
6 24
133 32
39 44
10 29
34 181
128 77
136 101
78 17
102 145
50 85
17 22
113 182
17 155
172 53
37 85
159 155
14 11
129 1
177 49
200 167
157 81
200 148
156 105
104 165
146 52
106 105
119 108
58 190
160 144
153 186
76 91
150 24
72 84
3 149
132 103
7 174
15 150
71 107
9 96
146 149
110 6
29 126
35 145
50 5
37 171
170 91
194 153
195 2
69 150
9 142
104 19
126 93
191 143
55 33
170 153
137 169
126 115
166 148
100 194
68 163
42 190
190 95
178 114
170 104
135 24
154 21
32 154
159 123
94 46
96 118
165 188
169 152
56 5
156 188
128 120
154 93
194 16
27 115
190 101
36 152
159 19
132 118
52 158
77 137
13 176
34 12
87 141
199 59
35 134
43 152
80 44
66 181
86 28
35 59
184 33
48 197
27 12
136 124
163 8
151 20
167 8
130 183
71 154
9 98
123 197
170 70
137 129
135 144
165 59
53 90
101 108
163 78
7 198
131 84
128 181
126 48
83 143
179 156
104 152
168 173
80 79
10 84
17 185
163 158
16 73
68 146
121 22
31 27
34 82
141 84
104 171
125 152
170 141
181 82
191 52
200 135
50 164
60 2
10 129
86 59
135 16
170 125
51 106
64 36
102 15
148 53
199 153
174 22
95 171
162 79
159 116
119 160
8 21
167 2
53 64
174 67
58 57
146 139
43 32
75 113
156 110
94 1
145 17
27 185
3 107
71 77
180 11
124 157
159 125
190 141
48 118
114 95
54 38
78 35
151 69
191 58
144 49
57 24
4 197
35 98
72 196
187 58
73 134
170 145
114 112
50 20
37 197
114 183
14 12
161 39
76 57
175 70
124 95
198 88
10 64
72 118
124 104
66 184
192 150
42 38
7 151
7 121
80 6
194 137
125 77
28 106
48 41
14 2
151 158
177 66
66 6
104 184
93 79
172 109
12 183
152 45
128 7
181 131
195 165
62 169
181 96
49 21
166 145
78 30
139 57
185 20
119 50
83 171
160 95
154 86
31 83
130 73
75 2
87 158
148 12
163 9
187 150
50 66
163 99
77 27
7 120
66 189
122 39
148 195
42 44
155 138
53 183
128 187
100 55
77 16
29 139
192 73
17 46
92 32
167 89
173 89
83 152
70 73
199 30
107 76
18 183
200 159
119 91
161 105
55 139
140 17
143 17
93 21
172 45
31 78
23 65
7 28
163 62
95 94
43 175
42 105
140 74
166 131
69 94
159 82
26 40
160 107
89 149
185 118
179 125
7 189
9 106
180 6
87 62
65 108
69 109
75 70
179 127
11 88
93 158
159 114
68 12
17 197
26 41
48 22
191 76
25 89
4 120
66 88
3 85
163 176
77 1
14 107
189 45
181 5
126 64
192 82
88 30
137 188
133 72
116 141
84 73
107 24
110 91
10 196
135 186
168 98
125 98
159 175
180 145
146 46
92 46
163 27
43 159
141 57
160 36
137 149
136 198
32 197
14 141
164 188
33 84
197 44
173 118
92 127
159 112
103 165
125 44
38 12
34 89
31 157
2 80
162 48
130 186
176 82
173 115
191 135
89 74
133 111
26 100
50 18
14 30
42 69
37 176
68 6
153 64
160 177
89 27
195 53
143 93
119 172
66 196
47 84
116 99
116 59
68 10
147 28
138 73
120 98
4 138
68 191
136 193
27 138
72 24
98 130
71 72
70 129
152 105
40 5
162 139
146 176
92 117
132 142
186 192
22 44
160 113
196 96
195 99
157 105
125 142
136 28
28 82
187 123
93 183
157 19
66 113
158 85
126 175
200 24
163 21
132 197
92 20
110 88
56 105
160 12
147 108
175 90
143 18
55 111
79 39
81 84
189 169
62 44
175 82
116 19
136 51
122 56
143 185
72 141
59 95
33 91
192 49
128 146
63 20
7 11
47 114
136 135
173 135
143 111
156 22
101 138
74 127
95 1
28 45
200 149
172 140
157 16
2 150
119 131
72 5
177 103
155 20
171 38
151 162
151 176
119 117
81 86
40 72
167 12
54 101
181 106
14 44
128 38
164 38
31 155
5 105
42 103
119 88
147 90
160 199
80 97
92 173
140 93
159 150
140 90
109 91
68 70
199 150
10 73
189 79
130 94
121 115
37 127
53 91
168 92
185 41
112 30
27 94
187 65
146 94
35 42
100 130
27 20
177 129
125 109
9 97
99 106
47 199
140 59
120 158
119 106
148 194
165 17
58 11
196 57
63 34
54 82
100 42
143 108
119 147
9 66
4 77
117 99
4 129
125 158
179 190
90 45
67 139
15 12
20 45
14 113
153 19
93 150
187 143
163 136
197 134
47 129
39 20
15 24
41 115
94 115
168 1
39 22
43 153
136 10
128 3
35 21
173 27
55 105
160 38
103 129
174 53
195 20
195 38
119 176
179 96
159 192
125 181
66 39
146 48
174 25
151 61
42 157
70 46
108 111
53 109
187 20
191 45
17 24
154 110
137 87
47 25
19 155
180 149
23 79
117 84
54 123
52 134
128 21
71 62
32 175
173 98
63 97
179 12
152 115
47 190
195 116
126 40
140 52
75 29
61 22
77 154
123 12
194 124
143 96
100 49
25 107
67 171
43 127
44 82
71 84
168 86
26 178
102 49
117 143
166 18
40 196
26 29
117 96
92 93
4 49
26 139
93 96
167 14
104 91
40 1
2 70
67 49
147 192
53 113
133 86
47 89
2 3
116 158
136 159
164 97
47 38
172 186
169 158
116 90
83 94
54 141
154 70
54 32
100 189
38 6
62 57
113 127
124 61
2 62
166 162
174 124
132 77
154 157
31 29
161 62
74 153
195 77
100 72
108 85
125 114
170 140
7 56
122 131
67 36
79 12
177 131
164 46
16 106
35 182
195 108
136 109
136 29
147 109
148 19
133 79
124 147
94 45
41 73
143 164
72 30
178 29
97 6
196 82
9 1
23 58
58 149
128 31
125 72
166 121
63 90
104 150
166 189
136 55
178 6
166 39
193 101
29 21
32 59
54 130
177 82
114 36
61 51
151 155
68 95
14 21
193 62
55 159
186 28
199 108
79 18
71 148
170 12
130 11
80 138
174 104
200 185
192 20
25 101
40 79
13 25
135 182
200 36
184 96
104 107
4 134
137 36
174 133
63 11
50 58
119 21
36 52
170 103
160 62
25 151
173 123
156 143
110 106
175 111
157 21
153 183
72 1
56 6
200 158
153 118
146 106
166 70
75 10
65 188
163 196
100 196
82 158
119 123
8 90
78 87
125 126
25 154
43 82
130 44
194 67
125 27
145 64
199 115
200 11
26 179
124 134
169 138
62 73
107 62
100 58
34 46
26 15
145 164
97 105
140 185
90 57
132 33
21 84
188 90
166 41
125 66
153 109
123 176
166 143
42 126
3 41
2 113
58 105
21 15
43 21
23 156
143 65
75 161
40 184
40 162
40 3
14 151
159 164
31 181
168 99
61 15
104 109
35 6
131 38
35 113
148 161
123 107
50 69
123 131
137 134
29 175
125 94
54 117
167 171
14 95
65 176
32 67
122 94
66 64
188 88
25 85
23 98
101 113
22 141
165 149
179 195
74 30
83 5
86 56
14 59
188 79
35 114
13 79
165 62
174 126
171 39
102 69
163 126
43 50
133 28
75 165
112 20
114 19
198 70
199 116
151 89
176 46
168 12
157 149
121 29
54 29
174 189
188 33
195 62
87 149
100 30
79 33
130 6
75 91
55 198
143 6
41 30
101 20
63 190
27 165
145 85
179 77
117 142
148 179
92 140
21 105
198 89
76 85
92 157
27 97
114 153
75 192
65 110
173 182
174 96
56 88
81 8
9 135
10 83
168 49
75 50
157 193
107 95
92 195
189 59
69 190
92 107
54 192
132 79
8 141
161 158
32 5
77 53
53 82
117 58
166 37
144 115
77 184
109 142
23 100
190 22
10 182
188 51
7 37
48 17
119 54
167 44
171 21
173 137
121 83
37 158
170 134
119 183
26 56
139 184
94 111
72 70
100 3
186 188
9 122
54 154
190 107
154 22
37 75
68 42
128 155
128 106
103 89
133 115
100 179
123 16
13 67
132 127
180 106
77 171
2 155
179 90
135 83
31 36
53 101
31 81
25 29
68 44
81 141
76 88
5 115
116 82
133 139
55 112
15 197
103 39
166 139
19 12
72 65
122 24
160 137
132 17
163 69
115 82
47 158
3 158
198 21
89 45
68 1
44 85
59 134
68 5
114 88
42 90
72 138
177 199
200 10
9 121
36 176
31 70
25 156
159 98
34 36
76 41
148 182
178 57
26 93
54 129
112 105
43 124
172 88
193 5
60 159
7 24
142 141
7 39
27 110
124 81
180 185
145 150
43 34
144 76
56 91
153 6
72 113
48 105
10 184
194 185
176 33
146 175
75 134
177 175
36 118
180 171
7 111
108 24
31 196
194 1
86 171
10 11
113 95
31 96
166 154
159 40
63 144
69 91
175 11
62 45
75 95
177 46
137 84
151 88
198 144
124 113
93 188
150 46
77 80
178 161
29 105
121 150
77 21
120 6
53 58
13 126
152 84
2 79
193 51
140 107
136 142
59 155
130 45
184 52
66 139
107 129
35 111
22 46
86 72
23 157
83 40
52 183
173 90
170 97
108 138
53 28
126 158
183 45
173 30
67 91
27 155
31 22
125 197
122 141
27 139
26 98
63 132
163 185
63 89
31 110
34 110
190 143
51 39
71 58
117 44
58 169
71 112
93 87
43 116
41 38
63 8
121 129
77 6
195 48
140 84
122 134
124 131
66 129
92 96
22 33
165 15
123 130
3 59
63 115
2 18
140 145
93 73
155 33
40 169
47 96
145 94
108 91
64 24
55 99
34 138
167 69
39 82
42 113
160 63
103 93
167 97
72 192
110 105
37 56
48 15
36 51
9 86
198 134
66 158
120 147
143 36
23 198
84 111
119 136
176 88
130 90
159 181
93 15
164 152
27 5
135 193
195 74
144 105
126 108
174 156
179 82
125 16
9 182
67 21
7 127
48 134
53 18
78 90
150 6
10 66
37 54
190 91
121 34
90 24
161 52
92 77
120 19
117 64
178 28
50 11
131 87
66 155
191 156
108 118
48 76
124 114
11 171
173 73
63 82
161 127
151 79
80 185
154 162
189 101
27 46
52 85
125 164
154 122
157 188
91 182
68 150
156 88
14 76
28 108
156 199
93 134
146 95
199 130
71 53
86 21
172 19
47 118
168 146
60 85
44 18
37 62
38 106
26 157
99 158
72 115
43 186
37 66
136 76
34 111
133 138
198 46
8 106
199 186
62 108
35 70
78 197
123 138
163 173
159 72
119 190
113 41
81 72
145 24
154 3
130 134
83 186
15 115
68 154
160 6
78 28
178 196
125 162
130 59
15 73
99 52
163 114
51 91
142 21
127 85
51 82
176 21
147 80
161 143
184 30
147 122
74 129
21 82
60 111
12 6
37 42
16 115
129 57
121 84
109 162
7 158
32 56
186 139
168 6
154 56
101 107
14 140
4 86
147 114
132 139
141 73
62 97
160 77
25 102
97 44
160 123
122 93
71 165
175 15
55 193
167 91
179 1
47 184
132 152
72 183
5 22
99 33
67 52
13 186
126 142
108 110
54 188
102 44
190 162
147 197
116 152
177 3
181 22
187 144
154 107
148 39
69 28
23 8
199 87
160 192
128 54
103 3
189 19
79 115
187 131
176 49
196 90
43 135
83 45
115 18
148 27
159 96
26 182
190 192
7 90
56 39
2 44
172 143
74 44
160 84
37 95
81 21
178 104
199 93
102 46
68 183
159 77
89 49
172 184
119 14
87 169
187 115
49 24
130 65
29 57
165 1
43 140
42 121
197 196
98 117
102 74
39 105
169 150
117 36
178 126
100 45
10 87
159 53
95 15
10 192
140 108
163 50
76 21
42 46
90 18
160 19
163 121
17 139
154 49
178 153
49 45
131 139
67 183
107 149
23 129
145 52
89 145
114 24
31 138
158 134
157 158
55 158
28 185
9 167
68 199
178 190
180 196
119 70
159 193
200 107
169 188
154 42
114 61
87 110
92 150
195 186
157 40
83 67
140 85
168 145
66 101
200 45
172 5
108 176
34 134
177 137
74 12
194 177
112 11
11 90
160 51
151 98
192 59
179 108
114 85
64 88
130 118
114 110
163 77
159 33
133 78
80 22
195 65
67 108
190 130
47 36
133 194
175 108
172 38
167 198
9 114
128 138
129 39
157 104
67 61
164 18
121 27
99 65
21 183
133 97
153 51
170 4
129 85
189 139
178 158
199 122
70 79
123 142
100 117
92 123
180 93
173 141
71 49
200 145
131 82
133 34
56 171
47 10
58 150
19 134
66 164
83 181
144 22
114 108
32 66
54 114
160 145
159 65
67 59
149 24
113 150
74 22
194 172
145 134
132 27
122 33
135 80
9 89
78 144
94 15
173 80
37 105
110 8
107 46
146 41
162 91
27 79
36 30
195 11
195 57
162 62
35 51
98 16
125 20
4 92
4 106
34 113
14 60
133 173
128 117
36 76
136 171
143 88
136 19
162 38
39 138
3 169
23 169
126 138
42 151
107 82
117 72
133 152
64 196
10 185
83 141
186 106
95 118
26 68
49 12
169 12
195 49
170 100
35 17
142 45
120 38
177 185
157 98
49 30
166 60
144 73
31 44
79 91
35 175
43 2
86 182
81 97
59 110
167 145
99 165
75 140
146 18
65 105
80 127
176 1
32 17
54 67
181 27
199 69
47 59
170 31
156 65
135 28
185 171
168 154
69 19
165 16
104 6
144 28
102 142
64 41
123 48
69 62
168 8
71 125
54 191
119 187
124 144
27 57
188 82
135 143
172 40
180 154
123 144
191 49
13 6
88 6
159 177
143 138
188 21
119 149
15 88
181 113
32 69
139 30
95 111
167 49
124 116
180 193
131 115
9 104
3 48
179 30
198 20
198 196
200 157
61 155
128 96
32 112
19 129
122 190
60 188
180 138
124 77
137 28
47 104
179 80
179 181
128 139
110 185
99 48
60 106
122 20
11 127
83 116
120 183
158 18
189 28
68 104
102 192
177 101
136 37
63 57
81 40
50 138
165 112
193 70
181 165
128 171
108 164
133 50
180 97
148 13
153 95
181 155
93 197
194 151
200 76
174 57
29 48
69 139
95 115
179 199
120 56
86 16
178 198
139 20
187 104
161 186
80 192
132 72
59 196
144 143
123 94
173 20
179 120
29 67
128 63
173 13
9 74
86 45
26 129
190 129
153 113
14 111
136 180
170 118
40 93
28 197
174 65
162 57
87 155
31 162
135 64
151 111
187 151
90 85
7 187
157 197
137 70
81 117
102 41
9 57
124 48
102 80
187 153
93 62
160 14
55 152
47 33
160 153
20 73
167 90
110 44
196 20
71 142
126 3
144 90
81 143
147 41
170 171
75 40
132 138
102 16
173 164
22 96
160 188
50 70
61 176
153 94
56 139
150 196
198 1
63 141
178 192
95 24
161 22
10 134
135 46
53 49
159 85
81 57
187 97
131 158
130 51
130 182
31 77
148 99
92 10
75 135
31 129
59 118
26 107
133 193
3 12
190 114
65 90
51 57
192 94
104 88
186 175
146 99
155 5
61 137
179 196
50 165
107 12
54 80
32 103
180 184
76 197
5 196
4 136
112 182
92 52
93 82
112 141
188 73
148 157
188 18
101 48
172 146
63 143
185 106
132 134
53 153
95 141
198 81
64 90
150 91
189 107
93 192
166 124
43 37
149 184
36 59
42 3
34 103
133 158
198 19
148 49
78 171
53 6
187 138
128 46
40 113
166 65
121 61
154 164
104 48
17 110
25 83
109 90
51 24
119 12
30 73
40 108
77 104
147 11
199 28
17 105
10 24
25 157
181 87
132 90
159 16
87 182
64 70
98 116
4 11
26 173
128 176
31 130
169 38
186 73
125 112
191 116
151 131
13 189
136 105
162 118
144 30
117 162
131 104
156 87
1 183
25 144
11 134
47 48
156 118
124 59
98 114
77 49
63 52
140 115
11 18
55 74
92 40
69 56
25 110
103 69
173 15
177 88
124 103
128 52
60 153
175 142
95 142
168 80
144 70
107 59
112 41
180 105
172 39
47 103
48 182
66 193
196 88
63 5
7 42
21 73
89 51
43 48
120 169
119 157
77 196
25 52
166 55
151 183
198 176
31 46
5 44
37 40
144 142
196 182
104 30
100 1
89 57
168 169
196 115
190 11
36 129
68 97
47 107
170 78
47 8
43 126
75 77
166 163
3 84
65 1
113 183
145 87
192 134
124 34
159 102
143 105
174 32
31 100
17 94
133 106
133 123
144 44
114 91
119 48
181 85
46 73
78 13
191 193
26 88
140 127
200 194
75 162
152 196
129 24
51 8
147 116
116 40
55 57
35 41
107 127
136 94
187 112
62 88
62 164
36 79
179 24
187 185
29 91
2 91
84 24
174 183
50 124
154 171
119 13
78 1
156 165
154 58
148 114
178 17
118 52
78 94
80 161
167 131
163 124
14 5
157 85
4 33
21 96
9 192
187 69
59 79
40 48
34 107
39 38
68 131
98 190
92 87
184 171
167 29
37 10
47 85
148 135
154 190
99 185
37 47
35 129
50 144
23 160
180 142
153 111
191 104
135 60
14 98
122 176
154 19
90 134
34 131
29 16
82 45
173 16
53 95
53 142
165 76
42 59
179 185
111 18
157 59
63 112
10 82
35 69
163 142
10 177
167 165
194 69
53 196
180 116
34 27
179 73
149 127
57 45
160 1
199 107
29 110
50 153
179 65
189 46
168 58
148 113
164 91
156 85
63 163
173 61
37 110
116 97
145 33
68 162
166 66
23 155
119 57
78 102
144 12
89 79
4 173
9 32
42 36
81 185
14 89
102 114
66 77
127 88
10 70
107 118
53 106
121 111
123 45
32 162
27 88
63 138
83 18
34 67
144 95
189 70
14 190
128 64
70 96
133 182
135 51
200 38
156 129
174 163
72 61
154 196
74 48
151 113
193 33
25 72
174 142
164 30
83 144
167 186
137 12
75 177
179 105
181 183
133 180
83 183
102 70
181 144
177 48
174 87
80 182
55 164
166 125
122 11
146 6
120 48
101 79
43 167
68 57
168 172
166 175
199 53
43 128
63 59
35 155
133 95
23 91
119 66
27 186
16 94
65 8
128 11
78 175
37 16
159 45
13 84
14 123
68 144
173 93
200 127
83 140
173 145
155 139
146 153
121 175
119 198
167 129
166 15
170 44
97 33
175 182
159 48
65 51
143 62
107 44
28 115
153 30
121 114
148 85
11 188
200 51
63 12
161 192
89 169
189 150
151 114
13 77
31 187
66 2
83 11
156 42
16 59
171 118
25 14
38 105
112 109
102 42
95 39
167 19
32 194
67 175
27 183
9 78
44 183
25 152
104 5
173 129
80 158
135 129
52 45
54 79
167 85
163 59
70 176
146 137
29 142
200 12
140 29
66 58
10 183
66 96
79 24
50 77
125 155
143 41
167 195
15 183
160 151
162 6
199 65
190 176
130 129
102 158
125 29
163 38
198 2
35 91
132 3
136 65
117 95
40 52
43 176
185 188
157 46
133 129
7 88
192 56
3 52
35 19
54 58
68 180
60 15
179 114
3 58
195 70
180 169
126 56
135 176
81 90
10 138
165 38
120 118
43 173
149 196
200 115
135 49
149 158
85 134
161 152
13 131
64 182
197 12
172 105
194 135
141 18
170 196
77 126
104 57
102 123
50 183
23 11
4 174
78 69
103 5
112 87
92 72
186 62
131 8
23 63
169 85
32 94
80 186
125 51
170 67
117 182
93 49
174 28
35 90
56 11
4 46
47 53
154 74
132 70
170 61
153 20
77 2
83 52
189 36
23 80
2 134
66 18
37 74
125 149
167 95
83 111
143 139
32 96
79 41
111 182
163 24
69 89
75 52
86 73
55 108
16 84
50 135
200 125
184 141
168 139
124 171
86 41
33 1
54 197
71 83
78 198
143 150
71 178
175 196
120 146
83 86
194 15
161 16
118 20
147 38
181 61
87 57
38 1
155 111
178 173
80 49
178 172
9 8
193 97
14 22
62 33
107 52
3 192
133 108
28 107
152 91
39 21
2 190
162 46
36 169
160 11
200 43
162 1
179 50
72 51
77 129
112 95
174 41
153 150
77 145
165 197
176 22
136 167
27 107
110 96
59 39
59 188
78 18
189 171
10 76
86 138
55 137
153 28
117 105
145 165
157 67
19 52
199 5
16 5
17 127
122 138
63 92
194 109
102 65
87 111
29 115
176 5
200 20
199 61
59 51
109 85
8 127
189 17
65 183
200 104
189 108
69 46
36 12
65 185
180 190
67 142
78 97
80 51
23 84
189 97
195 95
40 152
190 113
195 146
179 154
74 41
91 84
156 130
61 84
23 85
71 11
139 44
138 85
188 46
179 106
13 11
91 44
9 147
72 20
108 182
189 140
167 82
200 123
106 196
107 17
189 95
26 111
13 22
44 45
135 159
157 27
77 73
87 105
4 158
156 103
118 115
106 183
96 6
177 77
170 137
128 189
194 197
154 165
170 183
18 1
17 91
68 72
47 197
9 91
68 105
37 164
166 130
179 157
4 22
78 41
93 105
136 88
102 64
182 158
162 129
116 146
61 111
144 182
66 44
4 59
160 27
154 169
2 146
9 143
174 8
136 21
72 108
109 21
78 72
126 97
9 49
91 88
119 114
27 109
195 34
11 158
98 104
121 17
47 21
7 17
151 118
148 60
168 185
197 52
89 56
80 5
57 73
110 115
67 8
23 21
26 190
78 147
44 33
136 80
54 110
10 15
181 3
43 108
89 110
60 84
60 67
27 188
178 32
56 79
107 176
63 195
156 67
130 143
199 12
148 8
7 106
47 138
149 15
123 101
25 62
176 197
13 85
159 145
53 111
66 28
141 127
100 51
163 4
169 90
156 194
74 182
106 90
192 38
123 95
23 9
78 21
22 38
135 70
128 42
42 106
146 61
28 16
171 45
16 33
145 110
102 5
8 76
50 91
147 185
191 66
118 46
187 139
13 36
59 139
37 67
140 138
79 111
27 33
200 101
179 49
58 85
63 83
178 95
174 33
17 129
32 110
119 193
120 149
133 140
10 155
132 105
166 172
123 15
156 117
38 21
7 193
116 30
68 30
54 99
9 52
47 97
98 79
51 21
135 74
118 183
17 188
170 107
55 101
99 57
25 53
50 65
32 16
100 22
69 155
14 45
111 33
156 39
123 74
192 30
133 84
43 180
198 45
54 94
49 90
175 183
55 97
172 89
180 118
74 39
98 67
72 18
159 105
185 134
173 1
123 105
110 158
132 172
55 149
25 15
125 186
66 99
7 117
146 161
71 56
54 184
23 142
162 87
99 192
32 182
71 74
115 183
168 138
178 60
104 138
181 143
117 169
116 113
21 91
187 184
74 142
54 131
177 57
72 176
155 70
156 94
41 33
138 183
68 59
100 84
192 188
193 59
104 16
81 101
168 81
192 183
191 129
2 118
122 112
9 171
136 42
31 40
61 1
148 123
13 140
64 129
180 139
71 138
162 45
167 31
186 169
7 104
178 121
16 51
187 30
173 199
152 15
121 96
194 144
167 179
4 61
62 64
120 76
26 45
128 169
79 129
175 85
130 150
43 101
94 30
180 83
23 97
199 171
29 197
116 126
181 11
173 57
125 49
117 3
166 89
200 141
136 133
78 58
147 61
132 37
111 90
75 117
5 57
61 20
167 17
187 199
179 149
180 85
126 82
100 150
126 146
86 162
122 3
118 18
43 10
10 190
61 115
50 38
179 109
83 29
4 131
72 94
194 8
3 141
98 59
55 93
50 198
112 139
23 29
159 188
149 134
198 113
199 52
29 184
154 39
120 186
33 183
26 2
97 46
119 179
7 51
200 100
132 159
195 89
37 20
104 175
194 96
163 199
47 39
34 85
42 165
198 190
179 61
71 120
9 157
149 39
34 69
168 176
106 82
157 17
112 183
98 162
65 5
156 44
75 112
103 18
174 81
56 158
133 143
23 74
170 102
125 104
195 154
31 158
9 84
12 91
163 29
151 3
184 84
26 36
172 93
131 111
66 74
59 30
137 96
108 12
147 20
90 44
156 151
89 108
92 1
140 41
25 172
200 197
172 130
194 20
133 38
172 59
67 3
43 20
154 175
104 24
187 157
43 85
173 152
189 1
142 90
92 45
194 6
13 55
153 8
50 189
191 140
140 53
192 12
94 118
161 145
31 66
4 167
152 106
132 180
198 29
105 52
123 49
67 114
164 51
60 138
27 87
148 62
59 108
170 187
198 184
27 130
8 24
159 28
47 179
147 107
142 115
123 152
180 103
41 18
31 87
83 69
81 105
135 5
189 57
163 25
199 176
117 122
95 56
46 44
80 72
126 109
103 155
54 132
25 111
169 175
80 41
50 79
149 22
66 12
189 22
69 188
32 34
15 111
7 64
191 134
159 80
177 117
194 83
61 138
192 171
7 34
50 161
125 46
120 44
140 58
9 20
160 96
199 123
133 52
150 52
2 15
142 88
174 52
87 97
62 96
9 196
72 171
25 173
200 96
37 93
123 24
123 18
161 41
125 82
160 65
179 67
198 153
97 5
132 131
49 76
29 88
142 91
187 8
4 55
29 117
103 38
198 130
176 15
19 149
124 32
180 189
189 76
62 90
99 39
43 151
4 143
74 114
78 143
50 42
100 25
128 137
54 10
131 73
38 73
61 52
41 1
31 19
101 152
193 44
133 144
91 183
82 134
61 185
122 1
4 80
189 88
179 88
78 2
177 152
132 88
151 144
193 113
65 36
83 21
177 80
75 12
187 130
97 196
104 99
162 65
143 19
32 83
14 34
36 182
100 109
77 172
161 57
27 91
34 80
11 106
164 85
9 35
25 115
65 96
29 44
161 94
54 150
174 89
122 82
150 85
162 197
10 19
77 30
155 95
26 37
26 196
168 110
179 138
126 95
135 82
88 12
9 10
155 149
193 183
175 152
72 150
58 107
128 47
11 196
129 182
147 79
191 30
17 175
54 138
29 146
173 124
145 73
54 112
9 169
8 84
92 58
86 115
69 1
114 175
128 170
36 46
188 142
140 114
159 161
39 196
112 84
137 152
40 56
48 38
124 28
29 51
168 120
19 82
92 34
38 91
36 49
114 104
32 41
166 50
9 181
145 46
157 184
101 72
170 77
74 169
189 52
119 195
131 46
184 39
96 1
174 83
93 64
179 57
148 97
130 41
79 142
121 62
120 171
83 158
2 20
35 120
37 52
40 109
139 150
103 196
50 146
83 38
120 39
140 27
95 134
55 27
14 185
23 192
68 41
67 27
163 90
68 17
168 87
41 15
38 138
5 152
92 51
71 158
86 6
162 59
19 11
47 185
94 141
156 184
26 96
163 117
114 113
145 20
162 138
81 27
174 97
193 58
200 58
156 5
125 17
187 147
63 149
77 98
43 158
55 76
9 153
7 74
195 190
45 1
61 11
54 134
26 188
43 77
194 113
32 22
168 89
162 155
68 156
152 41
15 22
68 39
192 109
124 139
4 35
100 158
170 115
29 131
168 157
157 176
172 181
152 12
117 109
37 70
103 153
196 33
64 82
71 65
171 73
131 21
60 175
78 59
86 89
102 120
170 88
104 129
178 115
147 140
147 111
196 15
43 105
35 73
23 115
159 149
119 36
63 102
107 15
163 92
74 62
144 171
180 35
96 138
166 35
193 118
89 76
118 90
132 123
172 61
86 123
124 105
166 23
81 39
192 48
174 196
168 171
104 93
35 197
186 87
180 30
60 127
151 192
53 123
161 3
23 76
156 149
37 123
129 12
9 139
113 85
191 179
60 143
132 44
98 89
87 175
179 36
23 18
37 76
62 52
157 94
81 164
103 67
184 1
174 177
188 38
114 127
168 25
130 141
128 61
178 88
132 107
42 66
70 127
184 21
172 33
180 188
162 185
180 95
128 36
132 147
164 105
78 73
120 84
165 113
13 124
57 88
133 116
31 191
122 165
190 175
89 82
121 81
10 153
109 16
148 104
174 185
128 32
105 84
128 51
177 190
92 12
172 44
16 21
34 185
53 122
71 24
40 118
163 45
37 19
87 94
133 181
93 16
119 45
153 93
188 91
89 95
76 196
135 91
125 105
12 182
116 46
152 52
81 48
103 16
116 6
153 45
13 74
120 104
10 139
128 84
80 30
26 154
184 15
175 24
69 27
77 186
168 73
174 155
65 82
41 105
77 44
25 138
191 90
53 118
7 3
58 33
28 113
115 12
92 131
159 41
117 49
109 134
187 127
176 18
180 50
14 106
146 185
113 30
200 180
31 182
86 165
167 100
92 118
67 65
35 96
66 149
184 182
25 112
37 30
54 47
146 190
162 108
171 115
47 170
169 129
185 138
100 113
199 82
116 88
168 140
68 53
75 45
55 179
145 19
4 10
87 24
110 134
47 62
99 21
97 1
37 60
100 135
147 131
178 22
80 36
14 109
77 120
94 76
47 187
72 111
68 52
179 87
165 171
175 79
80 193
132 93
121 82
185 8
185 49
104 70
32 73
98 45
200 70
151 110
25 82
86 30
68 63
63 16
194 33
80 139
173 198
103 33
7 145
4 162
83 125
2 94
88 84
136 182
34 79
110 127
200 147
170 172
92 94
43 92
179 145
104 12
7 13
86 127
178 53
92 36
122 105
137 62
68 15
79 22
200 129
130 188
26 83
27 59
86 3
119 163
157 161
100 66
170 132
186 91
173 42
125 184
170 92
48 111
123 6
167 148
135 139
103 28
2 41
161 109
91 45
63 173
174 3
149 45
42 101
178 185
51 115
100 88
117 108
75 73
135 127
35 22
81 188
68 107
194 51
180 45
186 38
146 28
193 107
167 63
120 142
104 73
112 48
190 111
131 64
152 197
120 81
149 85
200 65
23 159
51 73
182 115
141 52
68 48
51 1
23 196
132 19
179 16
145 1
100 50
50 88
159 74
39 197
94 12
172 56
35 154
77 48
140 73
78 104
178 101
99 169
4 114
71 92
154 158
40 165
53 3
144 8
54 44
87 152
55 30
14 181
23 49
162 111
86 17
80 93
124 17
198 152
128 179
71 110
124 186
108 15
140 152
190 48
113 141
125 127
43 147
40 127
63 10
102 171
35 137
107 8
40 192
92 146
10 165
172 46
35 24
167 109
101 139
178 72
34 125
178 106
25 149
13 153
168 91
86 5
58 112
13 59
23 177
3 197
37 126
36 21
166 38
32 93
78 189
149 8
151 6
155 52
151 87
62 152
6 46
153 107
2 188
78 55
123 20
32 108
198 28
148 24
68 34
47 19
154 69
194 142
81 30
149 138
66 116
48 110
66 126
189 65
167 127
135 154
75 22
9 183
119 55
40 131
69 85
71 171
160 141
34 45
180 114
95 127
119 138
187 99
165 6
60 91
173 138
9 161
170 186
194 190
170 147
160 121
168 44
76 115
10 56
28 95
4 32
11 105
15 38
9 59
131 171
74 51
135 112
163 85
34 165
71 195
2 126
113 105
13 1
16 188
14 55
76 5
32 118
186 36
97 73
80 137
153 162
187 81
160 198
86 184
89 112
117 76
23 194
200 16
56 41
146 11
59 52
178 177
64 39
47 153
181 40
29 196
124 149
179 58
187 162
132 148
96 57
146 130
158 73
195 85
170 21
62 46
104 51
191 44
123 52
71 16
110 57
7 122
148 189
26 143
130 99
89 33
40 97
32 143
190 104
4 5
161 17
4 180
93 44
135 118
135 199
101 117
74 16
37 173
40 145
154 45
68 21
37 92
160 102
199 103
102 113
7 176
81 45
55 89
23 146
9 117
165 87
94 41
62 158
42 107
54 91
170 158
130 84
188 183
159 51
132 151
189 158
93 24
133 156
166 133
149 176
128 118
166 192
21 1
168 102
176 85
26 22
162 182
16 41
86 20
88 1
137 6
177 145
174 39
136 36
63 69
189 123
100 177
177 18
55 8
191 38
36 97
68 109
120 88
72 162
186 5
6 57
78 61
191 142
40 176
60 123
194 145
42 24
58 56
195 27
184 24
172 17
19 5
171 44
170 179
136 75
163 191
195 121
99 183
185 88
43 98
169 6
136 57
121 85
143 44
83 142
161 90
75 79
166 43
172 62
159 147
28 33
178 107
35 116
147 115
195 45
165 97
132 89
87 44
100 87
154 193
55 134
61 153
195 35
58 1
25 134
179 64
151 24
22 158
188 44
116 176
146 12
93 51
112 72
156 36
172 192
126 65
26 120
83 115
63 14
81 118
4 144
160 3
92 177
151 44
117 127
198 95
128 166
173 35
191 165
159 11
99 97
96 12
179 18
185 158
174 141
67 141
189 199
108 88
105 44
136 100
167 161
177 89
172 123
58 109
195 81
80 162
163 143
100 152
166 198
172 188
9 25
166 24
190 131
62 56
82 30
83 127
173 11
26 65
34 115
78 50
133 89
124 40
28 19
172 28
147 8
117 106
2 186
60 145
60 76
113 79
10 169
94 33
190 196
29 24
83 95
101 52
7 23
2 127
59 15
86 104
195 84
168 15
81 161
57 33
71 187
2 46
26 14
4 25
114 49
115 91
136 162
181 89
180 3
34 51
16 15
13 147
4 157
80 16
95 184
7 179
63 81
54 139
80 184
78 125
146 45
143 188
42 171
168 105
37 125
26 141
119 182
52 73
149 129
77 198
141 182
165 183
172 73
50 195
132 112
157 199
199 64
151 74
102 90
194 65
147 154
151 109
147 184
102 66
169 197
184 46
43 169
54 198
68 38
167 143
69 114
71 89
193 90
200 199
124 197
142 158
186 49
200 119
67 41
177 165
109 186
116 185
135 67
3 171
66 91
124 150
155 38
8 6
123 72
100 127
14 189
14 19
168 33
69 40
64 45
50 27
165 79
180 18
143 11
103 106
168 65
147 81
86 57
124 112
136 191
152 82
190 12
178 19
75 138
162 51
179 2
47 181
25 17
67 70
78 155
9 113
167 199
142 150
79 196
75 48
199 83
146 93
58 39
63 121
193 82
155 11
58 20
128 130
153 18
14 171
47 63
189 81
16 142
191 124
71 21
55 98
170 74
9 61
83 184
4 18
167 164
43 170
179 93
166 119
74 183
132 113
117 137
74 141
100 110
98 141
17 70
187 53
176 38
7 152
26 189
166 74
81 70
170 148
194 130
23 40
194 57
149 171
143 110
75 80
96 91
173 5
151 22
94 183
152 142
122 16
143 48
76 134
78 185
9 159
89 5
178 137
119 92
189 131
180 123
190 61
113 24
156 55
27 142
189 5
131 149
16 182
169 18
147 36
41 44
179 11
86 130
84 46
7 14
200 150
170 96
151 197
139 6
60 77
40 101
119 173
106 18
3 114
135 105
128 99
66 19
32 42
62 59
154 8
137 15
3 16
80 145
191 18
120 152
37 133
179 74
37 101
136 86
7 30
122 44
63 48
10 143
129 111
13 114
157 15
54 9
100 94
140 130
187 182
62 82
68 18
105 30
26 1
194 95
98 17
151 106
46 57
162 52
83 120
197 45
193 69
34 38
126 27
133 66
9 151
59 91
192 21
23 116
130 97
163 74
25 124
170 164
86 85
136 14
163 130
129 52
172 20
9 187
199 42
145 185
133 164
169 30
103 6
86 39
64 134
157 2
23 106
58 197
180 53
25 196
128 67
166 157
26 69
129 20
124 155
102 172
165 139
41 196
71 78
16 24
141 45
180 56
54 2
47 173
3 70
186 127
89 146
34 126
172 165
111 45
54 196
98 109
167 162
83 91
144 79
58 93
71 52
100 59
9 150
13 15
32 18
181 169
99 17
63 180
114 192
160 158
9 76
160 10
14 16
55 49
48 152
178 98
13 177
80 183
140 89
186 155
188 1
75 46
58 28
140 109
80 87
97 134
17 11
187 59
172 83
100 169
167 84
174 31
167 74
121 127
81 15
181 110
156 138
77 81
160 73
119 86
155 49
177 56
48 30
121 143
124 181
100 103
71 150
56 150
188 20
126 87
83 28
28 46
178 99
163 141
180 77
26 81
109 155
114 45
78 149
151 85
40 49
78 129
63 103
66 81
71 169
3 65
54 144
37 190
164 129
83 107
58 30
9 56
168 16
161 190
108 51
98 196
116 1
31 139
27 143
151 184
3 109
159 101
11 115
80 123
168 156
163 145
172 80
65 169
159 186
154 104
17 106
149 118
68 164
22 90
194 121
5 79
119 51
104 84
42 49
107 6
14 90
200 18
77 158
126 141
80 176
151 80
67 176
68 76
2 129
9 198
141 158
178 84
166 4
120 126
31 89
156 86
109 6
116 165
56 12
110 24
83 109
124 152
137 171
103 94
63 85
133 107
3 76
191 2
49 85
9 175
32 155
156 146
186 76
123 91
75 19
87 91
34 193
87 11
23 149
71 3
156 74
81 112
47 30
160 33
40 19
92 109
171 88
60 36
103 118
4 105
126 127
78 82
139 38
154 64
115 73
62 17
119 161
179 22
37 160
154 120
170 108
159 113
68 36
166 138
77 74
25 35
172 114
99 139
187 113
124 118
2 144
131 143
173 66
148 91
122 49
95 138
72 127
47 154
180 36
185 24
31 34
179 84
192 110
131 11
77 93
7 155
160 20
126 99
68 16
175 30
96 46
153 16
55 84
198 141
87 59
116 24
47 102
143 39
120 199
186 196
48 59
200 4
157 138
102 72
14 83
112 134
48 139
86 108
181 80
189 21
53 161
99 49
8 12
162 105
70 49
35 33
89 48
55 80
120 127
177 85
19 79
199 41
67 1
187 6
48 176
189 12
128 116
171 182
132 28
166 76
101 127
46 127
132 61
146 72
151 1
86 176
167 105
191 80
7 150
156 28
9 164
34 122
147 27
121 99
56 82
172 21
159 89
197 6
178 42
195 183
62 41
160 165
193 28
23 1
115 88
143 52
143 64
120 86
185 150
103 113
120 74
174 161
17 138
105 73
35 18
103 158
28 182
100 96
52 6
173 85
154 51
121 12
105 91
31 48
160 13
194 3
194 164
35 189
14 46
46 1
132 85
26 52
135 172
46 45
98 171
34 20
79 20
15 141
57 105
195 52
99 184
6 183
94 5
43 64
125 172
110 118
26 99
147 39
186 129
2 105
43 67
189 109
51 138
86 114
86 19
187 40
200 35
157 28
128 110
68 125
179 126
23 73
124 24
13 93
9 60
80 155
66 153
100 175
191 33
66 51
49 57
84 12
50 99
155 134
199 129
167 192
41 90
154 73
72 33
122 8
120 189
182 24
187 173
55 29
116 73
161 76
113 84
32 95
153 175
41 91
114 11
6 20
81 155
32 11
123 196
37 137
7 99
35 135
174 195
172 161
99 12
151 45
114 137
69 184
123 111
99 111
128 180
199 21
191 15
27 11
63 65
43 81
107 90
167 120
99 6
165 56
179 115
23 78
68 101
66 110
148 31
80 8
163 65
54 163
112 85
144 39
161 118
167 117
116 161
2 82
78 116
181 90
95 183
128 157
97 152
61 184
173 102
47 58
74 139
121 20
10 125
121 130
155 57
101 109
160 52
151 53
70 164
180 81
126 184
13 57
35 142
193 57
35 48
156 69
157 147
117 65
148 55
192 33
63 139
194 49
47 115
92 88
92 53
47 51
55 115
181 188
121 186
53 138
51 85
7 154
192 91
100 143
47 42
160 195
198 59
141 138
67 76
161 49
7 49
173 12
128 143
83 190
118 105
100 89
132 94
43 42
126 11
200 118
140 5
187 105
31 188
186 57
121 94
102 94
196 46
70 97
31 2
75 103
138 1
81 85
119 31
81 44
156 57
63 151
7 197
193 188
10 21
131 1
92 42
114 44
200 98
119 62
56 196
42 169
144 45
163 146
66 185
7 135
114 65
194 118
112 158
19 6
193 197
179 15
2 111
14 146
175 51
174 66
155 44
23 39
2 1
187 72
13 40
130 137
75 62
171 18
181 8
132 22
14 122
166 21
31 20
168 13
118 134
104 27
193 146
102 32
102 27
117 165
160 57
53 137
65 85
112 8
122 129
126 183
26 55
159 61
100 85
23 164
190 21
66 33
170 142
112 45
136 125
35 77
124 90
145 18
112 16
69 5
98 22
122 106
147 57
165 108
122 169
78 156
133 112
42 117
63 171
163 194
69 134
117 164
43 187
22 41
7 148
68 135
166 52
127 1
106 134
198 86
146 57
107 183
100 120
136 45
116 118
11 183
145 76
28 41
23 173
187 107
135 189
155 79
17 149
50 139
156 73
160 117
106 57
57 115
61 41
149 12
157 127
161 182
133 142
122 104
136 52
32 121
165 138
86 110
100 10
26 140
120 49
114 90
2 164
40 84
62 79
172 66
16 45
124 70
76 39
117 28
117 18
72 109
163 70
100 186
54 22
54 49
14 153
122 76
130 1
185 30
145 45
11 108
10 77
174 187
110 46
65 95
48 33
77 183
19 150
75 197
67 145
107 164
80 33
100 77
8 150
200 92
10 104
195 72
159 8
92 152
162 176
168 141
42 52
41 84
188 118
122 164
51 183
47 24
93 12
179 52
120 33
123 33
163 97
89 192
95 5
171 197
191 36
13 127
97 49
168 131
177 52
86 90
116 112
175 52
156 154
128 66
55 131
61 18
54 40
157 113
103 184
9 48
59 183
77 41
77 101
75 56
102 183
35 74
63 169
179 38
163 170
53 84
167 111
47 137
31 93
68 194
148 83
128 48
7 130
9 193
177 192
66 131
191 178
42 161
92 114
32 65
151 115
37 81
120 46
55 171
13 137
173 2
83 42
151 77
104 188
132 2
69 36
47 125
188 105
193 140
55 141
87 38
71 27
125 138
178 108
78 164
132 124
151 73
6 85
33 85
175 118
8 1
173 29
63 181
75 78
104 28
23 64
43 28
188 22
75 42
135 20
119 188
80 165
66 89
113 106
188 96
122 143
112 111
128 172
92 97
171 96
103 17
119 148
199 99
32 81
118 24
156 18
180 66
132 92
180 90
55 190
36 105
101 146
23 108
155 90
122 111
7 125
26 19
168 107
109 12
69 145
145 27
180 24
62 110
62 139
186 11
191 101
168 125
91 24
19 84
114 20
102 52
9 28
126 107
75 111
32 198
67 11
7 181
28 171
167 150
100 122
145 184
14 51
80 12
102 169
31 50
32 53
167 149
145 169
136 115
63 145
25 131
77 96
193 61
125 189
186 108
78 190
168 103
163 88
5 24
104 106
84 45
32 72
150 41
113 129
27 73
89 164
2 103
71 192
123 106
184 197
181 115
195 198
161 110
106 84
148 107
174 82
34 29
54 50
177 139
167 55
25 98
76 90
3 5
72 114
193 27
14 172
19 197
135 196
168 63
154 152
116 51
94 142
66 103
126 117
122 90
143 107
65 150
68 196
123 99
22 85
130 57
101 143
123 81
162 93
34 144
92 103
180 102
55 41
136 158
191 67
13 89
83 6
3 99
4 103
43 9
174 72
55 189
166 91
75 195
78 161
200 190
190 165
55 22
3 39
160 76
175 22
4 42
192 19
121 18
38 45
7 191
28 1
173 111
53 5
112 162
38 115
93 115
55 120
64 138
162 158
103 88
7 68
177 135
17 142
188 49
165 176
103 20
26 121
25 103
109 56
143 30
89 131
173 40
125 22
11 6
89 90
167 83
39 52
71 130
122 88
55 194
126 28
71 127
50 151
71 15
114 106
50 162
190 184
5 12
184 41
195 181
169 105
189 144
123 11
101 185
163 109
74 162
156 62
117 186
180 59
92 189
166 75
53 152
95 52
173 24
77 15
63 72
101 142
101 12
81 109
54 39
89 36
68 58
10 97
148 48
104 74
10 181
132 45
126 118
148 139
164 6
194 39
68 96
178 100
92 130
121 5
124 62
14 85
71 143
9 72
190 138
98 57
10 51
194 176
37 3
164 88
25 162
195 155
83 62
119 35
36 33
163 49
37 73
103 152
50 142
172 36
166 93
168 64
65 11
16 48
13 45
168 101
96 15
166 94
71 93
186 39
58 182
43 196
10 65
13 27
128 131
177 196
37 5
70 88
86 146
174 21
121 145
124 176
200 47
131 127
149 1
35 110
170 73
11 111
19 105
2 152
151 96
187 55
123 182
67 129
121 89
23 150
199 98
71 134
97 51
157 51
63 176
137 108
75 38
55 197
97 138
100 53
152 8
89 65
198 126
15 18
50 184
168 66
191 78
167 18
121 138
108 152
35 151
130 115
135 3
187 61
92 18
15 30
107 169
128 35
126 114
31 137
157 73
121 24
157 146
9 38
191 126
51 158
54 98
166 167
19 48
119 156
200 77
136 78
119 82
144 82
25 80
9 58
83 85
63 120
23 41
58 41
71 85
116 72
172 171
58 175
75 84
145 70
23 77
132 76
166 120
102 58
174 186
151 126
55 122
133 198
36 84
125 193
16 17
178 118
160 172
161 106
32 99
157 175
14 191
23 122
157 88
74 15
101 162
195 105
53 33
126 88
37 187
179 20
174 64
128 14
199 158
187 85
181 52
198 146
39 127
153 1
43 183
167 6
31 3
35 97
104 185
161 72
59 38
16 169
77 17
67 152
103 105
157 48
13 182
19 65
101 88
78 111
200 179
177 104
75 27
181 161
160 170
54 1
161 117
54 30
189 105
86 8
180 44
164 52
49 79
71 44
19 62
108 45
22 57
118 91
157 142
92 57
128 60
199 134
198 101
140 131
55 175
163 108
177 111
170 129
60 6
77 103
176 134
176 41
102 106
25 65
124 45
199 139
35 66
4 184
60 95
151 153
193 48
181 93
166 13
166 114
56 18
101 197
34 104
58 70
62 39
13 50
37 51
135 109
136 30
67 107
67 106
103 27
26 138
168 183
180 79
167 58
75 156
92 84
198 164
160 2
149 21
33 182
95 79
96 18
164 22
166 83
3 19
33 6
25 70
161 58
178 135
96 88
72 8
132 60
35 103
61 6
66 36
185 39
82 24
93 28
195 139
194 93
63 27
194 159
200 133
100 121
172 134
112 169
170 16
142 138
32 126
47 28
63 84
89 3
25 8
113 149
163 75
60 98
71 189
198 61
94 49
17 41
127 45
38 33
163 139
125 56
77 86
199 86
4 20
91 85
180 161
117 139
167 96
191 57
4 63
160 187
47 49
19 64
47 50
154 18
195 67
5 20
165 45
100 46
64 142
128 80
43 137
100 11
79 1
190 112
191 17
198 57
97 21
129 106
14 66
170 99
170 169
5 6
187 44
122 58
74 176
119 110
7 144
125 57
169 52
160 196
136 22
75 152
2 45
170 2
157 131
7 163
164 84
81 18
188 150
59 85
152 96
7 101
79 46
102 91
83 157
120 27
152 88
157 137
1 158
193 72
101 87
130 144
133 10
14 28
160 148
72 21
89 118
68 33
37 142
119 170
172 85
125 151
50 46
83 79
13 134
136 161
103 138
191 27
35 8
29 169
128 124
177 55
29 176
94 82
192 46
43 17
35 176
37 44
153 62
170 110
69 116
17 196
34 62
17 96
23 12
180 150
29 141
103 98
153 97
140 19
99 171
13 198
193 112
170 42
181 164
174 58
153 165
98 105
126 1
71 152
35 88
10 62
193 24
137 138
193 16
145 188
177 142
124 36
148 87
60 144
166 108
94 129
195 51
114 115
167 57
135 140
129 134
98 74
194 84
192 176
17 150
42 79
3 155
27 90
54 89
62 150
167 108
191 60
53 70
164 21
114 139
124 143
172 42
170 41
187 64
63 108
89 186
173 36
50 96
75 106
142 20
133 177
128 100
90 20
35 159
178 149
166 177
195 59
110 38
59 82
198 140
146 114
102 165
180 61
9 158
7 136
4 85
6 115
23 162
63 117
154 53
187 146
132 75
93 22
86 134
115 46
126 196
195 113
95 70
154 127
176 118
168 52
180 122
178 134
157 29
156 109
195 106
135 106
92 159
69 165
89 46
68 84
67 93
60 10
8 44
14 143
130 197
173 34
128 13
91 52
155 96
102 154
68 91
4 70
7 40
26 187
63 45
161 155
10 161
10 17
80 98
174 157
4 168
43 125
148 138
10 117
118 142
154 33
74 61
112 73
31 42
89 93
9 41
7 44
177 84
72 97
193 20
9 188
200 181
40 44
53 114
161 171
191 115
69 127
153 46
137 162
148 183
124 60
137 97
147 150
162 169
195 82
147 171
47 174
171 127
179 29
175 44
144 87
83 161
4 116
136 176
86 11
114 46
193 45
117 5
131 197
163 116
53 44
25 32
81 89
196 158
23 126
19 141
133 196
31 111
192 44
145 176
81 52
161 104
199 169
95 197
159 130
81 11
137 64
187 29
186 142
46 24
184 49
72 36
200 175
27 93
145 58
163 12
200 85
167 172
124 74
118 85
37 11
165 11
29 108
119 129
62 95
71 118
109 64
78 105
159 34
92 191
197 138
161 36
80 112
71 67
121 86
26 160
157 39
144 175
194 140
169 21
157 122
101 62
54 125
22 18
75 49
139 115
142 1
136 15
150 21
146 138
92 48
131 184
122 64
35 193
93 17
117 188
195 112
128 196
80 17
68 189
181 69
31 10
128 195
34 108
177 164
132 96
7 45
31 150
90 183
63 131
146 186
133 149
190 65
75 30
9 40
31 164
143 153
135 116
85 24
126 197
56 90
79 51
143 112
105 45
10 3
174 138
10 162
192 118
165 134
189 106
43 139
69 33
140 62
117 114
32 76
14 82
59 70
27 118
193 185
170 152
153 99
98 176
42 110
53 24
195 149
137 176
132 111
94 182
68 139
136 96
128 108
7 98
4 48
140 30
124 106
58 104
28 18
19 90
121 182
78 101
160 130
35 121
200 83
156 147
161 113
132 187
159 29
36 48
193 184
146 56
9 31
98 126
117 19
37 33
159 46
148 109
137 110
195 83
63 44
133 11
177 126
112 130
191 196
71 106
105 182
195 171
58 5
78 162
29 85
68 187
21 88
128 142
162 94
89 141
155 196
7 153
128 74
8 82
69 122
32 21
66 143
70 57
192 22
66 111
133 35
162 73
124 101
10 113
94 73
177 172
53 41
156 189
14 144
187 121
24 45
114 138
174 110
43 58
200 2
174 35
172 157
124 169
191 22
40 51
36 20
57 52
2 108
75 44
32 27
113 6
136 69
43 192
93 97
60 12
103 12
49 18
58 138
63 178
47 34
50 147
74 93
165 105
166 73
189 117
54 108
42 85
132 182
174 44
26 194
154 96
168 48
154 2
143 142
135 97
71 19
187 28
100 181
37 61
55 162
86 107
139 197
133 56
23 104
105 158
162 5
107 22
32 107
49 142
58 153
92 27
93 94
92 8
74 158
102 73
148 155
143 176
26 42
193 130
193 98
199 8
74 6
66 70
7 79
7 132
106 91
101 59
128 78
165 184
133 93
175 6
200 192
167 107
150 22
172 126
71 180
122 150
47 66
26 161
163 101
93 85
23 28
179 186
63 77
126 70
61 85
34 17
92 184
109 11
10 130
117 138
68 110
160 99
36 164
122 162
136 175
198 169
13 121
11 79
26 171
104 49
4 102
82 1
193 17
80 1
157 33
104 46
166 179
189 61
25 135
23 96
47 78
47 147
72 149
47 3
121 44
98 134
129 5
167 196
7 72
181 36
126 84
83 110
26 6
61 96
157 109
133 184
68 2
119 94
75 51
53 19
56 22
137 39
52 30
143 99
163 193
66 20
62 21
179 46
43 164
151 196
131 70
167 10
132 175
63 157
113 188
77 58
78 123
10 199
31 125
159 22
29 65
40 82
80 48
132 46
63 2
132 81
159 52
63 78
128 168
34 81
103 112
171 85
59 22
7 85
119 139
66 104
31 189
151 70
195 140
169 24
137 115
99 85
10 44
200 124
187 76
29 59
58 82
47 5
167 142
119 197
159 171
189 141
28 70
71 17
13 80
103 90
10 120
192 57
139 41
145 114
156 50
144 52
99 114
42 88
195 40
72 28
119 95
37 153
31 95
35 141
35 158
80 58
102 115
172 70
123 64
60 137
153 171
116 8
159 87
37 181
165 155
114 5
78 106
90 84
194 53
142 33
145 111
191 55
123 126
159 144
7 192
70 171
19 16
176 39
128 114
83 98
140 67
160 22
128 30
194 99
14 165
131 44
174 6
165 137
117 62
96 44
2 153
166 190
195 1
34 98
169 108
128 91
37 183
199 110
60 125
140 48
92 172
151 141
180 91
178 49
10 41
2 197
97 176
32 106
191 50
14 13
167 187
47 81
11 30
51 46
43 181
88 134
157 36
178 123
68 165
161 141
160 45
69 197
189 103
194 105
47 11
164 138
26 137
54 57
75 116
199 58
97 188
200 26
131 186
196 142
16 1
114 188
69 93
120 22
179 79
39 30
128 28
198 84
145 91
58 165
190 153
173 196
135 58
46 91
194 165
9 162
163 118
160 16
156 177
170 57
60 94
40 74
9 140
192 24
122 59
199 36
157 72
3 153
17 65
65 106
100 198
99 84
128 147
96 20
11 51
60 65
163 44
187 188
120 80
160 180
179 5
140 61
42 80
174 45
60 162
129 196
151 21
125 140
156 107
191 94
30 18
35 99
119 77
125 40
37 174
187 169
80 21
71 100
195 162
164 73
101 85
120 107
156 99
193 126
69 144
125 165
135 149
49 84
92 171
76 24
29 118
121 38
198 155
168 19
40 21
13 195
151 108
79 90
39 183
83 64
147 33
189 30
188 39
166 85
50 197
124 10
128 5
179 162
167 156
10 189
92 60
141 111
19 93
67 169
197 141
51 111
140 65
50 93
154 142
193 11
132 176
189 111
113 59
50 59
26 32
106 150
124 6
200 120
98 96
147 3
187 134
180 151
172 57
56 38
148 115
159 197
26 16
139 51
137 48
169 41
66 130
190 87
116 137
28 176
129 84
42 197
7 35
7 96
93 95
151 123
77 115
26 66
192 106
14 41
117 56
167 121
70 115
181 20
153 127
98 137
53 21
128 141
19 96
141 6
86 40
123 186
25 74
2 22
55 186
64 185
88 18
19 44
87 33
128 24
71 26
84 134
200 49
53 62
146 131
80 61
7 19
167 180
105 20
15 52
119 44
126 186
121 91
86 140
198 171
117 45
92 124
81 99
185 76
128 69
121 184
47 87
133 113
107 70
89 12
12 158
43 88
191 84
180 120
99 20
123 96
28 155
146 17
110 5
43 118
16 139
140 15
120 140
157 108
5 158
167 137
119 79
145 84
53 185
186 113
10 102
123 153
60 80
87 20
191 85
86 88
181 94
35 2
146 49
151 107
154 95
67 15
145 44
181 48
2 165
97 85
83 58
102 110
186 46
137 142
107 20
191 111
114 56
27 6
99 5
13 19
156 183
17 49
5 91
25 81
197 105
121 28
132 195
12 45
156 16
62 183
68 197
51 20
75 114
189 69
4 196
149 56
31 1
108 84
7 46
108 22
4 151
152 118
184 129
92 91
152 73
105 88
137 57
9 99
161 197
66 79
14 36
167 5
140 143
200 32
69 18
14 33
168 97
14 116
101 192
104 87
104 141
125 192
36 141
54 69
177 140
2 24
69 162
197 84
139 196
130 111
148 10
173 179
168 116
192 155
77 176
151 129
112 39
95 84
125 88
136 195
125 93
69 130
161 82
68 78
144 15
35 79
79 118
136 141
77 121
195 152
165 30
173 110
9 180
159 146
27 182
48 52
53 143
128 39
181 95
148 73
86 190
137 45
160 103
148 197
149 108
63 94
176 45
199 66
50 36
14 39
102 22
115 44
165 130
164 45
49 15
173 3
29 99
60 20
194 36
121 93
83 117
6 84
7 110
19 17
17 82
157 65
147 82
86 141
83 22
167 140
108 196
173 194
132 168
138 127
133 60
47 157
168 127
63 58
163 64
42 185
163 100
199 16
126 112
163 93
179 146
11 176
124 33
26 39
94 24
172 155
80 111
61 17
13 8
166 111
4 124
173 161
160 28
63 155
114 62
119 104
72 90
108 76
78 195
188 52
186 182
38 30
37 114
47 15
57 158
75 194
184 85
59 164
125 81
10 50
136 185
93 11
34 74
60 90
145 118
128 27
67 95
11 21
162 41
75 189
122 110
108 97
146 59
173 114
35 12
195 157
198 53
131 129
71 86
112 113
78 38
148 77
144 36
117 104
77 175
9 3
10 16
76 38
70 184
166 79
166 197
24 158
2 5
186 6
56 51
157 11
125 24
71 97
77 138
200 81
108 94
19 59
71 185
47 80
75 199
37 157
13 194
195 73
40 144
109 150
119 111
36 185
69 107
178 199
92 66
47 74
133 55
135 10
154 57
176 76
181 46
42 11
124 126
50 152
32 79
67 18
81 67
154 126
83 2
170 34
25 130
104 17
143 5
116 129
111 20
68 80
190 62
99 149
192 196
10 145
55 153
43 141
148 164
78 60
119 15
42 12
25 143
194 2
31 165
68 100
39 6
189 33
70 105
107 21
46 111
125 123
67 12
151 95
40 58
173 58
151 97
29 30
164 115
43 74
124 42
78 77
9 29
131 41
113 164
168 9
77 113
144 38
71 80
26 54
43 84
142 134
98 186
81 6
148 147
136 154
75 142
120 16
161 73
54 164
101 182
129 44
63 104
164 197
132 24
3 145
148 162
126 44
23 90
155 141
61 169
144 56
146 96
78 42
91 18
107 56
74 46
133 162
92 149
34 33
150 45
83 137
187 77
94 79
187 52
163 48
43 68
136 38
65 73
41 20
66 49
168 199
40 134
23 105
170 124
42 186
47 55
124 123
106 39
160 44
71 102
193 139
42 16
90 6
124 151
95 149
163 165
13 21
164 15
109 175
140 56
21 90
60 176
156 157
23 161
98 183
50 105
13 122
31 94
199 197
166 122
4 91
71 175
171 57
71 103
192 8
7 78
77 82
155 39
154 185
13 188
63 56
92 125
168 46
147 190
180 19
168 177
147 169
193 36
179 141
140 103
41 24
148 103
192 142
140 162
75 159
98 87
170 178
179 183
104 139
100 40
132 106
35 108
32 164
60 72
156 1
63 111
64 38
137 17
7 140
172 115
36 15
181 18
159 38
14 145
2 12
72 95
63 25
125 65
26 63
2 114
17 12
67 165
14 81
173 46
174 180
60 118
82 52
2 158
199 175
198 115
42 39
130 149
99 22
23 4
194 40
102 84
103 144
55 157
42 122
60 139
195 69
115 158
71 48
122 114
3 22
47 92
142 24
173 56
170 86
32 158
43 163
163 111
53 190
40 186
10 34
169 20
161 46
133 102
21 20
126 152
9 12
145 5
5 45
21 118
70 183
25 153
80 131
175 97
179 101
7 83
102 181
23 59
169 176
92 148
101 33
167 104
13 187
132 11
148 46
53 16
71 47
13 199
143 171
48 24
86 65
159 20
54 185
97 129
169 97
63 107
93 1
39 90
125 118
3 104
166 10
98 88
179 130
25 45
177 15
189 20
198 107
145 56
132 158
60 64
5 49
11 49
57 183
11 85
10 126
9 21
55 91
92 179
132 59
109 36
120 112
179 164
133 146
98 197
178 93
103 188
55 103
81 82
70 197
147 176
165 185
150 90
43 191
104 176
174 170
154 140
178 122
96 111
9 85
55 81
86 169
101 145
157 22
47 161
136 181
125 42
77 118
198 87
189 8
148 90
102 179
8 91
159 108
133 40
66 76
120 141
198 48
123 146
92 105
65 6
36 158
7 20
161 27
110 39
179 131
187 39
67 138
7 131
148 81
78 169
51 12
43 117
198 161
160 53
43 87
156 95
68 37
68 29
125 115
103 127
175 176
42 143
144 149
35 27
163 183
4 36
28 8
7 77
184 44
134 1
139 5
145 158
55 59
35 149
102 86
149 38
154 150
25 95
131 5
163 10
179 194
135 198
178 189
10 150
40 22
113 15
42 97
133 101
165 44
59 12
154 198
107 141
147 22
49 96
131 106
63 80
101 24
99 30
23 69
42 67
123 44
53 129
120 137
55 87
154 138
4 109
173 109
123 39
160 49
160 154
163 103
149 183
