InstanceID
6_40_4
NumObjects
40
NumFactors
4
Weights
51.147743685702565
12.137363840295734
83.03755731695395
2.639192720466399
93.57692936146552
30.37121502988569
76.58229275070889
42.895750461308026
71.40299127954843
90.98959528367503
39.98765849272963
92.72455218331477
40.4087243517576
83.70921201405375
11.878561791894281
23.042746637119937
79.81442262438205
34.38441579712539
53.75635631543525
11.554064125274843
71.18489301066752
60.803016448994505
83.02690413312408
64.89059010186918
53.58149118840343
42.96262934825346
62.44408352228872
68.74417253370122
57.15635838149247
99.7193136381383
37.704917984673855
53.1279076704958
96.68082905099497
5.368240736522134
79.72666910534426
28.623352462178687
53.58423891779749
87.0661487683118
73.1669029771239
71.16944453544869
Budget
1138.3867252894609
Profits
-10.229548737140513
-2.427472768059147
-16.60751146339079
-0.5278385440932798
-18.715385872293105
-6.074243005977138
-15.316458550141778
-8.579150092261605
-14.280598255909686
-18.197919056735007
-7.9975316985459255
-18.544910436662953
-8.08174487035152
-16.74184240281075
-2.3757123583788564
-4.6085493274239875
-15.96288452487641
-6.876883159425079
-10.75127126308705
-2.3108128250549687
-14.236978602133505
-12.160603289798901
-16.605380826624817
-12.978118020373836
-10.716298237680686
-8.592525869650691
-12.488816704457744
-13.748834506740243
-11.431271676298493
-19.94386272762766
-7.540983596934771
-10.62558153409916
-19.336165810198995
-1.0736481473044268
-15.945333821068852
-5.724670492435737
-10.716847783559498
-17.41322975366236
-14.633380595424779
-14.233888907089739
FactorLoading
0.052650322951534934	0.5905919530010935	-0.0914023522474805	0.2653553717998911
0.25711810459890394	0.05769499503717701	-0.17465374280446633	0.5105331575594527
-0.7275443715122194	0.2200485035438	-0.010471981230710137	0.04193514371327045
0.5753242273887618	-0.07587247955743748	-0.02925834008992445	0.3195449529638763
0.18294308433359507	0.47161764233952996	-0.33823806927555533	-0.007201204051319632
-0.07541506816690413	0.10154365692713352	-0.0015176667626914941	-0.8215236081432709
0.010106750982695756	-0.05201089727868213	-0.4408924670488492	0.4969898846897729
0.4635748663514563	0.03745345835543379	0.49406053519515747	-0.00491114009795246
-0.13439547579257471	-0.2033529552900577	0.6610525306184505	-0.001199038298917099
0.34818239810281093	0.01806298655369809	-0.04275674662177109	-0.5909978687217199
-0.13881759859609932	-0.23663194098516827	-0.15765894340516984	-0.4668915170135626
-0.17016339728578744	0.38080365266240235	0.07880343618102525	-0.37022951387078495
-0.2778734558165452	0.07409430319332522	-0.3571242155739516	0.290908025416178
-0.08802230340436434	0.20681588877745805	-0.029895040156343144	-0.6752667676618345
-0.4287232835227157	-0.3190277851038401	-0.14895461987017988	0.10329431150326429
0.01878037300213431	0.6720860245533347	0.11518043830668478	-0.19395316413784625
-0.22639249442221177	-0.007440470787325015	0.17233631355769696	-0.5938307212327663
-0.720093509724278	-0.0631809653529618	0.164807192675545	-0.051918332247215204
0.2161966398114641	-0.5208031342972494	-0.2367947843387943	0.02620544155249216
-0.13586135501305496	0.4165137663229279	-0.20412852852857277	-0.24349635013544435
0.21542180481523077	0.27593470206320836	0.08330144102009407	-0.4253420521014668
-0.15313899474448722	-0.27279146307444346	-0.1280139126709554	-0.4460556295101139
-0.18524263967997978	-0.4741821489894418	0.2616280356344569	0.07894717569612153
0.1157342166694626	-0.11998562020405545	-0.6350566674189162	0.12922349570756575
0.6486273360622787	0.06222872886428776	-0.26813450018990115	0.021009434883532352
0.5888192137771637	0.09108611526952015	-0.31331201228516337	0.006782658668152752
-0.29321877219702386	0.5263141561580171	0.10268107501446044	-0.07778599663049857
0.01878447950832296	0.7263054183162121	0.15402885644856168	-0.10088124572690327
-0.09105479518703286	0.6727799761352995	-0.030066950325684516	0.20609827835198313
0.07016435075422378	0.40145010426050765	-0.25953953970509525	-0.26884600528017333
0.4917489361074696	0.06687653007601524	-0.1611683030609552	0.28020623075555995
-0.1452880458769441	-0.0858420670011737	0.5585751534074332	0.21029473371444896
0.21552483228506825	0.01787924043170075	0.3598046435553055	-0.4067912837279255
0.06701667316816007	0.40615604523743487	-0.0819140294656906	0.44491325212871446
0.7238655400672793	0.1191814115681249	0.08210168543175622	-0.07485136293283956
0.40922394438429355	0.23869165617017463	-0.023326645169886806	-0.328757754275645
-0.6040839758081056	0.35097449362311517	-0.02153751352684008	0.023404017041939174
-0.11146346797873741	0.3575137847959884	-0.4826699588875203	0.048352788337753916
0.15729226905524363	-0.14495229832781198	0.3296145852721477	0.3681408473447967
0.050666772998281484	0.0527986824190787	-0.13244441956568842	0.7640901250169514
Conflicts
25 18
23 39
2 12
28 8
12 6
17 18
3 22
13 16
29 36
21 22
32 33
18 1
2 5
30 20
37 19
31 34
37 33
21 20
10 32
26 12
29 11
10 36
26 27
13 35
23 36
37 6
5 20
15 38
25 36
23 4
6 30
29 5
40 1
26 28
2 11
10 20
4 39
25 10
37 35
3 5
21 30
10 40
37 32
7 2
10 2
35 21
29 18
24 1
12 1
27 33
23 8
13 17
20 24
35 11
2 8
11 33
11 30
23 16
7 34
26 11
13 19
4 38
31 39
16 22
14 36
3 1
13 18
29 15
16 39
4 19
7 29
9 6
13 28
13 1
7 40
29 40
9 18
35 28
27 36
7 35
3 15
16 24
14 20
14 6
10 21
37 18
25 17
31 40
14 10
9 11
32 19
36 22
34 5
37 14
11 12
21 12
37 40
14 21
10 15
22 18
37 15
16 17
3 38
37 36
37 8
26 6
31 22
4 6
8 21
29 33
10 28
5 24
25 6
14 11
26 9
34 17
19 39
23 2
31 10
37 12
28 22
8 33
15 30
3 27
13 5
23 1
23 15
31 28
29 30
20 1
4 24
4 1
3 8
36 8
17 1
34 19
23 37
12 24
10 1
15 21
25 32
10 11
22 20
9 30
28 21
14 18
35 10
4 28
14 32
7 4
35 19
28 30
26 17
28 12
34 30
36 1
25 21
4 13
16 36
23 9
8 18
23 17
32 3
23 40
32 28
31 12
3 20
23 13
5 6
23 35
23 27
38 12
16 5
8 39
35 16
35 6
22 6
7 31
10 38
13 8
31 2
2 21
28 11
7 19
14 2
18 24
8 22
28 17
4 11
4 15
11 22
26 10
32 18
26 19
8 12
4 14
16 33
35 12
12 30
10 19
39 18
4 29
19 8
28 33
31 20
28 16
21 1
40 21
31 27
25 16
35 39
26 1
26 20
7 37
25 35
25 22
2 22
4 21
28 39
9 2
2 30
29 19
2 3
34 29
14 30
28 18
25 40
28 6
23 11
35 40
28 1
9 28
37 27
22 30
32 21
23 7
5 38
7 1
2 17
15 6
19 17
19 36
29 28
6 20
7 13
15 39
32 1
2 33
5 21
32 36
23 26
21 24
3 39
37 30
37 17
37 28
2 20
13 33
17 39
35 18
5 22
29 27
3 6
22 24
14 16
19 20
9 19
31 35
13 22
25 27
39 38
11 20
4 40
25 3
34 36
19 38
19 24
27 21
31 5
27 17
17 15
35 36
27 20
36 17
17 30
35 15
19 1
7 36
40 38
7 17
36 20
32 38
27 18
29 24
16 30
26 25
3 24
35 2
7 32
16 15
37 11
29 8
26 29
9 12
7 16
7 18
2 38
14 1
12 20
3 21
9 3
3 28
11 21
37 34
11 6
37 16
36 11
19 15
34 28
7 11
34 27
39 20
14 8
7 22
40 22
13 6
27 1
27 30
36 38
27 22
32 5
32 11
13 2
32 34
32 40
35 33
38 18
34 6
15 20
5 30
29 21
40 18
38 20
29 17
8 38
23 30
23 19
36 21
34 12
32 22
16 20
11 5
10 8
10 27
25 12
31 3
19 33
4 17
13 36
38 6
9 31
26 34
31 33
10 18
19 11
40 15
7 8
26 8
23 5
29 6
23 18
11 39
10 30
4 31
31 30
22 1
7 9
14 33
4 22
31 38
35 17
9 10
26 16
9 5
31 17
19 30
9 36
2 39
10 22
6 24
23 6
