InstanceID
6_50_4
NumObjects
50
NumFactors
4
Weights
51.147743685702565
12.137363840295734
83.03755731695395
2.639192720466399
93.57692936146552
30.37121502988569
76.58229275070889
42.895750461308026
71.40299127954843
90.98959528367503
39.98765849272963
92.72455218331477
40.4087243517576
83.70921201405375
11.878561791894281
23.042746637119937
79.81442262438205
34.38441579712539
53.75635631543525
11.554064125274843
71.18489301066752
60.803016448994505
83.02690413312408
64.89059010186918
53.58149118840343
42.96262934825346
62.44408352228872
68.74417253370122
57.15635838149247
99.7193136381383
37.704917984673855
53.1279076704958
96.68082905099497
5.368240736522134
79.72666910534426
28.623352462178687
53.58423891779749
87.0661487683118
73.1669029771239
71.16944453544869
5.265032295153493
73.4644628200109
64.32422759526284
98.99870023311877
82.09978098034836
49.392552185945604
63.94302272547758
31.481309963608094
48.94668424405473
25.711810459890394
Budget
1410.2005170408966
Profits
-10.229548737140513
-2.427472768059147
-16.60751146339079
-0.5278385440932798
-18.715385872293105
-6.074243005977138
-15.316458550141778
-8.579150092261605
-14.280598255909686
-18.197919056735007
-7.9975316985459255
-18.544910436662953
-8.08174487035152
-16.74184240281075
-2.3757123583788564
-4.6085493274239875
-15.96288452487641
-6.876883159425079
-10.75127126308705
-2.3108128250549687
-14.236978602133505
-12.160603289798901
-16.605380826624817
-12.978118020373836
-10.716298237680686
-8.592525869650691
-12.488816704457744
-13.748834506740243
-11.431271676298493
-19.94386272762766
-7.540983596934771
-10.62558153409916
-19.336165810198995
-1.0736481473044268
-15.945333821068852
-5.724670492435737
-10.716847783559498
-17.41322975366236
-14.633380595424779
-14.233888907089739
-1.0530064590306987
-14.692892564002179
-12.864845519052569
-19.799740046623754
-16.41995619606967
-9.87851043718912
-12.788604545095517
-6.296261992721619
-9.789336848810946
-5.142362091978079
FactorLoading
0.49835274779254957	0.3891166029525839	0.07371967309874483	0.038810976156121724
0.31084862872353325	0.15526245097011593	0.30228255284460204	0.23160636746174879
0.1545880629687546	0.3050175677432001	0.11074106703409337	-0.42965330225395193
-0.22464128369251712	-0.6192820465611302	-0.006785261602275883	-0.14929140814407682
-0.06384312889225852	-0.061318495876433676	0.8634717738126392	-0.011366601418668631
0.3280828831533307	-0.05745251392980988	0.3635005721921234	0.25096403072473605
-0.5408277645949975	-0.20552856341160308	0.027111894378580415	-0.22653177761481902
-0.0014889462822509358	-0.02256880359125235	-0.6577806126000918	-0.3181616375264049
-0.37702272182293606	-0.5543461748339893	-0.05097002349196278	0.01766107985111187
-0.17874597173478945	0.18263696450934996	-0.09035504493303881	0.5482620188228218
-0.38201710425717983	-0.12220466407628194	-0.41111328428073346	0.08466494738580477
0.07340744856560466	-0.06952719877162927	-0.5691322225851687	-0.28793313007759735
-0.16585849505777484	-0.3328037750787862	0.11720528781732509	0.38413244204611385
0.05302782504703463	0.20156997061717052	0.2239189038684679	-0.5214833004673269
-0.6056774018405897	-0.013304739030717716	-0.005530764575663261	-0.3754870945530293
-0.02286403877421983	0.455903347276728	0.45208759083884176	0.06914502311021042
-0.22619469680747617	0.11986757490944622	-0.4006325315697221	0.2533051967133555
0.04556783730295755	0.26662146349533145	-0.5171963178737877	0.17061438132792328
-0.08968474562901507	0.3403971295598336	-0.3937384411309168	-0.1761796836802345
-0.6454094495936793	-0.014708125969535413	-0.1966074010880332	0.14327502334875208
-0.003103443814293394	0.3485625138560564	-0.11872678860477692	0.5296072537248733
0.02183819866836223	-0.03729296675020377	-0.5188992976278453	0.42196953695358874
0.38137662705003605	0.10016496106511519	0.12773535973698502	0.39072305214786374
0.36455826995178975	0.5307765828617959	0.03725486404908085	0.06741028313733355
0.01698266108363633	0.5810571779537927	0.16953435004114348	-0.23242581092142744
-0.39580506087310874	-0.15255286688181435	0.06507394282491719	0.3865681294201597
-0.6690711699924152	-0.09670664912572247	0.1510321626653197	0.0831900182165426
0.12621923452501127	-0.10481572653904148	-0.5863048038223939	0.18266023511355334
-0.2791746128659376	0.3059464856883347	0.11411514250094457	-0.30076375894478313
0.11109299630871217	0.5496394647180047	-0.2758498470752475	-0.06341769189803559
0.08085085042325169	-0.3339084039735356	0.22838934939037747	-0.35685139621283524
-0.6214206873627004	-0.04391120640005175	0.10514046104130137	-0.22952764519594648
0.31169850878418504	0.4473195192236852	0.219431344340566	0.021550627651563792
-0.575417737013536	0.0256904714253936	-0.20467112354624595	0.1942206680148244
-0.4858722786797389	0.06204233553494176	0.22018219525365712	0.2319031905316622
0.07674693885901629	-0.2827004216485174	0.24049443258460657	-0.40005820690785976
0.38263813726530804	0.114948948802029	-0.24197343173724484	-0.2604394821954181
0.14061439271564447	-0.5573931089504454	-0.1205370429385848	-0.18145545539532537
0.09536916285354202	0.6828849915411108	0.08620656079940581	-0.13553928480594135
-0.16363399316927274	-0.2688515000934959	0.4048076347482201	-0.16270687198901124
0.17141771496099634	-0.07557865247004392	-0.5401010307524619	0.2129026018164979
0.3523637879783328	0.1811728495388918	0.1880300951045002	0.27843326737827523
0.22194548485427834	0.6436148246729803	0.014108153390696598	0.1203315370820448
0.08616659994301679	-0.24946566456850983	0.614689568423278	0.049678167065195344
0.29346708170933145	-0.3557282896843639	0.31414121034640563	-0.03666341825989905
0.17358878640451247	-0.015502343306565303	-0.3648453324307728	0.44606353785814945
0.503771271570921	0.027293541673375943	0.4206453381925048	-0.04828984856319818
-0.5231982073652641	0.23107361959595885	-0.053248085297781245	0.1924800877409958
0.42828578730836564	-0.2337912655081935	-0.17092608501038375	0.1669968621730571
-0.0869640323646983	-0.8469608160303501	-0.03883219676101457	0.027242954843937017
Conflicts
15 38
47 36
25 46
23 4
6 30
29 5
40 1
26 28
2 11
46 20
10 39
4 45
10 35
37 45
3 5
21 30
10 40
37 32
7 47
43 2
10 2
35 21
43 18
29 41
43 50
24 1
12 1
47 33
27 48
8 46
23 13
17 24
43 20
35 11
8 33
23 30
34 16
7 13
26 17
19 11
4 13
38 39
47 31
22 41
47 16
14 36
3 1
13 18
43 15
29 39
4 16
50 19
7 49
9 29
47 49
47 48
28 6
46 1
7 40
29 40
9 18
35 28
27 36
7 35
3 15
16 24
42 20
7 14
29 6
14 10
37 21
49 18
25 17
31 40
9 48
11 46
32 19
48 22
36 5
34 41
37 14
50 12
11 12
42 46
14 40
21 15
10 44
2 12
22 18
5 46
37 20
43 46
16 15
17 38
47 3
37 36
47 8
37 6
26 22
31 6
4 21
35 8
29 21
33 12
26 10
43 28
5 24
42 6
25 49
14 42
26 11
9 17
34 45
19 45
23 39
31 2
10 12
37 28
42 22
15 30
26 27
13 50
35 3
13 27
48 5
23 1
23 15
31 28
46 30
25 29
25 13
5 41
36 49
43 37
37 33
42 48
20 1
43 4
11 24
4 30
38 1
42 45
36 1
19 17
34 44
23 37
44 12
43 24
10 49
15 1
15 45
25 32
10 11
22 20
9 30
28 21
46 45
14 18
4 28
47 14
4 32
7 19
35 30
30 20
28 45
28 12
47 34
50 30
43 25
10 42
7 4
43 42
16 46
9 36
23 18
43 29
8 18
23 17
32 3
17 45
23 41
31 34
13 49
50 41
23 32
28 48
31 12
3 20
33 46
50 29
41 6
23 5
35 27
23 12
16 38
11 5
26 39
16 41
35 6
43 44
6 44
31 22
7 38
47 10
13 8
2 21
43 11
7 28
2 19
49 41
14 24
28 22
17 11
4 47
4 15
11 22
50 18
32 8
13 19
26 12
49 8
4 14
16 33
35 12
12 30
26 19
49 12
39 18
4 29
43 8
7 10
28 20
50 33
31 20
16 5
2 1
40 27
35 16
25 16
35 41
50 39
26 1
26 20
7 37
25 35
25 2
43 22
21 41
9 2
2 30
29 44
19 49
2 3
34 29
13 5
14 30
37 18
28 18
50 21
28 41
25 40
23 11
42 49
35 40
28 1
41 44
9 28
37 27
22 30
43 32
5 21
3 18
23 8
7 5
17 15
10 6
36 15
14 17
28 36
29 20
13 6
7 48
32 39
13 1
35 33
27 5
5 33
36 21
32 45
13 17
23 42
26 23
23 47
43 21
39 24
3 30
28 17
37 50
2 20
13 39
17 41
35 18
5 22
5 45
47 6
29 45
3 27
40 28
7 22
14 20
9 19
42 19
31 35
49 22
9 13
25 27
11 45
27 20
4 22
4 50
25 3
49 21
10 34
48 36
19 38
3 39
50 24
27 21
31 5
27 17
35 36
36 17
49 30
17 46
35 15
19 1
4 19
7 36
49 38
32 12
27 18
49 24
29 16
25 30
26 46
3 44
35 2
7 32
16 45
37 15
11 8
26 48
9 46
16 12
7 46
17 18
7 2
14 27
21 20
37 3
34 21
9 42
3 12
28 11
37 34
11 6
48 41
43 41
16 44
47 50
41 20
26 2
10 36
11 15
19 44
34 28
7 11
34 27
39 20
22 24
43 19
8 41
22 46
7 33
27 45
47 15
30 45
40 44
22 6
13 42
7 16
42 29
40 18
27 30
36 38
27 22
32 5
47 32
4 11
22 1
2 24
13 32
34 24
40 24
32 46
2 49
38 18
34 6
50 15
5 20
44 30
43 47
38 46
17 20
29 46
8 38
37 46
40 30
23 46
50 45
25 19
23 36
39 12
19 22
32 20
17 49
23 10
25 12
37 8
31 3
19 33
4 17
13 36
38 6
9 31
47 25
26 18
37 42
36 33
10 18
9 12
18 1
40 49
49 15
9 6
7 8
40 41
8 15
5 6
37 44
39 46
43 3
47 29
27 33
11 39
10 30
37 17
4 31
31 30
37 40
7 9
28 33
29 33
48 33
14 49
47 41
31 27
42 38
23 34
37 35
34 8
47 44
29 15
19 15
9 44
16 8
36 39
16 49
25 22
23 44
9 45
9 5
31 17
2 33
26 49
19 36
9 39
2 27
36 18
39 45
10 22
17 30
6 24
23 49
35 29
3 16
50 36
3 36
7 6
25 48
10 50
21 46
31 19
8 20
37 19
26 15
5 39
26 16
38 12
15 20
16 11
9 35
19 5
47 40
48 44
31 11
48 6
10 29
44 46
4 5
5 44
26 50
50 27
19 39
13 28
50 28
19 46
38 24
25 20
25 1
26 42
47 46
32 11
25 38
4 2
17 22
49 44
34 30
23 31
9 24
34 18
10 27
31 48
10 33
25 10
4 6
4 46
40 3
29 36
36 22
42 12
31 1
50 34
32 41
35 48
32 40
50 3
31 29
9 8
26 8
31 44
43 27
25 34
41 30
47 39
25 5
18 20
10 24
27 46
48 15
25 6
14 38
22 12
42 18
40 20
36 11
46 18
45 20
9 22
31 8
4 27
33 44
13 48
4 34
43 48
43 13
13 14
37 16
7 27
48 12
48 38
15 33
7 30
26 32
2 17
49 20
25 21
7 25
31 21
41 45
26 37
43 34
21 22
14 22
34 1
47 38
48 8
23 16
33 45
25 8
49 45
7 45
14 33
