InstanceID
6_80_4
NumObjects
80
NumFactors
4
Weights
51.147743685702565
12.137363840295734
83.03755731695395
2.639192720466399
93.57692936146552
30.37121502988569
76.58229275070889
42.895750461308026
71.40299127954843
90.98959528367503
39.98765849272963
92.72455218331477
40.4087243517576
83.70921201405375
11.878561791894281
23.042746637119937
79.81442262438205
34.38441579712539
53.75635631543525
11.554064125274843
71.18489301066752
60.803016448994505
83.02690413312408
64.89059010186918
53.58149118840343
42.96262934825346
62.44408352228872
68.74417253370122
57.15635838149247
99.7193136381383
37.704917984673855
53.1279076704958
96.68082905099497
5.368240736522134
79.72666910534426
28.623352462178687
53.58423891779749
87.0661487683118
73.1669029771239
71.16944453544869
5.265032295153493
73.4644628200109
64.32422759526284
98.99870023311877
82.09978098034836
49.392552185945604
63.94302272547758
31.481309963608094
48.94668424405473
25.711810459890394
96.11890238438782
88.74693507451335
49.83527477925496
96.02993251839173
95.80648562867296
94.75928750560195
72.75443715122194
31.084862872353327
76.83936325382513
46.611107969364916
81.31806595012108
57.53242273887618
68.04550470361237
65.11967069461993
57.03466977460481
15.45880629687546
45.96056307119547
93.77261183833762
65.4560726673125
99.27987959486804
18.294308433359507
84.39233302536474
85.07085918559231
22.46412836925171
8.882074769068149
17.695872509403763
7.541506816690413
17.847639185672914
6.384312889225852
98.86333985813313
Budget
2292.701132795783
Profits
-10.229548737140513
-2.427472768059147
-16.60751146339079
-0.5278385440932798
-18.715385872293105
-6.074243005977138
-15.316458550141778
-8.579150092261605
-14.280598255909686
-18.197919056735007
-7.9975316985459255
-18.544910436662953
-8.08174487035152
-16.74184240281075
-2.3757123583788564
-4.6085493274239875
-15.96288452487641
-6.876883159425079
-10.75127126308705
-2.3108128250549687
-14.236978602133505
-12.160603289798901
-16.605380826624817
-12.978118020373836
-10.716298237680686
-8.592525869650691
-12.488816704457744
-13.748834506740243
-11.431271676298493
-19.94386272762766
-7.540983596934771
-10.62558153409916
-19.336165810198995
-1.0736481473044268
-15.945333821068852
-5.724670492435737
-10.716847783559498
-17.41322975366236
-14.633380595424779
-14.233888907089739
-1.0530064590306987
-14.692892564002179
-12.864845519052569
-19.799740046623754
-16.41995619606967
-9.87851043718912
-12.788604545095517
-6.296261992721619
-9.789336848810946
-5.142362091978079
-19.223780476877565
-17.74938701490267
-9.967054955850992
-19.205986503678346
-19.161297125734592
-18.95185750112039
-14.550887430244387
-6.216972574470665
-15.367872650765026
-9.322221593872984
-16.263613190024216
-11.506484547775235
-13.609100940722474
-13.023934138923986
-11.406933954920962
-3.091761259375092
-9.192112614239095
-18.754522367667526
-13.0912145334625
-19.855975918973606
-3.6588616866719015
-16.878466605072948
-17.01417183711846
-4.4928256738503425
-1.7764149538136298
-3.5391745018807526
-1.5083013633380826
-3.569527837134583
-1.2768625778451703
-19.772667971626625
FactorLoading
0.06211764826137789	-0.007286602205743842	0.05575737430157046	-0.8748383752313078
0.3280828831533307	0.1354919831981256	0.11621783731938073	0.420207296329163
0.07501615880344903	-0.2627322722791834	-0.20307933351236507	-0.4591722354050025
-0.295556320154885	-0.05262607794792595	0.33365596437078415	0.3181616375264049
-0.08441918449069363	0.29103035509057396	-0.0015731822416684693	-0.6229772781770639
-0.09116414661901029	0.27021878962512913	-0.2683875498850756	0.37022951387078495
-0.2778734558165452	0.12211507775097608	-0.10423323476594049	0.4957782316665382
-0.08802230340436434	-0.05491234393286959	-0.7589465575506154	0.09811879511215071
0.007111022245250176	0.42161226127746554	-0.06993898661384534	-0.5013377298634389
0.25459779566420515	-0.4362686018912638	0.04217774081827441	0.2669558616262566
-0.22639249442221177	-0.10572608589582888	-0.27355882152254907	-0.3943225981594103
0.48171406011516305	0.44914091677462653	-0.01722669086299522	-0.051918332247215204
-0.24226813894483	0.5044266643418145	0.22709975516086334	-0.02620544155249216
-0.04556783730295755	0.5068072840330253	-0.35597786044107527	0.09164701822294186
-0.08968474562901507	-0.28871241037191164	0.19626079189760648	0.4253420521014668
-0.15313899474448722	0.17444591690540534	-0.5291400650013554	-0.14327502334875208
-0.003103443814293394	0.23379396910586014	-0.422527375749268	-0.34057521133057844
-0.1157342166694626	0.46229624637694866	0.3842942083785992	-0.037675328574989564
0.38137662705003605	0.2672507090122427	0.24249579483181027	0.10887686910591099
0.36455826995178975	0.2999416695227317	0.01540538957216242	0.3200946709533161
0.01698266108363633	-0.8851986238165335	-0.020032718469331634	0.07778599663049857
0.01878447950832296	0.06308415155253777	0.5315632395189795	0.3865681294201597
0.09105479518703286	0.2800339484653622	-0.29798242634002015	0.3309288300075848
-0.12621923452501127	0.34539522048972016	0.28170162698210954	0.24668391800315903
0.15939537936437453	-0.11977923350156305	0.44061915637850246	0.28020623075555995
-0.11109299630871217	-0.5132086392686455	-0.16540363070819342	-0.21029473371444896
0.21552483228506825	-0.35166119527480744	0.07596257622728908	0.35685139621283524
0.33487303643771926	-0.13829968196787568	0.14824796895710546	0.3785793126372996
0.31169850878418504	0.5019516393543235	0.029396803496895663	0.15695304836459578
-0.1214005555077482	0.47970765293118145	0.046807392115538526	0.3520843994455318
0.1844914533613602	0.30138082531837873	-0.4907237042783219	0.023404017041939174
0.07674693885901629	-0.3922303139157095	-0.42974343856751807	0.10127930865775614
-0.38263813726530804	-0.24922101538989527	0.2518056433840423	-0.11633520396075436
-0.2359098749830486	-0.37647654002753894	0.20615812959408708	0.18145545539532537
0.09536916285354202	-0.4927421004411312	0.33550883015600563	-0.07637990654932114
0.13056930722428728	-0.03306468594498546	-0.03132688670203043	0.8050391201286968
-0.17141771496099634	0.2069872288522019	-0.5703457386231416	0.051249317563660135
0.7215667326217248	0.2183260461787051	-0.015102450973103698	0.04500477022646643
0.5069279344852189	0.3409091270792428	-0.031831401353493494	0.1203315370820448
0.3356322645115266	0.11058334922827306	-0.1353646883136117	0.4184196979465886
0.20410871633796712	-0.5007917778677424	-0.2584360875343914	-0.03666341825989905
-0.32961814477106777	0.22431831737078278	0.21880156978894383	0.22726196806920562
0.6816630092136751	-0.21550955479070577	0.054537587432420986	0.04828984856319818
-0.47447806761862155	0.2797937593426014	-0.1774630725526043	0.06826510048617274
-0.059877802684196624	0.5891664789994877	0.01303277113287482	-0.33792294718344085
-0.2691325407767391	0.1882256097988131	-0.5153988945805108	-0.027242954843937017
0.13311403184891257	0.4346444463313357	-0.25945526840054334	0.1727862534192084
0.31440970019764425	-0.4637340377898962	-0.10394356295268836	-0.1179126990597712
0.16919004545935645	0.02771216513827368	-0.5622459485577858	-0.2408518408445841
-0.19810928242588788	-0.03295661286063245	0.5678992084286512	0.2010348962848285
0.09673515292412116	-0.8200242971506788	-0.07835909772765048	-0.004881452197549541
-0.7647427202583519	-0.002042479506603634	-0.07520588534004435	-0.15800891489500013
-0.24701047938901466	-0.06997616499295045	0.23598195364356567	0.4470314019744692
-0.099759909380295	0.14077653118638112	0.18631964017380964	-0.5731439192595142
0.1350066199500426	-0.21993166394837416	-0.5704690495708922	0.07459266653069108
0.6163659540869078	-0.03369579740899997	0.20106866611710617	-0.1488695823869861
0.7177764232612454	0.019763891237501774	0.2578180882523031	0.004641597248949747
-0.047360662789011077	0.41450679049283345	0.5223322794175809	0.0158002673005746
-0.11509598314381564	-0.20808913419201658	0.45628293076573323	0.22053195189843455
0.7925299600886624	0.06414977608111161	0.022502364170346123	-0.12081789965987988
-0.14070923800960866	0.1106378996962305	0.5364759904953029	0.2121768717988579
0.7831761356829712	-0.1043141817529154	-0.028044715119330155	-0.08446496744478327
0.08378166708981949	0.22560624062289247	0.013141270317769571	-0.6774708219695185
-0.04232588968577411	0.44185254156078835	0.3744695998077503	0.14135196894568725
-0.3830241794196305	0.11290143909810668	0.02668281858973076	0.47739156289253204
0.00637250448773008	-0.38845865801685386	0.30627545374534315	-0.2988933837500729
-0.09798009094734139	0.7056657278742904	0.15360255823232238	-0.04275162294604584
-0.5692463967337003	-0.21570067873915555	-0.07341277128667034	0.14164015324047385
0.21830026688452198	-0.3051096932743069	0.020163554111150006	-0.4564264857300211
-0.04821057092224934	-0.06665556401022665	0.37175016283962403	0.5133837022279
-0.5757231212700666	-0.23644816293059967	-0.12268937830116577	0.06513933749816792
0.33658539202337123	-0.14800578625873406	-0.34330540232957385	0.17210341938832086
0.44616837522031116	0.05447908458525497	-0.3923364754679459	0.10701606472648795
-0.32186450377322373	0.36759373086997726	0.2883537947297523	0.022187970627046694
0.08628375101809715	-0.22691176237706046	0.1984616402765078	-0.4883428463283346
0.2217063503604959	-0.46272273832681243	-0.07871721398394449	-0.23685369732874717
0.47657152687652093	0.23613180668248557	0.1278356698944727	-0.1594609965465208
-0.43223885425608666	-0.19522129554436574	0.18136332981175096	-0.19117652038779664
0.09565148607470353	-0.21511739402939734	-0.13912026454717874	-0.5501108553487204
0.07908985564560322	0.3348585749149935	0.046039837705685205	-0.5400117317337181
Conflicts
5 22
15 57
16 17
47 3
37 36
72 6
70 22
4 21
72 21
29 33
10 12
69 64
63 24
25 6
78 49
54 11
9 45
52 45
19 39
23 66
31 51
74 12
37 60
54 8
59 30
26 15
13 27
35 67
77 5
23 48
65 79
25 29
43 64
37 59
34 33
42 48
43 65
4 56
75 30
4 65
38 52
55 59
3 79
72 8
65 45
34 44
63 62
61 12
74 49
21 15
57 45
25 75
75 74
26 57
18 73
78 18
68 74
63 47
54 14
71 4
60 19
17 30
59 76
50 62
65 30
25 21
35 74
4 42
7 42
4 77
61 57
80 61
9 29
43 8
53 17
67 56
63 45
23 41
55 53
77 57
65 41
23 32
31 48
67 76
77 20
23 56
64 6
56 5
23 76
16 5
61 11
72 39
16 41
35 70
53 44
43 70
71 44
74 38
13 8
2 56
2 11
43 7
14 2
17 11
4 59
4 52
15 22
75 10
51 18
60 50
32 8
54 13
19 12
49 8
4 78
60 16
64 76
12 44
60 74
26 63
58 76
4 39
29 15
60 8
2 19
7 10
53 20
50 28
58 52
54 10
35 62
28 62
16 64
66 5
65 59
59 21
61 21
63 27
55 16
35 55
63 56
35 80
58 39
50 65
26 52
26 20
71 53
25 22
25 48
2 22
4 41
68 59
38 39
9 66
63 2
55 30
65 12
29 44
66 49
34 3
29 69
14 77
18 30
37 21
50 64
25 28
28 70
58 11
35 57
55 76
64 1
41 44
37 73
64 30
43 32
3 5
56 18
23 72
7 69
71 63
2 65
17 79
74 6
61 79
36 59
78 59
28 17
13 6
71 79
43 39
63 32
13 1
2 33
61 5
69 33
21 45
13 17
23 57
43 53
67 24
37 30
37 50
2 61
13 39
17 41
35 18
69 45
58 6
47 29
60 45
67 27
77 70
7 57
78 16
19 20
19 73
64 59
31 49
49 73
27 62
11 39
54 51
56 22
63 4
4 20
45 30
25 3
34 36
67 39
42 52
50 56
31 27
63 69
27 15
35 17
36 20
17 57
49 30
63 17
35 79
19 65
49 38
71 40
66 20
76 49
29 16
46 30
26 3
60 44
66 64
7 63
16 51
56 45
11 79
29 72
26 42
64 46
12 73
63 80
71 46
17 59
7 18
2 38
78 1
27 21
61 20
37 12
3 56
58 36
3 57
9 65
59 46
12 57
43 3
28 52
11 41
11 70
52 44
54 59
47 41
26 19
2 74
55 11
64 15
34 28
71 75
7 47
50 19
34 41
54 39
80 20
55 15
19 22
78 52
72 41
62 51
7 33
37 56
64 79
47 57
22 44
42 70
13 80
7 29
78 27
27 65
36 57
32 22
17 5
68 11
2 1
13 34
46 24
67 44
70 18
15 20
69 44
21 30
29 57
40 18
43 47
61 38
46 20
8 46
40 62
41 6
25 56
19 62
60 76
56 20
16 56
68 70
37 61
53 69
75 15
10 72
47 74
56 8
23 29
50 61
74 21
71 2
61 49
76 12
25 8
37 31
4 3
17 49
42 57
77 36
56 6
25 73
26 18
34 42
31 44
43 46
10 18
19 11
9 76
18 1
40 15
9 70
71 8
79 41
26 8
23 64
42 69
70 44
37 46
67 52
26 23
29 6
60 28
11 12
10 39
70 38
68 31
23 31
74 65
7 52
28 73
77 6
27 41
68 42
58 38
31 40
23 34
72 17
69 70
29 79
19 15
7 71
47 56
29 65
9 57
10 44
16 8
36 49
54 63
25 16
44 45
9 53
49 12
77 65
59 1
9 5
31 17
2 58
9 33
57 46
19 30
39 73
2 27
57 18
10 65
72 11
31 15
29 67
80 67
71 67
70 52
25 10
69 21
68 10
27 17
69 80
26 62
76 15
55 74
76 44
75 16
39 52
67 12
37 40
47 14
7 9
48 44
75 31
51 6
14 69
48 51
10 30
10 46
43 22
4 5
37 67
31 6
2 12
80 16
5 46
26 56
50 59
63 58
13 50
28 19
68 58
35 19
62 38
25 24
37 1
32 42
75 44
32 20
25 38
65 46
68 2
49 44
27 30
9 62
56 24
14 34
25 80
36 6
21 6
10 33
10 61
4 25
4 6
46 18
67 64
29 36
60 51
7 80
10 2
36 22
34 6
42 76
31 65
50 34
35 21
60 38
26 40
32 5
50 67
3 8
9 8
54 44
43 31
27 45
10 22
28 76
32 67
25 34
40 27
25 69
53 38
10 24
36 65
6 46
48 15
25 70
78 22
59 12
42 22
20 18
40 11
55 36
77 18
63 20
9 22
62 8
27 51
4 58
44 20
13 48
4 34
43 77
55 41
80 57
7 37
76 52
66 17
50 69
29 20
54 61
75 51
66 58
47 33
43 21
34 21
14 59
51 22
34 65
47 38
72 19
23 13
61 64
80 51
63 53
4 72
25 45
14 45
53 51
56 30
9 21
54 2
14 55
10 49
3 74
19 79
13 30
48 11
40 33
4 66
29 52
25 32
8 39
66 59
13 24
52 12
60 61
68 1
4 46
8 79
19 49
50 20
1 73
43 37
31 56
14 32
42 67
69 76
62 39
27 18
77 51
31 64
50 73
66 70
75 1
26 34
78 3
4 51
58 48
9 51
58 51
9 75
77 64
79 12
75 61
78 5
60 59
35 56
80 24
51 41
31 57
66 39
64 48
59 73
80 39
9 67
77 33
17 20
55 79
7 56
15 39
33 73
9 25
37 17
47 35
10 20
14 19
26 49
54 40
71 48
74 20
80 36
79 45
60 69
54 65
75 19
25 1
60 79
2 76
34 15
25 52
5 79
40 5
63 39
9 54
60 77
37 6
41 18
58 20
10 8
4 57
62 73
75 66
40 28
50 33
58 21
78 32
75 6
55 19
74 15
68 40
36 38
80 56
54 42
13 65
31 76
26 11
58 8
31 11
75 40
2 62
60 58
47 11
74 73
16 12
50 15
25 39
32 3
62 46
26 24
53 74
23 17
78 62
17 1
68 12
55 10
70 46
70 21
71 70
60 6
69 11
54 66
15 46
75 76
77 53
40 57
63 10
51 21
68 48
28 39
5 20
56 76
78 17
58 70
77 42
42 21
10 40
9 48
38 20
67 62
76 45
19 18
61 33
59 22
37 80
64 51
3 46
5 41
43 69
80 28
35 24
46 45
68 62
11 45
75 59
39 6
9 41
69 61
62 59
7 75
61 28
7 41
5 73
54 34
2 51
62 65
15 33
55 1
9 46
39 30
37 24
32 77
71 60
25 66
13 59
53 62
71 80
4 32
37 42
14 61
43 79
3 24
74 39
56 11
47 2
54 50
80 5
64 24
43 50
38 73
80 8
50 46
66 8
35 11
34 30
63 34
71 23
25 11
62 52
13 52
28 49
77 27
32 41
31 33
3 1
43 27
64 20
4 80
66 77
16 18
31 3
64 65
25 27
28 79
42 58
23 33
60 5
22 41
41 30
49 22
54 72
66 74
23 51
28 38
12 18
60 21
48 33
63 30
13 66
35 12
78 28
37 53
17 56
78 10
67 16
34 18
43 57
43 19
63 61
16 44
18 24
23 12
55 17
68 19
32 6
13 18
47 19
22 46
26 2
68 61
71 68
40 73
23 46
65 52
78 6
72 65
53 11
63 70
58 28
23 20
32 28
60 10
43 24
32 72
9 20
26 51
40 16
35 28
17 45
42 6
70 76
31 67
66 73
37 66
27 5
9 15
55 18
16 22
31 45
64 45
58 33
74 28
56 38
43 63
27 44
47 16
79 21
75 65
66 3
36 70
61 39
2 48
43 68
40 79
50 70
54 17
7 14
74 11
43 80
47 49
2 5
74 5
42 19
42 66
17 8
14 40
4 31
47 70
43 78
22 12
74 64
42 30
72 49
43 42
23 15
27 72
23 3
10 77
26 16
54 27
32 70
23 52
37 63
26 74
67 38
35 38
7 32
5 57
14 42
11 22
40 56
77 67
17 18
66 38
8 6
56 70
25 76
78 80
70 24
51 49
78 21
62 1
29 5
65 17
10 80
21 44
32 36
66 76
25 40
80 38
28 24
60 30
55 48
7 64
48 8
48 20
32 39
43 34
8 33
3 59
26 37
80 30
79 33
2 30
60 80
78 66
43 72
23 5
72 20
16 11
34 53
55 28
7 34
80 76
80 19
56 15
68 35
13 33
14 80
27 1
62 18
29 1
47 20
56 21
47 13
54 19
27 38
60 33
78 8
26 32
57 20
26 21
16 30
14 28
23 61
35 16
29 41
60 35
31 61
7 55
43 20
43 61
53 58
60 53
63 15
38 6
23 80
13 51
68 8
74 27
9 40
76 22
25 5
35 33
32 16
50 80
80 11
47 48
62 30
28 44
32 19
53 6
13 44
42 44
42 27
47 10
25 31
26 59
32 66
17 70
67 74
77 79
21 22
72 30
60 67
3 70
75 52
58 74
28 46
68 41
14 76
55 38
42 40
67 57
58 3
35 49
3 48
74 17
69 46
68 3
68 36
69 15
55 3
34 61
26 75
71 34
46 12
9 79
9 12
72 12
33 20
48 24
60 56
7 28
75 2
26 12
31 35
26 22
34 64
7 39
43 17
4 64
71 28
74 48
69 48
34 24
50 79
65 49
35 53
71 64
28 12
54 79
42 59
58 65
77 30
60 52
28 22
36 39
69 40
42 5
59 41
13 49
50 18
49 5
79 51
29 38
35 15
23 6
53 3
22 6
32 52
9 80
57 24
69 12
67 28
33 46
61 73
22 33
60 72
9 34
59 6
57 30
54 20
67 17
26 44
64 38
50 55
31 70
50 5
55 42
61 45
37 33
49 15
6 45
43 75
55 34
32 44
63 72
80 40
71 37
67 65
78 2
10 53
79 38
55 72
19 44
69 16
29 76
11 24
14 56
24 30
7 2
14 75
42 62
78 53
66 28
80 33
42 38
72 28
29 22
26 48
74 33
4 69
63 52
50 27
80 44
79 57
2 40
51 8
40 36
35 36
72 36
14 5
78 11
65 33
59 20
63 8
42 36
50 52
37 57
80 12
4 79
49 41
11 51
26 53
48 45
55 52
25 74
13 55
62 21
35 65
71 73
51 1
55 39
42 28
35 42
34 70
9 27
61 8
60 41
67 72
74 52
74 70
77 62
11 33
62 20
49 1
55 73
65 15
9 55
61 48
34 77
71 22
4 27
72 38
14 50
2 59
31 77
75 32
65 8
78 15
23 67
31 52
3 21
2 57
34 69
28 59
63 21
36 41
40 67
72 70
43 44
58 61
58 17
19 48
75 69
2 72
74 44
8 73
32 40
3 41
37 65
7 27
58 79
71 10
19 8
61 6
7 38
29 17
4 50
9 72
75 73
36 46
71 72
69 30
43 40
38 24
74 18
66 57
41 12
4 16
26 69
72 46
13 20
39 21
69 36
35 76
13 45
5 38
79 1
70 15
26 31
9 68
9 13
10 38
2 67
16 46
38 41
69 39
37 77
43 5
68 77
12 1
37 41
7 25
32 2
77 8
10 79
61 24
55 58
14 48
34 62
67 48
70 6
35 39
37 35
27 8
63 64
61 1
36 8
69 74
48 59
2 17
26 5
21 41
63 67
68 20
27 24
43 51
8 30
42 79
23 19
19 16
53 18
57 52
79 30
80 70
58 59
14 33
63 55
9 3
75 56
10 41
69 38
38 30
65 22
14 57
21 12
74 45
71 55
11 44
61 18
58 12
29 30
13 53
28 20
78 77
29 24
72 76
36 33
79 76
7 23
47 39
68 14
28 33
60 57
77 59
77 46
41 46
66 53
16 38
62 22
61 62
68 49
55 64
50 35
50 22
48 5
28 36
69 24
23 36
74 30
65 24
66 44
47 67
53 65
13 56
55 70
69 49
57 6
60 12
58 16
72 48
43 52
27 20
17 48
61 16
68 24
47 66
62 76
78 46
17 39
56 12
44 57
4 68
75 29
9 19
40 19
23 35
75 38
42 72
13 77
74 79
38 57
78 61
54 16
50 36
3 65
50 53
63 3
37 28
68 13
75 34
68 80
9 49
71 43
60 42
4 48
37 32
31 38
48 56
22 1
13 2
17 73
37 64
37 3
77 76
48 52
23 4
72 16
14 35
40 12
59 15
42 46
40 48
19 36
41 45
8 45
16 33
56 57
14 1
34 27
28 5
54 12
58 62
9 16
63 11
3 44
40 58
9 17
54 28
26 28
43 4
25 61
64 22
62 49
65 70
78 24
50 2
49 45
71 41
58 49
68 66
58 19
25 67
26 30
40 59
29 62
55 61
43 73
66 6
79 44
48 1
9 30
9 61
47 53
35 2
74 57
40 41
54 41
47 6
67 20
19 38
31 73
59 5
25 65
50 40
25 41
44 1
78 55
50 74
53 67
75 21
70 51
32 61
79 46
36 76
38 45
51 33
29 64
25 72
6 20
71 32
74 36
51 45
80 49
47 79
63 59
77 16
63 18
43 29
3 36
67 45
63 41
63 38
23 49
42 64
34 72
55 40
79 18
7 62
13 35
5 1
80 21
79 52
65 18
43 6
53 56
67 6
8 52
62 56
42 33
32 57
4 19
7 20
47 15
28 51
37 74
4 47
23 40
50 30
10 36
64 8
4 44
64 52
47 55
47 75
5 39
31 8
76 1
69 59
71 18
25 57
62 11
77 45
53 48
29 48
23 63
34 19
54 3
66 51
13 76
67 49
68 45
54 77
78 64
42 51
50 16
70 33
37 2
68 39
54 70
17 51
3 15
2 20
65 1
25 12
40 44
43 66
34 11
6 1
61 36
27 11
80 6
74 22
80 3
58 24
43 35
34 49
79 73
53 30
71 56
11 73
9 64
26 66
32 59
42 45
68 64
75 28
68 51
71 9
23 10
63 50
2 8
48 49
16 45
26 73
14 10
40 38
16 21
35 1
69 5
23 38
66 16
16 59
78 41
13 79
69 20
14 70
36 64
78 25
73 45
68 16
26 43
59 33
28 6
66 15
16 70
61 27
75 77
7 73
7 77
19 70
35 6
68 25
43 18
10 50
