InstanceID
7_100_4
NumObjects
100
NumFactors
4
Weights
81.24385822007527
65.49774646337252
48.96133803478428
7.875953556887483
58.15906311251917
25.805333157677303
19.64649019558198
19.392536240567605
84.29510710331931
66.19303282513103
40.13518161037963
63.59044269989988
48.83636546924342
98.6985622113955
45.92306948614839
79.23560381723036
38.14143485237391
72.28732924471907
73.80915162156754
74.50442509510245
33.438342217325356
1.2122539899107165
73.47466497855586
80.40222425985333
75.9540016305056
6.486169314089607
28.779459400092232
26.075409337816268
26.812754456766584
23.983200203808643
98.31045491229624
18.976665278178206
67.21467520300546
28.922693449038416
44.10718068472461
96.43324156758403
67.16894142832939
76.21546430337038
69.60890021481822
14.52220154560042
70.86634520953979
6.051726649515299
90.55911220822284
91.76458993797551
11.32209653078069
33.34420192893867
56.25464419856765
6.550179513679866
38.694373863025945
98.10415016218734
70.23633859454507
45.20577025698702
49.46188873496724
85.24452694601048
62.7239383069959
21.130423746783155
88.86461124980845
34.38796968409752
88.64711048516001
92.11901592860163
12.71641014127647
85.93491012500785
30.62661537416156
75.28287768944497
48.292849238071845
58.37856146283058
33.57597967196262
75.95377756396593
45.11861783881728
18.03269784580688
14.074628587484117
38.561053453057866
71.54071623136798
12.023289092182221
59.733465019021324
4.8732888500185645
2.379618494797664
94.5322514589955
86.1029925795926
48.39318888342889
56.712747456103216
96.60234397622737
80.02338354480858
86.42532927945288
48.58659332037525
46.47208077762856
39.39496910624509
30.791898395901796
8.426934036598244
35.24062343461163
84.17169580046331
18.74671095456668
49.40739926133546
44.828359467938704
50.38905049953091
5.700582930977838
99.06982705967276
91.06467932917272
50.55955820521096
24.563797031692026
Budget
2587.5851454999215
Profits
-16.248771644015054
-13.099549292674505
-9.792267606956857
-1.5751907113774966
-11.631812622503833
-5.16106663153546
-3.9292980391163956
-3.8785072481135208
-16.85902142066386
-13.238606565026206
-8.027036322075926
-12.718088539979977
-9.767273093848683
-19.7397124422791
-9.184613897229678
-15.847120763446071
-7.628286970474782
-14.457465848943816
-14.761830324313507
-14.900885019020489
-6.687668443465071
-0.2424507979821433
-14.694932995711174
-16.080444851970665
-15.19080032610112
-1.2972338628179214
-5.755891880018447
-5.215081867563254
-5.362550891353317
-4.796640040761728
-19.662090982459247
-3.7953330556356413
-13.44293504060109
-5.784538689807683
-8.821436136944921
-19.286648313516807
-13.433788285665878
-15.243092860674077
-13.921780042963643
-2.9044403091200843
-14.173269041907957
-1.2103453299030598
-18.11182244164457
-18.352917987595102
-2.264419306156138
-6.6688403857877345
-11.250928839713529
-1.3100359027359731
-7.738874772605189
-19.620830032437468
-14.047267718909016
-9.041154051397404
-9.892377746993448
-17.048905389202098
-12.54478766139918
-4.226084749356631
-17.772922249961688
-6.877593936819504
-17.729422097032003
-18.423803185720324
-2.5432820282552937
-17.18698202500157
-6.125323074832312
-15.056575537888994
-9.65856984761437
-11.675712292566116
-6.715195934392524
-15.190755512793185
-9.023723567763456
-3.606539569161376
-2.8149257174968234
-7.712210690611573
-14.308143246273596
-2.404657818436444
-11.946693003804265
-0.9746577700037129
-0.4759236989595328
-18.9064502917991
-17.220598515918518
-9.678637776685779
-11.342549491220643
-19.320468795245475
-16.004676708961718
-17.285065855890576
-9.71731866407505
-9.294416155525713
-7.8789938212490185
-6.158379679180359
-1.6853868073196487
-7.048124686922326
-16.83433916009266
-3.749342190913336
-9.881479852267093
-8.965671893587741
-10.077810099906182
-1.1401165861955675
-19.813965411934554
-18.212935865834545
-10.111911641042193
-4.912759406338405
FactorLoading
0.345824786470873	0.5621562080594105	0.018095884069038393	-0.07392312140067814
0.3160637220564426	0.2820769153155993	0.23444587897104174	-0.16741348365691633
-0.47664733455866815	0.10470885614248071	-0.35517012569945305	-0.06347368359939809
-0.418451768803076	0.3516466354229797	-0.18690114231757482	-0.04300045345636949
-0.18552010674303565	-0.3675454602564807	-0.3277730329996409	0.11916140000084274
0.08478041232264921	-0.23109118941183926	0.1346899676241058	-0.5494384306414057
-0.5070347227851262	0.10217725115065646	-0.26612004479118645	0.12466798127303091
0.16914932149203277	0.4675751415748195	-0.0883986188700625	-0.27487691806308523
-0.7640092477352822	0.03950426030442822	0.17280883011839698	0.023677661841892572
0.20009521661369023	0.013455280650396917	0.17274473829394266	-0.6137047644419702
0.5832111540774794	0.05404691966437447	0.02400443957006293	0.33873748668808323
-0.09684740613705123	-0.22567282480495088	0.6767684642498502	0.0007113048081477391
0.09787281696596262	-0.45912603133286334	0.29276395665870214	0.1502371950424719
0.27051897247256584	-0.19500213559919066	-0.46156440533722387	-0.07291448659101962
0.2343276793651654	-0.45347189281059386	-0.011321786482439977	-0.30087864134180076
-0.2977201466535515	0.1031876253757178	-0.35815774985348026	-0.24093447811725044
-0.025254888925566155	-0.0037007868809757483	0.24312979953233071	-0.7279145246611274
0.34779890971639493	0.10306459988463246	0.5089341525408844	0.040202337858088244
-0.7695523903467312	0.01832729586906723	-0.0028335666068677323	-0.20928674717733387
-0.1436837460774001	-0.2312763398333071	0.012300066596949932	0.6127398474923429
-0.1796341140550053	0.5356126465094777	0.1839811245937477	0.10077211484176929
0.4119454845746442	-0.18045848702539935	0.025850685389841477	-0.381745343010115
0.1364064934157292	0.14612216096166186	0.37215926617525685	-0.3453120794473521
0.04469304345894809	0.5072344820502859	0.10523997655358652	0.3428324979371795
-0.12530056000545287	0.39354401114755544	-0.17891397554558863	-0.30224145330140306
-0.029377728698104733	0.02925284078296775	-0.7291732534698419	0.21219617704908567
0.34897670444061646	0.3381550112804843	-0.1748060512842471	-0.13806223299465215
0.4908539799159177	-0.03545881463903089	0.2084459208361067	-0.2652412846089447
-0.41253166695089116	-0.2831241271161369	0.20353643713871294	0.10080776879425901
-0.17037135385261815	0.10175749135580281	-0.08654310744167604	0.641328047349903
0.388780464409503	-0.48916730088002436	-0.07383875736304968	0.048213477347422984
0.1855760023297326	0.3595352725973584	-0.1140279659091481	0.3408607591637609
-0.35485171227212997	0.1155108988653406	-0.40915767965613337	0.12047970920639606
0.18702523400069437	0.028806606106708488	0.6884588749535479	-0.09570928493904929
-0.8037405002888447	-0.1219635252559006	0.002806809710241387	0.07148916474501332
-0.13493651477200475	-0.21371695018316617	-0.09697611123817285	0.5543704238066562
0.43370388512195324	-0.07983217951696076	-0.36411717190534376	0.12234676345574225
0.015458761177725266	0.11639416148389636	0.699035374363477	0.1691117029749014
-0.4767646956546425	0.31368913481203897	-0.025651487282686514	-0.183894682250632
-0.41989336811308475	0.16115839332095483	-0.4132278483650307	-0.005720390200929737
-0.121883765051219	-0.03894755855138832	0.19030568944830906	-0.6488629869490836
0.22953731627170826	-0.5301574982505812	0.05683125148133916	-0.18347393399637135
-0.10341165172039646	0.03566157139907289	0.7654734832515135	0.09545329362901711
0.01892129941439369	-0.11310762337206426	-0.6317354010017044	-0.2362356762118376
0.061112350027211715	0.673014495133901	0.20997962876375476	-0.05589352607513254
-0.06347297079756409	-0.22683923071578493	-0.17039892962984937	0.5392888688568016
-0.2582649763712981	0.2044961006776842	-0.4328057846975084	0.1044331382535093
0.017268260234047927	-0.19240367760529709	0.7519083656233425	0.038419696537312475
-0.28518123250167493	0.32845528028767856	0.29768099581483365	-0.08868249139581286
-0.13453417774329046	-0.09602111167375438	-0.012936316561679151	-0.756508394021276
0.34198118357620055	-0.351003907708175	0.07073483478266529	0.23628007393295913
0.07434947274461501	-0.7056697286941704	0.03453166709329136	0.1854491314679232
-0.13359962645025214	0.10876930360175607	-0.4050493285983183	0.35258174134967346
-0.04706670037737859	-0.08078821773585854	-0.7810662024793653	-0.09107887940739756
0.11194829480251078	0.3222066338898646	0.2932687206747875	-0.27257635063283714
0.4533322378341569	0.10237112814375915	0.33736145275330065	0.10693518126878332
-0.03337215902739654	0.6635039903406608	-0.19644846491430457	-0.10667538571763813
0.2615385082678445	-0.016918047900552402	-0.32736741423415827	-0.3941760295974448
-0.19242571787363438	0.37705090800858976	-0.4083140673167891	-0.02220930680098676
0.2898049917520107	-0.11675490819656931	0.3724070571065421	-0.2210330429448779
0.10804139558406378	0.10997970427292647	-0.2282064606701113	0.5537724394728984
0.03716006664934968	-0.7121310445427207	-0.24724400690896164	0.0034648818989679864
-0.01788819549453513	0.1325389639213288	-0.25610630383179034	-0.5934665367523457
0.1394940911426923	0.08034993506730315	-0.03597409420474951	-0.7441818795852551
-0.19369522170717035	-0.27638972780525073	0.13881786654090145	0.3910971839466775
-0.6142114049955687	0.2113212643564939	-0.07208477659859858	0.10238255404933883
0.07642701151643849	0.27238689270884175	0.0936662644251951	-0.5575198313495247
0.2350386526543009	0.172658338408056	-0.4874716044543048	0.10483140448333828
-0.11890645358379448	0.18808813127159008	0.3773062885507954	-0.31569912659382005
-0.31434736197760227	0.17611583688042076	-0.209198107852143	0.300338693289834
-0.254161661366733	0.04991498851750453	0.6484803827304049	0.04744296738535758
-0.08862469545748675	-0.4364912727327661	0.07240534583493408	0.40247868597481307
0.3859641552071831	0.024994359806338906	-0.2735019064485533	-0.3155395785379247
0.18605304383648136	-0.10305951240540367	0.057626011779448705	0.6532614319786663
-0.07008762024474713	0.02713299155451554	0.039660386096924016	-0.8631190021038133
0.4751031537708583	0.01765047826736632	0.2644908287281036	-0.24275553923367177
0.012595158594865152	0.48516772368763217	0.1906852409137203	0.3115518768037824
0.057796044813090974	0.16064659066120357	0.26082473210417034	0.5207326324215351
-0.5022745069453634	0.15262875024609746	0.16457969097447456	0.18051705183406463
-0.06570567507106251	0.0971428326728343	0.4864297650543117	-0.3507217272017915
-0.033170434042450125	0.04327324652212772	0.5009043732897265	0.4226519461456957
0.381957838004515	-0.09634406647018512	-0.3229214499316204	0.19877664559367947
0.014807940221295057	0.3062390841164808	0.5053317031762896	-0.1736212724859345
-0.002493214280924416	0.2760287500935248	-0.33005301679560084	0.39142501882994996
-0.24416986959690568	-0.35385488847918545	-0.040230958389992466	0.3617442835339164
-0.050749804077258265	0.09503670924028085	-0.7512919095734367	0.10292157710902416
-0.3150786786049633	0.31680983384543615	-0.33853446989704694	0.029577017652553605
0.43666392247186825	0.43004979725621983	-0.01751579016793703	0.11577049010397489
0.1384220579573998	-0.22764635632776642	-0.6111901418235246	0.022741443891309165
0.3217572134206097	0.17655515940182753	-0.05572480995574747	0.4459628172218153
-0.20682891847064688	-0.009655918595374846	0.2430328407846738	0.5404823221493045
0.35071613536209134	-0.1347254630336654	0.4989540729723059	-0.015604328631937392
-0.21989743739386802	0.3330181623893238	-0.43565286993081664	-0.011431530285991531
0.2991740438864863	-0.2493419683131206	-0.3091486192757562	0.1423353685246369
-0.3212761901675154	-0.20228969063851565	0.04694420517233877	0.42948991402163017
-0.20132537575127674	-0.01617594028928404	0.045290717994240115	-0.7372079659651991
-0.10901440608195534	0.7671264177993995	-0.07160123349827852	-0.05225794262036665
0.12469682483821831	-0.10063550665031262	-0.6329901981655279	0.14167747034594114
0.0738465397674044	0.18788380437409602	-0.3439599938924305	-0.3943096619660691
-0.08503231700331271	-0.13725619612771256	-0.4320040266687786	0.34570746020019616
Conflicts
60 80
42 87
23 39
64 95
50 58
71 44
42 19
64 52
47 18
77 86
96 82
59 6
26 85
54 88
60 12
42 61
26 29
55 58
100 64
75 45
29 72
29 81
49 18
54 96
100 32
28 5
23 19
61 59
80 29
14 90
13 82
42 70
31 35
76 6
72 11
14 97
48 95
9 68
7 89
65 62
63 90
41 88
28 24
69 79
27 41
4 93
43 91
64 97
53 33
10 74
7 68
67 36
69 80
48 59
53 79
63 17
98 96
99 87
42 17
14 33
62 45
16 48
56 88
92 12
29 88
71 36
10 85
75 1
9 81
43 56
66 33
34 90
40 38
67 76
87 59
48 12
40 64
46 20
40 39
26 42
65 24
43 71
89 39
71 58
43 45
80 46
92 74
34 16
51 88
78 97
76 96
80 24
71 89
100 36
23 71
67 65
9 30
99 52
63 18
64 5
58 44
86 82
68 13
70 33
14 98
68 30
25 62
43 38
92 35
54 67
32 56
10 57
100 50
71 59
39 88
4 11
69 15
77 36
78 27
14 72
42 12
95 33
68 18
10 80
4 22
92 62
61 36
71 100
87 88
83 59
23 57
43 35
89 72
100 73
68 6
16 22
7 22
61 28
29 93
14 96
60 83
80 72
68 24
93 73
74 84
91 73
36 97
94 39
56 30
87 6
53 70
28 87
23 100
7 11
33 45
4 86
43 78
20 85
98 21
81 39
61 15
16 1
42 39
27 91
86 38
26 30
52 30
71 98
80 6
60 38
9 36
98 41
99 15
27 74
49 44
77 64
23 47
85 1
100 90
27 30
47 57
53 64
46 24
95 56
47 14
42 94
23 58
80 45
61 76
55 33
97 82
23 45
80 44
43 15
26 34
22 45
9 38
34 57
4 76
9 83
58 18
58 12
29 51
94 11
66 52
13 52
4 44
31 84
31 95
68 36
76 39
71 82
83 36
32 52
4 17
70 20
74 59
61 48
9 85
78 8
98 16
13 36
14 86
4 50
48 65
22 38
75 73
92 31
12 20
32 42
75 49
16 46
43 22
4 99
50 8
55 53
65 44
37 67
36 90
5 24
5 38
65 57
71 40
69 53
72 52
59 22
100 46
67 17
98 17
17 56
58 73
100 52
60 21
69 86
56 41
2 16
37 2
4 69
58 1
76 73
60 72
50 27
5 79
46 30
35 34
36 30
43 98
64 30
50 17
64 62
97 20
47 12
31 27
36 46
71 38
23 95
22 84
31 83
9 59
71 11
2 18
25 66
43 61
7 59
81 74
72 49
10 91
66 98
93 19
59 57
7 56
9 57
73 1
39 84
54 17
53 72
4 20
78 95
27 21
55 62
48 5
47 64
35 11
58 17
37 83
7 4
98 70
72 20
22 6
7 47
92 34
9 55
83 40
14 69
99 41
44 6
71 88
27 79
47 27
16 6
23 16
33 24
86 76
37 22
95 15
46 85
32 83
87 85
65 51
51 84
75 89
58 45
43 52
59 56
43 41
7 88
4 34
40 91
98 94
94 6
75 70
48 33
37 87
23 74
54 69
10 99
72 38
10 95
26 59
67 21
99 65
61 56
83 80
71 8
38 24
97 30
57 30
99 46
26 100
74 96
38 21
25 94
10 33
7 61
23 26
30 73
35 21
53 61
34 19
29 62
69 95
68 99
14 82
6 18
16 62
61 88
63 14
36 17
72 59
53 49
4 38
95 24
37 1
19 45
2 58
86 49
59 8
13 79
36 5
53 29
75 2
12 73
28 18
87 39
53 94
7 98
48 84
78 91
87 48
58 74
7 77
25 95
99 30
3 45
19 21
68 66
43 49
89 76
35 81
89 8
43 13
60 50
64 8
69 64
10 17
32 49
81 38
100 8
75 28
99 94
37 13
68 45
26 91
9 18
7 5
51 38
68 28
80 65
71 79
14 1
67 40
7 48
79 15
54 42
4 36
93 21
29 6
17 8
70 91
88 12
59 15
62 84
34 67
13 95
55 69
75 76
3 33
99 18
67 15
69 96
68 32
43 74
77 61
66 89
10 8
37 53
53 18
89 18
23 7
55 59
34 82
86 84
68 11
99 22
59 12
53 38
93 6
60 48
13 3
25 1
12 52
35 53
19 88
43 96
68 83
86 97
54 62
28 73
43 75
66 12
78 11
22 82
16 93
29 96
26 52
40 48
22 91
4 100
35 65
54 75
48 82
86 22
58 82
81 40
11 38
27 56
51 90
94 49
15 33
17 51
49 6
47 1
83 24
55 41
75 21
9 27
91 88
75 31
99 27
37 34
54 59
60 6
58 79
55 87
58 85
3 8
68 81
47 49
31 28
31 66
94 84
52 18
83 90
81 5
34 17
54 28
10 2
39 73
84 91
29 65
36 91
38 39
90 33
89 11
74 97
62 22
92 1
23 2
8 30
32 36
5 6
93 52
86 28
72 24
74 28
100 16
70 94
71 56
63 51
62 57
77 33
79 12
86 21
59 96
62 33
64 79
37 39
94 57
55 40
19 84
47 50
33 57
96 84
62 46
11 85
4 95
19 12
89 5
78 55
53 22
31 42
74 41
61 94
51 57
92 55
23 1
26 22
8 91
49 90
26 94
14 84
16 28
44 20
55 95
78 28
55 30
63 97
44 18
28 41
3 15
36 44
71 87
35 18
83 82
54 73
35 77
83 15
4 19
17 76
75 17
48 56
56 18
97 57
83 8
94 82
9 2
68 27
4 77
66 17
29 76
50 88
10 22
47 32
49 33
56 1
96 1
54 31
26 88
89 57
97 38
80 33
15 91
78 16
83 84
86 81
89 3
36 22
92 17
10 1
2 8
63 78
59 45
74 85
31 12
80 76
29 17
36 73
26 61
25 6
80 73
100 88
14 79
72 45
13 41
29 91
86 44
37 73
4 15
10 81
86 62
14 32
9 60
16 97
43 68
97 1
68 53
99 88
40 15
62 15
14 28
32 2
29 44
96 52
13 69
59 84
83 28
98 24
50 77
55 72
36 12
68 41
78 6
95 90
50 49
7 24
7 33
86 90
4 1
36 82
74 79
58 41
8 12
32 74
7 49
29 89
98 38
69 44
89 16
61 20
42 80
3 56
31 48
32 90
75 59
14 44
92 40
89 61
8 21
59 46
27 95
13 96
35 89
77 46
93 46
19 52
60 94
67 11
53 76
98 20
71 99
21 1
70 24
93 51
86 80
93 11
77 49
67 95
5 33
15 18
50 69
27 48
53 67
35 5
59 51
26 67
55 21
78 51
19 28
62 70
75 44
78 86
66 95
55 17
23 36
59 5
65 96
66 62
13 33
24 18
7 9
71 94
54 34
63 100
3 72
78 84
95 73
41 20
75 36
84 44
74 57
94 41
1 30
36 33
65 38
83 76
34 76
69 46
64 87
26 24
32 35
14 15
37 41
26 49
100 42
61 41
27 88
68 77
52 1
3 87
61 96
56 24
10 67
14 16
69 36
48 97
9 53
16 45
74 6
13 83
81 62
47 20
23 43
10 98
32 59
72 5
60 40
77 97
32 22
14 94
80 98
62 36
35 16
4 32
2 44
59 76
19 85
7 82
13 21
55 80
60 67
30 85
59 90
25 17
71 86
63 66
78 70
64 94
68 84
42 11
28 84
86 20
68 25
81 85
62 1
10 44
7 69
50 84
66 53
23 56
98 6
71 2
49 52
64 56
4 65
40 11
52 44
69 28
13 24
7 79
26 63
100 27
98 73
29 49
69 38
35 98
25 69
66 29
83 57
70 85
54 44
63 8
4 97
42 45
14 42
4 66
40 89
25 11
40 99
9 66
51 46
93 12
55 6
10 21
92 15
11 6
7 19
77 66
84 24
95 20
86 15
64 84
65 12
21 30
7 6
76 8
50 81
13 1
26 6
71 60
64 82
3 6
66 48
84 1
64 11
49 12
68 14
71 91
3 22
78 79
25 22
92 66
3 38
92 86
63 21
13 2
81 53
75 83
3 70
26 13
84 18
48 45
23 55
69 30
98 40
35 48
93 62
26 20
47 61
71 69
97 91
48 24
3 57
92 45
56 6
68 65
35 36
40 73
40 44
14 61
26 17
52 6
78 72
8 24
43 65
63 89
56 5
5 21
78 31
78 59
42 89
13 80
34 56
28 51
92 90
39 33
66 58
4 52
75 58
84 82
22 73
71 66
66 16
71 90
76 15
53 98
53 58
95 49
13 61
19 22
90 82
34 94
10 93
31 86
21 96
47 28
71 15
54 6
29 27
82 73
34 18
80 91
29 40
40 17
58 48
41 82
35 46
12 24
71 35
42 41
62 5
2 1
69 17
26 96
70 11
19 44
32 27
34 85
97 21
47 55
68 29
92 33
71 76
87 57
4 21
67 6
11 5
87 44
25 34
66 82
7 96
94 1
53 45
66 99
83 52
15 20
70 39
86 57
28 90
55 99
72 84
9 63
47 36
29 12
69 20
16 51
65 85
21 52
29 48
29 73
31 56
59 30
27 52
26 77
4 55
13 62
3 99
81 94
17 70
36 56
28 79
9 25
66 39
100 57
54 12
25 15
72 21
2 72
63 99
31 29
87 15
66 30
11 49
36 24
5 84
68 3
27 93
65 91
92 8
35 88
65 84
68 12
83 3
33 46
55 27
53 97
70 52
78 21
55 22
75 74
26 16
53 51
94 20
100 39
31 3
93 17
34 49
69 76
23 93
61 91
83 64
25 96
36 57
37 66
27 70
7 91
54 40
65 95
32 77
14 53
100 58
98 1
34 15
4 3
69 51
63 98
89 19
81 90
54 89
44 1
92 89
2 15
63 54
69 74
100 89
11 88
14 83
81 46
41 18
26 50
75 20
5 44
54 60
26 21
100 77
61 97
25 81
43 2
14 49
7 90
9 92
63 83
64 33
43 82
19 87
53 62
26 76
66 20
7 32
42 2
14 80
69 87
2 56
60 90
39 24
17 39
29 70
43 55
74 21
61 5
62 18
61 17
50 51
3 17
95 30
71 96
68 5
31 99
37 77
69 49
36 52
42 8
68 79
43 21
75 34
61 95
58 6
88 24
74 5
60 22
64 36
27 6
68 33
82 6
99 97
80 96
87 82
2 49
33 85
67 52
100 19
47 24
7 74
63 62
59 33
77 72
43 92
95 88
93 79
71 67
5 45
55 36
35 22
63 27
43 40
64 73
51 24
50 28
46 73
56 44
15 46
79 33
23 61
42 36
77 19
48 76
21 20
7 2
14 89
35 84
9 95
66 3
43 18
54 8
61 45
92 53
26 44
40 70
56 76
77 95
50 5
10 12
18 1
100 44
71 13
4 89
94 51
75 10
19 48
38 1
83 96
84 30
32 62
3 11
67 57
96 12
11 82
79 38
13 5
69 39
31 85
77 94
71 70
48 94
25 51
89 93
61 52
95 57
90 6
88 52
100 87
2 81
37 3
9 58
44 85
23 97
32 72
10 79
37 38
4 27
100 38
66 5
25 12
17 1
74 72
34 2
87 21
97 45
66 11
26 38
65 18
89 41
62 17
15 30
16 59
83 56
3 76
78 67
64 6
7 50
43 99
28 65
86 5
100 65
41 90
34 99
9 72
23 98
28 62
37 86
19 39
29 24
40 12
75 33
4 91
10 64
32 91
26 54
5 85
75 84
13 77
86 36
21 90
53 46
53 21
31 32
70 1
37 27
42 16
16 65
89 87
63 44
53 59
4 2
28 46
9 100
63 79
17 82
77 98
40 19
10 55
11 21
69 99
78 1
34 48
23 20
13 53
92 36
87 22
47 34
47 38
43 29
88 73
26 75
70 46
74 19
31 81
21 44
75 22
56 91
83 73
63 29
42 85
16 85
4 72
92 97
77 24
55 65
98 27
41 30
9 97
31 36
75 99
51 52
15 82
97 12
55 19
78 80
23 73
69 88
53 30
4 90
47 79
15 96
26 72
10 20
92 2
40 62
73 24
74 82
19 79
47 45
34 51
74 65
13 28
7 8
39 82
7 62
78 33
31 65
70 15
100 83
99 21
54 72
19 62
77 53
28 48
16 96
65 56
23 53
63 92
71 49
83 85
80 40
47 48
60 88
61 46
42 29
19 8
10 48
62 12
58 70
84 45
99 12
39 45
29 8
60 45
56 90
58 52
95 11
81 97
27 18
7 63
47 51
75 62
80 61
99 20
42 66
7 87
42 1
35 85
97 33
94 24
68 40
89 12
19 90
59 88
10 77
10 28
62 48
92 44
36 59
55 46
42 73
87 90
26 48
17 11
74 64
32 69
97 96
71 22
71 95
47 73
35 62
3 88
71 46
83 17
62 97
37 18
31 61
47 3
63 85
16 24
2 95
75 30
47 70
94 44
68 59
71 41
78 42
63 36
68 8
19 30
17 15
3 90
55 39
76 41
2 84
33 20
59 44
64 88
31 11
33 30
40 3
31 74
98 51
25 42
79 73
54 91
10 86
75 12
26 89
25 10
67 49
68 56
34 83
24 20
81 72
4 74
83 95
37 98
64 18
78 73
59 38
98 72
7 10
68 57
56 15
64 38
14 45
100 99
42 58
32 40
53 1
92 32
32 8
60 39
68 46
23 33
60 64
94 38
61 1
75 57
67 91
28 70
96 39
71 27
60 96
32 99
78 77
26 81
83 18
42 30
17 20
59 20
13 66
100 53
77 73
2 69
78 81
81 51
5 90
53 99
14 46
68 44
31 67
94 12
58 84
13 34
100 61
38 91
13 49
26 12
67 51
86 79
63 24
13 64
55 74
80 22
9 73
26 92
37 12
47 77
79 88
37 82
78 10
9 17
13 93
46 44
9 87
9 29
62 41
7 15
60 16
54 19
9 39
97 73
38 82
69 3
58 56
55 66
84 20
68 80
47 63
92 93
7 93
60 8
2 33
54 100
95 8
25 2
81 16
86 6
60 34
100 86
68 88
36 8
28 96
15 39
61 79
23 48
40 65
7 86
9 24
92 6
78 3
74 30
29 3
51 82
99 57
43 9
7 12
13 70
77 42
4 10
49 84
83 12
3 84
92 30
89 22
69 22
61 87
7 52
9 42
4 46
80 85
67 74
50 20
87 38
86 73
32 86
68 96
9 15
47 74
75 29
32 94
15 24
80 89
32 81
48 1
66 96
65 30
95 70
50 21
67 22
9 84
13 46
58 94
32 45
12 45
23 66
55 32
92 51
93 41
7 55
74 39
2 76
69 82
92 95
43 69
2 11
40 33
62 85
60 56
95 22
67 82
25 21
48 17
92 59
64 49
79 90
42 56
21 88
32 65
26 86
42 93
37 48
55 97
71 20
7 83
86 39
92 46
49 41
66 64
99 79
26 55
14 70
78 90
36 87
77 52
62 76
98 89
47 80
42 34
16 19
31 5
71 1
100 2
80 12
37 20
5 41
59 82
10 5
25 24
36 38
55 91
65 52
67 93
40 93
94 96
32 58
40 95
19 97
67 38
22 46
8 49
50 46
37 69
34 24
31 69
72 46
70 76
26 57
69 11
43 12
75 52
34 59
90 1
42 81
79 84
43 85
28 52
27 19
63 69
37 100
27 87
28 6
75 41
2 52
78 19
92 87
39 20
54 20
42 49
42 91
50 82
78 5
99 76
42 98
56 73
18 30
72 90
91 90
53 5
97 88
70 88
47 8
31 52
37 57
37 11
55 73
59 70
61 57
54 80
9 34
35 10
55 70
2 30
54 15
37 97
58 46
66 61
14 38
54 18
68 10
56 21
31 33
61 8
40 21
28 88
76 24
26 28
25 100
2 99
25 87
77 40
88 30
63 77
9 50
31 2
10 32
40 46
90 24
91 24
68 58
42 99
81 58
98 79
14 99
63 22
43 77
10 59
68 35
58 36
23 9
86 1
71 45
84 12
36 70
98 30
67 72
37 79
37 94
56 38
55 77
9 31
16 21
54 48
100 55
68 98
78 56
16 73
89 38
29 5
69 61
3 20
86 16
55 57
40 30
40 96
55 52
35 72
86 12
93 91
77 89
72 96
40 20
100 85
7 99
31 38
98 85
59 1
37 17
2 17
92 5
47 58
19 11
50 65
14 100
62 79
13 6
40 94
55 83
26 62
13 11
54 52
9 46
79 1
78 32
63 56
23 85
69 6
23 14
26 18
92 10
77 41
60 69
3 96
63 6
100 94
92 52
72 39
2 98
35 49
99 45
51 73
43 94
67 27
38 20
55 34
26 71
13 67
52 24
8 44
79 45
92 80
9 16
77 22
23 64
70 30
41 46
49 15
26 56
29 18
97 46
23 41
71 3
92 84
64 44
4 83
10 58
71 74
47 5
29 46
54 33
48 20
31 91
64 22
36 96
89 97
7 35
26 99
81 36
47 42
23 21
13 51
14 11
21 46
27 59
13 35
60 27
35 56
34 41
66 38
67 30
37 74
26 5
26 3
81 28
12 1
6 1
89 27
89 91
99 1
17 21
16 5
78 93
59 73
35 52
43 8
26 93
8 84
27 5
75 60
27 94
2 88
9 4
54 79
72 8
32 3
10 88
47 75
60 28
38 88
60 33
54 83
83 16
34 52
8 73
40 41
60 19
36 84
54 64
37 59
83 6
80 3
9 93
23 69
53 52
35 51
93 49
91 20
81 21
14 57
31 40
63 50
23 90
2 39
21 85
23 8
54 2
87 96
41 85
78 15
14 75
14 3
64 91
78 12
77 27
17 87
32 70
5 73
63 91
14 58
37 46
49 20
27 28
70 41
9 51
13 42
29 22
58 76
14 27
9 48
67 46
37 92
9 78
71 68
28 36
50 72
37 52
29 86
43 3
54 99
10 42
50 99
95 44
57 12
80 59
80 39
89 99
7 80
88 45
35 66
71 25
11 1
29 21
21 39
28 20
37 80
92 50
27 84
55 12
77 48
23 82
68 63
9 1
69 21
14 25
10 89
15 52
52 84
74 38
16 17
66 69
58 67
31 93
56 96
10 84
69 72
66 97
100 20
43 73
60 74
28 1
19 18
100 29
42 64
23 37
63 1
61 72
84 46
69 73
60 76
66 76
32 93
25 97
86 58
42 65
81 11
17 24
2 62
46 45
48 11
100 30
19 41
2 70
77 38
72 1
83 41
69 19
54 21
75 98
4 40
65 70
47 41
63 61
27 90
81 52
77 88
22 1
83 97
37 58
43 81
97 90
36 41
66 70
81 84
60 79
86 2
36 48
68 49
74 95
13 17
70 49
29 95
87 41
99 64
66 87
44 90
37 55
67 87
86 64
37 35
6 20
93 94
29 45
26 87
14 12
59 85
25 98
67 97
31 73
7 25
29 97
40 8
95 94
59 49
25 74
43 39
29 82
80 18
23 83
65 5
25 77
58 28
51 20
40 82
13 59
55 98
77 5
88 85
50 22
86 17
49 45
6 73
29 52
31 24
86 8
93 64
75 93
7 84
50 87
93 90
66 27
92 77
74 91
47 10
99 6
92 42
26 79
77 79
49 22
66 45
79 41
8 1
87 49
17 30
23 46
47 11
29 69
89 15
9 21
86 89
71 83
42 88
81 17
2 53
71 81
34 96
2 45
31 1
77 84
74 48
47 81
78 40
43 79
13 99
80 67
34 22
81 24
71 34
54 57
13 39
26 97
60 86
7 95
91 85
100 59
63 39
89 46
54 50
77 76
65 64
39 18
81 56
100 6
92 19
63 88
10 3
50 90
87 51
23 29
25 38
47 37
83 79
32 64
10 39
43 72
14 51
68 87
81 61
53 82
35 87
27 46
10 97
32 18
31 21
26 41
79 76
42 38
3 85
19 65
55 18
66 46
7 54
4 13
66 22
66 1
100 35
10 82
82 52
43 83
98 64
5 46
75 95
43 17
65 76
47 95
4 25
77 8
16 52
97 84
23 28
40 74
75 56
55 67
75 32
59 97
23 15
38 18
11 41
11 24
43 70
53 15
47 2
60 17
16 94
60 3
77 65
99 95
26 8
83 66
98 58
67 79
29 84
61 16
59 52
32 39
66 74
50 93
86 85
68 38
60 11
68 82
60 46
49 51
35 91
63 34
9 20
29 41
14 65
23 31
26 51
87 79
26 11
69 91
81 20
4 79
16 38
63 12
35 83
80 79
23 70
25 36
33 84
60 87
42 59
6 24
71 52
55 15
54 55
9 89
67 24
62 52
9 62
78 96
95 39
2 38
7 60
2 57
98 65
75 51
43 93
50 91
64 41
23 67
9 10
84 85
99 84
36 15
100 93
81 99
7 34
25 48
14 66
55 82
92 65
41 73
42 44
27 39
23 65
2 93
54 61
78 38
36 45
17 49
25 89
39 44
13 19
68 61
77 82
47 96
100 69
26 43
61 39
61 84
95 91
83 1
37 45
67 39
92 70
88 82
16 39
43 10
72 87
68 69
9 99
2 29
72 27
17 96
64 57
74 87
63 48
43 30
14 18
70 21
50 36
92 14
2 79
15 90
9 98
15 57
91 33
93 82
86 41
16 84
9 69
86 67
14 39
8 90
98 69
67 62
6 57
36 6
76 57
7 72
7 39
36 95
4 49
28 22
50 57
43 7
39 85
28 33
52 91
4 96
92 75
50 53
53 73
83 74
54 24
76 91
41 52
83 89
28 8
17 33
4 8
87 20
23 30
92 39
10 66
51 33
83 77
67 8
65 36
28 49
23 25
37 9
47 44
2 87
25 79
83 86
34 95
95 6
23 59
60 24
81 87
8 38
63 2
75 100
10 52
82 12
27 97
7 41
85 45
4 42
54 58
28 30
50 64
23 62
96 45
93 33
36 11
3 30
21 57
78 69
96 6
58 3
71 54
72 62
93 5
93 85
65 73
72 95
98 82
49 88
56 39
69 41
7 27
31 77
80 19
14 10
86 72
81 79
83 39
15 12
66 41
3 73
25 67
78 50
55 11
50 59
9 52
23 54
49 91
80 64
10 56
100 17
5 51
54 38
63 49
62 95
32 38
32 67
13 12
74 52
93 70
89 64
58 57
10 30
4 14
50 61
47 29
63 13
7 31
42 3
69 52
22 52
23 72
68 95
19 6
35 79
99 11
60 20
65 46
92 88
4 61
75 80
93 18
47 98
4 29
17 88
27 85
50 76
49 24
81 22
