InstanceID
7_150_4
NumObjects
150
NumFactors
4
Weights
81.24385822007527
65.49774646337252
48.96133803478428
7.875953556887483
58.15906311251917
25.805333157677303
19.64649019558198
19.392536240567605
84.29510710331931
66.19303282513103
40.13518161037963
63.59044269989988
48.83636546924342
98.6985622113955
45.92306948614839
79.23560381723036
38.14143485237391
72.28732924471907
73.80915162156754
74.50442509510245
33.438342217325356
1.2122539899107165
73.47466497855586
80.40222425985333
75.9540016305056
6.486169314089607
28.779459400092232
26.075409337816268
26.812754456766584
23.983200203808643
98.31045491229624
18.976665278178206
67.21467520300546
28.922693449038416
44.10718068472461
96.43324156758403
67.16894142832939
76.21546430337038
69.60890021481822
14.52220154560042
70.86634520953979
6.051726649515299
90.55911220822284
91.76458993797551
11.32209653078069
33.34420192893867
56.25464419856765
6.550179513679866
38.694373863025945
98.10415016218734
70.23633859454507
45.20577025698702
49.46188873496724
85.24452694601048
62.7239383069959
21.130423746783155
88.86461124980845
34.38796968409752
88.64711048516001
92.11901592860163
12.71641014127647
85.93491012500785
30.62661537416156
75.28287768944497
48.292849238071845
58.37856146283058
33.57597967196262
75.95377756396593
45.11861783881728
18.03269784580688
14.074628587484117
38.561053453057866
71.54071623136798
12.023289092182221
59.733465019021324
4.8732888500185645
2.379618494797664
94.5322514589955
86.1029925795926
48.39318888342889
56.712747456103216
96.60234397622737
80.02338354480858
86.42532927945288
48.58659332037525
46.47208077762856
39.39496910624509
30.791898395901796
8.426934036598244
35.24062343461163
84.17169580046331
18.74671095456668
49.40739926133546
44.828359467938704
50.38905049953091
5.700582930977838
99.06982705967276
91.06467932917272
50.55955820521096
24.563797031692026
34.5824786470873
92.60768785993218
90.79809945302834
72.98201340452697
60.82640564979893
93.6785495794042
11.753091942199024
31.606372205644263
59.814063737204194
83.25865163430836
91.7523449791198
57.40965400151046
73.98345793298513
16.469721378774913
47.664733455866816
93.65263164006019
58.135619070114885
39.306407443664824
84.02333504366439
47.64372899603935
24.2685938543276
95.69995465436305
77.00984042260556
41.8451768803076
6.100034886040451
99.52945390202426
40.174644922106026
19.372232681000412
88.08385999991573
18.552010674303567
55.306556699951635
3.1507291249253777
0.5995937763022541
33.848551421713616
52.097745514305906
31.587160173448847
8.478041232264921
45.05615693585943
51.12015065802365
43.45725029482268
98.38366320616316
8.45702295703119
50.70347227851262
60.92119739357826
87.5332018726969
43.76987972028643
58.869004797199494
33.9747547563596
57.906389991238896
72.51230819369148
Budget
3912.7439864650737
Profits
-16.248771644015054
-13.099549292674505
-9.792267606956857
-1.5751907113774966
-11.631812622503833
-5.16106663153546
-3.9292980391163956
-3.8785072481135208
-16.85902142066386
-13.238606565026206
-8.027036322075926
-12.718088539979977
-9.767273093848683
-19.7397124422791
-9.184613897229678
-15.847120763446071
-7.628286970474782
-14.457465848943816
-14.761830324313507
-14.900885019020489
-6.687668443465071
-0.2424507979821433
-14.694932995711174
-16.080444851970665
-15.19080032610112
-1.2972338628179214
-5.755891880018447
-5.215081867563254
-5.362550891353317
-4.796640040761728
-19.662090982459247
-3.7953330556356413
-13.44293504060109
-5.784538689807683
-8.821436136944921
-19.286648313516807
-13.433788285665878
-15.243092860674077
-13.921780042963643
-2.9044403091200843
-14.173269041907957
-1.2103453299030598
-18.11182244164457
-18.352917987595102
-2.264419306156138
-6.6688403857877345
-11.250928839713529
-1.3100359027359731
-7.738874772605189
-19.620830032437468
-14.047267718909016
-9.041154051397404
-9.892377746993448
-17.048905389202098
-12.54478766139918
-4.226084749356631
-17.772922249961688
-6.877593936819504
-17.729422097032003
-18.423803185720324
-2.5432820282552937
-17.18698202500157
-6.125323074832312
-15.056575537888994
-9.65856984761437
-11.675712292566116
-6.715195934392524
-15.190755512793185
-9.023723567763456
-3.606539569161376
-2.8149257174968234
-7.712210690611573
-14.308143246273596
-2.404657818436444
-11.946693003804265
-0.9746577700037129
-0.4759236989595328
-18.9064502917991
-17.220598515918518
-9.678637776685779
-11.342549491220643
-19.320468795245475
-16.004676708961718
-17.285065855890576
-9.71731866407505
-9.294416155525713
-7.8789938212490185
-6.158379679180359
-1.6853868073196487
-7.048124686922326
-16.83433916009266
-3.749342190913336
-9.881479852267093
-8.965671893587741
-10.077810099906182
-1.1401165861955675
-19.813965411934554
-18.212935865834545
-10.111911641042193
-4.912759406338405
-6.91649572941746
-18.521537571986435
-18.15961989060567
-14.596402680905394
-12.165281129959785
-18.73570991588084
-2.3506183884398046
-6.321274441128852
-11.96281274744084
-16.651730326861674
-18.35046899582396
-11.481930800302091
-14.796691586597026
-3.2939442757549826
-9.532946691173363
-18.73052632801204
-11.627123814022976
-7.861281488732965
-16.804667008732878
-9.52874579920787
-4.8537187708655205
-19.13999093087261
-15.401968084521112
-8.36903537606152
-1.2200069772080901
-19.905890780404853
-8.034928984421205
-3.8744465362000824
-17.616771999983147
-3.7104021348607135
-11.061311339990327
-0.6301458249850755
-0.11991875526045082
-6.7697102843427235
-10.41954910286118
-6.317432034689769
-1.6956082464529842
-9.011231387171886
-10.22403013160473
-8.691450058964536
-19.676732641232633
-1.6914045914062381
-10.140694455702524
-12.184239478715652
-17.50664037453938
-8.753975944057286
-11.7738009594399
-6.79495095127192
-11.58127799824778
-14.502461638738296
FactorLoading
0.16914932149203277	-0.4675751415748195	-0.044922705783938977	0.31835283114920876
0.29138939766246463	0.4726198500728176	0.2123130904228252	-0.023677661841892572
0.20009521661369023	0.18620001894433957	-0.3111863559675925	0.3025184084743777
0.5832111540774794	0.00976087374185064	0.06829048549258676	-0.33873748668808323
-0.09295397540255257	0.22956625553944954	0.6767684642498502	-0.0007113048081477391
-0.556998848298826	0.29276395665870214	0.03304530816558238	-0.11719188687688953
-0.4655211080717565	-0.40669292858688677	-0.0548714767503371	-0.07291448659101962
-0.6525276166375467	-0.03527195553821261	-0.011321786482439977	0.30087864134180076
0.2955658882345962	-0.002154258418955335	-0.1031876253757178	-0.5990922279707307
-0.025254888925566155	0.0037007868809757483	-0.06180235889108143	-0.9092419653023767
0.4508635096010274	0.5033090336160255	0.005625118924858841	0.040202337858088244
0.39654713142062725	-0.3730052589261039	-0.02116086247593496	-0.20928674717733387
-0.1436837460774001	0.09641079689453713	0.13486554293876996	-0.6250399140892928
0.32442427367225335	0.39082248689222965	0.1839811245937477	0.10077211484176929
-0.4119454845746442	0.18045848702539935	-0.363621283020662	-0.043974745379294466
0.28252865437739105	0.3460459585437581	-0.026113307631498772	0.3453120794473521
0.04469304345894809	0.5072344820502859	0.1005983167023694	0.34747415778839663
0.12530056000545287	-0.020417197940315157	-0.5520407887528289	0.30224145330140306
0.029377728698104733	-0.02925284078296775	0.378415403417526	0.5629540271014015
0.34897670444061646	-0.3381550112804843	-0.17335520538660765	0.1395130788922916
-0.4908539799159177	0.1583921009118492	-0.08551263456328839	0.2652412846089447
-0.34627803365017606	0.0662536333007151	0.4866605642548498	-0.10080776879425901
0.09762285656839809	-0.07274849728422006	0.18830059879747885	-0.641328047349903
-0.6701774059802319	-0.20777035930929544	0.07383875736304968	-0.048213477347422984
0.545111274927091	-0.10341142985868368	0.01061653605046442	-0.3408607591637609
0.1790896497789085	-0.29127296135856207	0.40915767965613337	-0.12047970920639606
0.18702523400069437	0.5915439561653992	-0.1257215248948571	0.09570928493904929
-0.10341397753044723	0.7003265227583975	0.1219635252559006	-0.07429597445525471
-0.13493651477200475	-0.20558939483165117	0.008127555351514992	0.6513465350448291
-0.43370388512195324	-0.19287748302569163	0.2510718683966129	-0.12234676345574225
0.015458761177725266	0.8154295358473733	0.08125067280841347	0.08786103016648794
0.047285393567239487	-0.42947930208740304	-0.31368913481203897	0.2095461695333185
0.41629105097872743	-0.0036023171343573246	-0.16115839332095483	-0.4189482385659604
-0.06883818998582258	0.05304557506539642	-0.03894755855138832	0.8391686763973927
-0.22953731627170826	0.3310257158880541	-0.19913178236252715	-0.24030518547771051
0.13907322311946935	0.280712205187045	0.48476127806446856	-0.09545329362901711
-0.01892129941439369	-0.5545351316886469	-0.19030789268512183	-0.2362356762118376
0.7332796142131353	0.0008472309479774509	-0.20997962876375476	-0.05589352607513254
-0.03700158614365612	-0.2533106153696929	0.17039892962984937	0.5392888688568016
0.12224044704052028	-0.1360245293307778	0.2044961006776842	-0.5372389229510177
-0.209671937839345	0.5026121263568692	0.24929623926647326	0.038419696537312475
0.13960865309460235	0.14557257940707258	-0.6261362761025122	-0.08868249139581286
-0.02170245065747367	-0.11283172708581679	-0.09602111167375438	0.7694447105829552
-0.34198118357620055	0.28209346891652154	0.13964527357431877	0.23628007393295913
-0.07434947274461501	0.7056697286941704	0.18098268341081813	-0.03899811515039642
0.16742226144603967	-0.07494666860596855	0.4050493285983183	0.35258174134967346
-0.04706670037737859	-0.08078821773585854	-0.3503397690511292	-0.5218053128356337
0.4341549286923754	0.2932687206747875	-0.22077743735162914	-0.051798913281208
0.555703365977916	0.19106461710351041	0.14629683564979024	0.10693518126878332
0.03337215902739654	-0.2890314159572358	-0.5709210392977295	0.10667538571763813
-0.2615385082678445	-0.016918047900552402	-0.6438035777852011	0.07773986604640193
0.19242571787363438	-0.2669140429912198	-0.11013686501736997	-0.43052337411777586
-0.2898049917520107	0.476769594076089	-0.012392371227022414	-0.2210330429448779
0.21802109985699025	-0.2282064606701113	0.10713043207479234	-0.4466420073981061
-0.6663147233406976	-0.08297638785137273	0.24724400690896164	-0.0034648818989679864
0.033427936861499585	-0.11699922255436435	-0.25610630383179034	-0.5934665367523457
0.1394940911426923	-0.11632402927205265	-0.5573715188920441	-0.186810360693211
-0.24890157787762002	0.22118337163480106	0.13881786654090145	0.3910971839466775
0.46312755528502003	-0.15108384971054867	0.2834060409550925	-0.10238255404933883
0.34881390422528025	0.0936662644251951	-0.2608018703386785	-0.29671796101084613
0.4076969910623569	-0.29487505891489074	0.19259654553941408	-0.10483140448333828
0.29922089228651383	0.007773692568870727	-0.3773062885507954	0.31569912659382005
0.09694015839169579	-0.21740720358590648	0.17611583688042076	-0.509536801141977
0.12646407760323863	0.12769758376349438	0.6983953712479094	-0.04744296738535758
-0.3967811160561172	0.12833485213413565	0.07240534583493408	-0.40247868597481307
0.3859641552071831	-0.29849626625489223	-0.03385023430036993	-0.28168934423755476
-0.18605304383648136	0.10305951240540367	0.6601532638243957	-0.050734179933719314
0.07008762024474713	0.014445151932780176	-0.012687839621735364	-0.9027793882007373
0.4751031537708583	0.2821413069954699	-0.032336150652403584	-0.21041938858126819
0.4977628822824973	0.0758547471731359	0.1148304937405844	-0.3115518768037824
0.057796044813090974	0.4214713227653739	0.3630279073675535	0.1577047250539816
0.3548317378306427	0.14744276911472065	0.15262875024609746	-0.3450967428085392
0.06570567507106251	0.3036428901004373	-0.27992970762670866	-0.3507217272017915
0.033170434042450125	0.3665673072839659	0.17761031252788828	0.4226519461456957
-0.381957838004515	-0.09634406647018512	0.09039333059624943	-0.43130476492905045
0.014807940221295057	0.8056855550191739	-0.005885232273596497	-0.1736212724859345
0.002493214280924416	-0.4354630100570136	0.17061875683211203	0.39142501882994996
-0.24416986959690568	-0.2550666665690786	0.1390191803000993	-0.3617442835339164
0.1457865133175391	-0.06301496281462104	0.6882769467588157	0.10292157710902416
0.3150786786049633	-0.1256338315911858	0.5297104721512973	0.029577017652553605
0.43666392247186825	-0.2168125395593754	0.21323725769684443	-0.13328628027191192
-0.1384220579573998	-0.44080555387618414	0.3980309442751069	-0.022741443891309165
0.3217572134206097	-0.232279969357575	0.2608902897291059	-0.18507252749270942
-0.20682891847064688	0.009655918595374846	0.2004712951907348	-0.5830438677432435
-0.48544159839575673	0.39382424277763173	-0.10512983019467415	0.015604328631937392
0.21989743739386802	-0.04610280318457738	-0.7225682291355631	0.011431530285991531
-0.2991740438864863	-0.2493419683131206	0.010847196490625599	0.4406367913097675
-0.2202558958598504	0.10102029430766502	0.24923389581085442	-0.42948991402163017
-0.20132537575127674	0.061466658283524156	-0.15496692810019197	0.5822410378650071
0.10901440608195534	-0.062040148345454904	-0.7766875029522231	0.05225794262036665
-0.12469682483821831	-0.10063550665031262	0.6370242317810568	0.13764343673041224
0.0738465397674044	-0.18788380437409602	-0.7099799594427842	0.028289696415715326
-0.08503231700331271	-0.13725619612771256	0.06567832629263526	0.7120331605763395
0.2125340907086004	0.33821059498002604	-0.13788938053054256	-0.311365933780831
-0.050893984433153516	0.2005605021530492	-0.4662222452900995	0.2823232681236978
0.1960395179305119	0.03413037408904396	0.7188504554411164	-0.05097965253932779
-0.07201243537609492	0.24734645342200867	-0.37445376344532333	0.3061873477565731
-0.09067605503670406	0.6708474999658125	0.018404343146109836	0.2200721018513736
-0.27204258139146464	-0.19833083508993954	-0.3866479389916768	-0.142978644526919
0.30659173907975856	0.04018710008563575	0.11276293637824963	0.540458224456356
0.14867787052729375	-0.07190266729557293	-0.24027910742032144	0.5391403547568119
-0.05578121077582576	0.1827825733563968	0.22138587608218474	-0.5400503397855927
0.37732591012385175	-0.20247573640682726	-0.15538800253837493	-0.26481035093094607
0.14843376214880744	0.24968515681343728	0.09101038030109887	-0.5108707007366564
0.24018689848661823	0.579502161961259	-0.046006858971022746	0.1343040805811
0.6903136634378575	-0.057003854760455	-0.08139979955874788	-0.17128268224293963
0.16112849682937225	0.2573652382160989	-0.01837249619472847	0.5631337687598004
0.44950931719663934	0.049279383613121786	0.37192202566277976	0.12928927352745911
-0.07294521822518152	-0.34971816593477834	0.3740809385209767	0.20325567731906347
0.13105407577241635	0.06299540348358712	0.1949217882531733	-0.6110287324908232
-0.697806767368951	-0.02513187159471242	-0.254433194291102	0.0226281667452346
0.22640230035715803	0.25040064265083806	-0.29310794307471366	0.23008911391729026
-0.27815655888284274	0.12866795378410179	-0.5772239733931597	-0.0159515139398958
-0.07852113712469899	0.7739746327818238	-0.07209161689263643	0.0754126132008408
-0.02436145775819698	0.06815388224425067	0.6145472601738524	0.29293739982369993
-0.274389749116021	-0.4076502671780633	-0.05777545172740517	-0.26018453197851055
0.5664626919368752	0.08750137912640454	0.2564854244478143	-0.089550504488906
-0.07040104333284614	-0.2675437298793444	-0.44774936758406314	-0.21430585920374634
-0.5326300843759117	0.34585800211972817	-0.02072835349188651	0.10078356001247357
-0.26021323367724136	0.0025238813222883127	-0.10317221968732504	-0.6340906653131453
-0.49524875180767003	0.2782775070214081	0.0389637434362573	0.1875099977346646
0.15516012232613163	0.005727131462033519	-0.7961834284102225	-0.042929317801612354
0.3208936455983036	0.016181695650937744	-0.456441715597687	0.2064829431530717
-0.20252719045076462	-0.16118687427967582	0.5949752962102139	0.04131063905934562
0.022556191681973425	0.09139601990957225	-0.3664408530583061	0.5196069353501482
-0.21885466305467816	0.47184417694097625	0.2189072401037948	0.09039391990055079
-0.3661423188151458	0.09121006061923431	-0.045608815068328035	-0.49703880549729185
0.03064832145465024	-0.5368910152685444	0.18556227122397617	0.24689839205282915
-0.30039823664980925	0.31017229522591094	-0.3286875600200678	0.060741908104211983
-0.04237108113580734	-0.29559302452603076	0.49915022198204007	0.16288567235612184
-0.28012667224511856	0.18072784376224993	0.20505292051070723	0.3340925634819243
-0.324614673878316	0.014783243909809674	0.1742122697015045	0.48638981251036983
0.20041592131742236	0.06763715796921654	0.03335939289009149	-0.6985875278232696
-0.05729023245346632	-0.6140727862760345	-0.056649325780915305	0.2719876554895839
-0.2703618582199696	0.3823725529830775	0.3355239278634732	0.011741660933479725
0.05125202587000022	0.1918017388268134	0.4911754327896791	-0.26577080251350726
0.20523284520167961	-0.49135784912526637	-0.20614579111142128	-0.09726351456163274
-0.33552150275144954	-0.26073268991087994	0.37970702805076284	-0.024038779286907674
-0.03542130543856037	-0.24060215107950844	0.3541903821549168	0.36978616132701436
-0.40229926117719517	-0.027942101499258243	-0.27188458074628397	-0.2978740565772626
-0.13890864016297622	0.2853652634068595	0.4660667966889662	0.10965929974119804
-0.004496533906221956	-0.1297620055899873	0.47929578149583874	0.386445679007952
0.3423971327543156	0.20255570611572926	0.2238429466865497	0.23120421444340544
0.0888161226341484	-0.25557468756927215	0.12623721038177016	-0.5293719794148093
-0.16983626810376906	-0.09244080825468637	-0.05829928701627063	0.6794236366252739
-0.29834098448008084	0.2446062958644859	-0.005478178247350751	-0.4515745414080825
-0.16201655616142063	0.24225403964431047	-0.3088127885718299	0.286916615622439
0.5101938497049254	-0.047206493959566	0.27412305175294005	0.16847660458256852
-0.1206376537047733	0.09886165894435694	0.03752406351140314	0.7429766238394666
0.11732100053933325	-0.15122304828750344	-0.4319993715721515	0.2994565796010118
Conflicts
7 139
127 45
86 88
132 78
148 85
81 21
144 15
42 1
27 91
9 111
128 38
102 30
71 134
60 38
98 137
143 41
102 99
103 27
74 44
64 57
23 129
90 85
47 100
53 57
64 24
95 142
42 126
23 112
80 76
55 33
82 44
15 45
150 105
9 105
4 121
9 18
58 118
140 94
92 139
114 105
119 74
92 13
4 84
29 72
68 31
71 82
102 83
32 111
4 17
148 70
122 48
9 8
144 91
13 14
50 111
132 48
75 150
92 31
124 20
140 49
109 46
43 144
4 22
119 8
50 65
109 90
133 36
133 38
72 22
59 115
145 17
145 56
112 52
100 21
86 41
130 144
130 36
83 69
132 129
76 73
72 109
120 27
133 46
34 30
35 110
98 30
124 145
70 97
148 59
107 48
47 12
117 27
36 95
31 150
83 59
71 137
146 11
66 2
25 59
135 74
81 117
120 72
128 150
108 45
91 138
147 98
59 57
147 19
7 124
56 110
17 129
132 115
95 20
78 149
128 55
133 62
47 120
145 11
4 83
135 70
148 150
135 6
47 9
55 83
40 142
99 44
79 6
104 27
120 16
16 6
76 22
143 95
83 46
87 85
51 84
89 51
75 58
43 101
7 121
4 88
98 40
94 134
75 33
119 87
23 74
148 69
99 138
110 38
95 138
26 123
65 149
99 56
83 61
136 38
97 30
26 100
121 74
38 21
10 118
7 61
23 73
121 149
19 62
119 105
69 95
68 99
142 82
134 18
16 62
105 88
63 61
14 17
72 59
132 49
38 24
95 129
37 147
112 45
130 105
86 58
59 8
79 141
75 2
140 18
87 39
7 112
109 48
78 126
48 127
99 30
85 1
131 45
80 45
19 149
68 115
43 66
35 8
43 89
13 111
60 8
107 64
10 145
81 49
92 38
31 100
94 8
141 91
26 146
9 5
7 51
120 28
80 65
142 1
40 122
135 79
143 109
42 101
132 31
93 149
29 134
110 8
145 91
140 88
103 143
34 84
67 95
13 69
75 131
146 113
67 143
69 114
77 105
66 61
136 138
37 18
146 118
7 126
107 59
68 110
11 150
99 12
59 38
48 6
131 141
140 129
35 52
53 88
147 96
68 44
58 107
54 86
28 62
75 73
126 12
78 66
48 11
16 22
93 109
109 96
26 52
40 91
100 22
125 108
4 65
54 48
103 82
86 150
62 82
40 84
11 38
51 90
117 143
103 51
17 118
47 134
127 1
9 24
124 85
132 55
36 149
137 91
37 27
54 117
60 6
124 79
136 3
43 13
68 47
117 49
147 115
50 91
31 120
114 94
146 126
101 90
81 5
69 145
130 138
128 39
29 96
106 91
36 11
7 150
129 106
130 8
132 69
32 36
5 134
91 52
93 115
86 28
72 28
122 144
113 70
115 12
120 15
86 21
62 59
37 57
19 33
87 84
50 125
86 49
11 85
123 95
4 140
133 19
55 53
124 150
41 106
102 61
119 111
136 22
49 90
108 84
14 144
28 44
78 20
63 102
146 41
131 28
15 44
35 18
117 73
54 125
35 77
83 15
132 147
17 76
56 57
136 83
53 107
143 18
9 2
77 127
132 145
66 76
101 104
29 115
10 88
150 33
31 104
129 1
26 31
89 38
80 97
100 143
78 91
144 104
86 81
89 115
121 3
36 22
92 145
138 1
136 130
78 120
31 59
80 12
17 115
110 73
36 118
26 61
73 134
79 88
2 142
13 91
37 86
15 73
4 138
81 62
119 14
107 127
9 60
106 73
100 144
119 68
109 142
129 88
40 99
62 15
14 143
2 28
69 96
141 57
119 65
132 51
28 24
55 77
36 12
41 134
135 24
7 33
129 90
132 106
36 79
136 41
7 140
102 105
29 38
144 20
131 127
48 90
120 59
142 44
92 40
149 108
123 8
108 46
95 96
13 89
123 46
19 52
60 103
67 139
53 76
105 20
71 149
70 129
102 93
86 107
80 111
11 127
58 93
123 114
5 33
15 18
50 69
27 106
133 53
109 21
147 28
75 70
107 44
86 112
103 145
109 127
23 36
116 59
133 96
77 121
116 62
13 66
146 24
7 137
109 106
54 34
63 116
3 72
78 73
95 41
148 57
1 30
36 33
128 116
83 65
69 46
32 90
37 150
100 41
61 41
77 88
68 1
118 52
3 87
61 56
10 24
16 142
36 97
9 16
74 6
13 62
47 148
10 121
117 5
40 111
77 150
32 109
94 142
80 62
35 115
32 144
132 130
19 76
122 85
135 82
13 149
55 80
42 19
123 67
59 30
86 17
63 78
64 70
62 139
42 84
28 111
55 111
25 85
81 115
82 1
69 138
7 109
54 84
66 53
23 89
39 6
130 111
71 114
4 97
40 11
7 141
126 27
49 73
35 66
29 112
107 70
75 85
123 45
136 125
4 107
63 85
142 45
132 14
128 66
23 121
71 111
99 139
9 66
114 46
93 12
109 134
21 138
15 105
11 134
7 110
126 20
86 15
64 84
127 12
119 30
7 149
76 6
128 8
50 129
118 141
26 103
122 6
60 64
127 134
131 48
139 129
120 12
68 59
71 142
131 22
92 22
3 21
13 2
13 131
84 18
55 40
117 48
26 20
71 61
69 24
36 90
131 109
92 106
119 45
68 6
35 106
116 106
44 111
120 134
72 139
65 115
3 143
133 56
133 149
78 31
67 94
128 49
78 89
80 141
128 34
26 28
58 33
66 52
4 108
150 73
71 121
66 16
71 66
53 15
80 58
95 24
63 127
141 22
104 19
34 82
31 86
149 96
147 127
143 107
105 134
119 27
80 146
17 91
128 46
35 107
12 24
71 35
23 133
100 1
130 108
120 145
26 96
128 70
139 44
147 112
32 116
61 85
34 149
97 127
55 52
71 33
87 12
4 21
6 73
67 11
5 44
102 87
34 66
96 105
135 94
110 1
124 44
54 49
53 45
99 52
148 143
66 39
126 115
55 90
121 99
122 72
9 118
47 36
148 140
144 51
75 31
52 73
102 109
89 27
4 55
74 39
13 96
124 3
81 110
17 94
117 36
143 56
43 25
9 39
66 91
100 57
54 140
3 6
25 143
72 149
128 72
29 130
87 115
143 30
115 84
68 5
31 35
140 104
3 108
110 33
55 46
53 110
70 21
55 106
101 22
31 140
120 6
101 16
112 94
116 20
3 127
93 17
34 69
61 76
101 91
54 25
36 57
66 70
128 7
77 142
53 103
98 112
24 1
128 106
143 112
110 106
4 3
136 51
31 131
63 98
132 4
147 90
89 118
103 114
129 142
92 44
130 15
54 74
128 88
11 142
41 18
26 50
101 20
133 54
60 149
26 117
74 41
119 100
25 123
7 90
43 137
43 147
120 87
66 20
82 90
104 106
135 137
32 2
14 42
66 130
60 17
39 24
145 39
125 70
74 21
145 18
50 126
104 51
98 131
145 95
121 96
69 5
103 104
42 8
128 30
107 149
34 62
119 104
58 74
24 134
133 126
64 22
100 64
27 39
28 33
68 69
96 6
80 96
2 82
124 36
147 67
47 135
63 62
33 127
77 59
43 117
71 67
5 45
36 150
36 73
43 40
117 64
93 51
50 62
109 141
66 48
122 107
44 73
120 56
15 46
61 79
132 123
42 36
147 77
48 76
21 20
130 127
135 142
124 1
35 96
125 137
131 95
54 18
97 8
92 53
26 44
8 91
70 134
56 76
10 95
125 44
133 50
138 12
146 1
10 1
47 44
64 94
98 41
113 141
125 106
132 138
75 147
129 38
96 84
32 3
139 127
141 24
67 113
140 96
139 82
101 141
31 39
94 85
77 70
120 94
89 93
61 142
53 117
119 90
87 52
81 130
37 3
137 85
122 127
68 90
146 99
38 138
31 66
137 127
121 27
132 56
133 30
129 12
128 145
2 149
87 11
125 112
38 118
75 146
89 28
62 115
145 15
16 59
71 69
56 115
83 76
3 67
135 127
50 120
100 5
65 150
41 90
99 72
9 98
23 70
119 28
104 62
125 130
128 23
86 87
19 57
29 39
40 24
128 10
32 12
5 85
119 75
36 141
149 129
21 46
31 53
32 70
10 129
128 75
139 85
126 87
71 37
27 61
42 144
65 12
87 88
81 85
63 110
114 106
111 127
35 69
63 88
122 104
53 59
110 134
4 139
2 126
9 113
140 110
63 123
101 79
132 22
17 111
98 19
10 124
149 11
69 99
128 129
115 45
10 48
23 20
13 53
92 36
87 22
34 28
47 38
43 17
29 88
104 85
115 46
147 74
77 64
23 31
133 21
10 21
120 140
19 118
81 19
56 150
64 108
83 42
4 144
114 127
92 108
77 116
27 107
117 137
99 97
75 82
15 12
19 97
116 138
47 79
143 96
26 72
148 138
92 2
116 82
79 90
147 116
102 45
26 13
7 107
136 124
7 82
2 62
78 74
35 33
143 65
83 70
99 149
101 72
54 147
53 114
77 28
48 96
125 144
65 56
116 111
23 53
7 88
63 92
114 109
83 143
80 85
40 112
9 126
114 108
132 88
60 46
29 18
136 19
60 48
125 138
48 62
70 12
64 111
7 94
54 134
102 52
39 12
128 45
49 127
125 29
8 45
60 15
56 90
47 58
11 97
105 18
7 63
47 103
75 62
2 118
61 111
65 118
148 99
135 104
87 1
42 33
94 24
40 12
59 88
10 77
28 138
104 118
57 6
36 94
42 46
26 68
17 127
117 96
122 97
47 116
121 123
95 150
125 105
71 115
88 73
3 145
121 101
97 115
40 62
81 126
112 18
47 3
63 16
124 24
2 105
47 94
121 59
71 116
23 42
53 139
145 36
136 68
147 106
111 30
119 15
107 17
10 2
102 12
3 39
4 143
50 76
130 84
33 20
103 44
59 20
37 101
64 88
31 11
40 30
131 74
112 106
25 98
79 91
10 140
26 89
25 138
113 56
148 145
81 131
4 117
83 146
10 59
135 106
78 30
112 91
98 138
68 82
143 57
34 147
64 38
77 118
100 14
100 45
100 99
58 40
32 72
124 84
53 1
32 64
68 46
117 109
109 73
31 38
61 129
105 127
125 103
116 67
70 91
28 96
102 39
4 8
14 53
60 121
110 96
26 60
42 41
83 44
30 18
109 17
148 126
8 6
101 73
121 2
78 103
51 118
81 90
78 142
67 44
31 94
140 122
128 47
139 141
68 103
100 61
147 88
77 114
26 77
63 140
13 64
55 74
125 150
9 73
37 12
26 47
119 79
78 125
9 145
13 93
9 44
9 87
102 34
124 28
29 126
7 96
143 138
26 81
144 19
137 39
97 82
131 104
29 56
26 149
55 66
148 80
7 111
83 56
100 33
100 2
117 8
25 95
130 45
34 86
60 86
37 53
68 125
8 88
28 16
143 39
79 115
123 15
25 65
7 116
92 137
131 134
112 74
118 33
103 62
131 82
9 94
75 135
119 12
13 70
77 42
49 12
83 18
119 131
47 50
125 117
120 89
69 142
103 61
135 87
121 52
42 137
132 80
124 120
50 20
87 38
121 73
32 102
137 108
74 15
32 24
143 129
80 89
81 108
95 1
89 15
34 65
70 30
119 21
50 22
120 110
28 46
103 84
9 40
13 124
111 45
118 12
92 51
93 41
135 39
74 127
2 76
69 139
130 64
141 85
139 150
67 82
25 149
150 84
124 110
48 115
27 17
92 86
144 49
42 2
137 88
103 122
122 118
103 149
9 86
42 48
37 121
2 139
7 148
92 39
49 46
64 110
99 79
55 127
29 49
14 70
84 52
106 141
79 118
107 76
62 76
47 52
102 42
34 16
133 147
31 129
130 12
5 82
59 138
59 5
25 110
36 20
131 38
102 91
104 52
67 93
107 108
40 96
32 22
27 95
71 97
126 114
121 19
38 22
8 105
116 115
50 46
37 48
34 24
121 33
95 49
72 46
76 57
43 12
75 52
34 73
81 79
43 85
147 107
4 38
37 100
101 137
130 11
27 6
68 18
75 41
78 130
147 87
92 148
54 148
128 42
117 115
5 105
78 141
104 12
10 98
130 73
26 112
146 30
83 36
5 88
56 70
136 8
136 73
52 57
37 107
37 139
59 73
123 108
54 80
34 137
127 138
55 70
113 149
2 30
54 15
37 97
7 101
63 18
124 61
14 38
74 19
120 18
68 105
31 88
114 8
107 88
100 90
40 149
28 88
26 76
43 111
25 146
148 2
95 105
87 110
77 40
128 77
63 137
2 114
119 31
32 138
46 24
10 90
91 1
42 58
14 45
58 115
14 79
83 22
40 87
25 126
68 35
36 52
35 139
36 24
43 9
86 1
71 49
127 20
119 109
114 84
14 98
72 115
67 72
81 44
37 149
55 38
128 56
77 36
31 137
144 21
102 125
68 112
78 144
108 38
123 29
133 110
148 3
16 82
55 30
133 55
112 149
13 141
110 21
140 86
93 91
11 110
4 96
148 130
100 85
31 124
128 98
59 129
145 127
117 17
119 136
130 5
103 139
147 109
11 141
50 113
13 30
149 134
6 46
83 94
55 139
54 141
9 46
79 129
78 56
23 134
42 142
100 146
92 138
77 41
84 20
131 143
11 76
78 55
6 30
100 109
144 85
92 52
2 98
35 49
99 51
47 115
67 27
38 20
55 34
144 141
129 141
117 52
125 118
85 24
8 79
128 143
88 30
92 149
9 144
114 150
23 77
64 36
116 30
41 46
49 15
26 56
29 146
97 41
71 113
92 3
84 44
87 64
71 10
114 5
47 54
70 20
71 31
102 22
128 20
149 141
26 80
139 22
14 125
27 88
59 106
126 62
141 46
60 56
43 41
67 5
107 113
3 30
12 1
134 1
2 27
129 15
145 21
5 38
144 5
13 126
37 94
103 107
120 122
71 78
35 59
53 64
148 104
108 8
43 105
106 84
113 22
27 5
43 18
75 97
130 30
13 40
137 79
132 116
54 100
72 8
71 131
21 90
75 10
136 24
54 66
145 82
29 16
120 107
60 40
19 115
104 64
37 145
109 59
83 134
80 131
9 103
69 53
51 52
35 10
126 93
83 130
140 20
81 149
83 12
23 90
130 49
42 21
21 12
43 23
71 45
132 97
124 15
126 142
131 105
64 142
140 111
124 143
145 104
77 103
70 5
142 105
120 52
66 58
28 20
104 41
9 114
42 141
116 22
29 111
58 76
14 27
137 48
67 46
148 50
37 92
54 31
78 107
133 137
72 137
63 27
71 118
135 123
42 145
9 146
64 79
37 15
142 52
43 93
3 99
9 138
122 38
99 127
57 30
140 59
80 115
80 110
60 88
12 105
103 30
35 130
71 1
37 20
92 50
140 126
76 1
9 69
69 149
124 65
74 108
92 130
25 142
10 15
16 84
71 17
102 79
69 111
67 107
31 117
31 125
112 24
148 10
7 62
103 20
139 5
100 101
28 1
147 18
136 36
67 64
23 37
104 129
128 102
35 122
135 69
40 94
66 110
93 97
72 110
148 86
136 58
64 105
42 111
126 57
131 11
120 24
130 17
47 62
23 88
21 111
140 29
120 106
124 16
139 30
123 74
72 41
71 19
2 70
135 117
67 84
72 19
7 1
83 106
69 41
147 52
47 21
81 11
75 98
132 74
132 40
47 4
109 38
63 48
77 30
22 1
83 97
58 90
36 41
32 69
63 114
68 24
66 81
60 84
136 131
130 106
68 49
120 74
119 141
145 49
130 62
119 86
44 90
27 110
54 22
67 138
67 87
86 126
25 134
148 94
140 87
9 142
120 53
57 85
63 44
31 111
7 25
29 97
40 8
95 110
126 59
74 30
125 109
43 39
7 99
80 18
15 96
23 124
124 5
65 41
25 124
77 74
132 6
29 22
125 126
135 51
108 20
55 98
133 77
109 88
22 85
50 86
117 145
140 127
92 126
93 107
108 6
55 62
101 24
133 75
27 93
103 93
50 93
9 55
27 115
124 77
131 90
4 74
54 91
5 138
3 134
42 112
26 79
79 46
99 150
49 22
66 117
54 41
71 40
136 1
109 30
145 61
129 46
139 97
29 89
137 109
149 106
86 89
83 88
9 115
81 17
2 113
71 72
4 109
35 64
31 135
43 1
60 22
47 74
81 40
43 78
109 79
83 34
67 141
84 111
102 77
142 22
34 116
124 104
81 24
149 88
46 73
24 20
7 95
116 85
100 59
83 115
77 76
64 56
42 73
19 150
146 142
148 112
100 134
140 70
19 24
58 36
57 111
67 20
50 131
47 87
104 110
61 45
64 91
135 59
72 24
107 91
39 138
43 72
17 141
50 142
15 21
53 61
10 32
133 146
31 108
3 41
143 59
3 115
112 127
114 70
19 111
146 141
7 66
132 141
129 22
100 35
138 73
121 95
83 82
19 64
23 29
136 118
75 95
65 76
100 105
29 36
4 112
77 16
136 137
135 52
116 145
40 114
67 115
55 118
119 38
121 143
146 105
139 115
123 107
148 28
11 24
47 2
60 145
144 94
131 149
77 104
65 88
125 95
120 99
128 136
83 112
29 61
16 52
13 11
32 66
74 130
34 85
139 38
125 82
119 18
68 101
7 8
60 108
49 51
35 91
9 20
29 142
65 113
31 118
26 51
147 110
104 139
92 81
4 79
101 85
148 144
80 79
25 101
42 59
129 6
131 6
109 24
25 114
143 150
56 1
47 142
71 83
89 16
97 76
103 134
102 53
55 137
123 89
7 104
63 21
137 62
96 39
99 95
104 38
60 2
7 26
102 144
2 109
118 115
124 98
75 104
108 139
17 82
2 41
42 56
126 105
43 36
144 96
64 41
23 107
10 113
139 84
97 15
53 72
100 93
100 131
102 81
7 48
25 14
55 73
51 44
23 102
2 115
61 94
49 91
131 17
124 17
25 13
55 147
77 61
100 34
26 87
61 95
132 126
137 141
102 140
129 45
37 39
125 87
7 70
93 82
77 144
63 115
43 10
68 72
69 107
125 33
113 84
10 67
66 137
2 131
123 72
145 96
129 138
136 87
112 138
40 65
43 14
106 30
58 28
122 28
26 43
142 18
109 70
148 149
50 36
136 30
14 126
130 109
15 90
16 24
137 57
104 15
69 73
136 82
42 86
144 16
86 142
108 39
47 117
68 98
29 113
107 38
54 144
124 62
36 134
75 111
7 98
113 111
135 36
55 95
4 49
92 28
53 85
74 28
33 84
77 106
6 18
53 79
53 150
92 17
117 74
48 110
119 34
118 24
14 91
31 21
52 127
136 28
17 33
122 82
53 24
2 93
8 20
23 32
63 149
123 39
92 66
142 12
114 33
83 51
104 21
28 49
9 25
42 44
104 115
87 129
2 79
25 39
77 112
83 95
78 121
60 81
130 95
136 90
104 56
63 148
126 130
23 75
100 13
3 5
74 111
10 82
140 51
54 67
113 45
4 42
117 84
106 1
129 44
54 110
133 40
123 58
120 30
50 28
23 117
100 62
75 49
93 22
66 33
129 85
109 36
37 131
3 105
68 30
149 82
78 69
96 134
58 105
139 88
78 93
122 58
3 97
54 97
100 73
62 5
2 116
115 85
65 134
63 36
56 88
62 39
7 100
78 38
144 142
132 124
89 101
7 37
31 97
69 44
53 91
147 123
80 138
86 19
9 42
109 18
66 41
109 118
131 73
124 67
11 138
50 146
137 52
54 53
80 64
10 56
119 67
100 103
68 140
93 141
107 57
22 30
10 142
132 111
47 147
141 84
7 135
131 62
7 42
67 99
150 18
23 68
69 109
147 30
102 134
52 115
35 79
139 142
42 94
122 91
65 46
92 87
75 61
47 18
132 149
145 88
62 24
81 29
27 16
43 109
137 5
48 105
106 46
107 73
54 139
133 105
66 123
42 98
83 20
92 114
122 137
54 120
96 45
25 91
79 30
47 95
47 16
66 17
47 34
123 40
140 113
81 111
29 87
94 96
89 44
32 62
103 109
63 65
25 22
101 36
75 38
92 56
42 5
121 130
26 131
99 17
136 6
114 61
48 21
113 150
117 82
7 60
9 56
139 33
53 137
37 96
92 117
135 131
135 19
130 137
64 96
26 86
40 44
104 134
31 80
40 72
87 57
56 94
100 44
77 81
144 39
60 67
130 70
58 57
59 22
62 118
82 138
141 73
28 17
68 74
86 111
46 111
26 24
86 53
150 91
102 15
100 88
87 149
14 12
121 110
60 129
61 106
25 52
37 108
47 98
148 62
39 41
66 49
80 28
49 134
26 6
22 33
3 59
149 91
25 147
83 57
62 64
25 77
10 110
67 108
122 22
94 84
60 109
131 51
92 103
128 18
3 138
2 16
23 25
35 95
28 141
29 30
74 104
137 46
39 22
66 72
3 129
69 45
69 108
50 3
68 87
10 143
11 49
95 44
63 135
120 95
14 5
35 131
136 66
148 117
75 106
34 59
116 72
23 49
114 59
98 67
141 115
66 141
20 1
77 89
35 108
50 5
56 97
13 86
62 1
128 41
124 96
25 108
71 76
136 18
10 99
78 27
14 113
137 84
119 123
83 126
63 55
108 5
89 65
83 150
34 72
32 112
61 150
122 12
102 70
66 98
117 65
48 88
112 5
32 123
34 2
77 72
146 94
9 101
133 3
33 30
147 122
63 32
25 80
31 52
26 27
137 134
140 137
140 48
36 108
74 95
2 101
120 67
15 127
23 18
96 88
58 22
69 113
25 66
143 111
117 76
35 72
96 91
142 39
32 79
103 140
16 39
34 105
136 100
63 90
125 98
77 110
31 12
135 28
109 6
106 82
64 49
128 96
58 127
104 73
16 18
114 51
65 90
75 3
66 67
43 47
141 52
80 126
126 129
117 62
70 52
132 17
110 139
104 61
13 32
15 24
68 134
98 106
43 44
109 139
64 8
58 3
62 111
14 73
132 25
16 79
92 73
130 150
10 125
117 39
126 61
148 64
145 33
61 115
90 111
7 20
43 19
119 103
103 138
13 105
135 66
71 77
120 96
147 143
66 65
96 20
39 111
148 27
77 51
78 41
123 79
146 45
52 85
121 142
140 19
116 8
64 129
147 39
47 123
63 28
141 15
21 127
83 81
128 11
92 25
124 93
101 96
78 6
136 88
63 15
67 56
140 46
27 11
136 89
102 18
71 21
27 85
80 143
132 29
97 96
113 30
3 49
81 98
67 8
54 1
41 57
107 15
43 96
104 143
31 105
116 131
86 93
60 11
43 149
29 138
78 86
16 134
98 105
128 63
55 45
74 129
102 141
126 36
66 74
123 44
86 101
40 28
56 85
110 49
121 29
32 110
125 16
116 84
140 5
71 148
93 76
135 27
131 76
76 5
89 90
36 46
63 8
146 96
122 126
54 95
92 146
136 17
13 120
117 99
150 6
106 52
100 66
129 96
10 51
71 60
126 58
69 76
71 58
94 39
71 46
120 77
131 33
98 64
128 64
63 79
117 94
86 146
27 8
34 96
124 112
125 116
101 52
112 48
146 38
98 17
34 130
121 107
23 16
2 84
72 74
147 131
14 93
130 94
75 113
24 45
139 18
47 76
89 59
75 92
123 131
32 74
68 123
55 130
129 91
25 88
32 115
54 129
37 85
104 59
50 147
141 39
74 113
42 52
104 8
114 93
4 66
116 5
98 15
14 48
149 118
59 76
125 19
144 18
137 115
126 94
23 125
63 144
60 105
103 88
43 84
10 16
75 8
93 127
121 66
82 91
83 73
53 12
94 91
149 127
27 19
69 84
25 83
140 82
132 59
136 98
116 46
93 110
51 41
105 84
81 80
143 17
98 1
147 140
77 17
116 91
42 15
23 47
19 134
140 16
62 49
17 21
10 60
117 28
56 149
128 44
117 93
131 39
59 150
103 90
113 96
54 35
4 116
116 51
70 106
71 110
114 79
93 94
123 113
14 101
81 65
135 90
85 30
149 110
125 96
47 65
7 3
43 95
125 142
19 106
62 110
10 149
2 72
78 19
77 5
133 145
5 90
120 126
7 72
29 149
113 142
87 15
119 60
68 42
51 73
3 139
68 146
148 52
137 90
75 125
107 52
68 75
78 116
89 131
34 56
87 90
102 17
55 87
69 137
34 118
25 113
120 69
150 22
74 107
10 22
148 83
29 82
2 96
28 59
80 24
29 44
77 3
104 90
83 116
101 67
32 96
94 52
27 59
135 121
37 135
7 13
109 62
150 138
80 38
62 41
121 118
128 84
61 8
112 44
16 107
116 139
81 12
95 127
148 110
93 18
110 79
122 19
66 82
81 150
132 77
26 23
23 146
66 106
68 91
23 111
104 95
88 20
106 20
137 18
77 85
16 1
116 114
111 20
98 107
148 116
80 44
53 144
102 21
147 17
55 135
11 91
103 106
10 84
133 122
126 131
7 76
56 111
13 10
59 118
27 150
68 137
19 109
141 90
116 90
41 1
32 113
102 137
120 112
26 97
99 24
66 109
71 124
55 67
93 85
71 85
47 80
25 100
31 3
92 76
50 103
81 109
93 134
74 84
131 36
110 141
116 122
68 62
47 121
43 150
106 18
147 117
130 61
140 97
118 1
14 44
118 111
75 102
141 38
63 70
78 21
42 30
148 88
89 39
28 106
136 32
47 89
75 30
124 121
21 44
69 30
140 67
144 70
52 134
37 77
28 12
133 49
60 3
142 85
144 57
76 85
78 104
117 104
77 80
132 94
11 20
63 38
141 142
13 83
70 88
123 111
147 61
109 12
54 123
144 62
79 15
63 80
34 127
50 33
42 38
27 28
17 142
80 84
146 79
68 85
42 114
43 102
139 118
114 17
118 106
69 3
19 139
29 105
103 76
140 95
53 52
55 1
148 72
104 111
102 117
141 82
60 77
142 96
71 136
99 61
3 150
65 111
32 61
89 106
75 28
78 139
102 115
147 91
81 58
95 84
14 28
133 41
100 89
78 112
35 46
92 144
143 22
28 109
78 83
117 130
136 11
145 1
90 12
81 59
75 100
53 51
4 36
148 58
8 22
40 36
93 6
92 93
52 6
17 1
48 33
80 73
75 59
37 58
14 129
122 150
123 65
80 95
75 34
54 77
48 18
125 72
131 91
77 39
9 83
7 97
36 17
79 105
2 87
119 58
38 127
60 125
86 48
98 5
86 94
124 50
83 89
104 46
14 108
55 61
46 138
83 111
119 107
10 69
26 49
121 138
71 95
28 64
117 44
137 20
53 19
130 91
77 98
89 108
125 67
145 41
81 20
81 22
143 115
29 109
92 30
34 79
58 45
140 30
68 104
98 93
89 85
86 79
112 111
133 121
53 33
103 113
116 74
137 21
29 104
117 122
109 87
50 12
114 72
61 91
72 88
79 21
54 78
72 52
133 130
131 144
15 20
69 39
127 24
126 74
35 137
16 41
149 44
135 86
3 51
14 118
54 50
147 21
49 21
117 1
89 139
137 6
13 16
4 133
80 149
92 118
66 113
121 144
135 118
13 52
25 99
19 94
32 88
16 85
137 110
81 3
99 5
112 107
102 97
118 82
43 28
146 48
149 90
135 97
78 102
91 45
25 117
27 90
119 36
66 57
50 130
98 143
98 114
9 108
102 147
25 141
34 90
50 58
9 109
42 72
137 96
51 18
108 138
42 96
89 52
120 84
31 22
47 33
26 150
116 89
97 51
17 12
50 67
53 84
9 147
133 13
102 89
10 76
68 45
116 127
125 49
135 145
4 115
94 6
31 10
86 118
35 149
121 79
133 73
98 56
125 27
40 33
9 37
121 58
143 97
58 84
144 11
39 127
70 11
58 11
121 82
55 101
128 69
32 108
113 95
87 79
16 106
68 36
54 32
53 145
93 21
38 30
53 48
66 86
40 52
102 84
125 59
136 103
101 18
124 89
128 86
48 15
42 22
43 51
109 11
47 20
99 113
86 61
23 50
149 49
40 16
131 30
128 24
144 90
32 53
41 22
7 103
146 82
121 53
47 83
53 146
81 142
58 104
26 113
31 27
106 6
68 97
109 33
131 65
103 39
71 112
101 99
120 19
27 97
120 21
149 38
68 48
131 5
32 137
124 95
31 138
23 97
13 82
82 115
150 134
136 12
26 63
35 65
108 127
68 116
94 73
102 6
136 67
40 15
71 5
83 104
146 143
133 127
19 65
123 17
136 20
2 89
9 76
3 24
39 1
107 79
123 30
34 58
2 73
68 132
19 38
147 8
86 8
75 42
104 79
148 139
34 19
125 115
89 49
137 107
126 45
72 150
2 111
48 1
52 45
92 21
4 37
43 98
37 91
29 131
68 28
81 57
23 79
58 108
99 8
4 118
100 76
100 10
58 79
119 121
144 6
127 6
117 113
132 84
112 65
99 20
121 69
13 41
122 95
69 104
4 35
35 5
34 141
136 55
32 57
147 45
9 57
42 122
60 72
132 5
54 59
98 51
37 117
43 49
99 16
8 141
121 15
71 105
13 35
133 148
27 62
50 106
47 105
33 115
7 133
14 140
50 45
109 91
23 9
9 137
32 143
10 91
42 108
63 35
124 30
136 146
76 142
146 97
116 58
7 142
122 70
36 105
61 39
83 74
17 51
66 94
9 110
20 73
64 30
7 28
26 137
88 6
107 62
5 8
103 67
48 149
124 76
14 3
147 64
53 130
42 93
99 109
140 57
72 138
143 45
133 102
71 146
86 3
59 11
48 142
145 137
31 98
77 111
133 106
71 91
92 27
35 113
135 143
54 103
31 90
139 79
89 105
16 105
7 5
83 49
122 1
122 84
102 41
109 41
82 88
117 11
96 18
35 147
39 33
63 25
146 17
10 45
36 106
53 58
119 92
92 77
109 51
56 91
107 49
147 83
64 76
60 5
71 107
3 11
60 30
132 101
122 88
2 146
68 52
38 90
26 1
59 18
128 16
100 18
9 22
135 58
31 145
44 91
26 93
25 140
137 118
148 95
62 22
114 18
81 53
81 38
63 112
83 129
143 62
25 34
146 28
7 38
90 18
14 33
47 30
125 34
14 78
69 146
112 38
48 106
51 88
141 20
47 97
9 35
123 87
35 98
40 105
110 88
104 108
129 111
38 41
9 51
3 73
63 22
92 6
78 145
23 24
144 38
63 83
29 145
130 65
137 76
56 21
123 1
4 16
71 140
143 8
13 61
42 123
115 1
56 51
140 3
48 12
57 20
47 82
81 51
4 98
86 130
32 38
63 91
75 90
110 115
135 44
135 89
92 18
31 16
55 140
139 20
57 46
80 20
60 117
114 138
136 102
50 94
67 16
53 111
34 80
56 105
119 41
14 110
65 96
121 140
95 22
63 46
68 135
70 41
48 118
14 60
101 44
112 115
60 150
37 41
11 51
51 33
150 12
29 40
34 97
83 3
25 19
116 134
47 6
92 112
72 84
128 115
88 1
7 85
29 8
62 33
3 112
72 18
48 70
54 121
61 22
50 139
82 84
37 36
120 149
108 105
126 76
54 6
103 72
108 82
43 58
62 12
112 93
143 106
41 82
147 141
37 10
8 127
135 38
109 1
83 17
104 97
137 97
30 24
130 52
123 49
26 70
54 135
128 140
29 84
93 57
78 134
68 133
71 24
99 88
70 94
87 96
41 150
121 141
32 149
63 150
80 72
123 5
140 117
78 58
86 27
13 48
3 84
92 83
129 57
14 88
25 32
43 64
67 28
128 51
89 107
61 88
124 49
147 84
32 86
77 56
75 1
120 86
16 70
43 3
37 19
9 102
41 85
103 137
50 59
112 28
31 122
61 70
121 86
121 93
78 52
8 49
103 16
50 19
130 57
60 94
119 139
60 143
145 30
144 82
63 97
80 107
16 64
126 28
17 6
112 22
63 29
116 95
57 115
117 112
132 136
13 97
38 15
132 18
35 55
29 5
129 115
49 44
16 20
14 121
47 55
69 127
75 120
106 90
80 123
106 24
2 65
116 117
146 130
2 138
107 138
23 86
121 62
25 57
121 150
75 139
34 121
148 142
40 90
71 133
10 55
123 20
52 12
144 41
112 142
124 42
14 16
37 28
78 105
147 97
23 100
123 145
140 17
143 28
25 79
14 139
5 106
123 150
26 41
77 87
58 143
12 82
94 22
146 6
86 39
13 56
42 143
55 144
26 138
9 104
47 131
143 6
105 24
49 115
32 91
69 59
9 121
29 45
31 127
49 30
23 45
147 48
10 39
42 150
10 44
119 97
97 79
75 65
42 127
72 111
109 105
121 131
135 41
28 113
39 85
92 110
133 144
106 45
95 139
133 134
14 115
57 84
3 17
74 48
98 53
87 113
37 112
74 8
81 104
2 57
37 110
14 146
117 95
3 56
60 85
80 40
132 15
104 107
72 134
93 105
103 64
63 129
32 65
13 45
38 6
58 44
35 27
140 61
31 79
5 91
148 127
2 107
133 124
66 145
145 90
47 72
66 73
123 64
26 147
110 24
86 114
43 80
132 81
97 88
144 88
109 94
55 56
27 49
112 113
71 68
136 95
72 70
63 139
35 60
92 15
124 107
124 33
32 60
17 79
43 116
13 21
23 109
43 87
26 64
87 105
116 96
132 21
128 48
113 108
48 108
147 53
145 57
69 18
64 134
4 131
28 137
137 139
81 64
75 86
144 106
119 44
148 147
105 73
54 12
136 60
65 108
52 18
101 58
133 16
89 36
48 8
9 78
104 94
54 3
132 117
123 57
140 118
63 96
147 108
87 73
69 48
82 18
100 98
89 45
102 127
26 62
31 30
30 20
80 101
134 45
42 95
54 52
128 1
123 76
145 108
123 91
13 112
100 122
82 20
123 99
100 24
112 105
130 115
83 86
43 91
103 22
133 94
103 18
106 44
54 104
23 48
132 24
116 97
135 3
10 96
7 92
136 94
140 99
81 2
144 59
64 15
51 5
135 73
93 111
40 49
65 15
67 105
21 82
127 30
28 21
37 122
62 11
13 138
90 1
3 142
99 96
148 108
143 84
63 120
86 109
140 38
4 104
146 27
5 115
5 46
55 57
116 17
35 44
56 33
66 22
10 5
41 24
38 39
50 39
95 134
14 67
40 143
78 61
148 6
25 137
53 141
53 143
100 138
133 60
144 95
54 40
138 18
65 5
113 33
145 64
32 19
120 98
131 85
146 3
83 19
114 73
25 70
21 115
107 111
87 24
58 5
43 15
121 51
129 24
62 45
145 84
119 72
123 73
95 38
118 127
22 115
148 105
77 2
25 106
54 131
135 48
26 90
124 40
39 84
122 49
36 59
36 129
110 118
67 40
31 15
67 52
39 45
135 105
58 113
113 49
15 118
29 74
135 147
149 5
105 138
119 84
112 96
131 112
42 39
146 19
32 48
135 122
101 145
122 56
132 150
78 76
147 24
98 18
68 29
120 80
122 129
10 65
126 82
133 140
140 56
137 45
62 106
34 57
128 114
110 85
1 45
144 107
68 144
60 34
31 107
23 60
121 56
34 29
17 59
34 22
35 21
137 105
69 65
39 46
68 95
133 82
53 39
86 46
29 122
142 90
4 64
63 12
75 29
36 82
37 75
4 63
113 38
29 19
74 106
143 114
32 5
79 150
54 90
64 150
125 89
10 41
50 17
67 70
12 18
87 134
35 134
67 112
58 150
9 77
89 22
107 33
149 115
137 24
67 111
109 15
58 24
47 14
25 74
135 114
92 61
139 6
60 53
130 149
146 18
29 3
25 135
131 20
86 138
104 20
135 125
65 51
38 134
10 70
61 87
36 70
68 73
116 143
89 95
42 40
41 12
120 142
66 59
71 48
16 8
10 86
103 127
97 85
136 52
7 9
19 95
59 108
126 138
140 89
102 20
35 87
66 79
23 95
81 146
120 66
2 19
89 67
31 57
77 141
65 30
128 32
10 62
130 104
81 76
102 74
2 15
76 88
94 33
117 149
34 140
132 99
86 5
70 22
66 36
92 80
42 140
71 51
121 40
136 104
119 17
143 142
147 73
4 101
38 105
97 45
50 32
120 143
125 12
125 17
95 21
104 142
90 24
112 46
113 105
32 145
97 39
14 124
119 116
140 40
113 73
98 134
71 52
40 38
32 27
54 107
23 141
42 53
9 107
80 114
46 12
136 96
28 65
78 57
17 105
132 62
114 141
139 96
68 96
66 139
27 134
8 85
88 85
107 95
87 70
7 114
63 100
36 6
29 12
54 94
78 108
34 77
114 28
87 106
116 142
117 12
58 62
145 73
128 107
128 52
122 5
70 76
78 2
23 55
117 97
48 56
136 111
112 134
40 127
78 88
133 92
63 126
2 127
128 13
43 6
147 130
135 76
80 22
111 85
121 57
137 15
23 131
123 141
89 5
119 39
26 35
37 124
77 97
27 24
10 123
144 113
61 108
93 36
77 49
104 149
120 130
123 130
113 82
135 146
4 85
101 142
22 106
143 105
124 103
136 115
4 149
117 107
78 28
122 18
46 91
83 103
64 5
14 148
132 52
40 88
2 46
124 149
77 109
92 12
36 49
69 94
58 20
26 25
68 108
37 25
17 149
4 56
29 127
130 59
55 85
8 41
23 147
75 145
98 141
31 60
144 84
81 36
124 141
31 84
149 51
108 141
4 5
76 21
115 30
102 130
16 94
23 139
37 111
133 108
77 11
123 144
100 121
60 39
78 8
27 52
69 88
117 21
125 81
35 123
125 6
60 87
146 149
148 135
91 105
60 80
89 84
130 96
62 46
75 148
68 130
49 45
145 111
72 106
7 123
50 57
103 8
25 112
42 91
142 33
62 91
122 57
120 109
150 141
149 97
113 24
135 84
23 17
100 84
149 111
55 142
119 94
129 41
103 116
124 123
48 36
132 12
57 88
120 11
131 142
48 22
74 51
43 70
50 11
21 88
83 84
80 19
22 88
128 124
5 12
81 46
7 16
67 33
98 6
79 49
69 57
14 131
71 129
109 149
123 134
148 81
14 138
89 8
26 66
110 129
43 31
66 1
100 124
92 29
110 111
131 49
102 24
83 21
147 12
71 125
133 142
53 105
125 8
145 62
121 117
72 85
32 93
28 87
117 101
5 141
4 94
135 141
10 42
92 129
130 16
141 6
7 132
27 96
5 52
119 3
67 51
4 31
31 149
101 28
116 94
116 107
27 109
59 41
16 149
86 97
87 118
102 73
70 96
15 88
33 73
75 87
135 17
10 87
124 111
74 82
132 19
119 5
89 97
126 85
146 88
63 82
102 27
146 8
9 99
54 106
43 20
140 84
133 78
104 127
17 39
116 149
133 109
3 109
14 130
75 80
119 126
133 22
98 126
89 70
126 8
68 8
140 116
147 29
7 58
58 64
47 81
136 72
114 88
47 28
146 46
26 32
27 18
83 122
50 51
148 25
4 99
7 73
50 90
3 15
55 114
26 136
83 64
25 89
29 57
26 29
54 10
76 82
67 61
78 99
60 106
16 111
120 118
55 69
90 20
28 48
29 139
68 15
75 89
148 46
47 77
89 129
84 1
3 89
132 108
97 21
103 126
98 115
100 39
75 110
128 58
126 104
86 91
49 52
81 107
100 27
67 76
19 44
94 15
68 145
67 129
68 94
87 62
145 27
113 90
43 38
149 8
32 146
31 81
103 91
7 2
148 38
49 106
99 38
124 82
87 18
86 127
68 33
35 138
72 20
19 108
107 97
42 115
33 6
136 27
117 141
136 65
87 95
120 111
77 29
4 25
124 12
31 45
131 52
23 118
75 55
87 6
8 129
148 123
74 73
102 65
89 114
53 28
9 100
47 11
147 66
135 110
144 36
86 64
13 74
71 34
133 76
33 1
124 2
121 88
61 127
66 114
7 39
143 24
39 88
92 116
34 123
5 22
125 3
98 85
102 28
59 141
125 46
102 90
125 140
7 40
146 87
143 85
104 24
47 78
125 5
18 1
59 52
13 121
135 139
68 124
31 148
77 117
13 127
35 81
77 126
9 123
83 67
32 89
135 93
63 84
11 111
43 92
4 75
42 20
107 21
132 114
83 140
102 101
111 105
117 19
50 149
104 39
53 131
114 19
80 88
52 24
125 73
112 49
137 73
23 122
3 19
7 12
137 36
131 72
16 90
146 57
2 64
74 11
130 51
93 46
32 94
109 115
101 45
67 36
104 65
59 12
77 140
109 65
128 147
113 6
43 122
9 131
9 58
61 138
31 93
92 34
14 134
112 141
53 82
98 84
42 110
2 69
65 20
50 1
94 105
79 138
145 131
37 46
53 97
50 74
117 108
100 123
37 11
83 72
97 111
78 137
120 129
94 30
136 79
78 117
122 96
133 29
119 138
147 3
87 76
27 1
122 130
26 16
75 114
142 115
86 57
5 150
43 74
66 87
146 115
92 82
142 111
23 91
99 22
133 79
53 101
65 141
100 94
148 65
108 1
123 139
81 139
128 110
68 88
102 60
40 20
110 22
126 110
54 132
92 125
77 38
132 47
71 139
86 36
4 45
48 20
25 35
133 74
111 12
22 84
116 105
137 106
37 33
50 56
43 86
72 11
122 65
77 52
95 88
146 36
58 88
43 114
94 11
74 27
32 120
76 134
2 52
75 79
78 29
109 8
43 90
9 80
34 112
102 50
75 15
46 85
77 94
13 65
120 57
103 24
17 106
137 19
136 70
123 85
3 57
35 62
74 49
47 138
23 40
135 126
75 39
66 95
126 149
63 51
101 106
91 20
61 46
35 39
86 59
71 141
28 107
119 148
92 48
113 44
32 141
132 131
47 85
119 95
42 57
114 44
58 16
86 38
98 3
150 106
121 106
14 87
123 97
115 73
98 59
135 101
117 150
104 91
143 93
100 19
28 95
126 1
31 126
75 53
36 18
102 88
98 38
46 30
74 150
77 145
11 44
103 21
78 97
98 80
2 20
124 22
101 38
131 111
89 20
130 19
7 27
108 51
4 70
71 144
74 93
37 24
130 38
81 84
147 146
94 12
61 96
35 42
96 111
93 108
136 120
146 114
71 54
132 13
28 5
42 45
100 46
37 63
146 67
21 33
81 144
89 111
119 73
34 40
47 25
55 138
137 17
93 113
132 92
123 94
35 86
61 18
144 46
46 84
27 131
8 106
116 65
60 137
81 123
116 41
37 82
133 104
140 44
10 120
55 15
54 96
149 41
4 100
93 56
56 59
68 139
66 150
13 107
149 20
26 33
8 51
25 131
114 41
63 41
63 118
100 139
63 39
11 12
60 116
110 76
60 59
61 24
55 72
23 34
87 51
56 73
135 53
113 18
120 105
114 62
140 65
63 75
43 126
91 6
7 146
123 142
124 51
16 110
58 106
13 123
92 32
29 21
42 18
108 106
66 88
53 30
82 46
122 27
14 59
107 6
71 42
66 5
66 69
19 45
92 134
43 118
31 56
29 93
59 90
47 41
80 106
66 127
27 22
120 22
140 105
35 126
14 81
19 105
36 96
147 81
93 45
4 29
59 1
10 89
98 8
133 63
140 27
109 49
139 39
145 58
14 11
104 76
7 130
110 70
19 15
80 41
120 5
42 134
132 33
43 5
123 112
5 30
63 30
6 44
100 110
55 125
109 22
71 20
54 2
107 18
75 22
131 137
26 48
98 36
50 123
120 127
67 15
53 41
146 39
81 122
31 2
50 41
47 108
114 20
2 141
11 33
81 74
10 85
37 29
89 117
23 54
124 34
107 118
54 99
113 139
94 129
22 127
23 64
92 1
62 142
126 127
110 97
42 62
58 117
34 111
3 1
135 30
17 65
61 15
146 73
38 46
7 32
23 130
113 106
13 99
66 45
100 86
116 3
146 144
26 143
55 88
35 97
75 19
29 27
120 115
25 129
146 21
25 51
133 99
9 150
93 65
99 129
50 140
81 129
23 144
116 48
21 134
81 103
67 104
80 52
54 146
57 73
70 73
41 6
55 60
27 149
128 28
68 27
92 46
98 142
135 10
133 113
112 137
6 20
10 144
86 106
17 97
61 113
7 106
60 127
35 144
43 120
9 59
104 109
29 99
61 64
59 15
69 134
126 141
130 90
86 22
97 52
66 84
135 60
10 66
93 59
35 93
75 51
140 73
106 12
21 41
67 91
121 84
13 18
61 11
54 149
53 106
108 76
136 142
17 30
39 52
74 18
114 6
148 17
84 6
23 12
123 52
66 111
119 61
68 53
32 44
28 18
112 16
23 59
53 104
143 16
41 30
66 101
124 90
121 46
57 91
120 141
129 82
74 59
57 134
68 143
25 96
110 39
143 134
113 5
31 116
116 64
136 54
35 127
74 90
74 36
83 93
66 29
49 118
120 40
130 107
37 143
144 56
99 62
119 19
48 129
104 6
98 22
100 142
122 44
81 89
47 126
13 144
19 48
132 75
107 36
35 146
135 32
103 73
103 111
72 112
72 33
40 1
133 85
58 65
60 57
77 62
2 44
112 30
99 107
9 14
48 150
114 91
33 46
13 113
50 8
22 21
135 42
51 96
56 141
148 115
3 91
4 34
53 56
100 145
68 21
130 134
57 18
113 115
136 9
144 110
32 33
22 96
124 41
86 6
10 53
108 18
71 90
140 144
117 79
114 115
110 108
13 20
75 130
118 22
124 127
43 45
92 79
35 135
25 139
50 24
74 141
34 122
25 10
110 82
92 70
63 143
67 97
61 73
81 28
26 57
72 143
31 67
92 58
90 138
26 8
83 28
92 111
51 142
25 82
102 2
54 33
50 114
133 14
133 131
119 85
143 74
91 30
24 18
100 126
68 77
114 85
33 105
89 17
70 49
147 105
126 143
12 73
26 74
137 8
47 129
83 29
139 94
31 49
103 79
130 131
78 65
48 45
28 76
43 140
41 73
145 79
56 82
78 150
145 6
130 1
69 110
33 57
68 78
23 116
56 118
101 138
63 54
100 58
66 24
67 142
145 59
71 14
37 74
96 73
142 73
19 142
101 94
54 56
37 115
114 64
120 116
51 115
43 100
98 79
64 45
147 56
63 145
44 24
97 33
37 30
109 97
93 1
121 146
36 139
5 127
16 5
148 77
28 108
113 11
67 48
112 61
80 113
149 73
89 127
131 88
47 93
94 106
102 10
14 94
39 90
100 40
4 81
86 117
143 44
104 137
148 15
93 129
37 98
89 87
123 2
101 56
119 120
150 88
142 91
17 44
133 103
19 84
139 51
103 52
54 28
37 140
80 103
98 48
120 88
64 11
144 22
69 118
70 24
71 53
31 40
7 6
41 111
99 49
150 30
11 79
128 53
23 21
141 138
125 80
35 34
49 24
99 130
102 104
62 88
14 145
56 84
122 41
17 138
133 5
71 130
128 127
149 57
70 150
55 27
37 118
115 24
27 87
7 86
143 110
136 86
147 36
72 107
67 88
126 3
28 91
47 40
145 24
119 137
27 105
136 135
132 27
115 90
13 142
66 38
133 83
120 101
118 57
78 5
81 143
9 36
147 41
147 70
19 85
94 150
79 57
54 4
9 29
135 138
100 114
51 76
78 13
115 134
98 62
66 105
43 97
50 127
112 73
27 129
55 134
145 20
100 29
2 39
50 44
10 64
136 110
144 17
11 39
148 114
95 82
32 20
128 90
42 99
126 21
76 33
58 8
14 141
61 49
64 85
69 64
5 118
97 106
51 30
30 73
51 138
110 52
100 91
32 8
125 15
40 57
11 45
63 121
23 51
139 11
23 108
135 22
94 21
71 16
68 65
90 134
118 45
127 84
19 20
140 22
50 38
13 28
54 76
98 82
103 85
35 118
23 69
135 83
3 137
23 62
126 56
148 5
4 95
102 62
54 75
150 45
100 137
98 146
96 21
117 46
25 84
94 115
74 115
107 24
14 85
50 109
9 84
4 145
128 126
65 97
142 134
103 118
8 52
128 121
51 82
129 76
119 134
68 64
63 45
54 87
62 96
54 112
55 91
125 20
117 142
29 85
123 41
67 58
71 117
10 81
49 150
75 118
13 49
69 85
113 94
106 96
26 38
54 24
109 39
69 112
68 81
65 8
26 67
26 14
71 94
59 142
19 127
66 64
122 33
25 44
60 1
102 58
63 19
140 52
79 142
140 24
80 61
29 114
66 89
50 112
102 114
92 127
109 82
84 91
119 135
43 83
72 73
29 107
23 27
9 13
56 46
124 146
92 60
37 6
29 67
96 44
55 6
4 13
74 20
41 84
67 145
54 115
92 91
148 107
60 61
118 44
67 21
43 77
136 117
31 62
29 65
16 115
136 78
140 149
47 114
54 65
132 35
50 40
138 85
25 93
55 36
137 51
43 145
13 33
7 54
34 15
119 43
80 144
125 83
123 69
143 144
76 118
130 79
54 51
145 72
25 41
61 36
132 125
120 51
148 87
140 1
86 115
17 88
7 136
72 94
43 22
4 69
148 125
49 88
124 70
130 142
37 102
114 16
36 38
28 139
140 79
145 109
26 124
68 56
38 88
102 69
140 8
4 90
3 104
117 16
3 12
75 11
23 10
100 115
7 83
9 33
55 12
13 109
66 15
74 114
124 6
92 33
72 30
126 48
132 87
14 46
97 38
60 112
8 44
43 30
75 20
26 92
136 49
23 104
82 30
77 84
145 19
81 48
68 10
144 52
119 50
60 110
43 148
133 136
148 124
142 57
102 85
7 78
46 45
95 85
116 21
89 24
92 88
148 45
146 62
144 149
36 8
121 104
66 56
40 39
79 38
7 81
107 11
25 94
13 139
92 74
43 138
137 82
68 25
14 50
104 49
115 18
136 144
53 113
68 17
136 48
36 62
35 48
112 79
81 87
38 44
29 70
132 102
122 94
93 11
124 140
101 122
145 45
125 69
136 150
26 122
136 37
78 44
99 82
28 150
86 110
19 70
43 129
132 10
40 27
58 72
89 12
42 79
74 142
124 135
84 30
69 36
72 21
23 96
92 41
29 59
112 1
17 139
138 45
146 111
71 38
101 130
37 81
101 62
125 21
28 11
37 8
81 93
144 114
93 79
114 137
112 17
75 123
140 134
145 115
71 30
59 82
135 108
