InstanceID
7_200_4
NumObjects
200
NumFactors
4
Weights
81.24385822007527
65.49774646337252
48.96133803478428
7.875953556887483
58.15906311251917
25.805333157677303
19.64649019558198
19.392536240567605
84.29510710331931
66.19303282513103
40.13518161037963
63.59044269989988
48.83636546924342
98.6985622113955
45.92306948614839
79.23560381723036
38.14143485237391
72.28732924471907
73.80915162156754
74.50442509510245
33.438342217325356
1.2122539899107165
73.47466497855586
80.40222425985333
75.9540016305056
6.486169314089607
28.779459400092232
26.075409337816268
26.812754456766584
23.983200203808643
98.31045491229624
18.976665278178206
67.21467520300546
28.922693449038416
44.10718068472461
96.43324156758403
67.16894142832939
76.21546430337038
69.60890021481822
14.52220154560042
70.86634520953979
6.051726649515299
90.55911220822284
91.76458993797551
11.32209653078069
33.34420192893867
56.25464419856765
6.550179513679866
38.694373863025945
98.10415016218734
70.23633859454507
45.20577025698702
49.46188873496724
85.24452694601048
62.7239383069959
21.130423746783155
88.86461124980845
34.38796968409752
88.64711048516001
92.11901592860163
12.71641014127647
85.93491012500785
30.62661537416156
75.28287768944497
48.292849238071845
58.37856146283058
33.57597967196262
75.95377756396593
45.11861783881728
18.03269784580688
14.074628587484117
38.561053453057866
71.54071623136798
12.023289092182221
59.733465019021324
4.8732888500185645
2.379618494797664
94.5322514589955
86.1029925795926
48.39318888342889
56.712747456103216
96.60234397622737
80.02338354480858
86.42532927945288
48.58659332037525
46.47208077762856
39.39496910624509
30.791898395901796
8.426934036598244
35.24062343461163
84.17169580046331
18.74671095456668
49.40739926133546
44.828359467938704
50.38905049953091
5.700582930977838
99.06982705967276
91.06467932917272
50.55955820521096
24.563797031692026
34.5824786470873
92.60768785993218
90.79809945302834
72.98201340452697
60.82640564979893
93.6785495794042
11.753091942199024
31.606372205644263
59.814063737204194
83.25865163430836
91.7523449791198
57.40965400151046
73.98345793298513
16.469721378774913
47.664733455866816
93.65263164006019
58.135619070114885
39.306407443664824
84.02333504366439
47.64372899603935
24.2685938543276
95.69995465436305
77.00984042260556
41.8451768803076
6.100034886040451
99.52945390202426
40.174644922106026
19.372232681000412
88.08385999991573
18.552010674303567
55.306556699951635
3.1507291249253777
0.5995937763022541
33.848551421713616
52.097745514305906
31.587160173448847
8.478041232264921
45.05615693585943
51.12015065802365
43.45725029482268
98.38366320616316
8.45702295703119
50.70347227851262
60.92119739357826
87.5332018726969
43.76987972028643
58.869004797199494
33.9747547563596
57.906389991238896
72.51230819369148
16.914932149203278
63.672446306685224
68.16471688507913
86.3893362572662
11.417491297183924
3.182206758414896
80.35135080397104
97.63223381581074
76.40092477352822
29.138939766246462
74.23110668447077
70.11017756693099
81.77108194226138
21.355049726408716
20.00952166136902
38.62952355580298
69.74815915256222
57.23209725192875
90.62127433216716
42.54463901808734
63.725807374185386
66.12625133119168
58.32111540774794
59.297202781933
58.850556003307375
82.88718954422549
64.96813629425664
9.684740613705124
99.92886951918523
32.25202309420021
9.295397540255257
15.621393191158916
79.91651091578657
54.01283186999451
9.787281696596262
55.69988482988259
84.9762804957528
88.28081131231104
21.542910741685304
89.67276293374813
87.09631080075
27.051897247256584
92.70855134089804
46.55211080717565
87.22140366586433
3.7267436386188013
1.7718389380797062
19.812399671715
23.43276793651654
68.77995721757593
Budget
5244.003560695543
Profits
-16.248771644015054
-13.099549292674505
-9.792267606956857
-1.5751907113774966
-11.631812622503833
-5.16106663153546
-3.9292980391163956
-3.8785072481135208
-16.85902142066386
-13.238606565026206
-8.027036322075926
-12.718088539979977
-9.767273093848683
-19.7397124422791
-9.184613897229678
-15.847120763446071
-7.628286970474782
-14.457465848943816
-14.761830324313507
-14.900885019020489
-6.687668443465071
-0.2424507979821433
-14.694932995711174
-16.080444851970665
-15.19080032610112
-1.2972338628179214
-5.755891880018447
-5.215081867563254
-5.362550891353317
-4.796640040761728
-19.662090982459247
-3.7953330556356413
-13.44293504060109
-5.784538689807683
-8.821436136944921
-19.286648313516807
-13.433788285665878
-15.243092860674077
-13.921780042963643
-2.9044403091200843
-14.173269041907957
-1.2103453299030598
-18.11182244164457
-18.352917987595102
-2.264419306156138
-6.6688403857877345
-11.250928839713529
-1.3100359027359731
-7.738874772605189
-19.620830032437468
-14.047267718909016
-9.041154051397404
-9.892377746993448
-17.048905389202098
-12.54478766139918
-4.226084749356631
-17.772922249961688
-6.877593936819504
-17.729422097032003
-18.423803185720324
-2.5432820282552937
-17.18698202500157
-6.125323074832312
-15.056575537888994
-9.65856984761437
-11.675712292566116
-6.715195934392524
-15.190755512793185
-9.023723567763456
-3.606539569161376
-2.8149257174968234
-7.712210690611573
-14.308143246273596
-2.404657818436444
-11.946693003804265
-0.9746577700037129
-0.4759236989595328
-18.9064502917991
-17.220598515918518
-9.678637776685779
-11.342549491220643
-19.320468795245475
-16.004676708961718
-17.285065855890576
-9.71731866407505
-9.294416155525713
-7.8789938212490185
-6.158379679180359
-1.6853868073196487
-7.048124686922326
-16.83433916009266
-3.749342190913336
-9.881479852267093
-8.965671893587741
-10.077810099906182
-1.1401165861955675
-19.813965411934554
-18.212935865834545
-10.111911641042193
-4.912759406338405
-6.91649572941746
-18.521537571986435
-18.15961989060567
-14.596402680905394
-12.165281129959785
-18.73570991588084
-2.3506183884398046
-6.321274441128852
-11.96281274744084
-16.651730326861674
-18.35046899582396
-11.481930800302091
-14.796691586597026
-3.2939442757549826
-9.532946691173363
-18.73052632801204
-11.627123814022976
-7.861281488732965
-16.804667008732878
-9.52874579920787
-4.8537187708655205
-19.13999093087261
-15.401968084521112
-8.36903537606152
-1.2200069772080901
-19.905890780404853
-8.034928984421205
-3.8744465362000824
-17.616771999983147
-3.7104021348607135
-11.061311339990327
-0.6301458249850755
-0.11991875526045082
-6.7697102843427235
-10.41954910286118
-6.317432034689769
-1.6956082464529842
-9.011231387171886
-10.22403013160473
-8.691450058964536
-19.676732641232633
-1.6914045914062381
-10.140694455702524
-12.184239478715652
-17.50664037453938
-8.753975944057286
-11.7738009594399
-6.79495095127192
-11.58127799824778
-14.502461638738296
-3.3829864298406553
-12.734489261337044
-13.632943377015826
-17.277867251453237
-2.2834982594367847
-0.6364413516829792
-16.07027016079421
-19.52644676316215
-15.280184954705643
-5.827787953249293
-14.846221336894155
-14.022035513386196
-16.354216388452276
-4.271009945281743
-4.001904332273805
-7.725904711160597
-13.949631830512445
-11.44641945038575
-18.124254866433432
-8.508927803617468
-12.745161474837078
-13.225250266238337
-11.664223081549588
-11.8594405563866
-11.770111200661475
-16.5774379088451
-12.993627258851328
-1.9369481227410248
-19.985773903837046
-6.450404618840042
-1.8590795080510514
-3.1242786382317833
-15.983302183157315
-10.802566373998902
-1.9574563393192523
-11.139976965976519
-16.99525609915056
-17.65616226246221
-4.308582148337061
-17.934552586749625
-17.41926216015
-5.410379449451317
-18.541710268179607
-9.310422161435131
-17.444280733172867
-0.7453487277237603
-0.35436778761594123
-3.962479934343
-4.686553587303308
-13.755991443515185
FactorLoading
-0.3094594879357593	-0.3430681287017874	0.046593742020652584	-0.30087864134180076
-0.2955658882345962	-0.002154258418955335	-0.4075542446934415	-0.294725608653007
0.025254888925566155	-0.06550314577205718	-0.37895711776316054	-0.5302848475392161
0.5347201323159647	0.4194524109010882	0.005625118924858841	0.040202337858088244
-0.39654713142062725	-0.3941661214020389	-0.1508870311978694	-0.05839971597946447
0.20096348091495342	0.0391310620569838	-0.13486554293876996	0.6250399140892928
0.32442427367225335	0.5748036114859774	0.023598794669597023	0.07717332017217227
0.4119454845746442	-0.04672549845755469	-0.49735427158850665	0.043974745379294466
0.28252865437739105	-0.3460459585437581	0.19240353193338477	-0.1790218551454661
0.551927525509234	0.1005983167023694	0.2229323783655517	-0.12454177942284494
-0.14571775794576802	-0.5520407887528289	0.11146839867723446	-0.1907730546241686
-0.05863056948107248	0.378415403417526	0.5114668300690524	0.05148719703234916
-0.34897670444061646	-0.511510216667092	0.04939464281809913	-0.09011843607419245
0.11766946303003634	-0.5315766177977306	0.08551263456328839	0.2652412846089447
0.06572067469491794	0.28055735895525813	-0.0662536333007151	-0.5874683330491088
-0.09762285656839809	0.2610490960816989	-0.58197108691234	0.059356960437563
-0.11782109566104815	0.5523563103191838	-0.2816091166723451	0.048213477347422984
-0.6485227047857747	0.01061653605046442	-0.14159245325630154	0.19926830590745936
-0.1790896497789085	0.29127296135856207	-0.2424839677953612	-0.28715342106716824
0.7785691901660936	-0.02327697153966124	0.10244455335519587	0.09570928493904929
0.09046893691585467	0.012945040614592562	-0.8222900480142981	-0.07429597445525471
-0.141642497027618	0.19888341257603792	0.008127555351514992	-0.6513465350448291
-0.23826474356044192	0.38831662458720295	-0.2510718683966129	0.12234676345574225
0.015458761177725266	0.5272423024179156	0.3694379062378712	0.08786103016648794
-0.047285393567239487	-0.42947930208740304	0.29360775690681873	-0.22962754743853875
-0.41629105097872743	-0.1401840000911605	-0.024576710364151655	-0.4189482385659604
0.06883818998582258	-0.05304557506539642	0.20562653760911265	-0.6724896973396683
0.43934103266723334	-0.12122199949252899	-0.19913178236252715	-0.24030518547771051
0.41978542830651433	0.3716492404298455	-0.11311203763462307	-0.09545329362901711
-0.18733426087245753	-0.38612217023058304	-0.19030789268512183	0.2362356762118376
0.7332796142131353	-0.17453746896475897	-0.03628939074697324	-0.05589352607513254
-0.03700158614365612	0.363506679737412	0.060202865262130256	-0.5392888688568016
-0.12224044704052028	0.1360245293307778	-0.6587279801991452	-0.08300704342955667
0.0286250266949597	0.6836590375012546	0.24929623926647326	-0.038419696537312475
0.13960865309460235	-0.4325199416083565	-0.3391889139012283	-0.08868249139581286
-0.02170245065747367	-0.11283172708581679	0.14534155924058556	0.720124263016124
0.3317392722721406	0.010241911304059936	0.28209346891652154	-0.3759253475072779
0.27704609061367536	0.5029731108251101	-0.18098268341081813	-0.03899811515039642
-0.16742226144603967	0.4799959972042869	0.019552868233842613	-0.33302887311583085
-0.12785491811323713	-0.3249717377162016	-0.0253680313349276	0.5218053128356337
0.4341549286923754	-0.430079926514948	-0.08396623151146865	0.051798913281208
0.6880039045768458	0.05876407850458065	0.14629683564979024	-0.10693518126878332
-0.32240357498463235	-0.5709210392977295	0.05811928245948428	-0.04855610325815385
-0.2615385082678445	-0.04699539898713634	0.6137262266986172	-0.07773986604640193
-0.4593397608648542	-0.11013686501736997	-0.2354110093056212	0.19511236481215466
0.07478209480975395	-0.21502289694225674	-0.476769594076089	-0.23342541417190033
-0.44622756052710155	0.10713043207479234	-0.22141391435633162	0.2252280930417745
-0.33625383295797096	0.3300608903827267	-0.3302203947603344	-0.0034648818989679864
-0.033427936861499585	-0.3731055263861547	-0.398289523752285	-0.19517701300006074
-0.1394940911426923	-0.5171188096668096	-0.15657673849728715	0.186810360693211
0.19690619950674138	0.05199537837087864	0.22118337163480106	0.5299150504875789
-0.46312755528502003	0.056737755375961374	-0.37775213528967977	-0.10238255404933883
0.34881390422528025	-0.3544681347638736	-0.25290237291240625	-0.043815588098439884
-0.6263289636208662	0.07624308635638144	-0.19259654553941408	-0.10483140448333828
0.29922089228651383	-0.3010328215268161	0.08404715959285003	-0.31569912659382005
-0.09694015839169579	0.21740720358590648	-0.5791591674621015	-0.10649347056029623
0.12646407760323863	0.8260929550114038	-0.006837734700876785	0.040605232684480796
0.04537422472997088	0.35140689132614633	-0.20074019796906972	-0.40247868597481307
-0.6329247261517106	-0.051535695310364726	-0.03385023430036993	-0.28168934423755476
0.28911255624188503	0.09662883225368102	-0.5635244315707146	-0.050734179933719314
0.0845327721775273	-0.012687839621735364	-0.5442884974930222	0.3584908907077151
0.4751031537708583	-0.1647410838210841	-0.1497363738267894	0.21041938858126819
0.4977628822824973	0.021756398169479274	-0.05409834900365662	-0.4263823705443668
0.057796044813090974	0.7844992301329274	0.13286466987735612	0.024840055176625464
0.3548317378306427	0.3000715193608181	-0.045349094226013076	-0.2997476485825261
0.36934856517149983	-0.27992970762670866	-0.08340650744381128	-0.2673152197579802
0.39973774132641604	0.17761031252788828	0.18556228100391703	-0.23708966514177865
-0.05978673386768296	0.32217110413683203	-0.18673739706643455	0.43130476492905045
0.014807940221295057	-0.8056855550191739	-0.08215755213481946	-0.09734895262471155
-0.437956224337938	0.17061875683211203	0.3474916832677657	0.04393333556218426
-0.24416986959690568	0.15493817411552357	-0.10012849245355504	-0.5007634638340157
-0.20880147613216016	0.6882769467588157	0.022152758574173648	-0.08076881853485052
-0.4407125101961491	0.10526652098082834	0.42444395117046896	-0.029577017652553605
-0.6534764620312437	0.21323725769684443	-0.005868728411943636	0.12741755185996828
-0.1384220579573998	0.04248314779261353	-0.3983224060835706	-0.42077238816641604
-0.5357493260292647	0.018287856748919973	-0.2608902897291059	-0.18507252749270942
0.11296470056607655	0.09386421790457034	-0.21012721378610966	-0.5830438677432435
0.38622595285512795	-0.4930398883182605	0.10512983019467415	0.015604328631937392
-0.21989743739386802	-0.04610280318457738	0.3460609667428758	0.3879387926786788
-0.16802878012193734	0.13114526376454894	0.2601891648037462	0.4406367913097675
0.1953002737030689	0.024955622156781487	-0.10102029430766502	-0.6787238098324846
0.20132537575127674	-0.21643358638371613	0.06175890451770849	0.5204821333472986
-0.10901440608195534	-0.062040148345454904	0.828098476714066	-0.0008469688585237556
-0.09986435137659488	0.024832473461623428	0.7376597384313694	-0.13764343673041224
-0.0738465397674044	-0.5412967419690442	0.35656702184783606	-0.028289696415715326
-0.16098139710357784	0.06130711602744743	0.06567832629263526	-0.7120331605763395
0.5507446856886264	-0.05531257707928772	-0.08257680345125484	-0.311365933780831
0.25145448658620273	-0.21486549525301712	0.25135675003708235	-0.2823232681236978
0.23016989201955584	0.4085654410178623	-0.31028501442325407	-0.05097965253932779
0.04468676493425061	-0.027325670441844307	0.621800216867332	-0.3061873477565731
0.4885263495316847	0.27299720547083184	0.018404343146109836	-0.2200721018513736
-0.27204258139146464	-0.14314196340400653	-0.4418368106776098	-0.142978644526919
0.30659173907975856	0.15295003646388539	0.5106830888415568	-0.029775135614799275
-0.14867787052729375	-0.07190266729557293	0.38206319093923047	-0.39735627123790285
0.05578121077582576	0.1827825733563968	-0.0476836947003878	-0.7137525211673896
-0.579801646530679	-0.14035146274659138	-0.015036539791783543	-0.26481035093094607
0.14843376214880744	0.34069553711453615	-0.23202387258030832	0.2788468281563481
0.24018689848661823	-0.2849085168557588	0.340600504076523	0.1343040805811
-0.6775284647411572	-0.01278519869670025	-0.13840365431920287	-0.17128268224293963
0.16112849682937225	-0.2573652382160989	0.1538417472289284	0.42766451772560043
0.44950931719663934	0.049279383613121786	0.021255031898116616	-0.47995626729212226
-0.07294521822518152	0.2314106920430017	0.49238841241275333	-0.20325567731906347
0.13105407577241635	0.06299540348358712	-0.5222073611380693	0.2837431596059272
-0.49110328967147776	-0.20670347769747321	0.02513187159471242	-0.2770613610363366
0.4768029430079961	-0.29310794307471366	0.2000764267996784	-0.030012687117611847
0.24677535842764864	-0.0313812004551941	-0.7058919271772615	0.0159515139398958
0.07852113712469899	-0.3538147533328093	0.42015987944901445	-0.14750423009347724
0.09251534000244765	0.1510071054873876	0.4635401546864648	0.29293739982369993
-0.1309098626123022	-0.1434798865037188	-0.46542571890546847	0.26018453197851055
0.5735597959019312	0.08040427516134852	-0.2564854244478143	0.089550504488906
-0.07040104333284614	-0.17725687856005812	-0.09028685131928627	0.6620552267878095
0.2371399945723729	-0.29549008980353886	0.34585800211972817	-0.12151191350436008
0.2627371149995297	-0.055145479697878086	-0.048026739989446954	0.6340906653131453
0.24521470115601818	0.25003405065165185	0.2782775070214081	-0.2264737411709219
0.15516012232613163	-0.7235711910996938	-0.0783393687725622	-0.042929317801612354
0.3370753412492413	-0.30392343316638115	0.15251828243130583	0.2064829431530717
-0.20252719045076462	0.16118687427967582	0.09778622670160031	-0.5384997085679593
0.11395221159154567	-0.3664408530583061	0.44467249133647346	-0.07493444401367477
0.10731913961827177	0.5833797003773826	0.2189072401037948	0.09039391990055079
0.3653869819016946	-0.0007553369134511989	-0.09121006061923431	-0.5426476205656199
-0.5675393367231947	0.18556227122397617	0.20163754157236946	0.04526085048045969
0.30039823664980925	-0.1534630834700177	0.4853967717759611	-0.060741908104211983
-0.04237108113580734	0.3970305764780868	0.397712670029984	-0.16288567235612184
0.04972908581805435	0.2303975864270642	0.38578076427295716	-0.3340925634819243
0.33939791778812567	0.05378897846944852	0.12042329123205597	-0.48638981251036983
0.20041592131742236	0.06763715796921654	-0.48290551840427787	0.24904140230908323
-0.05729023245346632	-0.19374370495474502	0.47697840710220474	0.2719876554895839
0.2703618582199696	0.17705217582328725	0.20532037715979023	-0.3472655887969529
0.2430537646968136	0.4911754327896791	-0.13396005339999761	-0.13181074911350965
-0.5935510869523195	-0.10303960737462647	-0.20614579111142128	0.09726351456163274
-0.33552150275144954	0.03604193431705616	-0.6043977836445866	-0.024038779286907674
-0.2760234565180688	0.15505702685042233	0.1991333553044945	0.36978616132701436
-0.05033172163804345	-0.3519675395391517	-0.027942101499258243	0.5697586373235466
0.13890864016297622	0.1462021524551016	0.13916311095175793	-0.5757260964301643
-0.004496533906221956	0.08067310436115238	0.5283846827246736	0.386445679007952
0.3423971327543156	0.20255570611572926	0.06626414610877918	-0.38878301502117596
-0.0888161226341484	0.3818118979510423	-0.44141258117384674	-0.08795939824096255
-0.04233922712733751	-0.21993784923111792	0.05829928701627063	0.6794236366252739
0.29834098448008084	-0.13399413724151032	-0.11609033687032633	0.4515745414080825
0.1439885724651493	-0.018027983696271344	0.24225403964431047	0.5957294041942689
-0.5101938497049254	0.047206493959566	0.1652502306938326	-0.277349425641676
0.10550763336074565	0.015130020344027661	0.09886165894435694	-0.7805006873508697
-0.11732100053933325	-0.5657308137942587	0.017491606065396237	-0.2994565796010118
-0.08694314618941368	0.07862816337413481	0.7774019837736224	-0.05702670666282916
-0.1926486296364327	-0.4319161197466641	0.15352878413007964	0.22190646648682355
-0.07196645309405358	-0.47867233573342705	-0.13122194461185077	-0.3181392665606686
0.05741183244352399	-0.036485140736398414	-0.47215644445912597	0.4339465823609516
0.34482946884994314	-0.022330014956239097	-0.5632309281974164	-0.06960958799640138
0.4392785216972752	0.4079037993940129	-0.06257582561562636	0.09024185329308554
0.2787378363261086	0.4406002175835735	0.17303008183331037	-0.10763186425700755
-0.030509619987278525	-0.47102299983469575	-0.42404347427563227	-0.07442390590239345
0.20681738784608017	-0.3234194523477649	0.20360339211735567	0.26615976768879923
-0.04671809494324286	-0.1515138667903686	0.19742257455627343	-0.6043454637101151
0.0027246434285863597	-0.6606561189905711	-0.09388575932604115	-0.2427334782548014
-0.17584003478570343	0.46040506763725775	0.05975250461699244	0.3040023929600464
-0.26128615244405684	0.46316705724334906	0.2696533533324168	0.005893436980177302
-0.2018519622874193	-0.5771295947809896	-0.10310857978792498	-0.11790986314366614
-0.4517301681837509	0.20152406548688395	0.016908229549307263	0.3298375367800579
0.23757425712106306	0.3254481437030785	-0.3783705206750223	0.05860707850083613
0.5078266890607441	0.0605125714316479	-0.10299165029380575	-0.3286690892138022
0.1864298185226978	-0.5607567390382802	0.21344767519283825	0.03936576724618379
0.7432801760828582	0.0710413604264506	0.15201397804993722	-0.033664485440753955
-0.3550497536381618	-0.32238675665188077	0.14990673441640046	-0.17265675529355695
-0.2376902594906911	0.04200190837627504	0.4291174887303988	0.29119034340263505
-0.03919782223079049	0.02884240252914516	0.9092947928487762	0.022664982391288113
0.21831415092020268	-0.18242219820831163	-0.508893344195783	0.09037030667570267
-0.08778149001149793	-0.22986016711947355	-0.15294262650527024	0.5294157163637583
-0.11055662217341689	-0.2594909861704289	-0.2868941109965879	-0.34305828065956634
0.2115421884771982	0.2950742875067811	0.11357685090126202	-0.3798066731147587
0.1773620777712397	-0.006579518215354296	-0.27896486831469147	0.5370935356987145
0.027624376450298582	-0.0393297276666682	0.7823019983002015	0.1507438975828317
-0.04409552025768515	0.5952968565196488	-0.28965077570991515	0.07095684751275089
0.48194899859885076	0.10069167969958315	0.01783716665815449	0.3995221550434116
-0.36760343199907886	-0.4920287348876924	-0.09019762930183317	-0.050170203811395586
0.5041644628404673	-0.036409257533114525	0.4296289994373854	0.029797280189032715
0.026496170107474848	0.07525553778736116	-0.8579121279791966	0.04033616412596741
-0.16657395661081376	0.540224421270127	0.00032878505296007887	0.2928728370660991
0.10576973141386303	0.5434017213966937	0.31526496683508065	-0.03556358035436258
-0.04589672328050742	-0.19911422230762854	-0.19531271797864513	0.5596763364332189
-0.41994197359815	0.23215142065596384	0.2503285188918849	-0.09757808685400127
-0.017972338496552	0.18674946491889588	-0.4482820086235484	-0.34699618796100373
0.20516416983097785	0.02852911217713583	-0.06775261957977086	0.6985540984121155
-0.004422436293926468	0.13613845740641084	-0.7648413302747514	-0.09459777602491126
0.12242706474494991	-0.21442376678889552	-0.43933656022982537	0.2238126082363292
0.16151694114498127	0.4280527266124319	0.32415836599561665	-0.0862719662469702
0.027252067915681577	0.09403831829500486	0.2832561431826677	-0.5954534706066459
0.20371126174791998	0.5024297189482352	-0.0447287336385207	0.24913028566532414
-0.2850629163018512	0.5203694415764304	-0.04306941270389952	0.15149822941781887
0.6698240366813064	-0.10031262895884652	0.1527994873787697	-0.07706384698107738
0.4047603073818338	-0.15151149406724174	-0.2762340915408481	-0.1674941070100764
-0.6393862100081891	-0.025519722554767643	-0.21236676340238447	-0.12272730403465881
0.1914073460629211	0.019294011680344836	-0.698196440500453	0.09110220175628103
-0.07050136222369008	0.340213560778728	0.424100005880788	0.16518507111679392
-0.2750441892527382	-0.46365609799104957	-0.1396368449133456	0.12166286784286662
0.24877230161941455	0.24782886534584736	-0.16847003826532458	0.3349287947694135
-0.08305150860975186	-0.33056099110691606	0.14312856423455078	0.4432589360487813
0.5424675227734985	0.06084496235470849	-0.2578267685471687	0.1388607463246243
-0.6418686363516355	-0.20427391434050968	-0.009753907138080331	0.1441035421697745
-0.2856692305341557	0.3524124669347479	0.3255343319342334	0.036383970596862936
0.3490296701135496	-0.3398341849062443	0.16283216975791404	0.1483039752222921
Conflicts
132 20
78 95
149 155
128 55
62 176
133 47
163 192
120 11
145 186
83 165
4 135
148 70
200 150
135 6
47 162
9 55
83 40
142 197
99 169
44 6
199 79
104 27
155 175
120 16
16 6
151 161
152 76
165 22
143 95
83 46
160 87
193 85
51 84
173 51
75 89
173 58
180 171
187 101
169 184
43 121
7 88
4 162
98 40
94 134
75 198
176 33
119 165
23 87
74 182
148 69
200 138
99 110
200 38
95 138
26 123
187 149
195 65
99 56
83 61
136 199
152 38
97 30
102 185
174 158
26 99
100 121
74 38
153 21
161 118
10 61
7 23
154 73
163 158
121 149
189 181
162 19
157 62
119 105
69 95
68 99
142 82
134 18
16 62
105 88
63 61
14 164
17 59
72 49
132 181
38 24
95 129
37 147
112 45
130 105
177 58
86 59
8 79
133 141
181 36
75 157
2 140
156 18
87 39
181 112
7 109
48 182
78 126
48 127
74 186
135 153
99 30
85 1
131 45
80 45
19 149
188 115
68 66
43 177
35 8
43 89
13 111
178 60
107 8
192 197
145 64
10 49
160 81
92 38
31 100
156 8
94 141
165 196
173 91
26 146
9 5
7 51
166 28
120 196
80 65
199 1
195 142
40 176
135 122
143 79
101 109
42 182
31 164
132 149
93 134
29 8
145 110
198 91
140 88
187 143
103 84
34 190
67 95
13 69
75 183
161 131
146 113
67 143
69 196
160 171
77 114
61 105
136 66
37 138
181 18
181 118
151 146
7 126
59 183
162 107
68 110
11 150
99 12
59 38
181 6
48 188
131 141
153 129
140 52
35 53
147 88
171 96
68 44
58 107
54 86
28 62
171 73
75 126
66 12
78 11
48 176
16 22
157 93
109 96
109 52
26 40
176 91
100 22
125 108
4 163
54 65
103 48
86 82
186 150
62 82
40 84
11 38
155 184
51 90
177 143
103 117
161 51
17 118
177 134
47 127
24 1
9 85
124 55
132 169
36 149
137 155
159 91
27 162
37 187
54 117
60 6
124 186
107 79
58 183
136 3
43 13
68 47
117 49
173 147
50 115
168 155
156 91
31 159
194 120
114 94
180 146
126 90
101 5
81 162
181 145
69 182
156 138
130 39
128 96
193 29
106 91
166 36
167 161
167 11
7 112
7 150
190 106
151 129
130 8
69 158
132 36
32 134
5 91
93 52
86 115
72 28
28 152
122 144
199 70
191 184
179 190
113 185
77 105
161 115
120 12
15 21
161 62
167 192
37 57
161 33
168 183
19 84
187 87
50 175
125 161
185 49
174 86
190 85
123 11
4 95
140 19
133 55
53 150
170 124
159 41
61 106
180 102
192 185
179 183
23 129
154 111
119 22
136 138
136 90
49 196
154 108
14 84
144 28
44 20
156 183
78 102
183 158
63 146
172 41
131 28
164 15
199 44
35 18
117 73
54 193
195 125
35 77
83 15
132 147
17 76
145 56
119 176
146 105
126 56
83 57
136 53
107 18
143 184
2 197
9 155
196 127
132 77
66 145
101 76
104 115
178 29
10 88
175 150
160 33
177 104
170 31
129 184
182 1
26 31
89 185
97 38
80 161
100 192
143 91
78 144
86 104
81 89
3 115
121 22
92 36
145 138
109 1
136 96
120 130
191 78
173 59
31 12
80 115
17 110
157 73
36 118
26 61
153 134
88 73
79 142
200 173
2 169
13 157
172 91
37 86
15 73
4 138
81 62
119 160
14 127
60 107
9 73
100 106
144 171
119 68
109 142
129 196
181 88
40 99
62 15
14 143
160 28
157 2
172 189
187 96
180 69
141 57
187 193
119 65
51 197
132 28
178 24
55 77
200 36
196 12
41 134
178 177
135 24
7 33
129 90
132 106
36 79
186 41
136 140
7 160
177 105
102 29
172 38
144 197
189 20
170 131
184 127
159 48
160 90
120 59
142 44
92 40
189 108
149 8
123 108
187 46
155 95
13 96
35 89
174 77
123 46
93 115
19 52
60 155
103 139
53 67
76 20
71 105
149 129
70 152
102 93
179 86
80 107
129 111
127 1
93 11
123 186
114 95
67 33
5 18
69 15
50 27
176 106
195 53
163 133
187 179
195 154
109 21
147 28
190 70
75 44
86 107
103 112
194 145
127 183
23 109
36 59
133 116
193 96
77 192
121 116
66 62
13 161
146 24
7 137
199 109
54 106
34 116
63 72
78 3
95 73
148 41
172 164
169 57
1 30
36 33
128 116
166 65
83 162
69 46
32 192
154 90
178 152
160 186
163 14
143 150
166 37
177 41
170 154
100 61
41 88
77 155
68 169
189 1
118 52
3 87
61 56
10 24
16 36
97 197
181 176
9 173
13 74
148 62
47 151
121 171
10 117
160 187
200 5
40 188
77 111
109 150
32 142
80 94
62 164
35 115
32 144
132 172
130 76
187 19
122 85
135 82
13 149
55 80
173 19
42 123
167 188
67 30
153 59
86 17
63 199
78 194
64 70
62 183
139 196
42 84
28 111
78 20
55 196
25 111
81 85
115 1
190 186
82 138
172 69
7 182
54 109
178 84
66 53
23 184
89 39
130 6
71 111
180 114
177 184
4 192
193 97
11 176
178 40
180 120
172 197
7 141
126 158
154 185
191 27
166 49
35 197
199 171
153 197
66 29
194 153
112 185
107 70
75 85
123 45
172 182
191 125
136 4
174 107
63 85
142 45
132 14
128 66
168 121
23 71
153 111
168 139
9 99
179 66
114 46
93 12
109 134
21 183
15 138
105 134
170 11
167 110
7 19
194 52
194 152
126 20
86 15
64 84
127 12
119 193
149 30
7 6
76 8
128 50
172 129
118 141
26 103
122 6
60 199
64 127
131 134
194 48
192 129
120 139
177 12
179 59
68 142
71 22
131 22
92 153
194 3
166 191
2 21
13 181
198 131
13 154
84 18
127 45
55 176
151 158
40 197
163 48
160 117
190 20
26 175
71 61
69 176
90 24
131 36
109 185
92 106
184 45
119 6
68 193
35 164
116 106
168 106
168 44
189 111
120 15
14 189
154 17
72 134
139 94
8 152
65 115
191 171
3 143
133 56
133 149
78 31
195 67
128 94
78 49
187 89
170 80
34 141
128 184
179 28
26 167
58 33
66 52
4 108
186 73
121 150
71 66
66 16
71 15
53 181
80 58
177 24
63 95
141 127
189 22
104 19
34 82
10 121
31 86
149 96
175 127
156 147
199 143
107 182
119 157
80 146
157 91
186 17
169 176
128 46
35 107
12 24
71 35
170 169
133 190
23 100
130 1
120 108
145 197
26 96
128 70
139 44
147 112
191 116
32 155
61 171
34 85
149 97
55 157
196 52
71 33
175 12
87 185
4 21
6 73
67 11
5 44
102 87
34 153
66 105
135 96
94 1
124 110
54 44
53 49
181 45
194 99
148 52
190 143
66 39
198 115
126 185
156 90
55 99
121 122
9 72
191 118
47 36
157 140
148 197
163 144
75 51
31 65
149 52
157 176
102 159
184 158
187 109
167 89
27 52
154 112
4 55
74 39
190 96
13 3
81 94
198 17
117 36
156 56
43 143
9 25
178 199
91 57
54 100
140 3
25 6
143 149
128 72
72 130
191 29
159 115
143 87
194 30
124 193
177 44
36 11
152 115
5 84
68 3
193 155
136 163
35 193
31 140
104 196
3 108
110 33
55 46
155 110
180 53
70 21
55 106
101 22
120 6
74 6
101 16
179 181
94 20
167 116
193 127
159 3
93 17
177 34
69 76
151 61
101 91
187 192
54 25
36 57
66 165
155 70
128 7
40 91
193 182
95 142
160 77
53 142
103 186
98 112
128 106
143 162
112 110
4 106
3 197
136 51
131 184
31 98
63 132
4 147
118 90
89 182
172 114
103 129
92 15
191 130
54 197
128 74
11 88
174 142
41 18
26 50
101 20
133 172
54 60
117 149
26 74
119 100
189 123
25 2
177 171
180 142
192 90
43 98
63 161
43 192
147 120
181 87
154 190
66 20
82 90
104 106
135 137
32 2
14 42
194 197
66 130
17 184
60 39
145 24
125 39
157 70
171 183
74 21
133 189
62 18
189 145
50 126
104 51
98 171
145 131
95 158
121 96
199 5
159 196
177 165
69 103
180 104
42 164
128 8
196 30
154 107
43 149
25 62
34 104
189 197
119 74
58 134
88 24
159 140
133 126
161 64
188 22
64 164
100 39
27 134
28 24
68 33
69 96
143 6
143 96
80 82
177 2
174 161
124 36
180 67
147 152
47 135
63 62
33 127
77 59
200 43
117 88
67 79
71 5
36 45
150 183
163 73
191 36
40 155
43 117
64 51
93 152
50 62
156 109
187 161
189 141
66 48
174 122
107 73
120 44
56 46
161 15
61 79
132 151
123 36
42 147
77 76
48 21
127 20
135 130
124 142
96 1
35 137
125 95
194 131
187 158
171 18
54 8
178 188
53 97
173 189
53 107
26 92
44 91
8 134
153 70
181 40
56 142
95 76
10 44
133 125
50 138
12 1
10 146
47 1
185 44
64 94
169 41
98 113
141 106
125 199
132 179
75 138
147 176
129 38
96 84
190 158
32 3
173 139
151 127
24 183
185 141
67 113
140 96
139 82
133 38
101 141
197 39
31 85
77 94
199 182
70 94
120 176
179 153
89 93
180 61
117 185
119 90
3 6
185 52
130 87
37 81
3 186
137 85
166 122
200 32
194 116
68 90
146 99
165 138
31 38
66 127
166 137
121 27
166 132
56 30
133 194
153 12
145 129
128 200
2 162
87 149
173 194
125 11
38 118
193 146
75 28
89 115
62 169
145 15
16 158
59 129
153 139
71 69
56 115
83 76
3 67
135 192
50 127
120 171
156 193
100 5
65 150
41 90
40 122
99 162
194 199
23 98
180 70
119 28
104 62
125 130
128 23
86 165
87 57
19 39
29 24
140 40
4 161
128 10
154 182
159 12
5 85
119 75
155 141
36 175
86 21
181 46
53 21
31 32
198 70
10 129
128 75
139 85
126 87
71 37
27 61
42 16
144 65
12 88
87 85
63 81
114 110
106 111
190 197
69 127
35 88
63 104
172 122
53 59
110 134
4 139
199 2
126 188
174 113
9 156
140 186
63 110
123 101
79 22
132 17
98 111
168 19
10 183
124 149
69 11
128 99
129 45
181 162
48 115
23 20
13 53
87 22
34 192
168 175
47 28
17 38
43 191
29 88
104 85
154 115
198 46
147 74
77 64
31 161
198 185
23 172
161 21
133 21
10 152
120 140
19 118
81 19
56 150
64 108
83 181
191 157
42 161
4 144
200 127
167 152
114 108
92 116
77 152
193 107
27 183
98 169
137 30
117 97
159 164
75 99
179 180
15 82
97 12
19 183
189 151
172 138
116 197
4 158
47 79
124 152
143 36
72 96
26 138
148 92
2 190
168 116
152 82
79 90
147 116
102 45
175 171
179 169
193 162
26 154
13 156
7 107
136 124
167 82
7 62
200 2
168 78
35 33
35 106
159 65
143 70
167 83
170 149
101 99
54 72
147 190
53 114
77 28
48 96
125 144
65 56
116 111
23 53
63 92
114 109
168 143
177 199
83 85
80 40
112 175
191 176
9 126
132 88
60 46
189 18
170 193
136 29
19 48
60 138
125 48
62 12
186 70
64 111
7 94
173 134
200 54
102 154
52 12
39 45
128 49
125 127
177 29
8 45
60 15
56 90
47 177
180 58
11 97
155 105
63 18
7 103
47 179
75 62
2 118
160 111
61 118
65 184
148 99
170 194
135 104
87 1
163 42
33 24
94 196
157 40
181 12
177 19
52 88
10 59
118 138
104 57
154 6
154 158
62 48
172 94
162 36
187 183
170 46
42 169
26 176
68 139
17 139
132 127
162 192
160 69
117 96
122 97
116 175
47 123
199 121
95 150
125 105
71 115
175 73
163 190
3 88
174 199
121 145
101 97
62 115
81 40
126 165
159 18
189 112
47 3
63 16
124 24
2 158
198 105
47 172
121 59
71 116
190 139
145 36
136 191
68 147
106 30
15 111
119 107
10 17
2 12
102 48
3 90
181 183
143 39
4 97
175 30
50 76
169 84
130 20
103 33
187 44
59 182
37 155
64 88
31 11
161 30
40 131
159 74
112 106
179 98
170 25
79 91
10 182
26 140
25 89
177 138
195 56
113 196
148 162
145 152
81 131
200 4
83 117
146 165
192 59
166 200
10 135
78 106
180 155
164 30
112 91
98 138
171 82
68 57
34 147
64 38
77 118
100 14
100 45
100 99
170 58
32 40
124 72
84 1
160 53
32 64
167 8
68 161
117 109
178 151
188 197
192 109
31 73
154 61
105 127
194 185
179 125
156 103
178 67
116 91
28 70
96 39
102 193
4 8
14 53
159 155
60 110
160 96
200 60
26 41
42 44
83 18
170 30
109 17
59 20
148 126
8 182
186 6
13 194
53 73
2 101
121 197
78 103
51 118
81 90
133 183
53 161
78 161
196 44
31 67
122 94
177 140
128 47
186 141
162 139
68 103
166 91
177 141
26 77
195 140
179 152
63 64
55 150
9 125
26 73
37 31
26 12
119 47
116 79
78 125
9 145
13 93
174 44
9 87
9 157
102 28
124 29
126 96
190 169
7 143
81 138
26 188
144 19
39 182
137 97
166 82
131 104
29 197
186 56
26 149
55 66
148 196
80 175
191 111
7 56
83 188
2 33
100 182
117 8
25 95
130 45
34 86
60 86
37 53
68 125
8 88
28 164
16 176
189 79
151 115
176 15
25 123
168 65
7 116
155 183
69 24
92 137
112 158
74 118
62 33
103 131
157 82
185 51
9 103
171 176
94 164
75 135
119 12
13 70
77 42
132 138
49 12
119 180
47 131
50 117
125 158
89 153
120 150
197 150
69 142
103 61
135 87
121 52
42 137
174 132
124 80
195 120
50 20
87 38
121 73
32 196
102 108
137 15
74 175
32 157
143 24
175 129
80 89
160 108
81 176
95 1
89 15
193 65
34 193
156 30
119 70
199 21
50 22
120 110
195 28
46 84
124 40
174 13
186 45
160 173
111 12
200 118
197 24
194 151
32 183
92 51
93 41
135 183
165 127
2 76
171 197
69 139
161 130
168 64
141 85
121 190
60 184
185 150
192 139
67 82
71 149
25 150
110 84
124 115
48 17
187 27
92 86
192 164
144 49
2 184
88 183
103 122
122 118
103 149
160 193
9 167
154 86
42 48
37 183
121 139
148 2
7 199
92 39
169 46
194 49
64 110
99 79
55 127
29 49
172 70
14 126
87 164
84 52
79 118
180 194
107 76
62 76
47 189
49 52
42 12
102 34
147 16
133 31
199 129
130 12
165 20
116 5
169 82
59 138
5 176
154 59
25 152
36 110
152 20
164 38
131 52
102 19
104 91
52 183
193 93
67 108
40 107
186 96
32 22
168 153
27 95
71 97
122 107
126 114
121 19
195 38
174 22
8 105
177 115
50 116
37 46
161 197
48 24
34 197
159 121
181 33
95 49
72 46
198 76
154 57
197 127
43 11
75 73
187 34
170 81
79 84
166 4
43 85
156 180
147 155
4 107
125 38
191 197
100 138
37 164
101 11
156 27
68 18
75 41
180 130
78 147
92 87
167 148
54 148
170 177
128 42
117 115
178 105
78 5
174 141
182 12
170 104
10 98
130 73
29 56
26 112
146 30
122 72
83 36
181 5
196 88
56 70
136 8
152 73
136 175
159 52
103 57
37 104
154 139
59 73
123 198
185 108
54 80
34 137
163 127
70 138
55 149
172 113
2 30
54 15
37 97
174 101
7 186
63 175
124 18
194 61
14 38
74 19
120 18
180 182
180 105
68 10
56 21
99 88
114 8
189 107
169 88
100 90
40 149
28 88
26 156
43 111
25 146
95 105
87 110
40 153
128 77
152 158
63 77
114 137
178 2
119 31
32 138
168 46
10 1
152 91
58 196
42 45
14 115
58 79
14 90
22 82
191 83
40 87
42 41
126 197
171 138
68 187
35 186
36 52
139 24
151 36
43 9
86 1
108 45
71 49
160 127
119 20
114 84
198 12
119 164
14 161
98 115
72 158
67 72
81 44
165 149
37 55
56 38
128 178
77 36
55 90
31 137
144 21
176 182
125 183
102 112
68 184
108 38
123 29
133 110
10 77
189 69
3 114
148 82
55 16
168 185
141 30
40 96
55 180
133 156
112 149
163 13
200 141
110 21
140 86
93 91
11 110
77 40
200 96
4 130
168 148
100 85
7 121
166 31
128 124
98 129
145 59
117 17
119 136
17 115
130 5
159 139
161 175
167 49
109 49
147 11
193 141
50 113
190 30
13 134
191 149
172 6
46 183
168 94
55 83
139 141
54 180
9 46
79 129
160 78
169 155
63 56
23 85
197 134
151 142
100 42
154 146
92 41
77 188
197 20
131 84
143 76
55 30
191 6
100 109
144 85
92 52
199 115
160 62
200 190
167 2
35 98
99 49
171 115
67 27
38 20
55 34
154 199
154 144
129 141
117 141
195 52
125 118
85 24
172 8
128 79
173 143
88 30
92 149
9 144
114 150
23 77
166 64
116 36
198 30
41 46
49 15
26 56
29 146
97 41
71 151
3 113
92 84
192 44
4 83
87 64
10 186
71 114
47 5
174 157
54 161
176 20
71 70
31 22
102 175
163 135
75 154
128 20
175 164
23 42
179 141
26 80
174 189
139 22
14 125
21 46
27 88
59 106
126 62
163 46
166 141
60 175
155 56
163 162
43 41
156 194
166 158
67 165
107 5
154 113
154 3
85 30
156 81
134 1
2 27
129 15
145 21
189 5
171 38
144 5
13 126
37 94
103 107
120 122
71 78
49 73
180 59
35 64
53 104
166 148
114 105
108 8
43 105
154 27
117 188
106 84
113 22
27 5
43 18
75 188
126 97
27 30
190 130
13 40
137 79
132 116
189 72
151 8
160 169
71 131
171 90
164 21
10 147
47 75
103 188
166 156
136 24
66 183
161 188
54 145
29 82
180 16
120 107
162 73
136 169
60 40
19 115
164 84
54 64
190 104
37 145
109 59
83 134
80 131
151 69
53 52
163 51
35 10
163 179
126 93
177 130
83 152
140 20
81 149
14 185
132 11
168 31
63 102
178 12
23 83
130 90
166 42
21 12
43 21
23 171
8 6
2 139
71 182
132 30
169 97
124 15
126 142
131 105
64 142
78 91
140 111
124 162
159 143
69 114
145 155
163 104
103 70
5 105
191 142
165 186
174 52
177 120
148 145
66 58
28 20
104 155
198 41
9 114
42 22
29 58
14 76
27 48
137 46
67 192
148 188
168 50
37 92
54 31
78 107
133 137
72 137
63 27
71 118
68 112
135 123
42 186
156 164
154 145
9 146
64 79
200 50
37 52
160 142
99 138
151 93
43 157
3 99
54 163
170 34
9 138
178 38
99 127
57 30
140 162
80 59
189 115
167 80
123 110
135 88
173 60
12 105
103 30
194 35
71 153
149 139
157 149
167 156
37 20
114 165
92 150
50 155
75 70
140 183
126 176
151 196
191 76
181 1
9 183
69 149
124 69
74 65
92 108
130 142
25 10
180 15
180 84
166 16
71 17
102 79
69 111
194 107
67 186
31 181
198 117
31 184
125 24
148 112
139 106
200 105
7 194
103 62
139 20
5 171
154 101
100 188
28 1
147 18
133 62
136 36
170 157
67 64
37 158
23 164
191 129
128 104
7 35
200 189
161 122
174 135
69 94
160 110
153 93
72 97
148 110
86 58
165 162
136 64
42 105
126 111
193 57
131 11
35 66
120 24
130 17
47 62
23 88
174 173
195 21
120 29
16 106
124 139
176 30
123 74
172 72
71 41
19 169
2 38
166 70
135 117
67 164
72 184
7 1
83 106
69 41
147 52
186 21
47 182
81 11
75 98
132 74
132 40
37 12
198 193
47 169
4 38
63 109
189 48
163 155
180 77
185 30
22 1
83 97
58 165
36 41
32 69
63 114
68 153
66 24
198 81
60 84
136 131
130 106
164 176
68 49
120 74
119 141
198 145
62 49
157 130
86 169
119 64
194 87
44 90
27 110
54 22
160 165
67 183
67 138
86 87
172 192
163 157
25 126
148 134
173 94
157 87
154 140
9 142
174 120
53 85
187 57
63 44
25 195
167 149
31 111
7 25
29 97
40 8
95 110
126 59
177 30
153 196
74 109
43 29
7 115
80 99
15 18
124 96
23 124
65 5
25 41
124 77
156 186
6 182
29 22
125 126
135 51
168 20
198 108
32 109
13 124
187 98
55 161
77 198
133 88
109 85
86 117
140 145
177 127
174 126
200 92
55 183
4 173
132 49
93 107
180 6
157 108
156 62
55 24
159 101
83 12
59 8
133 27
103 93
192 93
198 1
7 50
55 93
9 197
66 2
27 115
131 90
4 74
54 91
170 196
5 152
198 175
138 134
3 175
42 112
26 79
195 199
79 46
99 150
173 22
66 49
173 117
54 41
71 40
136 1
145 109
61 129
151 46
175 139
89 197
117 143
137 109
149 106
86 89
83 199
170 88
170 115
9 17
81 2
181 113
71 72
109 182
173 156
2 82
135 179
31 1
43 22
60 176
47 74
43 78
109 79
83 34
67 141
84 111
77 185
102 142
34 22
199 116
124 184
159 104
151 24
100 88
153 162
199 101
126 115
185 182
173 46
169 73
26 13
86 188
107 20
7 24
95 85
100 116
187 59
83 115
167 191
174 182
199 77
193 76
64 56
42 73
151 150
19 142
167 146
112 171
148 85
81 184
194 183
100 134
140 24
19 155
58 36
57 111
174 67
88 20
191 10
50 131
179 87
151 157
166 153
47 110
104 165
61 45
160 64
135 59
72 24
107 91
39 138
43 72
17 141
50 182
110 142
179 120
166 195
15 182
191 21
87 196
181 126
81 21
53 61
174 10
32 146
31 149
108 41
166 170
143 59
181 3
112 127
164 70
114 49
117 19
193 111
146 183
66 141
174 194
132 141
194 22
194 129
100 35
138 73
121 95
180 82
83 171
64 169
23 19
133 29
118 46
136 95
43 75
17 70
76 30
65 105
100 29
180 175
4 36
153 112
77 16
136 137
135 52
151 144
156 141
116 145
166 40
114 56
29 176
67 115
109 106
55 118
184 38
160 97
187 121
151 143
166 146
170 105
169 139
123 115
200 107
157 28
148 24
11 171
198 74
181 15
47 2
60 145
144 94
131 188
104 149
77 65
189 88
154 99
136 120
128 83
194 192
112 30
72 109
195 186
29 67
61 16
187 52
13 11
167 32
66 155
178 74
34 130
38 85
188 82
119 125
196 18
104 188
68 194
101 8
7 174
60 108
49 51
35 91
191 162
49 90
187 20
9 169
29 142
65 113
31 151
154 118
26 51
166 110
104 139
92 79
4 85
148 101
166 144
63 140
163 115
83 79
80 198
151 101
25 164
188 84
103 115
152 12
42 59
129 6
131 6
109 24
132 152
199 6
143 183
56 1
71 83
89 16
161 97
195 76
103 134
72 59
160 102
55 182
89 137
13 123
170 198
62 152
7 195
190 21
137 96
95 39
99 183
104 38
60 2
7 26
180 144
102 109
2 115
98 118
75 104
179 108
2 17
36 105
43 96
50 144
41 91
23 64
195 107
9 118
10 113
165 87
173 97
53 72
100 93
100 131
168 3
81 99
102 162
7 48
25 194
14 55
193 73
153 169
51 44
170 27
102 39
23 193
165 115
124 2
61 182
61 197
199 94
173 164
155 49
160 91
131 17
177 17
25 124
167 172
13 147
55 61
77 196
175 197
26 100
74 87
61 39
189 95
132 126
137 141
140 165
37 195
87 188
7 70
93 82
167 144
43 115
10 72
68 69
167 107
125 33
177 113
10 84
67 137
66 131
123 72
76 96
64 6
57 138
136 129
166 175
191 108
112 176
40 138
14 65
43 151
144 51
58 28
122 28
87 12
26 43
168 142
109 18
149 70
168 167
148 36
136 50
126 30
14 109
15 24
16 137
161 61
69 73
136 82
178 42
144 16
9 69
195 86
142 39
166 168
47 108
117 79
98 8
68 197
29 113
107 38
195 6
144 57
174 54
124 62
36 134
75 111
76 57
7 200
167 113
135 111
36 95
92 49
160 189
28 22
178 185
92 117
43 135
39 85
53 198
74 188
161 28
200 132
55 33
186 84
189 106
77 193
4 180
117 6
79 18
178 171
156 53
92 17
117 74
48 110
119 34
182 24
165 118
14 31
21 196
61 41
28 127
136 17
122 33
53 82
184 24
2 93
8 20
23 32
169 158
63 184
123 149
66 121
10 142
199 114
51 33
83 21
104 1
136 195
193 164
28 49
25 151
9 165
104 175
172 115
187 129
2 87
25 79
167 39
77 83
162 95
78 121
187 134
60 81
130 95
166 136
148 104
63 178
126 130
23 173
75 100
74 5
180 111
10 82
140 51
54 185
67 155
7 185
169 149
113 45
4 42
117 84
106 1
129 44
54 110
133 40
200 123
120 58
182 30
28 192
23 117
100 62
75 197
49 115
22 46
200 152
173 93
193 33
129 85
109 36
37 131
3 105
68 30
149 82
49 105
180 139
191 93
78 122
58 3
190 97
54 199
100 97
62 73
200 164
163 5
2 116
87 184
135 181
65 85
63 134
140 49
56 88
177 39
100 157
169 197
155 127
78 38
144 142
132 124
89 101
7 37
155 97
31 44
69 91
53 171
194 123
147 80
14 138
14 86
42 19
9 18
98 183
86 158
200 81
39 12
123 15
170 158
66 41
120 89
109 118
131 73
67 153
124 39
178 135
11 183
176 138
187 50
187 184
146 52
54 137
177 151
53 80
10 64
67 56
200 194
119 103
159 145
100 103
133 179
166 54
63 177
68 190
166 160
160 195
140 141
180 93
186 107
41 57
64 196
168 22
195 30
200 10
132 111
147 162
50 86
7 111
145 17
157 175
191 84
159 141
7 135
131 62
7 42
180 115
87 197
67 188
99 188
180 18
200 68
23 69
109 30
102 147
190 134
193 52
185 115
35 79
139 142
80 188
148 94
42 91
122 65
87 46
92 156
4 117
75 61
47 18
163 149
132 157
145 88
165 185
64 76
185 142
62 24
49 22
81 29
27 196
16 109
43 152
191 137
104 21
106 46
54 139
133 105
167 66
159 98
83 20
92 114
157 122
137 176
54 178
120 155
159 96
171 184
25 45
40 196
17 127
165 30
175 79
47 95
47 16
66 17
47 34
123 40
140 113
81 111
170 29
87 59
10 197
94 96
166 89
184 44
32 62
103 109
63 180
65 169
75 36
192 38
92 56
101 90
42 5
121 165
168 130
170 5
26 105
131 99
17 87
47 6
136 183
114 61
48 113
177 150
117 82
60 189
9 56
163 139
53 33
137 158
63 156
116 162
37 96
59 5
135 131
193 19
177 38
190 137
130 64
198 96
26 86
40 44
80 134
27 158
189 40
72 87
197 57
174 73
163 75
56 94
159 44
100 77
144 39
67 161
60 151
197 158
193 130
58 57
162 59
172 22
7 110
62 118
138 182
141 73
161 17
156 28
68 74
86 111
186 111
189 24
53 91
160 162
153 62
147 15
47 100
87 88
149 12
14 40
121 112
162 65
178 149
25 189
181 52
37 108
47 98
39 41
36 182
153 28
80 196
170 191
175 134
49 57
26 107
6 183
22 33
172 59
91 158
159 149
25 147
68 72
25 110
10 185
122 22
94 84
60 109
131 51
92 188
193 165
26 163
128 18
3 138
109 88
154 16
196 183
2 117
135 193
23 25
35 158
187 191
175 95
170 28
77 141
29 106
74 30
104 137
186 46
39 22
66 72
3 129
69 45
186 158
69 108
167 50
175 188
3 145
71 91
35 153
191 85
198 87
143 49
154 11
176 44
135 171
95 169
160 120
14 5
43 131
10 66
136 187
148 117
185 118
119 27
75 106
170 59
34 3
37 72
116 49
23 59
114 176
167 67
98 49
173 130
20 1
77 89
35 108
50 5
181 56
86 97
172 165
13 129
151 141
62 1
50 125
184 20
191 8
60 103
148 80
128 41
152 96
124 156
25 108
71 76
136 18
10 99
83 70
174 171
78 27
14 113
182 84
145 137
123 96
119 83
55 126
124 151
108 5
89 65
83 150
34 72
32 112
61 150
187 122
187 12
102 70
66 188
98 165
180 65
117 196
174 112
159 83
146 88
165 113
194 196
166 159
55 5
141 46
32 34
2 72
146 188
101 152
200 170
9 3
197 183
133 185
33 30
147 122
63 103
25 149
80 52
181 134
187 137
140 48
151 190
36 108
74 95
120 67
179 15
127 18
23 96
195 88
164 22
195 165
159 58
160 88
87 105
40 113
163 25
66 143
170 111
117 76
72 153
160 198
35 55
46 91
99 96
148 153
161 142
145 39
32 67
54 5
199 157
140 16
39 105
100 53
195 197
136 63
195 90
77 98
31 199
137 39
28 6
49 82
154 171
64 96
191 161
128 26
175 96
58 127
165 57
126 153
104 73
137 108
16 18
34 198
55 114
65 51
55 139
75 3
13 199
66 149
200 67
192 142
200 158
43 47
141 52
151 126
151 80
160 129
126 117
62 70
110 139
62 59
104 61
165 171
13 32
170 24
15 22
25 169
68 134
98 106
173 74
109 44
64 139
58 8
3 41
170 64
146 171
80 62
166 111
14 186
132 73
25 188
184 79
159 16
182 73
92 196
130 150
10 125
172 39
61 64
148 53
177 162
186 108
145 184
33 115
61 17
27 197
176 90
167 155
19 20
43 195
103 138
13 105
135 194
66 77
71 187
37 3
192 96
120 143
147 65
66 96
198 111
148 39
27 165
154 65
168 172
78 41
123 79
187 120
124 45
121 85
154 152
140 142
116 19
8 129
66 64
190 72
167 183
147 39
116 169
123 184
47 193
28 182
63 141
165 15
21 127
194 81
83 154
193 15
11 15
128 118
176 158
160 89
174 92
25 175
124 157
101 93
56 96
170 155
181 104
78 6
167 88
63 15
140 46
172 11
89 27
136 162
80 97
102 181
161 18
71 21
27 85
80 143
132 29
97 96
113 30
3 49
67 1
54 124
152 150
15 57
133 107
23 73
187 92
166 143
117 62
41 105
116 86
167 162
60 11
53 138
189 29
78 169
86 108
184 134
159 183
161 16
167 184
98 105
128 193
200 159
63 165
55 186
74 141
170 102
179 126
156 152
189 74
168 66
161 44
86 40
191 28
56 85
179 188
110 49
121 29
200 171
110 1
16 110
25 125
116 84
140 5
71 148
93 76
27 185
31 5
36 46
63 8
146 96
122 176
199 3
157 188
194 146
92 152
184 182
192 17
136 152
13 120
178 117
124 99
132 193
167 6
59 150
115 52
54 66
199 34
187 172
188 96
108 129
177 84
10 51
194 175
71 60
126 58
71 58
94 39
189 46
71 120
131 33
174 98
192 158
64 5
128 140
64 182
161 79
63 151
117 94
86 146
8 183
34 175
193 183
159 84
60 98
124 64
125 112
116 52
101 112
146 38
98 17
199 186
169 129
60 165
62 158
121 64
60 99
16 149
23 84
163 160
181 74
157 197
147 131
14 93
130 94
75 113
176 1
138 45
154 24
139 18
47 76
199 59
89 158
75 92
87 84
123 131
74 196
32 158
184 12
102 123
68 55
130 91
25 129
32 115
163 124
194 104
191 158
128 63
195 85
37 186
104 59
155 11
168 85
50 147
66 74
141 39
74 113
137 184
42 140
162 52
86 142
104 8
114 93
66 116
193 5
198 98
14 15
193 169
48 149
189 118
174 193
59 76
125 19
144 18
137 115
126 94
23 125
63 144
60 162
103 88
43 84
179 10
16 8
75 93
49 127
54 162
128 11
177 82
91 127
77 73
53 81
160 83
94 91
151 193
172 162
153 149
154 127
167 19
198 27
11 141
69 84
25 83
140 82
132 98
136 116
188 46
93 110
180 51
81 84
80 17
35 143
154 98
147 140
170 76
116 17
165 91
173 42
47 15
23 183
191 134
19 188
180 49
167 62
17 21
37 159
10 60
167 41
93 18
186 110
117 28
128 149
117 44
170 93
131 39
136 22
44 82
112 5
178 106
77 130
64 150
133 6
46 90
103 96
10 193
54 35
4 152
174 116
116 153
25 70
71 123
170 110
5 182
114 79
187 93
5 138
123 113
14 101
81 65
135 90
161 182
149 85
125 96
47 192
177 65
174 155
7 3
43 95
125 106
62 110
55 199
132 10
2 149
72 19
78 173
178 5
133 77
145 5
120 90
143 155
7 148
178 72
29 149
187 113
170 142
87 15
53 155
151 139
114 59
60 188
179 198
47 42
103 73
4 51
132 176
3 137
146 139
68 52
148 90
75 137
187 125
107 52
68 75
89 118
195 116
78 192
189 89
34 131
56 164
170 52
200 90
165 197
87 169
187 102
55 87
137 183
25 34
159 113
120 69
36 150
74 41
135 79
166 150
99 22
162 56
198 184
74 107
10 22
148 83
2 153
28 96
59 24
80 184
29 44
77 3
189 157
199 90
96 91
83 116
101 162
67 182
166 32
194 96
160 94
59 52
190 27
40 114
135 121
37 135
13 182
7 169
109 62
150 138
80 38
193 62
121 41
190 118
128 84
121 99
61 8
162 44
112 155
16 107
64 22
166 116
81 139
81 12
26 127
148 93
178 18
187 79
169 110
122 19
66 82
81 150
132 156
26 198
191 123
23 67
66 146
23 68
104 111
95 20
165 192
179 88
106 20
54 47
77 143
156 67
16 1
116 114
102 164
15 20
148 107
116 185
181 44
193 80
53 144
102 21
55 17
135 11
75 91
103 3
106 24
10 11
133 84
126 131
200 154
7 76
56 111
13 118
27 57
68 137
110 152
19 106
109 141
157 169
197 90
116 90
159 162
160 1
177 190
32 41
137 113
102 120
117 161
117 197
180 152
77 82
167 138
26 97
176 24
99 109
124 158
55 67
199 93
177 85
155 197
71 80
47 25
100 169
160 31
3 169
92 76
50 103
154 39
178 81
74 84
179 164
168 110
188 141
102 81
181 122
180 116
26 151
193 117
62 197
164 196
151 121
43 150
106 18
160 153
147 117
130 61
154 97
133 193
178 3
193 184
118 1
154 161
14 44
153 118
164 111
75 102
177 53
54 90
178 180
200 137
7 165
147 38
156 123
70 197
63 78
21 30
148 42
170 175
89 88
39 106
136 28
179 32
47 89
161 56
143 196
168 30
200 75
121 152
124 21
156 195
69 44
140 67
144 70
152 52
151 134
193 115
37 65
159 5
28 12
133 198
174 49
60 3
42 94
142 85
65 41
59 115
172 85
122 76
77 80
132 185
94 176
11 20
63 38
192 141
199 142
13 83
70 88
123 111
147 61
109 12
54 123
109 6
144 62
63 79
80 127
178 157
50 34
200 186
153 33
174 42
159 38
27 155
28 142
17 164
80 84
171 79
146 192
187 182
68 114
42 67
120 185
43 197
139 118
191 17
124 114
118 106
69 165
3 139
199 19
147 96
29 188
117 164
103 76
140 188
95 52
55 53
152 1
148 72
165 175
104 171
117 111
102 141
69 36
71 82
141 158
60 77
142 96
136 161
71 196
176 46
36 6
99 6
3 182
15 183
65 46
32 111
187 106
159 28
78 139
162 115
102 51
171 52
163 57
137 162
147 91
58 186
81 95
160 84
14 176
133 28
161 41
100 89
126 186
7 78
112 21
159 144
177 46
35 154
157 115
187 118
92 144
191 22
143 28
83 109
78 130
117 11
136 193
151 1
145 90
167 12
19 111
181 59
172 81
170 75
174 100
53 51
199 36
4 164
148 58
75 172
128 165
8 22
40 36
93 6
92 93
52 6
165 82
154 93
177 1
178 197
192 33
191 48
160 12
80 122
200 73
75 59
37 170
58 129
14 175
34 196
66 122
8 150
9 162
123 65
163 81
179 158
15 12
75 80
54 34
77 48
72 18
125 131
77 39
9 83
7 97
36 17
79 105
119 186
38 127
60 125
168 160
155 182
48 183
157 86
126 5
80 162
163 86
194 94
124 50
173 89
83 91
144 88
70 46
108 20
14 193
157 61
47 138
68 111
192 196
70 188
10 69
190 49
26 58
121 138
47 161
95 38
156 161
71 46
178 123
187 28
159 64
37 150
163 20
53 137
184 183
199 162
19 91
130 152
188 158
89 108
125 67
145 41
81 20
81 22
83 158
178 83
143 115
29 183
92 34
180 79
58 45
194 176
164 142
10 164
140 30
68 104
60 83
130 22
98 15
171 85
160 86
112 183
185 184
139 150
133 121
53 164
169 33
4 47
200 163
103 113
116 74
137 21
46 24
162 17
29 127
117 122
50 12
166 114
72 176
167 91
61 72
79 21
54 173
4 78
193 74
133 72
131 144
179 69
39 24
126 138
35 74
69 137
41 84
16 44
194 149
135 86
3 51
155 118
14 159
50 186
54 147
49 21
117 1
89 139
180 186
152 6
174 168
72 16
13 67
4 56
133 157
195 149
92 80
168 118
113 164
66 161
121 144
166 135
195 157
13 52
25 99
19 94
58 185
57 88
32 85
174 16
137 164
163 110
199 81
3 183
99 175
162 5
83 130
112 107
97 176
118 196
185 82
43 28
156 48
173 146
160 149
135 189
78 97
177 91
25 27
86 90
153 36
154 153
119 10
15 127
66 97
200 57
50 130
98 143
163 109
131 12
98 87
179 18
9 108
194 147
102 172
141 90
58 109
9 42
185 96
51 18
196 138
108 127
89 96
120 52
185 84
200 151
47 33
172 185
130 127
26 150
35 59
116 89
97 51
17 12
50 67
193 53
174 84
156 83
9 101
198 153
124 147
13 159
102 89
10 76
31 53
68 45
157 127
193 181
125 145
4 115
94 6
31 10
23 47
167 118
86 149
56 73
98 27
125 175
194 198
40 33
9 172
37 28
80 12
26 193
121 44
98 58
68 176
143 97
58 84
149 141
174 11
70 127
11 118
174 165
173 36
93 22
159 11
121 58
101 82
55 181
128 191
32 113
101 95
187 176
2 164
190 110
163 153
68 36
54 177
32 188
53 145
160 21
187 38
53 48
66 86
40 52
102 84
106 52
59 176
125 103
179 101
89 175
4 88
128 86
48 15
164 197
43 42
109 51
47 30
170 20
99 113
68 24
61 155
23 86
50 49
134 30
65 197
128 183
193 22
177 103
7 175
82 183
121 146
14 190
47 53
60 146
103 142
58 104
26 113
31 27
12 115
154 106
6 111
112 97
109 184
184 33
131 65
103 39
173 112
71 99
168 101
120 19
71 193
159 21
191 97
27 21
120 183
170 38
68 92
154 48
195 131
137 5
32 73
124 138
31 97
181 144
13 82
22 158
115 134
160 150
136 12
26 63
179 124
168 162
35 65
68 116
177 73
174 94
161 183
166 102
98 6
199 131
123 158
136 147
67 40
71 175
87 5
173 198
177 86
77 190
83 81
198 104
146 143
34 90
133 127
19 65
92 53
160 147
37 123
190 17
136 20
9 150
167 125
157 158
179 39
174 30
157 123
34 176
58 73
68 2
153 38
113 8
67 8
112 24
42 184
75 192
104 79
148 139
34 19
153 15
125 89
25 107
137 59
140 45
126 150
48 111
200 1
161 52
125 45
54 99
21 197
4 35
37 9
37 91
131 171
29 185
68 28
81 57
23 79
58 108
190 99
174 8
4 118
100 76
173 152
10 188
100 198
168 79
200 183
144 127
166 6
117 113
132 165
112 84
161 65
99 20
121 69
107 48
13 41
94 184
157 67
122 95
104 169
159 69
35 177
4 126
35 126
5 141
136 34
55 155
185 57
32 165
3 184
145 190
147 45
166 9
42 57
132 60
59 96
37 51
117 169
43 49
135 99
121 141
188 15
177 106
125 192
13 35
133 188
148 176
168 62
27 106
149 185
148 199
159 105
133 140
14 50
194 45
109 91
23 137
9 120
32 95
10 42
195 189
108 184
63 35
124 30
136 165
146 76
146 142
173 184
187 116
199 58
7 142
155 52
101 197
122 184
70 105
36 39
185 5
83 74
17 51
180 66
94 183
9 110
184 73
151 20
163 64
188 176
7 177
181 28
26 137
88 6
107 62
5 8
103 67
48 184
149 152
199 76
14 3
179 64
148 169
154 53
194 193
166 130
42 93
109 155
140 57
51 41
72 138
162 96
165 95
82 45
133 106
116 62
71 173
86 3
59 11
48 142
31 182
180 193
157 98
191 106
133 91
71 191
92 27
113 171
9 40
54 103
31 90
79 197
125 139
23 105
7 181
83 49
74 197
68 1
30 183
82 88
117 165
11 18
96 30
78 151
174 147
150 105
193 39
63 33
25 142
170 178
146 85
17 152
167 10
106 45
53 36
168 178
58 155
47 165
116 57
119 143
92 154
92 182
77 184
168 109
56 51
169 91
107 49
147 198
151 188
35 83
167 5
155 76
37 64
60 97
157 5
71 107
11 197
162 113
66 30
60 186
132 101
122 88
2 146
68 165
198 52
38 90
197 1
26 186
16 59
128 197
100 18
155 22
9 182
4 86
135 107
31 145
188 44
162 91
26 195
160 93
25 198
140 118
148 137
62 95
114 22
168 18
34 30
172 116
167 173
78 81
177 193
189 38
156 112
63 83
143 129
34 146
189 184
28 38
7 90
33 18
14 194
125 34
157 165
78 137
146 108
69 112
71 124
48 106
51 88
78 112
141 20
47 183
35 97
9 161
77 176
123 87
40 105
108 88
145 104
180 158
129 88
38 111
187 41
162 51
9 184
66 3
181 39
47 38
177 22
63 182
92 6
7 8
53 69
78 152
23 195
185 38
83 144
63 145
29 65
130 162
137 76
123 1
63 135
4 179
71 188
195 8
81 143
150 158
29 158
121 61
13 42
136 123
150 20
108 18
147 1
181 131
172 155
116 58
48 12
57 20
47 82
63 149
81 51
65 142
4 150
68 98
86 110
163 130
169 38
32 129
128 91
63 90
31 196
130 197
135 115
189 44
135 89
187 159
75 58
22 38
92 18
31 158
124 16
156 55
178 57
80 20
60 117
114 138
102 169
136 178
50 181
169 94
200 16
81 67
149 84
128 53
78 111
17 142
14 34
80 67
72 165
179 56
119 52
73 158
14 110
65 96
121 140
68 186
69 85
80 22
63 68
135 70
48 118
14 60
170 101
112 44
48 175
161 127
60 150
179 41
184 197
163 11
33 183
51 12
13 150
86 16
117 24
40 94
168 29
162 97
83 129
19 79
25 12
6 134
47 112
40 72
128 115
128 129
194 117
196 1
179 85
7 86
146 28
53 29
62 8
168 170
170 108
3 112
71 77
180 169
72 48
54 70
191 12
200 120
61 22
50 158
38 82
173 84
156 36
37 120
149 33
145 91
13 100
103 108
197 105
126 76
54 6
103 72
108 82
192 152
43 58
111 158
93 39
143 158
41 82
147 141
193 122
120 189
37 172
10 8
135 38
83 17
194 93
26 153
189 104
198 137
30 24
166 184
130 52
123 49
162 70
54 135
4 22
29 84
93 57
78 134
21 111
68 133
162 152
71 24
168 97
115 88
99 70
108 182
177 96
87 41
150 141
121 193
82 1
195 32
149 150
35 80
122 196
27 107
101 18
173 5
123 140
117 162
153 74
161 129
78 58
86 27
83 99
92 57
19 129
165 74
193 88
167 14
25 32
32 177
112 109
154 64
43 67
28 51
128 154
89 107
61 185
58 88
124 108
49 84
179 147
166 86
77 56
75 1
120 162
189 86
16 70
43 3
37 19
177 11
102 85
190 41
103 137
50 112
31 70
195 61
121 86
121 176
78 93
8 52
157 49
174 103
188 111
165 39
50 199
19 109
169 196
29 41
125 181
98 41
130 57
119 60
60 139
143 30
145 79
99 196
144 82
63 97
161 196
174 64
126 16
165 28
178 17
189 6
190 22
63 29
9 44
116 95
187 150
190 56
162 176
180 57
112 49
188 196
136 13
194 97
122 70
198 196
171 91
149 38
132 35
29 186
168 181
129 115
169 44
49 183
187 186
14 20
121 125
194 55
156 69
172 127
120 181
75 193
106 90
80 123
188 24
2 106
130 65
117 15
200 130
146 186
156 42
59 184
2 138
107 152
138 127
63 86
163 186
23 157
78 69
48 105
121 62
181 57
25 121
75 34
194 121
163 90
71 190
180 183
10 55
123 20
157 41
144 112
174 186
175 142
42 155
124 189
156 16
174 14
78 183
147 105
23 97
100 123
145 185
179 140
148 17
102 140
63 190
198 143
14 180
161 139
156 5
106 38
157 38
150 41
77 88
104 87
7 89
58 143
12 82
89 94
163 83
37 27
160 175
146 6
86 39
13 164
91 18
160 72
42 143
9 104
114 72
47 184
81 73
191 193
180 106
129 105
32 91
69 59
9 121
29 45
173 127
175 184
31 49
159 30
23 161
156 45
147 48
10 151
189 198
92 195
42 150
119 163
97 182
75 79
189 190
58 182
66 76
42 127
72 111
188 105
121 109
131 41
135 175
180 28
113 39
173 85
131 110
133 92
144 106
31 45
152 90
95 139
11 138
133 134
124 42
168 163
195 57
98 84
3 74
98 48
53 87
192 113
37 112
74 8
167 114
40 162
95 182
2 57
37 110
14 146
77 117
35 3
157 56
68 60
40 85
132 175
104 15
68 107
199 82
140 70
192 134
72 93
193 105
103 64
170 60
63 179
129 21
100 32
13 65
6 45
186 197
178 89
35 27
140 61
31 79
5 41
177 154
93 127
78 2
132 81
190 44
168 117
124 93
133 181
170 152
145 162
196 90
47 173
200 72
174 175
66 73
153 64
123 164
26 196
147 110
193 153
69 188
99 114
86 171
43 160
47 80
81 72
132 68
144 97
178 94
151 56
55 27
179 49
125 44
113 56
151 112
71 68
136 153
172 95
179 192
72 70
63 139
177 60
190 107
124 109
154 131
124 33
70 106
78 155
173 32
60 79
43 17
13 116
43 179
34 73
26 64
167 96
154 116
132 167
165 21
4 98
128 48
113 108
48 108
189 186
2 142
147 53
19 97
145 57
170 18
69 134
131 64
4 28
137 88
81 56
151 96
42 139
42 2
165 131
75 64
86 67
174 143
191 138
136 33
119 114
147 44
148 187
156 105
65 73
63 157
54 12
155 134
60 185
153 185
65 108
52 18
101 58
193 40
25 105
119 147
168 48
163 8
200 104
78 193
109 94
104 94
193 3
54 132
181 94
175 57
13 169
168 16
63 96
54 157
145 108
147 73
173 169
199 87
69 48
100 98
187 157
89 45
124 5
26 62
166 30
31 20
171 30
172 161
190 108
195 175
80 74
101 45
160 134
95 176
54 42
191 52
192 1
128 164
76 41
43 108
178 145
187 91
199 112
100 122
92 110
82 20
123 185
99 24
112 105
189 117
156 145
130 165
115 158
14 181
83 64
86 91
43 103
200 94
168 133
192 18
160 178
103 44
23 54
132 48
116 24
135 97
3 171
10 114
7 92
168 5
11 106
40 62
153 1
166 162
136 99
140 161
144 59
199 64
156 51
5 73
135 93
111 115
27 144
40 82
191 49
65 15
67 105
61 127
140 28
154 21
37 161
177 122
25 59
62 11
160 13
142 90
3 96
108 84
63 163
86 109
140 104
4 176
146 184
194 115
5 46
55 57
35 44
56 33
66 196
10 5
41 183
174 39
191 39
50 180
95 134
14 67
40 143
75 179
119 189
78 61
148 6
25 137
191 105
181 188
43 167
200 156
53 141
53 143
67 171
178 66
133 60
179 95
169 20
54 88
40 88
82 18
65 138
113 5
129 33
190 15
161 145
19 64
32 120
98 85
179 131
146 3
83 19
10 56
29 96
163 6
27 114
70 73
25 165
21 115
107 111
77 87
58 64
43 5
51 15
195 24
171 129
161 45
54 62
195 192
71 137
165 84
145 72
119 73
123 38
195 95
93 141
118 127
160 22
148 105
191 77
121 106
54 156
135 17
26 81
40 90
124 84
49 142
122 59
60 36
110 129
67 118
31 15
67 52
169 39
105 45
135 58
113 49
146 118
200 15
29 118
74 185
135 147
176 152
71 110
149 5
105 138
119 183
100 84
14 122
112 131
192 39
146 19
32 190
135 48
122 175
101 171
198 164
132 122
78 150
154 76
147 24
98 18
68 29
120 188
80 129
122 197
10 155
65 158
126 82
40 15
140 56
137 45
194 159
62 106
34 57
114 169
128 85
110 39
37 85
1 45
135 105
73 20
107 158
80 144
31 72
19 36
75 17
31 144
37 34
23 60
56 175
34 17
59 22
164 141
35 34
39 46
68 95
64 134
31 135
133 82
168 39
53 86
83 28
180 122
194 64
29 12
109 107
127 82
37 36
4 75
29 19
74 106
143 114
32 5
79 150
28 196
150 90
89 64
125 164
10 199
37 130
133 160
50 17
70 183
159 198
12 18
199 134
87 94
17 91
92 35
67 134
112 150
179 58
128 179
9 24
77 49
126 39
160 184
148 22
156 89
107 33
149 115
137 196
157 111
143 62
195 62
167 185
109 15
13 131
139 115
50 59
187 24
14 58
168 47
25 184
74 114
135 196
83 112
92 61
171 6
122 139
146 49
60 53
173 180
123 162
130 149
178 175
151 81
3 18
25 29
33 20
153 131
86 138
104 20
135 125
190 65
55 38
64 171
10 70
61 87
161 70
68 164
188 73
143 188
116 184
89 44
89 95
42 40
128 102
41 12
120 142
66 59
71 48
10 86
148 140
89 51
103 127
56 97
97 85
96 183
35 176
136 52
7 134
160 35
19 95
17 111
59 108
67 46
162 164
89 196
180 140
102 20
109 127
35 87
167 79
155 152
181 95
23 167
81 146
120 193
102 66
19 12
2 183
170 89
67 184
31 57
65 24
32 30
159 49
177 10
124 155
23 130
104 76
47 104
4 171
102 74
2 188
163 79
181 76
94 88
34 140
170 132
86 5
157 126
66 70
172 36
103 16
187 165
177 80
92 151
173 140
42 130
8 38
181 22
71 51
155 73
3 30
121 198
136 40
187 104
119 17
167 42
143 142
4 101
38 105
97 185
154 45
50 32
125 12
125 17
95 21
104 142
166 24
119 187
151 86
112 46
194 130
86 113
145 105
32 199
139 171
167 190
37 88
76 197
97 39
94 22
77 2
14 124
25 176
116 40
140 73
113 88
79 39
127 134
98 186
120 169
105 24
101 24
71 129
52 85
75 38
191 40
58 24
174 32
54 198
7 173
159 161
179 51
160 58
191 53
177 188
23 170
198 141
53 185
42 107
9 152
152 111
172 44
80 114
175 22
46 12
136 189
28 65
172 57
78 105
17 155
187 115
97 138
68 42
132 62
114 155
141 96
139 96
66 27
169 85
199 88
160 107
174 70
7 187
151 114
75 24
189 45
173 100
63 152
29 6
175 90
54 94
78 108
159 177
157 190
34 77
114 28
152 106
136 102
186 142
159 116
117 12
62 141
145 107
128 4
128 143
5 52
146 5
25 78
23 2
55 22
62 196
26 44
194 46
103 193
34 48
136 86
112 134
162 127
78 178
133 186
92 126
63 154
13 127
128 162
43 6
147 130
168 135
80 76
197 22
178 85
166 189
194 111
9 180
97 45
188 57
121 161
23 131
199 141
123 5
119 89
26 39
167 35
37 124
77 153
123 97
192 171
200 162
10 123
148 57
144 113
61 108
119 44
153 90
93 36
77 149
130 129
123 130
113 82
199 146
25 135
4 34
106 105
143 139
35 127
135 49
79 196
124 103
136 115
46 18
103 91
83 164
14 148
132 52
180 88
2 40
165 106
92 109
36 49
69 185
4 94
4 20
58 94
26 6
68 37
25 17
60 149
72 56
4 127
29 107
27 59
8 85
173 185
147 41
23 30
75 88
145 62
195 137
189 3
188 142
168 141
151 98
31 185
60 152
168 144
36 164
81 141
31 124
125 149
171 105
108 141
167 4
5 21
180 76
115 30
64 15
130 169
102 188
154 66
81 1
117 176
16 94
139 182
23 111
37 133
108 11
9 77
174 123
160 100
178 184
164 8
155 18
92 31
60 183
69 162
48 88
131 21
117 108
123 141
187 81
35 184
123 6
60 87
149 158
135 146
91 105
93 97
60 80
89 84
130 96
62 46
143 176
159 114
75 171
148 130
68 21
38 45
49 111
7 106
123 57
50 8
103 165
60 193
25 112
31 33
149 91
62 57
122 109
159 197
93 105
156 150
163 103
149 176
161 24
135 41
17 182
149 111
55 142
27 176
119 39
173 41
17 129
187 42
86 123
140 184
180 190
174 48
159 171
135 36
165 12
181 192
132 57
141 88
193 11
163 131
157 142
74 51
136 58
43 185
168 70
50 156
186 11
21 88
83 84
80 19
22 88
200 124
128 174
50 81
7 47
130 16
160 144
200 98
177 6
192 79
48 49
69 57
166 138
38 6
14 131
159 172
109 149
123 134
11 49
148 81
181 38
119 172
163 111
89 8
149 127
26 66
26 35
31 129
43 66
179 1
166 177
100 124
180 35
65 176
92 29
110 171
131 111
169 49
131 196
76 24
102 157
21 182
83 147
79 30
17 8
114 62
98 117
121 186
168 184
151 72
176 85
174 36
32 48
93 28
117 87
191 185
28 94
86 141
10 138
92 42
16 141
6 30
130 44
100 154
168 8
27 96
191 5
154 52
119 3
67 51
165 107
37 4
31 197
10 157
101 149
116 70
116 16
107 183
27 109
166 142
161 94
59 41
144 186
105 18
159 126
166 56
87 118
153 73
162 184
153 107
15 6
59 88
41 33
75 77
69 87
127 90
177 87
124 199
167 40
168 90
74 82
13 141
132 19
119 153
89 5
27 51
136 177
126 85
63 82
160 4
157 196
163 49
159 61
184 39
173 102
27 8
99 106
54 20
55 140
78 116
133 104
149 39
148 116
104 183
133 109
3 155
130 109
14 75
119 80
196 22
98 70
126 8
68 189
190 8
140 116
147 169
7 29
168 58
81 58
47 101
136 44
72 143
14 177
114 88
163 194
108 152
47 55
47 154
146 46
26 32
27 18
83 122
165 51
153 108
189 162
32 198
148 25
4 99
7 73
26 25
50 176
25 90
165 52
3 15
156 114
26 136
191 20
89 171
25 85
185 85
147 127
189 154
29 57
26 168
31 29
124 76
156 129
147 3
37 99
78 198
60 16
192 111
120 118
55 69
90 20
28 48
189 153
177 116
139 30
29 15
68 192
75 162
148 46
163 172
68 171
47 96
77 51
74 129
113 90
1 183
3 89
132 108
103 21
151 162
53 115
117 155
75 190
53 110
193 91
128 58
83 51
172 89
160 56
126 21
104 192
43 189
169 96
60 172
81 91
200 198
179 107
100 27
143 45
67 76
19 164
94 44
151 145
68 178
67 129
154 94
68 100
181 198
25 158
156 87
27 79
121 130
92 190
43 38
81 182
31 102
83 103
7 91
130 49
124 38
154 82
161 87
86 33
68 175
161 101
35 22
138 183
72 20
19 108
107 97
162 150
190 175
11 115
56 110
33 6
167 27
136 141
167 117
136 65
186 188
87 95
136 94
170 120
174 170
4 124
23 75
55 198
87 6
35 129
31 148
179 123
170 100
88 85
74 76
63 73
102 18
114 65
191 89
47 158
84 57
160 194
171 118
100 28
195 153
9 163
47 11
166 147
66 69
195 84
117 27
135 110
148 73
36 76
86 64
71 34
133 76
33 1
124 171
2 88
121 127
61 153
77 97
43 101
66 114
23 194
32 152
166 39
39 88
160 109
130 175
125 3
13 30
160 139
13 28
102 131
54 151
59 141
180 80
125 40
167 75
102 90
125 140
40 185
7 87
104 11
47 78
18 1
15 45
161 90
200 185
178 36
121 175
13 178
135 139
124 12
92 193
172 143
31 172
148 157
179 117
170 40
185 127
13 81
35 189
77 126
193 196
9 123
137 185
83 140
167 93
63 84
11 111
120 158
107 12
43 54
92 141
179 137
42 20
107 21
132 114
160 140
83 101
102 111
19 105
50 149
104 39
180 184
152 79
193 114
166 53
193 131
47 114
98 80
188 88
185 171
52 24
125 73
78 145
37 121
185 73
23 33
122 3
7 12
187 14
195 36
40 137
72 90
165 16
146 57
2 64
154 151
74 11
121 53
172 130
51 46
93 94
32 186
109 115
77 169
147 171
100 44
192 36
67 65
47 144
32 161
161 12
167 59
77 113
168 14
109 65
172 45
85 134
128 30
133 173
113 6
43 122
9 178
9 131
58 138
61 192
189 193
31 93
14 134
179 112
61 85
39 84
98 146
130 110
42 162
7 60
2 69
65 20
50 1
165 105
94 79
198 138
60 131
179 121
160 37
74 46
145 95
168 120
120 87
162 149
26 89
50 74
100 142
37 22
83 72
97 111
78 164
94 30
136 79
78 117
133 96
174 29
180 161
119 138
200 69
151 76
190 101
27 1
157 198
122 130
121 107
140 175
161 84
174 151
26 159
192 85
114 129
83 3
142 115
187 77
194 57
75 86
5 150
66 115
23 146
196 82
92 138
142 111
200 37
166 83
23 155
22 91
133 81
53 79
101 65
100 141
13 151
148 65
108 1
123 139
130 115
128 132
174 110
113 150
68 88
102 161
60 20
168 40
151 110
97 22
177 88
200 188
51 91
194 50
199 130
126 17
149 110
92 125
200 136
192 20
77 38
145 11
132 47
71 189
36 139
25 66
194 190
141 197
128 45
4 175
48 20
200 25
31 118
199 192
163 74
133 111
187 84
116 22
185 106
37 198
50 56
43 86
72 11
181 65
77 122
58 192
43 114
120 27
168 76
2 52
81 79
78 29
181 109
169 8
43 90
9 80
42 144
34 112
102 50
83 67
75 15
46 85
42 65
120 48
57 24
103 106
17 185
137 19
72 84
136 70
178 22
198 190
170 123
46 182
2 45
62 88
63 158
74 176
39 57
74 49
10 95
195 138
47 86
23 40
126 184
135 39
75 97
135 66
128 186
149 51
167 101
91 20
14 118
61 46
35 185
112 39
147 86
71 59
171 141
107 197
28 91
119 149
92 77
48 155
153 44
113 134
35 182
117 192
32 141
132 183
119 95
159 57
42 89
89 70
114 44
16 111
100 38
162 93
112 22
166 3
199 46
168 169
178 176
150 106
14 87
90 18
123 175
170 97
115 73
98 59
58 93
135 101
160 105
23 114
122 150
170 117
189 143
165 19
28 95
126 192
158 1
31 126
145 169
75 145
53 18
167 36
199 41
192 88
102 98
156 196
46 30
190 155
74 150
77 145
48 11
173 196
44 182
78 98
80 139
2 20
120 152
19 38
124 22
188 38
89 20
130 19
162 33
7 27
168 108
51 76
4 103
71 160
74 93
37 24
130 38
146 164
147 94
96 12
35 61
42 111
93 108
114 188
136 88
163 188
146 114
71 54
92 48
132 13
28 5
100 46
37 63
146 67
21 33
173 34
22 183
173 144
89 111
34 40
174 25
47 46
55 138
137 17
21 24
132 94
187 123
35 86
82 84
61 18
60 30
157 144
27 84
200 131
80 106
116 65
165 137
123 192
116 82
37 151
175 44
116 183
55 15
97 8
54 179
96 196
175 149
100 41
4 93
159 56
54 136
16 17
154 77
56 59
165 139
66 150
13 107
32 184
179 182
177 20
51 38
26 8
167 187
159 51
114 41
63 41
189 152
100 24
63 118
100 194
187 39
11 12
26 131
100 101
60 96
116 76
59 110
107 185
189 91
34 164
69 175
34 80
61 169
157 24
55 72
151 21
82 182
172 34
23 156
154 51
87 90
73 24
93 56
135 76
163 113
120 105
140 65
63 75
43 126
19 76
91 6
7 193
172 146
156 188
101 142
123 51
124 154
160 16
110 111
100 55
163 105
58 106
13 186
154 123
92 32
29 21
156 116
199 106
156 66
15 88
156 64
83 30
28 46
177 59
132 190
69 27
122 51
114 30
58 22
148 59
14 6
71 158
66 5
176 45
200 165
27 19
92 60
43 118
168 196
50 58
31 56
140 176
131 93
185 33
47 178
153 79
132 84
161 22
120 164
153 105
140 190
167 181
14 81
29 36
187 151
81 96
147 158
93 45
4 194
59 1
10 89
133 63
140 27
109 186
195 49
139 39
145 165
14 11
148 138
70 158
180 157
156 15
80 41
153 165
54 170
5 183
42 134
132 33
104 129
123 112
5 30
63 30
100 165
173 110
55 125
198 22
71 20
126 169
29 86
176 184
43 24
195 80
54 2
168 75
92 22
137 51
161 48
102 101
98 123
50 145
120 123
167 175
169 127
67 15
41 158
53 152
146 39
81 122
35 147
178 53
2 19
50 196
114 20
2 141
11 33
81 74
10 85
146 149
40 164
37 98
29 89
32 89
23 175
124 34
170 99
54 84
181 73
113 184
72 139
54 55
172 53
146 94
166 22
192 127
145 61
92 1
131 74
146 196
133 171
163 142
163 62
159 165
110 188
153 97
42 62
58 117
185 41
34 93
177 111
194 17
146 73
38 46
117 150
163 145
116 56
2 46
54 187
160 130
200 113
106 138
55 44
13 73
174 99
66 45
100 86
189 116
3 144
26 88
55 58
167 34
162 21
75 29
146 21
25 51
58 188
133 178
133 147
179 165
172 61
145 158
150 182
200 74
93 65
99 129
50 140
119 94
81 129
165 88
163 175
180 5
23 144
116 48
21 134
103 162
67 104
54 73
70 57
41 73
55 6
166 60
103 27
28 149
68 46
98 142
135 157
133 197
144 184
107 155
86 106
32 88
17 183
89 97
10 154
61 113
89 38
60 127
191 188
35 144
120 161
43 159
160 40
156 127
9 191
178 161
174 109
99 33
179 29
189 15
32 65
165 141
86 22
163 97
60 182
10 196
66 93
93 59
75 35
176 51
140 169
106 12
21 41
188 91
54 188
190 149
53 106
175 18
54 108
120 76
17 30
81 155
166 52
180 74
193 18
114 6
84 6
23 176
28 82
53 113
181 141
52 134
65 183
121 15
126 141
119 61
167 53
68 109
96 115
32 121
99 28
112 18
151 16
130 183
59 12
104 65
63 53
179 36
199 16
101 41
66 192
135 30
179 151
92 121
43 168
102 127
174 140
63 120
37 82
191 153
59 118
57 134
117 183
167 151
167 54
71 139
191 198
58 141
143 134
119 58
165 79
29 18
60 192
151 103
170 72
83 88
64 152
47 83
136 154
54 129
149 182
35 162
100 74
28 197
126 36
175 91
133 184
83 120
128 28
162 118
120 40
130 62
37 143
144 56
99 62
36 129
200 129
104 6
98 22
162 158
100 3
122 142
180 44
100 184
98 89
47 81
126 144
59 18
129 57
154 81
132 184
181 107
36 22
35 171
135 182
55 101
194 103
82 73
103 5
147 64
72 22
58 40
40 169
133 1
156 158
172 58
131 72
60 64
179 57
77 62
9 111
2 186
44 30
69 62
200 47
148 10
9 14
154 150
157 48
114 91
172 158
13 25
159 192
13 46
113 182
66 22
21 105
116 142
135 42
164 51
56 141
191 115
3 91
154 114
190 176
53 56
100 145
130 134
152 57
118 33
113 115
98 1
187 146
81 36
136 81
110 185
32 33
171 22
106 6
86 70
53 39
10 176
161 169
4 90
9 137
80 28
114 196
140 117
110 115
155 108
13 177
83 82
10 15
118 22
124 127
195 45
64 188
35 135
25 139
180 123
50 57
118 82
34 74
200 122
185 134
25 171
194 188
110 82
187 70
92 143
63 172
67 97
61 73
54 134
81 28
26 57
148 135
153 176
172 67
68 31
166 92
198 58
90 138
170 143
8 106
26 2
121 83
189 28
184 111
92 142
54 33
50 114
187 74
4 133
166 199
54 172
100 94
178 109
133 131
119 169
154 85
143 74
91 30
15 141
126 24
114 85
33 105
89 17
70 49
151 176
192 105
147 143
126 73
181 108
47 129
195 182
83 29
170 16
175 6
172 49
139 90
198 94
186 129
151 122
159 120
7 49
163 76
128 114
77 164
49 79
191 195
50 120
190 131
78 65
48 45
28 76
149 108
187 25
95 118
185 45
43 140
185 8
145 141
172 79
56 82
166 190
181 158
190 33
78 57
23 118
101 56
185 138
160 63
100 129
67 24
145 142
160 159
168 59
71 14
14 17
167 74
96 73
142 73
145 33
178 156
10 94
54 115
37 114
120 64
70 129
51 5
98 79
64 45
147 56
92 181
188 1
161 152
179 44
8 24
98 21
189 97
187 33
187 76
9 160
37 30
109 97
93 1
170 146
121 181
198 158
157 139
11 127
16 48
148 77
51 182
28 108
113 11
131 169
89 155
112 48
80 73
116 149
127 88
47 134
94 106
102 155
14 172
39 90
100 40
81 158
117 56
102 44
162 30
194 137
93 129
11 51
80 113
193 197
37 152
166 98
89 87
123 2
163 101
120 56
119 177
23 134
96 197
14 10
35 113
131 150
88 158
142 91
17 44
168 96
133 103
139 51
192 52
80 103
58 152
174 24
7 139
120 184
186 88
64 11
144 22
129 183
149 171
187 69
170 118
70 30
38 182
40 6
7 188
26 90
41 111
199 49
157 150
11 79
174 53
21 138
19 141
75 42
100 125
174 152
34 49
61 24
79 82
74 99
130 185
156 104
14 145
56 196
190 84
27 97
40 127
125 138
42 101
121 101
122 41
17 138
133 5
180 24
71 101
130 141
163 17
128 127
149 57
144 84
32 24
99 72
171 150
2 111
56 118
37 118
177 67
124 91
15 115
134 24
87 134
143 110
159 147
36 107
62 85
148 158
67 88
126 3
39 91
28 107
4 25
190 127
160 49
47 40
79 115
161 137
135 27
136 27
159 117
132 27
115 90
13 180
66 38
83 169
186 149
4 120
114 186
179 19
118 57
54 95
120 28
77 72
9 81
160 180
102 152
147 70
85 20
19 150
110 8
153 57
54 195
4 73
14 12
114 48
31 88
162 11
9 29
174 129
128 185
159 135
195 29
167 86
13 94
170 164
66 51
76 171
32 176
13 188
13 121
50 121
147 196
72 171
190 28
98 62
43 97
186 171
166 179
50 184
112 73
27 129
71 1
136 135
179 143
55 134
145 20
116 29
100 2
50 44
55 147
177 64
10 130
136 83
135 126
31 2
78 109
112 11
189 39
173 114
95 184
195 20
32 110
133 90
99 21
147 126
136 84
95 51
177 161
128 137
166 118
96 134
171 33
141 182
128 1
154 49
61 158
200 46
168 140
64 85
43 137
117 52
152 105
160 15
69 64
5 118
153 94
97 106
51 30
30 73
110 52
100 91
200 179
179 67
54 155
43 181
7 124
125 8
159 15
167 57
40 45
58 11
174 121
51 52
139 11
40 65
143 22
151 153
179 84
179 2
180 94
163 21
71 16
68 65
8 90
34 58
136 55
48 164
65 118
87 45
172 134
174 20
41 30
140 22
67 87
50 38
13 91
189 114
72 76
54 98
82 158
119 121
103 59
14 85
178 115
35 118
135 69
163 182
136 139
137 38
177 189
180 62
165 155
199 111
187 1
128 5
4 148
198 186
102 62
54 150
172 137
156 192
42 146
98 182
9 154
200 108
96 21
110 24
75 152
49 118
117 46
103 114
25 84
31 153
191 94
74 115
167 85
14 82
165 109
9 84
192 19
128 126
179 8
72 88
174 97
168 134
190 82
10 103
160 52
128 121
51 82
159 129
119 76
159 134
68 145
54 159
147 87
62 96
54 112
200 91
55 154
179 134
125 162
159 20
117 142
29 85
123 52
67 41
124 117
10 41
81 107
163 2
149 41
128 56
161 144
81 98
117 85
75 118
178 19
13 49
169 142
104 162
157 155
49 197
125 94
148 113
123 127
72 30
28 33
67 91
99 192
180 196
26 28
23 93
54 24
109 39
32 116
187 139
173 87
112 196
159 81
160 8
26 65
97 196
199 15
26 14
159 94
162 142
19 127
52 1
60 190
133 148
102 58
63 50
156 19
137 20
79 183
187 73
80 61
35 114
66 89
160 181
177 89
95 197
50 189
121 24
2 113
93 176
92 127
109 82
84 91
119 135
86 94
43 83
25 186
74 72
29 73
177 182
23 13
9 134
25 46
146 56
124 60
67 6
66 193
156 38
181 182
192 6
13 55
4 39
97 84
179 161
71 30
179 111
41 196
156 73
67 145
92 91
60 61
118 44
67 21
50 90
2 114
156 107
77 24
180 72
199 62
121 185
128 168
178 16
5 188
154 70
43 136
78 149
175 182
154 15
135 3
104 46
65 38
132 42
35 151
160 50
160 138
154 175
166 25
161 95
80 155
55 171
168 149
13 137
19 73
154 96
43 145
89 192
162 106
78 33
7 54
189 150
42 34
119 15
43 12
157 46
170 125
83 153
123 69
143 144
186 76
193 188
130 79
191 180
153 142
122 137
199 155
199 61
36 184
125 171
132 120
170 51
148 190
140 87
133 53
167 17
137 134
7 136
94 152
32 72
148 15
123 161
55 8
9 4
166 69
75 148
195 151
196 182
125 88
175 49
124 70
143 18
194 41
174 102
128 16
114 36
199 38
7 38
153 158
151 66
28 139
168 49
124 164
26 172
166 187
166 96
68 56
197 182
38 88
29 140
102 69
55 144
140 8
198 59
53 101
154 28
151 105
3 117
3 16
75 12
23 168
124 177
172 169
7 83
23 16
2 70
9 168
59 33
75 30
190 171
157 12
55 109
66 15
124 6
43 165
177 126
81 76
129 12
117 5
92 33
126 48
132 189
112 192
159 8
44 158
43 20
92 185
26 5
71 184
198 49
23 169
166 7
110 164
89 82
3 152
82 30
77 84
170 145
166 19
81 48
144 52
134 158
36 94
50 110
148 60
43 133
167 159
118 85
102 52
178 140
168 194
143 21
70 196
78 189
84 85
157 95
116 21
92 145
153 88
148 45
99 8
146 62
14 72
140 18
161 8
121 104
174 56
77 127
46 6
40 39
189 188
119 19
55 79
7 9
81 3
144 11
168 107
25 94
145 176
192 137
124 185
168 34
13 139
92 74
67 142
43 138
137 82
68 25
16 186
49 18
102 144
172 106
68 17
89 48
136 181
180 36
174 145
26 165
34 1
71 172
35 48
178 112
83 87
146 40
136 91
199 24
23 165
38 44
199 29
132 70
102 179
122 171
80 11
52 45
140 38
42 181
170 141
101 122
145 45
71 45
136 69
26 122
136 37
198 21
78 44
99 82
184 150
28 110
86 162
19 70
58 16
40 38
74 162
43 193
181 129
40 27
58 72
89 12
42 79
19 85
199 74
135 197
123 144
84 30
4 45
72 21
60 169
187 86
174 59
29 182
112 1
187 51
138 111
19 33
164 139
77 22
160 121
71 38
173 101
81 130
197 88
194 171
37 109
168 150
103 101
173 8
128 21
131 88
37 6
27 93
81 193
65 141
151 97
174 79
195 2
32 137
112 17
160 75
123 82
76 134
140 90
53 130
181 84
157 145
115 57
141 91
42 109
163 30
150 82
7 152
27 73
122 164
15 150
170 182
140 182
27 76
117 112
31 74
4 132
7 154
154 91
2 90
37 33
74 169
120 198
105 115
147 197
195 127
120 73
21 45
179 77
63 2
63 87
157 6
109 110
41 106
168 158
34 162
29 51
34 81
166 8
16 150
42 171
178 77
21 18
32 8
69 28
43 1
177 77
144 152
128 87
199 95
28 90
89 62
98 65
152 45
102 106
181 116
174 146
174 162
51 183
28 45
140 84
162 90
170 130
75 120
136 48
112 186
136 171
175 138
103 116
109 64
186 196
68 93
160 179
133 159
132 37
70 1
71 179
177 98
143 82
72 115
102 182
31 152
108 44
43 91
83 94
115 183
128 159
126 61
43 147
74 184
124 120
131 57
48 84
78 159
165 93
119 86
152 129
80 183
40 158
173 161
132 76
71 6
172 139
92 155
45 24
58 142
180 90
122 16
136 158
48 90
14 198
152 142
133 191
7 138
130 176
195 118
37 62
81 118
83 39
191 126
32 79
31 113
93 73
173 66
41 85
147 183
81 169
167 30
148 142
121 42
185 76
138 30
29 90
26 141
4 41
136 159
196 85
178 179
23 49
140 15
193 139
110 183
34 88
54 3
54 142
109 87
114 162
26 135
7 20
55 184
71 28
192 176
99 130
76 138
116 110
78 82
199 183
163 148
87 56
163 10
125 1
100 151
148 161
93 90
66 181
28 105
50 106
168 114
155 82
25 143
13 48
175 185
132 143
100 185
195 171
195 69
16 19
128 2
17 33
76 22
123 67
65 70
19 87
144 15
99 108
13 97
148 154
156 125
62 21
25 87
194 19
144 24
195 134
5 142
173 154
118 30
43 190
4 62
192 87
133 144
119 50
179 105
87 138
190 67
182 85
26 101
97 79
129 134
26 84
174 154
177 93
140 150
192 45
137 24
50 66
4 69
56 182
156 99
181 79
113 158
2 161
53 22
153 113
135 134
199 96
98 144
50 41
147 99
78 138
130 111
187 56
13 115
171 39
194 98
136 157
135 1
195 41
35 175
117 186
86 65
54 194
186 113
191 182
180 113
130 88
170 148
19 57
50 129
179 145
132 155
23 127
100 64
148 152
13 33
194 28
117 95
71 147
199 139
63 51
193 123
177 18
168 187
94 12
14 56
36 20
35 40
58 197
172 46
163 84
127 111
102 72
177 33
86 52
110 127
26 148
111 85
47 58
4 155
144 134
128 194
103 90
32 139
81 101
60 130
121 93
47 22
74 91
86 73
31 40
101 46
43 102
124 175
58 169
123 104
181 70
104 197
124 113
120 192
145 134
16 24
39 20
159 199
139 33
9 185
175 141
136 15
197 12
14 140
8 12
119 132
14 66
60 134
43 4
132 194
63 196
35 198
74 57
120 131
181 185
58 96
53 62
151 17
102 104
22 85
154 122
42 36
37 153
26 142
181 89
144 129
4 58
180 99
25 115
51 158
34 97
99 91
13 162
78 48
142 52
132 142
116 196
68 73
53 6
176 197
131 164
147 95
12 6
172 140
19 82
153 52
196 84
66 172
3 59
31 147
172 176
171 12
186 138
193 99
40 20
192 70
173 67
189 49
167 81
194 88
149 73
50 39
179 138
66 67
119 93
181 139
104 82
198 85
54 102
124 126
147 67
116 87
150 111
167 90
146 59
194 106
132 182
177 52
119 11
68 39
31 131
159 131
131 175
68 106
108 22
119 133
63 14
103 169
181 90
130 18
34 142
26 187
180 117
102 42
7 79
69 131
27 108
72 51
50 197
135 113
40 19
157 116
99 36
189 139
121 164
193 56
67 144
91 183
185 105
168 1
50 177
119 113
97 134
77 134
200 88
177 90
9 107
67 84
4 40
166 21
79 45
35 11
57 158
136 142
52 73
187 105
42 52
128 65
72 62
100 12
60 24
179 73
123 106
80 86
138 12
125 146
191 62
102 125
75 164
191 141
112 137
116 198
132 53
67 39
119 24
145 150
4 10
49 76
71 44
92 165
116 171
75 189
186 19
165 184
41 24
180 138
9 176
113 142
133 93
174 90
88 134
157 183
107 56
178 134
165 73
193 28
14 114
157 83
67 131
163 92
27 12
47 149
66 103
156 93
77 116
43 178
173 96
131 149
108 105
172 184
110 90
96 111
123 88
16 155
100 130
175 115
14 104
60 126
75 10
27 28
132 191
92 24
54 68
65 6
47 111
17 108
144 185
142 158
148 79
34 66
77 144
26 33
197 115
198 19
23 112
151 89
58 82
179 94
83 8
141 41
160 59
5 49
25 50
124 1
53 41
104 113
83 197
58 12
160 19
189 147
61 84
17 90
157 109
127 57
126 196
177 155
149 59
181 48
37 162
36 88
195 27
165 150
153 19
107 57
102 129
4 50
194 39
95 30
87 36
186 134
128 97
135 22
195 188
187 11
185 70
106 33
14 135
64 52
137 33
10 153
120 72
17 11
152 46
135 161
157 76
100 95
170 181
116 67
97 15
113 175
172 118
78 55
37 16
166 1
70 44
131 85
151 104
103 1
133 59
118 182
167 58
75 22
147 109
81 33
81 161
193 118
125 155
186 49
136 60
124 28
68 152
47 170
160 5
162 8
89 143
132 136
63 125
92 13
179 48
77 58
2 84
3 127
198 146
165 18
25 98
120 141
95 41
163 137
11 129
126 109
166 44
71 168
118 91
50 11
61 164
2 182
104 33
41 197
23 36
133 14
31 109
135 57
200 140
50 18
102 82
59 197
54 1
108 111
98 28
78 18
79 38
77 182
89 61
178 150
71 75
174 60
132 82
76 82
143 165
148 185
31 177
161 171
46 82
119 154
59 39
174 150
144 137
131 115
17 197
173 83
97 88
92 159
178 126
179 99
163 156
58 137
66 139
150 21
92 98
128 187
50 142
37 105
20 18
42 39
185 176
131 70
35 94
80 164
43 62
15 84
29 137
14 157
72 169
195 108
39 115
175 118
54 77
50 53
50 135
83 114
114 18
133 73
63 131
71 87
92 99
114 5
189 36
173 158
168 17
133 114
80 104
155 41
83 58
146 20
78 73
27 38
130 11
4 151
180 42
160 3
101 36
181 115
87 70
40 64
177 99
132 186
36 1
131 106
145 89
195 70
14 49
79 44
76 45
13 51
71 127
179 35
13 135
122 111
92 199
95 44
161 162
63 19
37 185
160 143
169 188
187 99
91 1
198 134
4 76
147 182
192 149
148 164
114 97
54 61
60 52
80 24
116 192
174 74
110 196
49 46
58 44
51 129
133 49
124 44
77 142
167 154
69 109
17 94
47 20
177 149
189 140
171 106
16 56
14 57
170 15
191 100
40 150
155 171
54 81
64 118
113 97
37 11
75 72
147 175
23 45
168 68
13 77
148 165
168 145
4 31
25 155
190 111
100 127
121 143
139 8
86 62
181 80
124 27
49 106
168 165
148 18
122 114
42 74
37 41
50 30
171 182
16 73
133 61
27 152
133 146
25 52
23 187
116 8
13 66
69 164
108 39
65 76
193 12
128 142
66 175
165 182
23 14
132 59
187 78
108 49
173 28
78 143
58 27
126 84
95 45
200 83
100 139
140 79
72 150
178 198
105 182
155 44
78 34
122 73
91 88
25 191
98 76
115 6
165 46
139 52
132 148
95 91
34 171
123 116
60 8
97 115
150 30
163 16
28 158
179 113
71 194
71 142
53 118
193 161
92 169
17 85
53 28
74 20
200 180
92 197
22 182
74 12
153 141
66 125
119 190
193 70
64 155
180 30
128 31
157 80
47 160
53 12
40 79
128 151
112 15
121 117
11 82
141 183
195 158
123 183
66 88
104 108
31 155
37 95
172 149
39 30
118 142
130 171
114 139
59 155
32 74
168 36
27 192
26 145
77 158
42 82
29 104
133 117
92 172
31 30
62 108
135 190
176 22
7 198
182 158
143 127
28 97
146 131
124 135
36 56
147 98
168 57
101 126
100 30
100 172
143 44
3 46
114 39
119 97
199 161
132 3
192 16
29 93
121 81
137 106
200 144
66 111
36 185
98 16
67 94
164 6
35 41
200 103
86 20
64 185
148 33
187 131
173 75
80 105
11 76
65 57
105 52
157 36
187 142
180 60
191 146
63 155
53 84
194 40
163 18
48 171
3 150
10 165
188 6
68 188
177 42
100 83
191 179
50 123
187 181
139 49
39 52
86 84
174 17
99 1
132 89
13 80
190 184
93 188
180 91
189 57
68 198
101 62
74 171
31 178
36 188
89 106
122 93
119 55
75 25
93 33
132 139
29 162
100 66
113 57
37 111
104 184
121 39
37 59
119 171
167 126
27 15
39 21
128 3
7 197
190 153
23 107
77 197
200 142
23 190
55 39
95 106
97 108
167 177
101 153
126 175
199 27
4 110
80 15
31 157
174 38
78 199
11 142
187 145
100 36
7 63
41 182
25 36
34 188
86 129
60 181
124 53
51 57
192 21
54 176
37 102
138 85
117 41
170 94
55 110
122 21
149 197
74 139
199 104
15 85
156 190
189 34
75 76
121 110
37 2
10 139
58 38
136 114
145 111
198 126
177 55
87 150
135 84
172 98
163 121
199 84
11 45
70 24
5 20
99 115
180 19
169 183
178 154
114 171
13 21
110 150
159 181
135 172
76 91
156 137
128 120
102 59
25 196
188 150
156 61
166 75
34 38
195 101
176 18
122 64
154 130
146 169
168 123
100 108
71 195
151 15
7 146
178 41
42 24
133 129
13 179
161 104
37 129
128 195
178 114
108 91
193 190
190 12
113 59
123 93
40 24
181 8
2 130
170 56
14 22
156 40
200 110
165 65
14 106
80 112
189 81
78 162
63 193
178 1
31 175
137 90
100 11
168 27
61 110
63 9
27 127
200 22
56 158
55 169
180 185
60 147
42 29
9 133
124 176
74 97
89 138
68 143
47 41
60 114
199 117
130 21
190 64
78 59
92 85
72 105
175 158
181 72
168 52
151 152
40 51
170 162
125 196
74 104
55 185
188 138
3 142
94 76
31 16
53 126
181 20
109 108
191 169
129 127
53 109
149 22
83 65
167 46
48 52
78 157
7 65
53 44
76 52
133 122
63 185
43 156
67 112
120 97
38 39
156 126
117 110
152 134
75 78
5 96
78 62
175 15
142 30
191 98
188 171
27 188
119 98
68 94
58 115
159 87
80 90
58 110
163 181
173 15
96 150
177 3
2 145
167 142
127 52
198 192
68 97
66 113
145 164
3 130
3 111
83 196
63 76
80 138
198 3
189 90
166 41
32 105
120 165
75 69
165 45
31 48
95 185
35 169
102 32
80 88
172 16
117 20
143 85
124 83
123 41
103 184
128 108
157 193
67 111
77 183
187 156
64 105
124 46
170 159
8 158
193 152
171 45
117 139
36 196
71 155
14 188
157 69
139 134
64 115
89 152
9 198
25 180
130 188
170 140
86 153
170 147
13 189
189 142
144 96
178 108
78 96
151 184
50 6
71 96
13 58
86 118
78 53
101 150
166 109
10 30
68 9
77 53
166 193
49 39
37 175
136 150
23 126
167 68
174 144
107 84
43 182
147 164
64 183
166 125
165 11
124 122
192 8
174 88
108 51
67 89
83 6
128 111
130 184
157 162
162 155
194 11
102 53
194 15
80 5
122 182
49 88
195 66
170 6
25 197
191 156
91 134
161 186
78 141
179 176
3 95
7 125
9 6
173 162
97 139
151 82
112 113
100 171
166 183
173 99
62 22
146 95
55 112
37 190
124 125
126 146
120 138
48 95
58 171
139 176
4 146
55 96
111 45
148 20
71 145
7 114
128 169
172 88
165 38
27 11
153 39
55 20
9 171
148 88
154 120
53 127
43 35
174 138
4 48
140 122
28 21
124 111
170 98
83 2
156 151
118 111
43 124
8 44
92 30
160 38
166 100
147 142
3 85
194 42
35 82
167 135
167 29
50 95
167 131
133 142
100 73
146 153
99 19
162 197
68 179
55 81
31 162
50 91
137 188
84 115
71 146
119 145
26 18
159 158
94 24
47 118
71 39
89 57
143 48
172 73
142 6
170 106
103 40
119 91
172 62
122 185
153 137
163 140
34 114
161 93
25 20
135 83
56 44
38 158
65 95
43 25
121 114
75 129
38 21
32 123
43 99
150 85
23 61
26 72
151 12
13 145
128 130
43 134
120 36
42 98
187 199
60 111
61 141
99 184
124 118
64 65
7 172
80 70
16 88
196 111
123 196
9 195
9 11
64 18
180 33
176 41
9 188
101 94
200 101
151 120
106 134
31 150
109 164
98 161
170 189
31 101
103 12
154 188
23 38
133 64
60 140
17 176
119 43
63 67
152 197
61 196
125 59
74 110
92 62
28 169
200 149
135 185
164 39
71 157
67 176
136 2
17 97
29 33
100 59
74 44
191 114
13 138
101 48
165 8
102 126
80 182
55 59
4 116
145 114
60 137
153 138
87 127
48 46
151 108
125 36
156 122
177 135
177 121
65 49
23 139
42 69
90 1
191 183
172 186
58 149
89 49
167 194
83 182
100 164
179 33
42 122
165 129
17 20
112 51
97 20
133 199
9 34
133 152
68 80
196 150
192 30
13 88
126 139
71 47
181 27
125 188
117 190
62 6
164 188
2 36
154 84
51 111
170 113
93 84
168 195
60 171
31 96
26 189
128 136
136 117
125 79
80 16
125 98
29 112
34 76
123 117
170 199
40 183
55 88
119 79
19 182
98 103
47 49
189 65
132 65
77 146
4 49
5 12
197 18
23 151
161 184
179 65
116 46
83 105
112 41
135 176
160 67
70 142
64 138
95 70
194 67
160 11
135 40
144 90
37 177
180 39
27 70
86 114
187 21
146 162
2 48
75 143
32 189
190 62
200 126
148 29
32 162
177 70
89 146
16 11
68 35
153 182
53 117
74 137
154 109
126 113
58 131
80 3
63 130
180 97
63 1
180 98
163 114
160 104
13 113
80 150
34 184
93 139
129 46
23 90
31 41
152 182
33 158
199 52
72 73
151 53
180 17
110 158
97 171
173 2
92 55
150 6
176 134
54 75
198 88
165 56
178 120
92 25
122 45
2 152
61 38
54 196
172 96
43 112
7 189
107 138
151 155
200 191
116 61
29 99
66 198
193 8
143 33
133 108
177 69
173 18
56 139
109 105
199 158
156 172
189 27
80 149
19 96
114 11
104 182
120 146
178 45
78 100
37 61
133 70
71 108
112 93
75 6
178 118
140 64
7 184
44 134
104 118
77 29
153 27
137 22
50 99
87 111
40 175
200 70
157 84
161 27
133 10
31 156
181 21
198 5
151 49
148 76
78 171
9 41
98 95
109 41
55 122
123 12
102 158
172 87
40 192
65 94
143 12
187 138
13 95
4 70
37 188
198 109
34 152
43 70
122 12
148 27
108 196
57 73
195 161
78 186
133 20
113 52
150 88
98 114
160 79
93 196
175 84
78 190
75 181
161 113
108 183
50 185
86 164
168 102
200 115
189 30
16 164
137 65
128 51
113 12
120 2
159 186
23 189
92 194
98 126
103 97
179 142
47 120
43 100
63 126
28 56
13 87
142 20
191 35
107 175
23 34
154 192
198 176
163 37
180 10
126 127
108 21
7 157
60 161
9 57
144 109
11 41
7 39
168 122
9 102
43 155
58 59
104 49
176 88
88 33
71 4
116 165
92 16
119 197
170 183
124 49
89 22
163 169
25 185
2 74
29 171
108 106
27 36
42 183
195 73
63 138
153 18
163 88
162 87
47 113
9 49
43 50
7 158
140 192
43 59
166 120
129 142
136 176
136 185
81 190
149 188
75 46
179 91
84 20
96 45
90 30
3 17
156 12
98 122
61 91
123 44
163 193
140 72
34 96
200 51
147 185
102 113
109 73
26 143
58 91
4 129
65 44
174 40
71 164
43 94
153 99
93 16
78 64
143 109
133 145
2 131
69 90
178 70
107 41
124 85
75 151
35 20
9 164
188 184
4 72
54 149
126 33
55 51
35 30
43 45
93 175
167 48
176 115
162 88
66 19
23 115
23 52
134 73
168 136
145 8
77 67
75 27
77 11
62 129
31 42
36 171
151 99
87 73
167 120
119 151
37 90
177 61
162 49
100 16
163 72
93 106
72 127
13 172
173 39
155 91
13 152
168 186
106 158
168 69
76 115
92 176
177 97
174 133
102 5
25 16
46 73
48 57
199 18
140 185
70 38
136 35
87 152
122 5
48 152
141 105
86 18
187 117
186 38
38 150
55 2
160 113
13 20
78 76
89 188
35 141
123 105
71 140
194 138
103 150
78 8
181 150
179 159
22 24
125 190
25 193
68 129
23 132
67 150
99 44
139 183
50 15
7 16
142 196
94 82
148 49
95 22
72 44
37 8
14 77
156 35
156 189
108 57
161 107
92 10
132 44
102 80
34 27
156 162
151 18
174 179
173 21
54 14
163 167
41 115
168 35
34 11
93 49
112 76
9 194
35 99
124 134
54 96
156 46
146 33
181 61
11 185
76 18
60 157
37 74
65 91
16 38
159 146
179 62
27 45
130 27
199 150
56 45
102 17
111 88
157 94
103 87
69 155
25 156
130 182
32 122
26 45
161 46
54 154
66 144
68 64
187 178
89 114
68 149
178 93
47 10
10 21
117 129
37 60
132 15
150 22
49 91
92 147
80 79
63 171
132 50
168 188
77 139
167 31
153 115
192 12
71 74
189 70
60 94
177 198
54 56
110 96
200 80
101 1
131 16
86 139
119 188
91 33
37 125
192 138
64 57
14 150
146 36
169 51
151 5
43 39
160 82
2 39
93 185
43 173
163 199
42 11
86 101
55 40
160 196
32 35
56 127
120 33
179 79
47 155
173 157
198 113
136 38
160 55
116 97
174 125
75 175
170 176
195 122
8 39
195 82
72 197
121 33
75 127
107 196
13 57
23 50
71 133
132 144
63 6
151 52
187 58
191 92
