InstanceID
7_40_4
NumObjects
40
NumFactors
4
Weights
81.24385822007527
65.49774646337252
48.96133803478428
7.875953556887483
58.15906311251917
25.805333157677303
19.64649019558198
19.392536240567605
84.29510710331931
66.19303282513103
40.13518161037963
63.59044269989988
48.83636546924342
98.6985622113955
45.92306948614839
79.23560381723036
38.14143485237391
72.28732924471907
73.80915162156754
74.50442509510245
33.438342217325356
1.2122539899107165
73.47466497855586
80.40222425985333
75.9540016305056
6.486169314089607
28.779459400092232
26.075409337816268
26.812754456766584
23.983200203808643
98.31045491229624
18.976665278178206
67.21467520300546
28.922693449038416
44.10718068472461
96.43324156758403
67.16894142832939
76.21546430337038
69.60890021481822
14.52220154560042
Budget
1035.165461696823
Profits
-16.248771644015054
-13.099549292674505
-9.792267606956857
-1.5751907113774966
-11.631812622503833
-5.16106663153546
-3.9292980391163956
-3.8785072481135208
-16.85902142066386
-13.238606565026206
-8.027036322075926
-12.718088539979977
-9.767273093848683
-19.7397124422791
-9.184613897229678
-15.847120763446071
-7.628286970474782
-14.457465848943816
-14.761830324313507
-14.900885019020489
-6.687668443465071
-0.2424507979821433
-14.694932995711174
-16.080444851970665
-15.19080032610112
-1.2972338628179214
-5.755891880018447
-5.215081867563254
-5.362550891353317
-4.796640040761728
-19.662090982459247
-3.7953330556356413
-13.44293504060109
-5.784538689807683
-8.821436136944921
-19.286648313516807
-13.433788285665878
-15.243092860674077
-13.921780042963643
-2.9044403091200843
FactorLoading
0.06051726649515299	-0.6481461856002448	-0.19692766998683053	0.09440887791777164
0.06550179513679866	-0.3214419434934608	-0.594097762991614	0.018958498378126576
-0.21130423746783156	0.4159351456021274	0.2614067294281255	-0.11135388750191555
-0.3062661537416156	0.4465626231528341	-0.10652032435562875	0.14065089874992154
-0.14074628587484117	0.039580692583227606	-0.270859199930104	0.5488138216118272
0.02379618494797664	-0.024936703552209005	0.8965896260897694	0.05467748541004491
-0.4858659332037525	-0.3143679022443333	-0.06401945734644299	-0.13574670720547122
-0.1874671095456668	-0.16493912480044948	0.4893107236585168	-0.1582830419953669
-0.5055955820521096	-0.4050512112396176	0.08005147730500028	0.009301729403272452
-0.6082640564979893	-0.12155607754728037	0.20696536174877234	0.06321450420595798
-0.5740965400151046	-0.16573803931474673	0.17768887046134663	0.08247655020880207
-0.39306407443664826	0.08337321552374521	0.36379606047625046	-0.15976664956335607
-0.06100034886040451	0.3407461003606558	-0.5935480897991823	0.0047054609797574365
0.005995937763022541	-0.025511353486231236	-0.30697822296788235	-0.6615144857828639
-0.4345725029482268	0.07662900363200964	0.4726351254813952	0.016163367938368367
0.33974754756359604	0.09795124963926827	-0.15099125076913067	0.411309952028005
-0.11417491297183924	0.567472255878952	0.18224619372187068	0.13610663742733808
0.29138939766246463	-0.40971237800684523	-0.041209291175397844	-0.2576889331552923
-0.5723209725192875	0.1251606190063348	0.20873115179604929	0.09378725667832843
0.5885055600330737	-0.004466467786256256	0.23589986762292492	-0.17112810455774508
0.09295397540255257	-0.0632599565090366	0.6429511772462766	0.20083489084213424
0.21542910741685306	-0.6673790057062574	0.01391951621437082	-0.10327237066251871
-0.01771838938079706	-0.01954904700539095	0.8349466002724553	0.12778596334135672
-0.3094594879357593	0.14684926618736416	-0.19621886251442322	-0.34747238336245334
-0.2955658882345962	-0.10090144208478669	-0.30880706102761013	-0.294725608653007
-0.09075803469762334	-0.37895711776316054	-0.08241971833486184	0.4478651292043543
0.5347201323159647	0.2982082850665826	0.12124412583450561	0.045827456782947085
-0.025072739800863664	-0.3714743916197636	-0.5450531525999083	-0.05839971597946447
0.20096348091495342	-0.0391310620569838	0.2692080700644226	0.4906973869636402
0.32442427367225335	0.2768936627149938	0.32150874344058056	-0.07717332017217227
-0.4586709830321989	-0.49735427158850665	0.036366629235561554	-0.0076081161437329126
-0.6285746129211491	0.03990470594959894	-0.15249882598378584	0.1790218551454661
0.6525258422116034	0.2229323783655517	-0.025566301634930122	0.09897547778791482
-0.021412542232521314	0.12430521571324671	-0.6635091874300634	-0.1907730546241686
0.055956375073069164	0.3810895978255293	0.5114668300690524	-0.05148719703234916
-0.060472465532380726	0.8000144555753277	-0.04939464281809913	0.09011843607419245
-0.11766946303003634	0.46883270553190726	0.06274391226582332	-0.3507539191722331
0.06572067469491794	-0.28055735895525813	-0.33433247803355925	-0.3193894883162647
0.09762285656839809	-0.011379597336309333	0.8316405856577296	0.059356960437563
0.07778120829179236	-0.04003988736925579	0.5523563103191838	0.3298225940197681
Conflicts
36 33
27 30
32 21
40 5
28 24
26 19
11 1
40 16
37 1
4 5
22 30
5 33
31 33
25 16
5 24
30 24
34 28
13 1
8 12
26 18
23 5
9 18
17 15
11 33
5 30
3 27
24 18
9 11
21 20
7 13
19 21
16 21
4 25
14 28
19 18
11 21
26 21
10 36
27 5
2 18
23 35
25 1
35 19
37 34
14 39
33 1
37 13
7 29
17 6
9 33
29 19
15 20
32 24
3 18
26 34
10 28
9 40
34 36
3 20
36 30
11 5
25 24
34 15
31 28
14 22
11 24
34 21
4 30
31 29
10 2
17 18
2 11
10 12
31 15
38 30
28 5
26 35
12 20
31 40
36 18
36 12
23 38
14 30
35 22
13 29
40 21
35 17
37 11
23 13
10 5
15 30
10 15
31 5
32 16
17 11
34 24
39 38
14 6
37 16
35 40
14 27
3 36
4 12
29 24
35 16
16 11
8 18
21 1
2 6
36 20
37 25
37 17
28 1
31 24
10 3
7 25
7 11
37 2
10 34
14 12
30 1
10 29
2 28
23 40
23 39
7 31
40 22
13 32
6 18
12 24
26 29
36 11
29 8
29 17
32 18
37 36
32 5
23 28
19 16
14 29
26 13
31 35
6 12
11 8
14 33
9 31
7 4
26 24
5 15
29 27
4 27
16 5
32 34
17 33
14 16
40 24
28 12
7 36
10 21
9 17
2 33
40 38
3 12
23 12
40 20
40 39
26 1
7 24
25 39
7 16
34 16
14 24
32 33
23 36
7 39
3 1
9 30
35 18
5 18
13 22
4 6
34 33
4 14
25 30
35 38
3 28
32 10
39 24
4 11
13 36
14 8
31 12
4 33
10 18
16 22
4 28
23 19
35 8
25 36
9 4
22 6
28 22
14 32
19 8
16 38
4 16
9 24
9 20
27 36
39 33
23 6
28 6
23 9
17 36
23 11
7 33
23 24
4 22
14 21
34 20
21 39
16 1
27 39
9 27
26 30
7 38
34 6
9 36
13 10
26 36
23 16
12 33
33 18
26 15
34 22
9 38
34 12
29 12
11 30
13 28
4 20
31 8
31 36
39 18
19 36
32 17
10 20
9 21
4 1
22 38
32 11
4 35
8 38
26 3
36 5
38 24
5 1
7 40
5 8
36 22
3 17
34 17
36 21
5 22
2 16
12 1
9 8
35 34
34 30
6 33
31 27
31 38
23 20
31 22
9 19
25 2
7 10
17 8
27 22
34 29
7 19
9 1
9 39
17 20
4 8
31 20
35 11
19 17
37 4
7 6
8 22
14 40
35 5
6 24
7 15
40 27
27 16
16 6
23 33
37 31
15 21
32 19
23 21
20 1
4 34
6 30
11 6
37 33
8 20
10 35
31 10
37 35
7 8
33 30
32 36
10 38
25 21
26 9
35 30
14 18
16 24
14 36
4 38
31 1
37 19
2 22
8 15
13 5
29 36
9 12
28 18
7 30
27 20
23 14
13 31
35 1
3 21
4 2
25 12
25 8
13 8
17 5
17 38
36 8
28 11
9 5
14 1
3 40
37 15
4 36
29 21
29 6
27 6
15 39
31 3
11 12
3 33
3 15
4 32
13 2
37 10
23 25
7 34
22 18
11 22
35 12
3 38
13 25
35 24
4 19
22 33
9 28
14 2
11 18
26 32
20 18
40 17
11 38
26 27
17 39
39 6
24 1
4 21
34 27
37 6
23 15
8 21
13 3
4 17
27 19
