InstanceID
7_50_4
NumObjects
50
NumFactors
4
Weights
81.24385822007527
65.49774646337252
48.96133803478428
7.875953556887483
58.15906311251917
25.805333157677303
19.64649019558198
19.392536240567605
84.29510710331931
66.19303282513103
40.13518161037963
63.59044269989988
48.83636546924342
98.6985622113955
45.92306948614839
79.23560381723036
38.14143485237391
72.28732924471907
73.80915162156754
74.50442509510245
33.438342217325356
1.2122539899107165
73.47466497855586
80.40222425985333
75.9540016305056
6.486169314089607
28.779459400092232
26.075409337816268
26.812754456766584
23.983200203808643
98.31045491229624
18.976665278178206
67.21467520300546
28.922693449038416
44.10718068472461
96.43324156758403
67.16894142832939
76.21546430337038
69.60890021481822
14.52220154560042
70.86634520953979
6.051726649515299
90.55911220822284
91.76458993797551
11.32209653078069
33.34420192893867
56.25464419856765
6.550179513679866
38.694373863025945
98.10415016218734
Budget
1286.9211717980397
Profits
-16.248771644015054
-13.099549292674505
-9.792267606956857
-1.5751907113774966
-11.631812622503833
-5.16106663153546
-3.9292980391163956
-3.8785072481135208
-16.85902142066386
-13.238606565026206
-8.027036322075926
-12.718088539979977
-9.767273093848683
-19.7397124422791
-9.184613897229678
-15.847120763446071
-7.628286970474782
-14.457465848943816
-14.761830324313507
-14.900885019020489
-6.687668443465071
-0.2424507979821433
-14.694932995711174
-16.080444851970665
-15.19080032610112
-1.2972338628179214
-5.755891880018447
-5.215081867563254
-5.362550891353317
-4.796640040761728
-19.662090982459247
-3.7953330556356413
-13.44293504060109
-5.784538689807683
-8.821436136944921
-19.286648313516807
-13.433788285665878
-15.243092860674077
-13.921780042963643
-2.9044403091200843
-14.173269041907957
-1.2103453299030598
-18.11182244164457
-18.352917987595102
-2.264419306156138
-6.6688403857877345
-11.250928839713529
-1.3100359027359731
-7.738874772605189
-19.620830032437468
FactorLoading
0.4520577025698702	0.0425611847798022	-0.20774449859577837	0.2976366140545492
-0.3438796968409752	0.5425914080106249	-0.03471905443441625	0.07880984071398367
0.3357597967196262	-0.14716869566109225	-0.10085712224758736	-0.4162143853716942
0.12023289092182221	-0.2653776436087565	-0.32979662778310104	0.28459283768632027
0.48393188883428895	0.08319558572674324	0.2939024512348938	-0.13897007420407403
-0.30791898395901796	-0.08603070710343297	0.07077111671383474	-0.5352791922237143
-0.44828359467938705	0.04579039793396755	0.009816512381954468	0.4961094950046909
0.24563797031692025	0.10018681615395275	0.5802520921284489	0.07392312140067814
0.11753091942199023	0.1985328026344524	0.2820769153155993	0.40185936262795807
0.16469721378774915	-0.311950120770919	0.45987898184193376	-0.06347368359939809
-0.24268593854327603	-0.5274124656827797	0.18690114231757482	-0.04300045345636949
0.18552010674303565	-0.008202220066968469	-0.6871162731891531	-0.11916140000084274
-0.08478041232264921	0.23109118941183926	-0.20510585340857057	0.47902254485694096
0.0845702295703119	-0.4224644932148143	0.10217725115065646	-0.39078802606421736
0.16914932149203277	0.40991457842035617	0.14605918202452584	-0.27487691806308523
0.03182206758414896	-0.7716914404555615	0.17280883011839698	0.023677661841892572
-0.20009521661369023	0.013455280650396917	0.6041603221585266	0.1822891805773863
0.4254463901808734	0.21181168356098046	0.02400443957006293	0.33873748668808323
-0.09684740613705123	-0.5528339568055152	-0.34960733224928586	0.0007113048081477391
0.09787281696596262	0.4422555017339824	-0.016870529598880912	0.44300115170117405
-0.27051897247256584	0.6004441355349341	-0.05612240540148039	-0.07291448659101962
0.19812399671714997	0.036203682648015434	-0.45347189281059386	-0.31220042782424073
-0.09726027063483156	-0.30364750139443775	0.35815774985348026	-0.24093447811725044
-0.010978979570927638	-0.017976696235614265	-0.24312979953233071	0.7279145246611274
0.23796783675130007	0.10983107296509487	0.10306459988463246	0.5491364903989726
0.7695523903467312	-0.01832729586906723	0.06004212521449115	-0.15207818856971045
-0.1436837460774001	-0.24357640643025702	-0.10374301186015256	0.5089968356321903
0.1796341140550053	-0.479014432804421	0.05659821370505669	0.284753239435517
-0.5924039716000435	0.025850685389841477	-0.012066621450585124	0.36967872155952985
-0.1364064934157292	0.08658930869058445	0.43169211844633426	0.3453120794473521
0.04469304345894809	0.2934099648087449	0.31906449379512747	0.3428324979371795
0.12530056000545287	-0.39354401114755544	0.11108056500154095	-0.37007486384545074
-0.029377728698104733	-0.03255535148645605	0.7258707427663535	-0.21219617704908567
-0.5674539878076432	0.11967772791345754	0.1748060512842471	-0.13806223299465215
0.3952997555512998	0.09555422436461791	-0.03545881463903089	0.4736872054450514
-0.22689072871073246	-0.4687650653562956	-0.20353643713871294	0.10080776879425901
-0.17037135385261815	-0.10175749135580281	0.6549583777106411	-0.07291277708093791
0.388780464409503	0.16318935632054954	-0.3259779445594748	-0.12205223471047266
0.1855760023297326	0.3595352725973584	0.29682585757145463	-0.15806286750145437
-0.35485171227212997	-0.524668578521474	0.0716183435197022	-0.04886136568669386
0.18702523400069437	0.028806606106708488	0.3165028186392813	0.4676653412533158
0.31220231045508284	-0.49153818983376185	-0.12477033496614198	0.07148916474501332
-0.13493651477200475	-0.310693061421339	-0.07105411736004008	-0.48331630644661616
0.43370388512195324	0.07983217951696076	-0.06168651487641319	-0.4247774204846728
-0.13185292266162163	0.699035374363477	0.0252740412323611	0.1438376617425403
-0.6628451457897404	-0.1276086846769411	0.025651487282686514	-0.183894682250632
0.36101459635305555	-0.0588787717600292	0.5743862416859855	-0.005720390200929737
-0.03239190395334668	-0.12843941964926064	-0.19030568944830906	0.6488629869490836
0.1773782722338264	0.05215904403788185	-0.5869887497319204	0.18347393399637135
0.10341165172039646	-0.02481962827598916	0.01084194312308373	0.8609267768805307
Conflicts
48 30
48 5
47 3
27 18
47 24
9 11
48 20
47 21
7 13
43 21
19 16
4 21
25 14
28 18
19 11
26 21
10 21
50 36
5 24
27 45
5 44
2 48
43 44
42 48
46 18
23 35
25 1
35 19
37 34
14 39
47 42
41 44
33 1
47 50
13 48
37 29
7 17
6 12
9 8
19 33
29 44
15 20
26 19
11 33
32 45
18 24
26 3
34 46
10 28
40 44
9 34
3 36
46 20
36 30
43 11
25 49
34 15
31 28
43 42
41 45
14 22
49 24
11 21
47 34
4 30
31 29
10 2
36 17
17 18
2 17
11 12
10 15
31 38
50 30
28 5
35 46
26 9
9 20
31 12
40 18
36 49
36 12
34 48
43 15
23 38
14 30
35 45
22 39
29 39
13 40
21 44
43 35
43 50
47 17
11 46
37 13
43 23
10 5
25 24
15 30
31 5
23 13
32 16
17 49
34 11
39 24
38 44
14 6
37 16
35 40
14 27
43 36
3 12
4 50
48 24
35 29
16 49
47 16
8 18
21 1
47 2
43 45
6 46
36 20
37 25
37 17
48 46
28 1
31 24
48 44
10 3
7 25
7 48
2 11
37 10
14 34
49 12
30 1
10 29
2 28
40 16
42 46
23 40
23 39
31 50
7 44
42 19
45 18
47 40
13 22
32 18
48 6
42 12
43 26
29 36
11 45
29 8
29 17
49 18
37 32
47 36
32 5
23 28
43 19
16 48
14 29
26 13
6 18
31 42
35 6
50 42
8 33
14 31
9 48
7 4
26 44
41 24
28 24
5 15
27 41
4 29
43 27
10 49
4 10
7 3
36 5
17 15
32 34
42 17
14 33
16 45
40 28
12 24
7 45
10 11
17 1
43 9
2 33
26 34
40 38
23 12
40 48
40 39
26 42
24 1
43 7
7 39
16 46
34 16
14 24
32 33
12 46
16 24
25 45
7 36
23 36
3 1
9 30
35 18
41 18
4 44
6 33
50 34
14 41
25 38
43 40
35 38
47 28
32 3
10 48
7 24
4 39
11 5
36 15
13 14
27 8
14 12
4 33
10 18
16 22
4 28
23 19
43 46
25 8
9 4
22 6
43 16
7 22
29 28
32 19
8 41
16 38
4 24
9 29
10 20
9 27
36 33
39 30
23 30
28 6
23 9
23 49
7 11
33 45
23 48
44 24
4 22
43 14
48 21
44 20
34 21
17 39
16 15
39 1
42 27
47 27
22 38
26 30
38 30
7 34
16 6
36 38
41 15
27 39
10 44
13 49
47 1
27 36
47 30
46 24
12 45
33 18
23 16
26 15
34 45
9 41
34 12
4 41
9 19
50 12
29 30
28 11
50 10
2 41
13 50
31 20
31 44
31 36
4 12
39 18
7 38
19 36
47 32
4 17
6 20
9 21
14 8
36 48
4 48
22 1
9 38
32 12
42 49
43 22
4 35
50 8
43 1
37 45
38 24
5 1
7 40
5 8
36 22
41 46
3 17
34 44
9 36
5 21
22 41
43 2
2 45
4 5
50 1
9 12
8 45
50 27
46 30
35 34
36 46
43 30
34 30
50 41
17 6
6 44
33 20
43 48
47 12
31 27
23 31
22 20
31 19
9 44
2 18
25 2
10 17
49 8
22 45
27 44
34 29
7 46
9 47
9 1
39 20
17 8
4 20
27 21
47 35
17 11
37 19
43 49
34 6
8 20
7 47
34 28
14 40
5 41
35 44
47 44
6 24
7 15
40 27
23 47
33 24
22 12
37 22
31 15
21 46
19 49
23 32
45 20
25 16
43 47
37 41
34 24
4 40
34 27
44 30
6 30
11 6
48 33
23 37
23 10
47 5
10 35
8 46
38 41
31 10
37 35
7 8
33 30
26 45
32 36
10 38
25 21
7 10
35 30
29 19
4 31
14 35
16 41
4 49
37 1
19 45
48 41
2 49
8 22
13 15
29 11
9 2
28 12
23 18
50 24
13 31
25 30
35 1
21 45
3 45
16 21
4 2
25 12
35 17
43 25
47 13
43 5
32 49
17 38
36 8
42 11
28 30
13 35
37 4
26 18
9 5
16 1
14 1
3 40
48 15
15 45
37 42
4 36
29 21
29 6
27 17
15 12
34 3
49 33
47 18
35 3
4 32
43 32
23 25
22 18
43 20
4 46
11 22
35 12
39 38
48 38
13 3
19 24
19 44
28 33
14 2
48 11
48 18
26 40
27 48
20 18
40 17
11 38
26 27
49 30
15 39
33 44
49 6
47 39
21 41
27 24
11 49
31 49
35 27
41 6
23 15
3 8
43 13
47 49
27 28
2 20
37 5
34 17
9 39
27 20
29 1
26 39
25 33
11 39
10 33
42 22
23 2
8 30
5 6
29 22
28 8
10 16
36 6
7 30
13 41
15 33
15 21
32 22
37 39
19 20
50 33
49 22
32 20
11 44
19 12
25 5
10 41
42 38
23 26
47 22
10 8
26 8
20 30
14 16
28 39
14 38
44 18
28 41
3 15
36 44
23 7
19 15
4 19
17 12
19 8
43 18
15 24
5 18
2 30
4 13
2 12
37 40
50 29
10 24
40 49
32 1
31 1
26 24
42 33
27 15
40 22
25 17
3 22
28 36
43 17
10 1
47 10
2 8
14 45
16 12
17 46
26 36
50 6
14 46
29 27
37 44
9 15
17 22
14 32
9 42
16 36
43 4
34 1
35 24
40 15
14 15
28 38
32 2
13 1
1 20
46 45
