InstanceID
7_60_4
NumObjects
60
NumFactors
4
Weights
81.24385822007527
65.49774646337252
48.96133803478428
7.875953556887483
58.15906311251917
25.805333157677303
19.64649019558198
19.392536240567605
84.29510710331931
66.19303282513103
40.13518161037963
63.59044269989988
48.83636546924342
98.6985622113955
45.92306948614839
79.23560381723036
38.14143485237391
72.28732924471907
73.80915162156754
74.50442509510245
33.438342217325356
1.2122539899107165
73.47466497855586
80.40222425985333
75.9540016305056
6.486169314089607
28.779459400092232
26.075409337816268
26.812754456766584
23.983200203808643
98.31045491229624
18.976665278178206
67.21467520300546
28.922693449038416
44.10718068472461
96.43324156758403
67.16894142832939
76.21546430337038
69.60890021481822
14.52220154560042
70.86634520953979
6.051726649515299
90.55911220822284
91.76458993797551
11.32209653078069
33.34420192893867
56.25464419856765
6.550179513679866
38.694373863025945
98.10415016218734
70.23633859454507
45.20577025698702
49.46188873496724
85.24452694601048
62.7239383069959
21.130423746783155
88.86461124980845
34.38796968409752
88.64711048516001
92.11901592860163
Budget
1605.9319687650177
Profits
-16.248771644015054
-13.099549292674505
-9.792267606956857
-1.5751907113774966
-11.631812622503833
-5.16106663153546
-3.9292980391163956
-3.8785072481135208
-16.85902142066386
-13.238606565026206
-8.027036322075926
-12.718088539979977
-9.767273093848683
-19.7397124422791
-9.184613897229678
-15.847120763446071
-7.628286970474782
-14.457465848943816
-14.761830324313507
-14.900885019020489
-6.687668443465071
-0.2424507979821433
-14.694932995711174
-16.080444851970665
-15.19080032610112
-1.2972338628179214
-5.755891880018447
-5.215081867563254
-5.362550891353317
-4.796640040761728
-19.662090982459247
-3.7953330556356413
-13.44293504060109
-5.784538689807683
-8.821436136944921
-19.286648313516807
-13.433788285665878
-15.243092860674077
-13.921780042963643
-2.9044403091200843
-14.173269041907957
-1.2103453299030598
-18.11182244164457
-18.352917987595102
-2.264419306156138
-6.6688403857877345
-11.250928839713529
-1.3100359027359731
-7.738874772605189
-19.620830032437468
-14.047267718909016
-9.041154051397404
-9.892377746993448
-17.048905389202098
-12.54478766139918
-4.226084749356631
-17.772922249961688
-6.877593936819504
-17.729422097032003
-18.423803185720324
FactorLoading
0.12716410141276469	-0.1791020523288509	0.5530829475084629	-0.14065089874992154
-0.18032697845806878	-0.270859199930104	0.30835159725148653	-0.2404622243603407
0.02379618494797664	0.024936703552209005	-0.5486017616900276	0.40266534980978674
-0.8002338354480858	-0.06401945734644299	-0.101770146967745	-0.03397656023772622
-0.08426934036598244	-0.26813689398013385	-0.4893107236585168	0.1582830419953669
0.05700582930977838	-0.8536409639819489	-0.08005147730500028	0.009301729403272452
0.6082640564979893	-0.12155607754728037	-0.17816086048501378	0.09201900546971653
0.5740965400151046	-0.2584899763279791	-0.08493693344811426	0.08247655020880207
-0.39306407443664826	-0.1882921162645006	0.2588771597354951	0.15976664956335607
-0.06100034886040451	-0.3574514199426715	0.5768427702171666	-0.0047054609797574365
-0.005995937763022541	0.025511353486231236	-0.5215582757502626	-0.44693443300048363
0.4345725029482268	-0.01598906641036746	0.06063993722164218	0.48879849341976356
-0.4376987972028643	0.15099125076913067	0.2866419707549741	-0.12466798127303091
-0.6367244630668523	-0.044922705783938977	0.18224619372187068	0.13610663742733808
0.29138939766246463	0.4509216691822431	-0.021698180890574514	-0.23599075226471777
0.3862952355580298	-0.18602573696125768	0.1251606190063348	0.3025184084743777
0.5832111540774794	0.005294405955594383	-0.004466467786256256	0.40702797218067
0.09295397540255257	0.0632599565090366	-0.16630629903041294	0.6774797690579979
0.21542910741685306	0.634333697540675	-0.03304530816558238	0.11719188687688953
-0.03726743638618801	-0.4282536716855685	-0.40669292858688677	0.12778596334135672
-0.3094594879357593	-0.3430681287017874	0.046593742020652584	-0.30087864134180076
-0.2955658882345962	-0.002154258418955335	-0.4075542446934415	-0.294725608653007
0.025254888925566155	-0.06550314577205718	-0.37895711776316054	-0.5302848475392161
0.5347201323159647	0.4194524109010882	0.005625118924858841	0.040202337858088244
-0.39654713142062725	-0.3941661214020389	-0.1508870311978694	-0.05839971597946447
0.20096348091495342	0.0391310620569838	-0.13486554293876996	0.6250399140892928
0.32442427367225335	0.5748036114859774	0.023598794669597023	0.07717332017217227
0.4119454845746442	-0.04672549845755469	-0.49735427158850665	0.043974745379294466
0.28252865437739105	-0.3460459585437581	0.19240353193338477	-0.1790218551454661
0.551927525509234	0.1005983167023694	0.2229323783655517	-0.12454177942284494
-0.14571775794576802	-0.5520407887528289	0.11146839867723446	-0.1907730546241686
-0.05863056948107248	0.378415403417526	0.5114668300690524	0.05148719703234916
-0.34897670444061646	-0.511510216667092	0.04939464281809913	-0.09011843607419245
0.11766946303003634	-0.5315766177977306	0.08551263456328839	0.2652412846089447
0.06572067469491794	0.28055735895525813	-0.0662536333007151	-0.5874683330491088
-0.09762285656839809	0.2610490960816989	-0.58197108691234	0.059356960437563
-0.11782109566104815	0.5523563103191838	-0.2816091166723451	0.048213477347422984
-0.6485227047857747	0.01061653605046442	-0.14159245325630154	0.19926830590745936
-0.1790896497789085	0.29127296135856207	-0.2424839677953612	-0.28715342106716824
0.7785691901660936	-0.02327697153966124	0.10244455335519587	0.09570928493904929
0.09046893691585467	0.012945040614592562	-0.8222900480142981	-0.07429597445525471
-0.141642497027618	0.19888341257603792	0.008127555351514992	-0.6513465350448291
-0.23826474356044192	0.38831662458720295	-0.2510718683966129	0.12234676345574225
0.015458761177725266	0.5272423024179156	0.3694379062378712	0.08786103016648794
-0.047285393567239487	-0.42947930208740304	0.29360775690681873	-0.22962754743853875
-0.41629105097872743	-0.1401840000911605	-0.024576710364151655	-0.4189482385659604
0.06883818998582258	-0.05304557506539642	0.20562653760911265	-0.6724896973396683
0.43934103266723334	-0.12122199949252899	-0.19913178236252715	-0.24030518547771051
0.41978542830651433	0.3716492404298455	-0.11311203763462307	-0.09545329362901711
-0.18733426087245753	-0.38612217023058304	-0.19030789268512183	0.2362356762118376
0.7332796142131353	-0.17453746896475897	-0.03628939074697324	-0.05589352607513254
-0.03700158614365612	0.363506679737412	0.060202865262130256	-0.5392888688568016
-0.12224044704052028	0.1360245293307778	-0.6587279801991452	-0.08300704342955667
0.0286250266949597	0.6836590375012546	0.24929623926647326	-0.038419696537312475
0.13960865309460235	-0.4325199416083565	-0.3391889139012283	-0.08868249139581286
-0.02170245065747367	-0.11283172708581679	0.14534155924058556	0.720124263016124
0.3317392722721406	0.010241911304059936	0.28209346891652154	-0.3759253475072779
0.27704609061367536	0.5029731108251101	-0.18098268341081813	-0.03899811515039642
-0.16742226144603967	0.4799959972042869	0.019552868233842613	-0.33302887311583085
-0.12785491811323713	-0.3249717377162016	-0.0253680313349276	0.5218053128356337
Conflicts
47 44
41 1
47 33
50 56
26 21
13 58
48 59
37 29
7 17
53 57
56 6
8 12
9 33
29 19
15 44
18 20
19 18
26 33
11 51
32 45
18 24
54 59
26 3
34 46
10 28
40 44
9 34
54 36
3 56
46 20
53 36
51 30
43 11
5 24
25 49
34 15
31 28
43 42
60 45
14 41
22 24
59 49
11 52
47 21
4 34
59 30
29 51
31 60
54 10
2 46
34 36
17 18
60 2
11 12
10 15
31 56
50 38
28 30
51 5
35 46
26 9
9 58
57 20
58 12
31 51
40 57
58 18
56 49
36 12
36 48
43 38
23 30
14 35
22 45
29 52
58 59
13 40
21 44
43 35
43 50
55 17
47 52
11 46
37 13
43 23
10 5
25 24
51 15
10 30
56 15
31 5
23 13
32 56
16 17
49 57
11 57
34 24
39 38
53 44
14 6
37 16
35 40
14 27
43 36
3 12
4 50
48 24
35 29
60 53
55 49
47 53
43 18
8 21
47 1
2 45
43 6
55 46
15 20
36 20
37 25
37 17
48 46
60 1
2 28
2 24
31 57
48 44
10 57
54 3
7 25
7 48
53 11
2 58
37 10
14 34
49 12
55 1
29 30
2 40
16 59
60 42
23 46
40 39
23 31
54 58
55 44
7 60
42 19
52 18
47 45
55 53
40 22
13 57
32 18
21 6
26 24
47 54
60 12
26 29
55 58
36 45
29 11
54 8
29 17
49 18
37 32
32 36
28 5
19 59
16 48
14 29
26 13
6 18
42 53
31 35
50 6
56 12
11 8
14 33
31 48
9 4
44 1
26 55
41 24
28 24
60 15
27 5
29 41
4 27
43 33
53 33
10 49
4 10
7 3
36 5
53 59
17 15
32 34
35 55
23 42
17 33
14 45
51 24
40 56
28 12
29 24
7 36
21 45
10 44
56 11
17 1
9 56
43 2
34 38
40 12
23 3
59 12
40 48
26 52
42 1
43 24
49 39
7 58
43 45
53 46
10 16
34 28
16 51
14 24
32 33
46 24
25 16
53 45
23 36
7 57
3 39
9 1
52 30
35 52
5 18
58 44
41 18
13 22
4 44
6 33
50 34
4 30
54 25
40 38
35 28
32 3
56 57
10 48
50 36
7 59
39 24
4 11
60 5
36 15
13 14
55 27
14 8
42 12
31 33
4 18
4 22
28 36
23 24
59 39
19 57
54 56
35 8
22 6
43 16
7 22
55 41
28 44
14 32
19 52
60 41
8 38
46 57
4 24
9 29
10 20
9 27
36 33
51 39
56 30
23 6
53 48
28 6
23 56
60 51
9 51
17 36
23 49
7 11
33 45
48 52
23 44
4 14
43 48
21 20
34 44
21 39
16 1
42 39
47 9
22 30
38 30
26 58
7 38
34 6
60 16
36 38
41 15
35 38
27 39
10 52
49 44
27 36
47 30
47 14
42 30
23 48
58 16
12 45
55 33
33 18
23 45
16 44
43 15
26 34
38 41
9 57
34 57
41 12
54 4
54 57
58 46
50 51
28 11
50 10
2 41
55 52
50 52
4 13
44 20
54 31
29 8
31 44
31 36
4 12
39 18
19 36
32 52
4 17
6 20
10 58
9 21
56 8
27 16
48 1
22 38
9 11
28 57
31 20
32 42
11 49
46 45
51 22
4 55
43 44
53 1
37 45
38 24
5 1
40 5
53 8
59 52
59 22
36 51
41 46
3 17
48 56
9 42
58 52
60 36
5 21
56 22
43 41
2 16
2 36
19 5
4 1
50 58
9 12
8 45
60 50
27 56
5 15
46 30
35 34
36 46
43 30
34 30
53 41
50 17
60 6
6 44
33 20
43 59
48 12
47 31
53 27
22 20
31 19
59 51
9 44
2 18
25 2
7 10
17 49
51 44
10 27
34 2
43 57
60 19
7 19
60 56
39 20
53 17
8 51
4 20
31 14
27 21
55 48
47 5
35 59
58 17
37 19
7 4
43 49
8 20
7 47
9 55
40 19
14 5
41 44
35 44
47 6
7 24
40 15
47 16
16 6
23 47
33 24
37 31
15 21
19 46
58 49
23 32
21 1
51 20
51 45
11 45
43 47
37 59
56 41
40 27
6 30
11 33
23 37
23 51
47 10
54 5
10 35
8 46
31 10
26 59
59 21
3 1
35 51
37 56
16 19
7 53
8 24
38 33
59 57
35 45
26 36
32 57
10 38
25 21
54 30
10 33
7 23
26 38
9 30
35 57
53 21
34 19
55 29
5 41
31 52
4 35
14 18
60 44
16 41
36 49
17 59
8 49
4 53
31 24
57 1
48 45
8 15
13 5
28 18
23 39
53 30
34 45
54 24
50 48
27 20
23 14
58 48
13 31
25 59
35 30
3 45
16 45
19 21
19 51
4 60
2 49
43 25
35 12
17 8
43 13
47 60
50 8
43 5
10 17
32 49
17 38
36 8
42 11
13 35
37 4
27 45
26 18
9 5
7 51
28 38
4 56
7 15
14 1
53 3
48 15
15 45
37 54
31 42
4 21
29 6
17 46
27 6
12 24
59 15
34 3
55 5
3 33
47 57
35 3
4 32
32 51
13 41
10 8
37 53
53 18
54 18
23 25
7 55
34 59
22 18
43 20
4 46
11 22
54 35
39 12
59 38
60 48
3 38
13 25
12 1
53 24
43 19
19 44
43 52
22 33
9 28
2 12
14 11
29 16
29 45
52 45
26 40
27 48
36 22
35 1
54 11
48 39
58 51
40 17
11 38
26 51
49 30
53 39
51 33
39 44
54 60
17 6
47 49
39 1
19 24
60 55
4 41
36 11
51 21
27 24
31 49
35 27
37 34
59 41
54 53
60 58
23 15
43 55
58 21
3 8
53 19
27 28
2 20
37 5
34 17
53 5
54 28
10 2
9 39
32 12
29 1
42 27
26 39
25 33
7 33
10 22
28 1
23 2
8 30
4 5
5 6
52 24
27 52
28 22
16 56
36 57
58 6
7 30
56 51
42 57
13 49
41 33
15 12
21 22
32 59
15 33
37 39
57 30
48 33
55 40
19 20
23 59
47 51
50 33
32 46
11 21
59 44
4 31
19 12
25 5
14 53
22 52
38 52
51 57
55 59
23 26
47 55
8 22
42 8
26 49
47 35
26 4
44 30
14 20
16 28
55 20
14 28
44 18
28 41
3 15
36 44
59 18
55 19
9 54
19 15
4 19
17 12
17 11
55 56
56 44
33 57
19 8
43 53
2 30
53 51
2 17
37 12
40 52
50 24
55 10
47 22
40 49
52 1
54 1
26 31
35 24
25 35
38 57
42 16
27 15
14 16
25 17
3 51
22 57
43 17
10 1
2 8
14 56
59 45
10 21
31 12
16 52
51 12
26 6
25 50
9 16
36 24
14 15
11 41
13 29
27 44
37 22
37 9
4 15
60 22
32 55
43 14
9 60
16 36
43 51
4 45
33 1
32 2
59 20
45 1
51 46
19 28
47 34
13 48
55 8
4 52
41 6
26 14
31 39
50 49
7 26
22 1
4 42
36 18
43 58
8 41
10 12
32 39
7 49
25 41
38 45
34 29
38 44
16 5
25 20
26 32
56 59
25 28
59 46
44 46
27 59
31 58
13 32
13 46
60 30
11 39
12 20
34 41
7 35
56 24
51 6
29 38
42 58
31 3
56 33
50 27
42 48
58 3
35 53
55 21
54 51
14 51
11 44
43 22
14 2
31 17
55 45
36 59
5 52
2 52
13 18
7 9
45 30
10 42
54 21
54 34
36 52
9 31
41 20
41 30
1 30
23 5
32 58
15 22
37 38
49 41
26 42
36 41
54 52
10 24
14 3
5 33
48 38
9 53
10 6
13 19
17 20
10 53
59 8
60 33
47 13
16 30
32 16
58 19
7 21
21 18
13 16
42 45
60 3
21 30
7 2
55 30
47 20
28 20
14 22
47 41
17 57
51 1
58 57
10 18
