InstanceID
7_80_4
NumObjects
80
NumFactors
4
Weights
81.24385822007527
65.49774646337252
48.96133803478428
7.875953556887483
58.15906311251917
25.805333157677303
19.64649019558198
19.392536240567605
84.29510710331931
66.19303282513103
40.13518161037963
63.59044269989988
48.83636546924342
98.6985622113955
45.92306948614839
79.23560381723036
38.14143485237391
72.28732924471907
73.80915162156754
74.50442509510245
33.438342217325356
1.2122539899107165
73.47466497855586
80.40222425985333
75.9540016305056
6.486169314089607
28.779459400092232
26.075409337816268
26.812754456766584
23.983200203808643
98.31045491229624
18.976665278178206
67.21467520300546
28.922693449038416
44.10718068472461
96.43324156758403
67.16894142832939
76.21546430337038
69.60890021481822
14.52220154560042
70.86634520953979
6.051726649515299
90.55911220822284
91.76458993797551
11.32209653078069
33.34420192893867
56.25464419856765
6.550179513679866
38.694373863025945
98.10415016218734
70.23633859454507
45.20577025698702
49.46188873496724
85.24452694601048
62.7239383069959
21.130423746783155
88.86461124980845
34.38796968409752
88.64711048516001
92.11901592860163
12.71641014127647
85.93491012500785
30.62661537416156
75.28287768944497
48.292849238071845
58.37856146283058
33.57597967196262
75.95377756396593
45.11861783881728
18.03269784580688
14.074628587484117
38.561053453057866
71.54071623136798
12.023289092182221
59.733465019021324
4.8732888500185645
2.379618494797664
94.5322514589955
86.1029925795926
48.39318888342889
Budget
2063.995863565665
Profits
-16.248771644015054
-13.099549292674505
-9.792267606956857
-1.5751907113774966
-11.631812622503833
-5.16106663153546
-3.9292980391163956
-3.8785072481135208
-16.85902142066386
-13.238606565026206
-8.027036322075926
-12.718088539979977
-9.767273093848683
-19.7397124422791
-9.184613897229678
-15.847120763446071
-7.628286970474782
-14.457465848943816
-14.761830324313507
-14.900885019020489
-6.687668443465071
-0.2424507979821433
-14.694932995711174
-16.080444851970665
-15.19080032610112
-1.2972338628179214
-5.755891880018447
-5.215081867563254
-5.362550891353317
-4.796640040761728
-19.662090982459247
-3.7953330556356413
-13.44293504060109
-5.784538689807683
-8.821436136944921
-19.286648313516807
-13.433788285665878
-15.243092860674077
-13.921780042963643
-2.9044403091200843
-14.173269041907957
-1.2103453299030598
-18.11182244164457
-18.352917987595102
-2.264419306156138
-6.6688403857877345
-11.250928839713529
-1.3100359027359731
-7.738874772605189
-19.620830032437468
-14.047267718909016
-9.041154051397404
-9.892377746993448
-17.048905389202098
-12.54478766139918
-4.226084749356631
-17.772922249961688
-6.877593936819504
-17.729422097032003
-18.423803185720324
-2.5432820282552937
-17.18698202500157
-6.125323074832312
-15.056575537888994
-9.65856984761437
-11.675712292566116
-6.715195934392524
-15.190755512793185
-9.023723567763456
-3.606539569161376
-2.8149257174968234
-7.712210690611573
-14.308143246273596
-2.404657818436444
-11.946693003804265
-0.9746577700037129
-0.4759236989595328
-18.9064502917991
-17.220598515918518
-9.678637776685779
FactorLoading
0.5671274745610322	-0.2331063608870536	-0.165789604314188	-0.03397656023772622
0.08426934036598244	-0.22364964359303552	-0.04448725038709833	-0.6475937656538837
0.05700582930977838	0.4468846756855307	-0.4868077656014185	-0.009301729403272452
0.7298201340452697	0.17816086048501378	-0.018095884069038393	-0.07392312140067814
0.5981406373720419	0.23444587897104174	-0.08493693344811426	-0.08247655020880207
0.39306407443664826	-0.1882921162645006	-0.35517012569945305	0.06347368359939809
0.06100034886040451	-0.3574514199426715	-0.3516466354229797	0.2299015957739443
-0.03150729124925378	-0.15401281549378187	0.3675454602564807	-0.44693443300048363
-0.08478041232264921	0.36578115703594505	-0.06063993722164218	0.48879849341976356
0.4376987972028643	-0.17151317673291833	0.26612004479118645	0.12466798127303091
0.16914932149203277	-0.4675751415748195	-0.044922705783938977	0.31835283114920876
0.29138939766246463	0.4726198500728176	0.2123130904228252	-0.023677661841892572
0.20009521661369023	0.18620001894433957	-0.3111863559675925	0.3025184084743777
0.5832111540774794	0.00976087374185064	0.06829048549258676	-0.33873748668808323
-0.09295397540255257	0.22956625553944954	0.6767684642498502	-0.0007113048081477391
-0.556998848298826	0.29276395665870214	0.03304530816558238	-0.11719188687688953
-0.4655211080717565	-0.40669292858688677	-0.0548714767503371	-0.07291448659101962
-0.6525276166375467	-0.03527195553821261	-0.011321786482439977	0.30087864134180076
0.2955658882345962	-0.002154258418955335	-0.1031876253757178	-0.5990922279707307
-0.025254888925566155	0.0037007868809757483	-0.06180235889108143	-0.9092419653023767
0.4508635096010274	0.5033090336160255	0.005625118924858841	0.040202337858088244
0.39654713142062725	-0.3730052589261039	-0.02116086247593496	-0.20928674717733387
-0.1436837460774001	0.09641079689453713	0.13486554293876996	-0.6250399140892928
0.32442427367225335	0.39082248689222965	0.1839811245937477	0.10077211484176929
-0.4119454845746442	0.18045848702539935	-0.363621283020662	-0.043974745379294466
0.28252865437739105	0.3460459585437581	-0.026113307631498772	0.3453120794473521
0.04469304345894809	0.5072344820502859	0.1005983167023694	0.34747415778839663
0.12530056000545287	-0.020417197940315157	-0.5520407887528289	0.30224145330140306
0.029377728698104733	-0.02925284078296775	0.378415403417526	0.5629540271014015
0.34897670444061646	-0.3381550112804843	-0.17335520538660765	0.1395130788922916
-0.4908539799159177	0.1583921009118492	-0.08551263456328839	0.2652412846089447
-0.34627803365017606	0.0662536333007151	0.4866605642548498	-0.10080776879425901
0.09762285656839809	-0.07274849728422006	0.18830059879747885	-0.641328047349903
-0.6701774059802319	-0.20777035930929544	0.07383875736304968	-0.048213477347422984
0.545111274927091	-0.10341142985868368	0.01061653605046442	-0.3408607591637609
0.1790896497789085	-0.29127296135856207	0.40915767965613337	-0.12047970920639606
0.18702523400069437	0.5915439561653992	-0.1257215248948571	0.09570928493904929
-0.10341397753044723	0.7003265227583975	0.1219635252559006	-0.07429597445525471
-0.13493651477200475	-0.20558939483165117	0.008127555351514992	0.6513465350448291
-0.43370388512195324	-0.19287748302569163	0.2510718683966129	-0.12234676345574225
0.015458761177725266	0.8154295358473733	0.08125067280841347	0.08786103016648794
0.047285393567239487	-0.42947930208740304	-0.31368913481203897	0.2095461695333185
0.41629105097872743	-0.0036023171343573246	-0.16115839332095483	-0.4189482385659604
-0.06883818998582258	0.05304557506539642	-0.03894755855138832	0.8391686763973927
-0.22953731627170826	0.3310257158880541	-0.19913178236252715	-0.24030518547771051
0.13907322311946935	0.280712205187045	0.48476127806446856	-0.09545329362901711
-0.01892129941439369	-0.5545351316886469	-0.19030789268512183	-0.2362356762118376
0.7332796142131353	0.0008472309479774509	-0.20997962876375476	-0.05589352607513254
-0.03700158614365612	-0.2533106153696929	0.17039892962984937	0.5392888688568016
0.12224044704052028	-0.1360245293307778	0.2044961006776842	-0.5372389229510177
-0.209671937839345	0.5026121263568692	0.24929623926647326	0.038419696537312475
0.13960865309460235	0.14557257940707258	-0.6261362761025122	-0.08868249139581286
-0.02170245065747367	-0.11283172708581679	-0.09602111167375438	0.7694447105829552
-0.34198118357620055	0.28209346891652154	0.13964527357431877	0.23628007393295913
-0.07434947274461501	0.7056697286941704	0.18098268341081813	-0.03899811515039642
0.16742226144603967	-0.07494666860596855	0.4050493285983183	0.35258174134967346
-0.04706670037737859	-0.08078821773585854	-0.3503397690511292	-0.5218053128356337
0.4341549286923754	0.2932687206747875	-0.22077743735162914	-0.051798913281208
0.555703365977916	0.19106461710351041	0.14629683564979024	0.10693518126878332
0.03337215902739654	-0.2890314159572358	-0.5709210392977295	0.10667538571763813
-0.2615385082678445	-0.016918047900552402	-0.6438035777852011	0.07773986604640193
0.19242571787363438	-0.2669140429912198	-0.11013686501736997	-0.43052337411777586
-0.2898049917520107	0.476769594076089	-0.012392371227022414	-0.2210330429448779
0.21802109985699025	-0.2282064606701113	0.10713043207479234	-0.4466420073981061
-0.6663147233406976	-0.08297638785137273	0.24724400690896164	-0.0034648818989679864
0.033427936861499585	-0.11699922255436435	-0.25610630383179034	-0.5934665367523457
0.1394940911426923	-0.11632402927205265	-0.5573715188920441	-0.186810360693211
-0.24890157787762002	0.22118337163480106	0.13881786654090145	0.3910971839466775
0.46312755528502003	-0.15108384971054867	0.2834060409550925	-0.10238255404933883
0.34881390422528025	0.0936662644251951	-0.2608018703386785	-0.29671796101084613
0.4076969910623569	-0.29487505891489074	0.19259654553941408	-0.10483140448333828
0.29922089228651383	0.007773692568870727	-0.3773062885507954	0.31569912659382005
0.09694015839169579	-0.21740720358590648	0.17611583688042076	-0.509536801141977
0.12646407760323863	0.12769758376349438	0.6983953712479094	-0.04744296738535758
-0.3967811160561172	0.12833485213413565	0.07240534583493408	-0.40247868597481307
0.3859641552071831	-0.29849626625489223	-0.03385023430036993	-0.28168934423755476
-0.18605304383648136	0.10305951240540367	0.6601532638243957	-0.050734179933719314
0.07008762024474713	0.014445151932780176	-0.012687839621735364	-0.9027793882007373
0.4751031537708583	0.2821413069954699	-0.032336150652403584	-0.21041938858126819
0.4977628822824973	0.0758547471731359	0.1148304937405844	-0.3115518768037824
Conflicts
78 64
22 39
39 52
77 29
40 21
35 44
43 50
43 11
13 10
69 24
79 51
10 30
56 79
31 5
23 77
16 62
75 49
61 39
53 44
78 70
35 40
14 67
4 76
48 24
35 53
60 80
47 16
72 18
47 65
43 66
64 70
36 15
37 20
60 17
28 65
66 2
63 57
67 74
54 25
71 48
7 75
66 53
74 61
34 64
78 12
55 49
29 1
10 28
2 40
63 80
60 42
23 39
58 64
50 44
71 19
42 52
64 18
47 77
59 6
26 54
60 12
42 61
26 29
55 58
64 45
75 29
29 72
49 18
54 32
28 5
23 19
61 59
80 29
14 13
42 70
31 35
76 6
72 11
14 48
9 68
7 65
63 62
28 41
79 24
69 27
4 41
43 64
53 33
10 74
7 68
67 36
69 80
48 59
53 79
63 17
42 17
14 33
62 45
16 48
56 12
29 36
71 10
75 1
9 56
34 33
40 38
67 76
59 12
40 48
64 20
40 46
26 39
42 65
43 24
71 39
71 58
43 45
80 46
34 74
16 51
78 76
80 24
71 36
23 71
67 65
9 30
63 52
5 18
13 44
68 70
68 30
25 62
43 38
54 35
32 67
56 57
10 50
71 59
4 39
69 11
78 77
27 72
14 12
42 33
68 18
10 80
4 22
61 62
59 57
23 43
35 72
68 73
22 6
7 16
61 22
29 28
14 60
80 72
68 24
74 73
36 73
56 39
6 30
53 70
9 28
23 11
7 45
4 33
43 78
21 20
16 15
39 1
42 27
38 30
26 52
71 30
80 6
60 38
9 36
41 15
27 74
49 44
77 64
23 57
23 47
27 1
47 30
53 57
64 46
56 24
47 14
23 42
80 58
61 45
76 33
55 45
23 80
43 44
26 15
34 45
22 38
9 34
76 57
4 9
58 18
58 12
29 51
74 11
66 52
74 52
4 13
31 44
31 36
68 76
32 36
17 52
4 70
74 20
9 61
78 8
27 16
13 36
14 50
4 48
65 22
38 73
75 31
12 20
32 42
16 46
43 22
4 8
50 55
37 65
5 24
5 38
65 57
71 40
69 53
72 52
59 22
67 46
17 56
58 73
60 52
69 21
56 41
2 16
37 2
69 36
4 1
58 76
72 73
60 50
27 5
79 46
34 30
35 36
43 30
64 30
50 17
64 62
59 20
48 12
47 31
27 46
23 38
31 22
9 59
71 11
2 18
25 66
43 61
7 59
74 49
72 22
10 45
66 19
7 56
9 57
73 1
54 39
53 17
4 72
78 20
27 21
55 62
48 5
47 64
35 11
58 17
37 4
7 70
72 20
7 47
55 40
14 69
41 44
71 6
27 79
47 27
16 6
23 16
33 24
76 22
37 15
32 46
65 51
51 45
75 80
58 45
43 52
59 56
43 41
7 34
4 40
70 6
75 33
37 48
23 74
54 69
10 72
10 38
26 59
67 21
65 56
80 61
71 8
38 24
57 30
46 30
26 74
38 21
25 33
10 61
7 23
26 73
35 30
53 21
34 61
29 19
69 62
68 14
6 18
63 61
14 36
17 59
72 49
4 53
37 1
19 45
2 58
59 49
8 79
13 5
53 36
2 73
28 12
39 18
7 53
54 48
78 48
58 74
7 77
25 30
45 1
3 45
80 21
60 19
68 66
43 49
35 76
43 8
13 60
50 8
69 64
64 17
10 49
32 38
31 8
75 28
37 13
68 45
26 18
9 5
7 51
28 38
68 65
80 79
71 1
7 79
54 15
31 42
4 36
21 6
29 8
17 70
15 12
62 59
34 67
13 69
75 55
3 76
33 18
67 15
68 69
43 32
77 74
66 61
10 8
37 53
53 18
23 18
7 55
34 59
68 11
22 12
59 38
53 6
60 48
13 3
25 1
12 52
43 19
68 44
54 58
28 62
43 73
75 12
78 66
48 11
48 22
29 16
35 65
54 75
58 62
40 11
27 38
56 51
49 15
51 33
17 6
47 49
24 1
9 55
75 36
9 21
75 27
31 27
37 34
54 59
60 6
58 79
3 8
43 13
68 47
19 49
50 45
40 27
31 28
31 66
52 18
34 5
2 39
76 73
29 65
36 38
39 33
11 39
74 22
62 1
23 2
8 30
4 69
5 6
28 52
72 24
74 28
16 70
71 56
63 51
62 57
77 33
79 12
79 15
59 21
62 33
64 79
37 39
57 33
40 33
55 19
47 59
50 33
49 57
62 46
4 11
19 12
55 5
78 53
42 22
31 74
61 41
64 52
51 57
55 1
23 26
8 22
68 49
26 14
16 28
44 20
55 28
78 30
63 55
44 18
3 15
36 44
71 35
73 18
54 65
77 67
35 15
4 19
17 76
75 17
48 56
56 18
8 57
56 15
69 2
9 27
68 77
4 17
66 76
50 29
10 22
47 32
49 33
56 1
54 1
26 31
38 57
80 33
64 15
78 16
3 22
36 17
10 1
74 8
63 2
78 45
74 59
31 12
80 76
29 17
26 61
25 6
80 73
14 79
72 45
75 2
13 41
29 44
37 73
4 15
10 62
14 32
9 60
43 16
68 1
53 40
62 15
14 15
32 28
2 29
61 44
59 52
65 59
69 51
4 28
50 24
55 77
72 36
68 12
41 6
78 50
49 24
7 33
7 1
74 79
58 41
8 12
32 74
7 49
29 38
69 44
61 16
80 20
42 3
31 32
75 59
14 44
40 61
8 21
59 46
13 27
35 77
19 52
60 27
78 11
53 67
76 20
71 21
70 51
80 1
11 1
77 49
67 33
69 15
50 27
67 48
5 51
78 55
19 51
75 70
78 44
66 17
23 55
36 59
65 5
66 62
13 33
24 18
7 9
71 74
54 34
63 72
78 3
41 73
75 20
74 57
41 30
33 1
65 76
34 76
69 46
32 64
26 24
50 58
32 35
37 41
26 49
27 41
52 1
3 61
10 67
14 16
53 48
9 45
13 74
62 20
43 10
32 59
72 5
60 40
77 22
80 62
32 16
4 44
2 76
19 59
7 21
13 80
42 45
60 39
67 30
25 59
71 17
63 66
55 64
68 62
42 11
28 20
68 25
10 58
7 54
54 50
23 56
39 6
71 2
49 52
64 56
4 65
50 40
52 44
69 28
13 24
26 63
27 73
29 49
69 38
43 35
71 25
66 69
25 29
66 57
44 45
54 63
63 46
14 45
4 14
66 40
25 11
9 40
66 51
46 12
55 6
10 21
15 6
7 39
77 52
66 24
15 20
64 12
65 30
44 1
26 13
60 64
3 6
66 48
64 1
11 49
80 12
59 51
71 22
3 79
78 22
3 38
63 21
13 2
75 53
3 70
45 18
55 48
69 30
26 47
71 61
69 48
36 24
3 57
56 45
68 6
65 36
35 73
61 15
78 6
8 24
43 65
63 15
3 5
56 21
78 5
31 67
67 49
78 59
42 80
13 34
26 28
66 58
4 52
75 58
22 73
71 66
66 16
71 76
53 15
53 58
63 49
13 61
19 22
10 34
31 21
47 28
19 15
71 54
29 6
34 18
48 41
35 46
12 24
42 41
62 5
23 1
2 17
26 69
70 11
19 44
63 27
32 61
43 34
47 21
55 29
68 52
71 47
12 57
4 21
6 73
67 11
5 44
25 34
7 66
54 49
53 45
52 20
66 39
70 57
9 72
63 47
36 12
29 69
35 20
65 21
29 52
48 73
31 29
56 30
59 39
27 52
26 77
4 55
74 39
13 62
28 15
43 25
9 39
50 66
71 57
54 12
25 15
72 21
2 72
63 29
31 15
66 30
65 44
68 5
3 27
65 8
3 33
55 46
53 27
70 52
78 21
55 22
75 74
26 16
53 51
39 20
31 65
3 17
34 49
69 76
23 61
64 59
36 57
37 66
27 70
7 40
14 77
34 15
4 3
31 56
63 4
54 44
14 1
15 44
14 46
41 18
26 50
54 60
26 21
74 41
31 77
25 61
43 2
14 49
43 63
64 33
53 62
26 76
66 20
32 2
2 56
17 24
29 39
55 70
43 21
74 5
17 18
50 61
43 51
37 49
69 52
42 36
68 8
79 30
34 62
75 61
69 74
58 6
31 24
74 12
64 5
22 33
36 39
27 6
28 24
68 33
69 6
80 2
36 46
67 52
19 24
74 62
63 33
77 59
43 72
67 79
71 5
36 45
63 36
64 51
62 24
50 28
59 33
46 73
56 44
15 46
79 33
77 19
48 76
7 2
9 35
66 3
59 30
43 18
54 8
53 61
26 44
8 6
25 70
14 56
77 76
10 44
50 5
10 12
18 1
47 57
64 44
71 13
4 51
75 10
19 48
38 1
62 30
32 3
11 45
23 78
55 24
13 57
67 12
11 38
79 5
31 39
54 77
71 70
48 51
14 52
57 52
3 58
9 44
23 72
32 66
10 79
37 38
9 38
4 27
56 38
5 12
74 17
34 72
2 21
66 45
26 11
38 18
75 65
62 17
15 30
16 59
69 56
78 67
64 6
7 50
40 41
34 66
71 72
23 9
37 57
19 39
29 24
40 12
4 10
75 5
13 77
36 21
21 1
53 46
70 1
37 27
14 61
42 16
16 65
63 12
35 69
63 44
53 59
11 6
4 2
71 60
28 46
9 58
79 22
77 40
10 66
55 21
78 1
34 48
10 55
23 20
13 53
36 22
64 73
47 34
40 28
47 38
43 29
26 75
70 46
74 19
31 33
23 44
21 33
5 21
10 24
75 19
56 22
53 64
29 73
39 24
77 24
55 65
75 51
15 52
55 12
61 19
78 80
23 73
4 30
47 79
72 15
26 10
2 20
40 62
73 24
43 47
51 41
34 65
7 8
8 39
7 62
78 40
35 33
70 39
42 21
54 72
19 62
77 53
28 48
16 56
23 65
63 40
71 80
47 40
63 48
60 76
61 46
65 18
42 29
19 8
10 48
62 12
58 70
7 64
6 45
39 12
49 45
8 45
60 15
56 49
47 58
11 52
27 18
7 63
47 51
75 62
42 20
42 1
29 40
53 12
10 77
57 6
48 44
34 36
55 59
42 48
26 68
47 69
47 73
35 62
3 46
37 18
31 61
47 3
63 16
2 24
75 30
47 70
53 11
19 30
17 15
10 2
53 3
55 39
50 76
2 41
33 20
59 44
27 64
31 11
33 30
40 3
42 51
25 79
54 73
25 10
68 56
34 20
3 72
4 74
72 38
7 10
78 27
52 30
10 36
43 68
15 57
34 56
19 38
42 58
32 40
72 1
32 53
32 8
68 46
23 33
50 69
31 73
75 38
61 1
26 66
75 57
28 51
50 67
28 70
65 39
78 14
31 53
71 27
60 32
60 72
26 41
42 44
42 18
17 30
8 20
54 6
13 58
77 73
78 51
78 33
49 12
61 38
13 49
63 24
13 64
55 74
80 22
9 73
37 12
37 10
78 17
9 13
46 44
9 29
25 28
62 41
7 15
60 16
54 19
69 3
29 58
26 56
66 21
55 20
68 80
60 8
54 2
25 8
2 45
60 34
28 36
79 39
48 15
25 65
55 27
9 6
74 30
29 3
43 9
48 36
13 12
77 70
4 42
12 18
3 52
47 50
69 22
7 52
9 42
80 65
4 46
80 67
50 38
74 15
47 75
32 29
15 24
47 1
32 80
48 1
75 15
28 30
50 21
67 22
13 73
58 46
32 45
12 45
23 66
55 32
43 69
2 11
62 56
60 57
11 22
67 64
25 21
27 17
64 49
16 79
32 65
26 42
55 11
71 7
39 46
49 41
66 64
55 79
70 44
14 75
78 36
13 79
62 76
61 76
47 80
42 12
34 16
19 5
31 1
5 41
10 59
25 24
38 20
3 36
55 52
40 58
32 22
25 40
50 49
37 46
69 33
34 69
53 49
72 46
70 76
26 57
43 12
75 52
34 73
59 1
42 79
4 38
43 28
63 10
37 36
28 6
68 79
75 41
2 52
78 19
54 20
42 49
50 42
13 46
54 76
56 73
18 30
53 5
70 8
8 73
37 55
59 73
54 80
35 10
21 44
2 30
7 58
66 18
14 19
78 18
54 52
56 33
28 76
26 43
25 18
77 30
63 77
9 50
31 2
10 32
68 58
14 58
63 22
42 69
43 77
68 35
58 36
36 52
43 1
71 45
32 49
79 20
36 70
72 30
67 72
37 79
50 56
77 36
9 31
16 21
68 55
78 56
16 73
10 5
77 61
16 20
55 57
40 30
13 28
13 35
13 72
21 12
77 72
40 20
7 38
37 17
17 8
2 5
19 11
13 65
62 79
73 30
13 6
6 44
26 62
13 11
9 46
79 1
78 32
63 56
23 69
23 6
14 42
77 41
60 69
3 20
76 15
55 30
63 6
16 52
71 32
72 62
35 49
73 45
67 27
55 34
19 64
26 71
13 1
13 67
52 24
8 44
79 45
9 16
23 64
70 30
41 46
29 18
3 64
10 64
47 46
29 33
48 70
71 31
64 22
47 36
35 74
7 26
13 51
26 80
14 21
27 59
35 56
34 41
66 38
37 74
26 5
26 3
12 1
6 1
2 27
15 1
17 21
61 5
16 5
71 78
49 73
35 64
53 38
5 22
43 27
75 18
54 79
61 72
23 8
32 41
71 3
43 36
47 60
55 66
60 33
54 17
34 52
54 36
80 3
9 15
53 52
35 51
2 49
20 24
14 57
31 40
63 50
23 12
78 15
14 3
34 12
77 17
32 70
5 73
63 14
37 58
46 52
49 20
27 28
70 41
9 51
13 42
29 22
14 27
9 48
50 20
37 40
54 31
9 78
71 63
26 17
9 18
50 72
37 52
23 10
54 3
35 34
10 42
80 59
80 39
35 66
29 21
21 39
37 80
37 22
77 48
23 68
63 76
53 1
69 65
2 74
14 25
10 52
74 38
16 17
71 79
58 67
31 70
10 20
69 72
11 5
26 60
74 1
28 18
62 8
42 64
23 37
63 1
7 35
40 73
32 51
25 72
58 20
64 8
66 11
35 24
47 62
23 46
21 45
72 44
80 41
41 24
2 70
77 38
7 36
67 19
56 76
7 41
69 19
58 52
54 21
11 73
65 70
47 41
