InstanceID
8_100_4
NumObjects
100
NumFactors
4
Weights
1.2357704434527994
89.42867224957195
88.08508653790943
76.92526905665427
85.4293355545731
33.585633427546014
51.733761650463485
4.5558528266970155
61.24850977675149
42.357613719339724
23.94476876411793
45.84196354771526
91.62395958733529
95.70170755641996
84.61432604355022
75.10189425329933
40.008186614572885
62.467831109721075
36.31790514760627
9.078122429370916
12.398331292706889
15.012994255759438
95.21306895702149
20.9704138325554
67.2175173509262
57.48944859205203
77.75946770367877
76.47596585974858
64.86590965826076
56.75506344134562
96.103119182531
76.14614958158754
92.52390880524945
69.35252716825066
72.00123126748078
76.8611826211367
23.84646334248042
78.70138423403634
91.43269632832853
56.50994760076165
81.32575613553124
22.437662747188813
27.534290185846324
35.913756540448546
72.95090079475442
31.57988469796964
82.10190951727061
14.551498650564575
99.46708317326278
22.286526940524887
97.41222628842674
87.12061119841321
17.926692839725057
67.14784067750308
26.078885166038468
76.02663798992855
1.143603815612293
76.7642006235782
14.070121363915256
84.64227923098755
88.38583182399881
68.12673198463133
40.78143365496649
88.4032120936662
84.92705268027262
45.29227170642598
17.496742677410747
56.682773485256455
42.89912564415912
33.14257439043025
18.179985907095976
74.16313120688976
20.762631981852397
46.26871074372281
83.58760006756228
56.00267862765382
22.57770159179291
22.38777201553699
94.65365936293513
88.79229583679805
14.417500680828388
46.208570059867625
46.47237907716186
72.01626746170544
6.3504906647345205
55.62361741149815
29.8282402923703
57.762010294317356
86.26133574059112
52.652173173474125
93.8225275597965
79.66051767237359
89.5818174073398
4.345834027036521
33.27468708003705
13.433138249713018
99.8784169334522
99.73941164309097
84.23737471588795
74.74763406728033
Budget
2824.6165958228353
Profits
-0.24715408869055988
-17.885734449914388
-17.617017307581886
-15.385053811330854
-17.08586711091462
-6.717126685509203
-10.346752330092697
-0.9111705653394031
-12.249701955350298
-8.471522743867945
-4.788953752823586
-9.168392709543053
-18.32479191746706
-19.140341511283992
-16.922865208710043
-15.020378850659867
-8.001637322914577
-12.493566221944215
-7.263581029521253
-1.8156244858741832
-2.4796662585413776
-3.0025988511518875
-19.0426137914043
-4.19408276651108
-13.44350347018524
-11.497889718410406
-15.551893540735753
-15.295193171949716
-12.973181931652153
-11.351012688269124
-19.2206238365062
-15.229229916317507
-18.50478176104989
-13.870505433650132
-14.400246253496155
-15.372236524227342
-4.7692926684960835
-15.740276846807268
-18.286539265665706
-11.301989520152329
-16.265151227106248
-4.487532549437763
-5.506858037169264
-7.182751308089709
-14.590180158950883
-6.315976939593928
-16.42038190345412
-2.910299730112915
-19.893416634652556
-4.457305388104977
-19.48244525768535
-17.424122239682642
-3.585338567945011
-13.429568135500617
-5.215777033207694
-15.20532759798571
-0.2287207631224586
-15.352840124715641
-2.814024272783051
-16.92845584619751
-17.677166364799763
-13.625346396926266
-8.156286730993298
-17.68064241873324
-16.985410536054523
-9.058454341285195
-3.4993485354821496
-11.336554697051291
-8.579825128831825
-6.628514878086049
-3.635997181419195
-14.832626241377952
-4.1525263963704795
-9.25374214874456
-16.717520013512456
-11.200535725530765
-4.515540318358582
-4.477554403107398
-18.930731872587025
-17.75845916735961
-2.8835001361656776
-9.241714011973524
-9.294475815432373
-14.403253492341088
-1.270098132946904
-11.12472348229963
-5.96564805847406
-11.552402058863471
-17.252267148118225
-10.530434634694824
-18.7645055119593
-15.932103534474717
-17.91636348146796
-0.8691668054073043
-6.654937416007409
-2.6866276499426034
-19.97568338669044
-19.947882328618196
-16.84747494317759
-14.949526813456066
FactorLoading
0.47939307619943494	0.2200646900332921	0.24476890707032406	0.0557733266969489
0.5162244975434152	-0.10455349606168118	0.12774248133562116	-0.2514795250592825
-0.4518189317506136	-0.36403110308585473	-0.1662420265004696	0.017907938663062062
0.24255667181697227	-0.1283492544333058	0.38537515189692617	-0.24371892185279576
0.010290076798638026	0.31986331655527667	-0.26730964849213446	0.40253695815395085
-0.6407702053570694	-0.010980420428845727	0.07839531607156602	-0.26985405814251884
-0.4757460537696796	-0.11397301581758956	-0.11686817749979617	0.29341275291293467
0.041042928005122103	0.2712223628155377	-0.1895416413288593	-0.4981930678504809
-0.08632009355736381	-0.2907006071939613	-0.051091188096549445	0.5718881111521255
-0.31271321356600823	0.44588479457402097	-0.08205935903520145	0.15934263282476935
-0.6196050318318012	0.2898481411328262	0.0812196156546452	0.009327211380727451
-0.23842970161399268	-0.2981613497272877	0.435791601381579	-0.027617347277140603
0.2958312960268239	-0.08806249198853022	-0.2472627139374033	-0.3688434980472426
-0.36149931068126606	0.12407685536347501	0.13966652583963657	0.37475730811562236
-0.18656934050513585	-0.1083657929478874	0.41822524623499446	0.2868396203119823
-0.005312037765021316	0.05994657236066314	-0.4737606776707435	-0.46098071220357206
0.03808888154067813	0.3939946760614226	0.3637710222028787	-0.20414542019502058
0.4411607867394167	-0.418822292767169	0.05245133023014392	0.08756559026327038
-0.3072385469829284	0.11204456337571167	-0.27372641380978346	0.30699047583157646
0.008384125185166846	0.5465452565441726	-0.12088505174683029	0.32418556652383024
-0.06880316682563348	-0.1970004850929188	-0.7258118339088477	-0.0083845141726
0.012126492749721107	-0.3041767529135775	-0.016662957700999348	0.6670337966357021
0.3068233949574093	0.1278202587420494	-0.4222638323769978	0.1430925139235435
0.5127847906124989	0.03785019505573772	0.40063319753646076	0.048731816795302585
-0.08210303956060261	-0.0064088936024016	0.7399379460965556	0.17155012074044018
-0.009435010845195269	0.31957768819057697	-0.09185449545540258	0.5791328055088252
-0.017637798447749153	-0.47429155019808533	-0.16920634361804687	-0.33886430773611864
0.41203516616577907	-0.45106787387925973	0.08723038688444973	0.04966657307051148
0.006381063233626305	-0.25655491966770505	-0.20528741543359752	0.5317766016650711
0.33969838463246393	0.1479770010102779	0.06847135495908341	-0.44385325939817477
0.148564555669207	0.37623241318195233	0.16803435353354157	-0.3071686776152991
0.07970106507322217	-0.006120360170730033	0.835919758983966	0.07825881577208182
0.2570423766878469	0.45258867984021944	-0.16778139289818883	-0.12258755057374482
-0.31869870773598397	0.009636332480816412	0.649767596743225	0.021897363039974582
-0.12729973196942335	0.22711789325084042	-0.30618957569996197	0.33939279907977427
-0.4433250840872274	0.13494758768484827	0.3848391440309349	0.03688818419698947
0.26091274659819175	-0.5245872887336414	0.048420492728255216	0.16607947193991168
0.1323408533843975	0.4421882064815603	0.329497070155254	0.0959738699787882
-0.10575297175087495	0.04177434679887093	-0.6815403091954562	0.17093237225479796
0.07367334392243508	-0.1130318939929631	-0.412355379490005	0.4009393825945968
0.2830968709939099	0.0031859565325444983	-0.20620205288642435	-0.5075151195871213
-0.31650635270783156	0.059737264619525554	-0.2569556235890631	0.3668007590835798
0.22406579373510516	0.1122585133791194	-0.3765324302322728	-0.28714326265350265
-0.17555447920799994	0.16719895667358586	-0.2474571285865459	-0.4097894355318683
-0.08804696273447221	-0.6419348986402984	-0.1952492014461955	0.07476893717903388
-0.562045517543432	-0.01547388912120895	0.07155971136877959	-0.35092088196657945
-0.2004291594515284	-0.19432408163285575	0.40933442365909145	-0.1959123352565244
-0.1670126577678983	-0.06939788954763904	-0.7606617153327626	-0.002927737351700044
-0.4649849228176146	-0.15471458190214138	-0.18309573551183722	0.1972047597684068
-0.03865757880851772	0.5109431444610695	0.3409086010390645	0.1094906756913483
-0.13602131423360886	0.2532238112979528	-0.5505929701558256	0.0601619043126127
0.22986897639530146	0.19734176729443087	-0.3093213382888371	-0.26346791802143055
-0.04947185150634925	-0.052764187400595075	-0.041211073447950275	-0.8565528876451054
0.36447774166869684	0.19625533942963957	0.41363861885374686	-0.02562830004791672
-0.1262182444185722	0.09357265897212552	0.761217602196121	0.018991494413181265
-0.4982344462080128	0.266462362141596	-0.14193940667362392	-0.09336378497676723
-0.24445009765701498	0.05112718200682198	0.3943115418862724	-0.31011117844989067
0.6725987021876498	0.01800147590478063	-0.24845058793118113	0.060949233976388406
-0.5717922142124565	0.03966955523594273	-0.12708482261787912	-0.2614534079337216
0.3447958466337726	-0.21637726349343023	-0.30181559368015565	-0.13701129619264152
-0.21688166355439065	0.33303622728468363	0.07234142943894661	0.3777406797219791
0.23883786432235166	0.19322655461365357	-0.38350581437732645	0.18442976668666833
-0.08136771816627131	-0.4578285407461422	0.004384003587063701	-0.4564197375005228
0.026073960456152845	-0.491904039135038	0.22357522024958243	-0.25844678015922673
0.49105251439666087	-0.0067970694279291255	-0.2792781665545432	0.22287224962086682
0.2773182484887031	-0.0561277370145461	-0.16841223647678394	-0.49814177801996684
-0.5735701489572613	0.21135553721106648	-0.15792049817575027	0.057153815655921925
-0.18918899086783636	-0.0065386543322756285	0.006865302961454489	-0.7974070518384335
-0.021448970438097126	-0.36031173089925495	-0.04707699239967478	-0.5711623062629732
-0.46824666471959797	0.2991302188028384	-0.007469642658283648	0.22515347381927997
0.4153463939484032	-0.18444174981385286	0.02809675816130386	-0.37211509807644005
0.11167204743674253	-0.12657155817895882	-0.15378924123610882	0.6079671531481898
0.06823264677593599	-0.43393580076511595	0.15553984958302536	0.3422917028759227
0.516123633142378	0.09427508921943817	0.2602319957973065	-0.12936928184087737
-0.5920062437290694	0.34508911454189195	0.05621724784589266	0.006687393883145987
0.6496456955506007	-0.2684135090581612	0.03341336227618563	0.048527433115052476
-0.1207056360012051	0.3587754339503533	-0.03463008546508317	0.48588884458335846
-0.1520862815922288	0.35319053611839446	0.28869400349411345	0.20602917879526328
0.035321455450786354	-0.23493382599531665	0.32178049027159616	0.40796422828230083
-0.3079630705729268	-0.05747051271944592	0.6041205454146261	-0.030445871293001137
0.13930715390503234	-0.5078482478738462	0.03204160910507148	0.32080298911605
-0.21358769445627335	-0.1226719638964624	-0.1667844224352273	-0.49695591921203697
-0.5026185967684409	-0.015286999732471607	-0.2180571830163205	0.264037220482767
0.17927176884620022	0.3713812633790716	0.3719898661436494	0.07735710163107878
-0.33155099068788774	-0.571627260836229	0.07731881241467353	0.019502936061209786
-0.1777782697890684	-0.05245692077480424	0.6208962401109508	0.14886856932517656
-0.09695771973157474	-0.34935657945843657	0.2752846899238799	0.2784010108861088
0.42581294315588347	0.4048469943259714	0.023145874179857362	-0.1461941883382878
-0.298524324650433	0.11205654800662868	-0.4942566420294203	-0.09516248531351801
0.24434183031775825	0.28113108836062417	-0.40163368431270974	-0.07289339700890785
-0.17070030240921752	0.34698515672654096	0.2115810232814861	-0.27073351758275543
-0.03601768027111385	-0.26649208679076697	-0.4875745796821289	-0.20991565325599026
-0.07145794988236709	0.5228975723487086	0.28932412448852074	-0.11632035328040358
-0.2972493909947549	-0.13484287065329226	0.03391921108104312	0.5339885272709097
-0.20636736357885566	-0.4860801497384588	0.0946840539437499	-0.21286843273893563
-0.15302465739940208	0.6256634805752557	0.08823077391555545	0.1330810881097868
0.5728904312364611	-0.08937097907404512	0.293813515015767	0.04392507467372675
-0.5634985590951809	-0.2426159305608786	-0.18377086457281022	0.010114645771130304
-0.06263534423508643	0.5227249805743852	0.10475454744113089	-0.30988512774939747
-0.5098002029823989	0.0723757690420157	0.024880583255024735	0.39294344472056064
Conflicts
31 39
55 52
32 59
74 46
25 70
63 94
31 11
10 86
75 67
13 59
93 90
15 18
58 18
72 99
9 62
29 95
25 69
27 24
81 56
100 93
40 11
60 19
37 21
86 22
61 94
13 91
99 8
59 88
90 30
12 20
29 91
71 58
58 20
32 29
83 19
77 51
5 57
59 39
43 74
4 39
64 24
46 45
67 46
43 6
9 56
98 87
25 36
70 6
98 44
83 18
19 59
38 73
93 88
3 95
35 89
26 88
17 73
67 11
86 85
39 24
54 65
67 57
7 75
25 58
26 10
51 18
74 45
81 20
16 21
78 87
14 57
34 81
27 8
28 51
29 79
63 20
34 45
43 95
100 16
4 70
81 8
27 48
13 24
74 94
61 33
68 15
26 52
22 52
4 45
74 62
81 59
77 48
63 53
23 64
41 84
66 87
81 12
71 57
11 84
22 6
50 51
89 93
55 29
45 30
47 88
81 94
63 35
26 95
95 76
3 84
11 73
80 95
28 85
47 10
98 64
10 36
25 17
80 11
66 39
49 79
64 39
14 41
50 79
32 55
71 45
68 59
48 56
66 41
8 44
4 87
77 27
98 5
77 36
96 20
80 45
89 22
49 76
9 51
14 67
8 22
55 69
86 12
96 39
2 84
71 96
35 61
41 96
60 1
41 21
89 56
86 79
55 51
62 59
31 88
63 85
42 66
67 91
71 93
32 72
17 56
50 16
78 88
9 15
78 72
69 70
58 33
89 5
35 60
70 30
67 38
40 6
7 5
22 96
43 1
25 92
61 11
89 84
4 56
42 48
3 46
25 95
100 58
38 90
95 51
54 42
25 80
26 22
42 86
75 1
95 97
35 59
83 84
27 28
23 97
32 80
93 91
4 74
54 87
98 16
35 48
10 45
92 36
93 51
28 17
89 99
39 12
63 46
78 41
40 33
9 87
59 21
63 91
31 10
35 29
42 39
7 90
25 77
61 15
35 50
54 3
71 49
69 90
7 46
75 80
9 48
83 56
31 61
10 96
31 38
72 87
77 38
48 97
58 38
63 33
27 87
14 1
63 24
77 98
25 64
4 61
25 65
4 91
31 57
26 28
47 81
22 30
39 82
17 8
83 49
47 72
63 25
27 49
11 1
83 33
55 65
92 22
68 93
94 21
32 19
27 70
35 21
92 29
92 45
86 28
70 49
10 85
93 46
80 8
47 22
63 11
60 3
78 85
80 44
8 46
63 3
98 90
32 51
27 39
28 84
29 52
66 74
66 59
46 1
69 84
27 76
31 32
62 20
59 49
42 94
64 82
9 22
47 91
92 95
22 88
63 5
71 83
92 33
25 79
7 12
71 33
77 94
5 12
14 99
54 74
83 90
3 61
62 56
23 58
9 45
98 95
37 58
68 53
53 99
23 92
69 30
58 90
68 33
36 64
89 33
7 17
65 38
41 20
8 96
16 52
28 97
54 8
9 32
37 89
93 49
23 60
49 88
71 21
69 22
42 82
68 39
50 1
2 1
100 59
55 1
4 20
43 46
54 44
83 88
3 89
35 36
98 48
58 45
34 6
93 21
58 28
32 61
35 3
51 84
42 62
11 24
25 99
31 100
81 91
69 17
14 45
33 52
16 97
94 30
56 44
83 42
2 86
55 8
14 31
13 70
42 8
79 21
50 18
59 1
63 59
58 16
94 33
63 64
27 11
9 27
89 20
80 5
63 39
100 64
5 82
66 89
55 53
28 48
80 99
7 18
100 70
35 2
75 76
14 38
17 38
83 77
42 59
60 17
3 20
92 80
10 19
34 88
84 20
84 85
38 1
56 5
70 97
77 62
4 83
71 22
42 27
71 9
78 90
68 28
61 79
4 93
16 22
74 18
43 54
42 64
31 42
92 28
92 50
60 24
81 62
36 57
2 89
68 64
13 61
50 60
96 44
75 52
75 100
83 59
49 12
83 93
63 79
16 87
47 87
100 57
35 44
93 70
67 65
71 44
71 79
87 21
31 82
65 6
58 17
37 6
34 77
99 1
66 3
43 78
86 46
98 57
99 27
87 90
65 41
4 81
60 72
77 21
99 51
17 1
60 84
32 67
12 1
50 94
17 18
100 76
43 12
19 8
3 67
97 85
13 82
54 46
86 21
43 4
64 79
97 38
65 33
9 2
4 42
2 95
31 77
31 2
95 20
54 22
50 42
10 87
64 52
94 88
63 6
26 72
2 17
63 22
38 15
80 58
53 72
32 22
15 88
78 18
32 18
25 34
23 73
55 15
28 70
34 56
15 52
41 82
66 40
28 49
29 81
53 93
36 84
32 65
26 84
47 51
31 16
19 49
48 96
76 45
89 61
86 30
37 88
56 21
65 56
61 44
27 22
71 8
42 95
4 86
3 19
2 93
2 53
43 58
31 22
100 88
59 97
54 52
7 64
78 83
74 64
61 38
98 58
13 16
81 70
66 46
87 20
2 22
76 8
80 88
35 94
23 63
32 2
7 48
33 82
56 70
63 31
23 22
25 98
34 1
71 20
54 97
86 70
51 20
8 21
23 55
9 10
7 65
28 41
27 52
100 72
74 17
68 45
2 8
81 52
3 27
38 30
75 27
38 24
80 36
2 19
9 46
35 79
78 38
60 95
59 76
7 83
17 12
27 73
71 4
66 48
55 79
7 32
98 49
78 52
19 88
93 8
90 73
92 59
36 46
14 81
37 96
99 91
87 45
50 87
48 33
65 45
37 55
3 49
99 94
95 12
62 82
23 100
41 52
4 79
26 49
69 12
9 17
67 6
35 80
77 65
83 70
77 88
37 79
25 21
67 16
75 19
55 60
14 22
23 32
67 21
63 76
47 34
54 81
98 70
74 70
77 84
65 24
81 22
100 61
97 8
80 3
66 53
4 100
51 73
27 56
49 21
19 33
26 13
89 52
63 81
55 24
40 59
92 87
48 85
63 80
47 83
69 48
13 30
35 65
60 18
5 88
63 87
72 39
87 51
75 48
70 8
9 80
10 97
60 97
54 19
7 53
4 90
19 5
27 15
97 18
40 57
78 32
29 70
65 97
66 2
28 91
98 81
16 56
75 41
50 91
47 29
13 93
32 53
21 85
4 94
84 73
21 73
98 22
91 45
99 76
21 6
31 5
43 55
22 91
9 57
13 11
12 91
34 64
31 80
83 99
56 84
71 6
23 11
83 82
57 91
98 1
89 30
65 39
54 48
100 25
36 44
98 46
50 62
14 79
4 31
36 88
53 87
58 84
43 40
16 44
65 70
27 41
100 45
37 85
58 49
77 91
53 97
35 87
78 89
75 66
87 95
47 86
13 34
66 90
43 29
47 16
60 20
54 66
67 49
43 37
16 49
23 77
66 27
13 25
27 46
23 53
68 66
50 58
81 90
23 75
83 76
7 81
3 76
60 90
83 27
65 49
92 79
47 97
54 62
80 52
71 67
68 70
71 3
33 12
17 30
13 21
8 38
27 96
54 51
100 87
25 11
84 44
90 24
42 12
71 1
41 45
97 24
68 94
68 75
11 41
74 21
54 59
19 12
54 1
32 79
72 5
62 73
86 61
28 59
27 51
23 50
47 76
94 22
75 94
25 88
62 22
43 75
80 15
81 11
69 91
27 91
29 93
66 79
50 17
95 5
81 58
35 1
62 8
43 89
13 78
63 44
93 48
81 40
63 68
60 61
35 88
72 65
93 15
67 84
60 93
66 82
87 59
53 17
92 10
15 12
92 21
32 28
87 85
56 52
53 62
93 73
41 57
25 46
47 67
15 82
55 42
71 72
4 59
2 15
100 92
68 4
78 99
80 94
47 94
98 56
68 27
71 91
59 41
35 20
19 1
56 18
92 49
61 17
7 76
10 33
4 6
55 40
69 89
80 6
32 11
71 98
81 79
74 44
27 74
14 28
68 11
27 19
43 60
42 87
98 67
71 37
19 79
70 38
55 33
47 59
57 45
7 31
51 38
57 85
54 90
86 90
71 34
26 51
44 91
13 39
54 84
64 8
60 70
66 64
16 70
10 64
10 30
55 56
11 20
4 80
71 60
43 39
49 24
25 12
37 32
40 84
87 8
86 96
71 94
62 84
66 88
11 18
47 31
14 15
16 30
58 6
78 62
7 56
51 88
59 95
78 19
47 44
53 56
9 36
31 24
31 64
74 93
14 65
6 1
75 53
51 44
60 69
63 34
63 40
60 29
13 58
7 27
96 84
30 73
75 11
26 21
21 33
26 56
11 96
41 33
89 58
98 27
95 73
93 79
31 65
13 42
39 20
32 70
98 62
44 85
42 74
59 22
75 84
29 99
62 52
3 65
89 90
4 22
69 16
60 80
86 39
4 89
26 18
72 85
37 77
40 22
81 38
35 85
81 28
37 24
26 8
63 16
40 97
94 41
89 91
80 76
27 21
39 18
47 78
99 87
88 24
89 48
53 18
31 84
100 77
48 24
99 62
34 82
2 97
64 59
83 46
39 91
66 94
50 36
55 62
9 60
40 30
9 74
14 50
26 45
7 63
65 85
86 87
55 86
80 74
17 79
47 11
40 5
74 30
27 90
21 46
43 50
14 46
4 5
23 45
84 88
78 81
10 79
50 81
14 17
37 16
21 52
60 79
87 24
3 85
90 12
66 29
69 97
40 87
72 12
83 8
79 84
75 21
77 12
25 87
31 25
7 84
78 27
89 19
74 24
14 39
26 14
68 60
78 11
4 16
39 73
51 85
100 69
28 64
61 22
14 98
23 4
59 6
98 17
51 24
82 30
40 62
44 24
40 76
9 13
27 79
18 1
28 21
25 60
68 17
81 24
6 30
60 45
68 21
14 94
52 1
78 15
2 64
80 61
35 72
27 93
65 76
42 57
23 9
29 82
72 94
14 86
100 73
72 91
66 11
10 34
92 83
2 62
54 68
3 12
75 32
95 70
22 39
43 62
60 74
13 6
36 21
19 11
50 72
53 90
89 15
89 57
81 1
22 84
86 15
13 46
79 8
29 74
99 73
99 65
55 48
23 26
94 76
7 47
26 91
69 33
26 47
60 44
54 55
25 44
69 49
55 66
68 31
11 12
96 82
54 37
80 21
77 93
31 6
33 45
80 89
15 84
80 29
97 90
50 5
92 14
34 22
68 32
37 10
12 85
10 58
10 83
54 5
82 46
87 94
9 34
13 29
54 83
61 82
48 51
13 77
60 2
4 13
60 16
55 16
37 5
43 9
4 98
4 35
63 97
3 90
34 79
49 45
33 18
50 53
100 89
42 15
68 55
26 7
26 64
67 59
47 30
48 90
11 82
61 97
32 66
7 34
27 20
4 44
49 84
7 22
15 33
48 62
14 35
68 99
34 33
11 88
4 21
16 17
19 64
65 12
13 18
53 8
70 91
2 61
100 32
32 91
10 42
4 25
37 14
41 73
63 21
25 33
3 57
19 51
63 90
29 30
13 57
53 65
32 99
5 21
93 85
57 24
22 57
31 34
92 55
60 67
47 21
27 62
79 44
26 80
63 30
93 44
75 30
93 36
32 56
14 19
79 33
93 11
10 2
78 24
11 15
10 5
55 85
28 56
51 21
17 95
38 52
3 44
69 94
25 24
6 18
64 88
70 51
98 59
17 33
91 30
14 52
20 18
34 61
37 27
9 44
56 73
59 15
68 10
36 18
98 30
35 49
18 85
14 49
86 88
57 1
75 99
22 21
14 60
37 30
71 54
17 82
72 19
79 12
49 73
69 1
50 48
29 40
90 84
40 52
23 37
75 82
56 96
43 18
53 24
35 62
35 16
65 11
60 87
40 93
49 90
81 3
27 6
89 73
10 22
47 65
50 11
77 45
2 48
8 82
100 67
2 56
83 34
89 49
66 44
36 79
53 85
42 73
70 39
84 45
65 59
37 73
34 17
63 28
46 85
26 99
62 46
56 41
53 38
53 79
72 24
55 70
80 17
9 18
69 18
54 58
56 15
40 90
81 39
37 2
4 49
37 67
19 38
97 73
31 19
13 79
53 39
29 97
78 35
100 13
47 20
42 90
66 34
58 46
10 84
56 6
93 95
74 88
71 75
78 60
78 51
51 6
46 24
34 16
70 12
9 64
26 39
49 91
75 59
75 42
26 74
29 56
32 35
78 33
51 15
89 70
40 73
28 30
77 49
93 52
60 58
29 46
25 94
47 40
99 30
92 94
78 97
40 74
92 69
7 45
81 85
69 64
99 20
61 51
37 47
71 63
59 73
37 99
3 87
34 97
26 25
65 21
47 3
92 41
100 38
38 39
94 46
69 87
43 19
8 51
10 20
23 12
71 50
12 30
75 12
37 35
2 99
71 52
40 36
47 39
72 22
54 79
50 28
3 21
37 91
100 66
65 91
10 46
14 88
23 51
54 56
69 56
35 91
93 18
19 24
83 81
48 15
7 11
21 82
72 8
7 99
66 98
83 1
9 98
88 1
42 76
62 57
63 56
95 45
35 52
53 12
11 79
87 70
81 49
11 46
17 97
5 90
49 44
66 61
37 15
77 11
77 39
53 59
86 17
34 72
19 76
81 15
60 64
32 27
10 41
55 93
43 84
77 24
4 60
58 11
3 97
42 2
50 38
22 12
43 69
63 27
23 14
48 91
54 24
31 62
47 80
23 59
43 80
19 21
10 29
71 46
4 3
33 90
68 14
42 41
80 38
73 24
54 82
7 9
53 1
89 88
27 59
27 88
54 41
96 88
89 12
50 29
13 2
19 6
7 82
32 38
68 72
35 93
86 56
54 38
92 42
9 100
4 32
82 45
50 70
93 64
4 36
31 49
9 86
78 1
31 36
72 57
50 8
43 27
98 12
58 87
47 45
55 2
63 73
16 64
64 11
23 38
7 74
40 67
26 42
68 30
47 99
71 27
70 79
16 96
53 84
23 25
61 24
2 51
94 20
19 62
47 61
56 51
78 55
50 22
5 44
51 57
12 57
23 17
43 44
71 12
23 56
92 76
53 40
2 6
34 29
84 91
10 1
47 25
72 44
86 59
35 12
35 99
74 56
99 96
43 97
4 88
81 76
100 90
100 34
43 85
55 59
36 41
60 8
61 52
75 61
7 44
99 44
42 16
12 52
61 91
9 4
55 97
7 96
75 86
21 20
87 11
98 51
68 36
23 83
55 10
42 61
92 58
75 64
47 58
79 30
87 22
86 48
77 81
30 24
51 12
89 94
17 96
34 53
16 39
90 52
71 80
31 59
81 67
52 57
97 91
87 56
14 21
59 96
81 16
72 11
68 16
59 85
25 78
63 37
80 65
58 36
9 61
32 73
71 5
25 74
54 20
81 48
81 84
64 44
92 19
5 91
34 58
87 64
63 83
89 74
37 8
48 87
16 48
3 24
4 78
2 52
39 57
78 94
87 82
35 10
18 73
9 70
47 17
36 38
65 82
47 35
76 88
29 1
78 65
78 80
81 2
12 44
47 5
9 33
86 64
37 44
9 66
83 96
4 28
50 49
27 95
32 16
71 66
35 17
63 99
19 18
16 18
47 32
69 24
71 100
69 51
7 69
39 44
19 48
16 57
68 95
63 61
32 41
71 59
83 79
3 16
3 93
70 41
37 48
2 24
19 70
58 91
56 49
75 5
71 89
79 51
44 73
48 22
8 84
3 5
79 96
32 83
78 75
68 85
47 89
43 94
40 20
42 96
56 91
46 52
83 53
9 84
81 99
74 11
75 34
18 30
66 12
23 86
31 98
100 79
55 3
29 72
64 45
94 79
77 76
12 84
71 31
4 75
71 7
77 74
50 21
68 22
83 44
80 85
2 16
40 15
9 79
65 46
25 83
82 73
69 3
86 73
3 48
25 61
23 74
68 42
47 46
2 79
40 24
75 57
60 89
29 73
36 62
63 29
53 76
52 24
96 85
89 18
56 85
26 27
71 41
50 73
53 20
7 62
72 49
14 70
81 97
37 19
43 79
65 5
71 10
78 58
37 56
63 15
91 85
26 78
95 88
37 93
58 72
16 82
47 66
60 86
34 96
39 52
34 73
23 5
74 16
92 89
94 24
69 76
10 65
34 74
10 38
69 45
26 11
55 98
91 90
22 1
50 96
93 6
14 29
78 45
31 18
26 12
74 6
26 92
33 73
78 48
43 68
57 84
64 22
32 85
23 48
11 45
59 84
55 80
75 50
40 94
61 70
74 73
31 83
66 62
96 21
26 65
80 70
14 59
32 6
64 84
92 16
49 8
6 12
35 45
83 97
20 73
36 73
93 1
83 16
65 84
67 96
78 10
23 80
47 73
35 11
94 18
62 21
87 46
77 6
55 87
31 99
81 46
23 72
92 62
13 40
3 17
59 44
47 38
69 27
69 72
11 8
87 33
54 95
6 45
47 49
29 98
68 77
96 57
80 64
68 41
78 44
26 41
59 56
29 86
9 78
64 46
100 30
13 66
76 82
54 69
58 64
40 79
7 72
4 14
67 19
62 1
26 24
65 20
8 39
65 94
9 85
98 97
67 94
53 36
2 85
98 82
37 42
86 33
26 71
57 44
74 97
36 91
53 51
34 51
67 24
27 12
56 33
60 6
81 61
61 59
4 37
65 17
43 5
49 30
16 45
37 90
29 53
2 40
42 93
74 76
47 8
42 80
25 40
53 44
98 36
92 85
58 85
82 24
71 81
54 89
98 94
55 72
40 88
80 93
9 30
43 61
87 30
10 60
43 25
37 52
83 3
13 12
75 3
25 15
7 3
70 18
53 16
98 18
56 1
11 94
80 41
9 89
13 67
75 44
39 1
31 85
92 44
44 1
86 67
42 45
6 73
9 58
78 40
32 82
94 44
32 30
27 36
66 30
29 41
50 56
15 73
36 15
8 24
60 59
7 13
57 6
27 97
32 87
75 17
74 51
42 97
78 56
11 6
75 92
29 18
64 76
63 92
78 77
89 85
99 70
71 24
93 28
7 97
60 52
68 44
79 22
92 81
83 11
63 93
65 88
67 93
35 98
47 57
98 85
40 21
5 38
51 39
14 90
42 18
7 70
83 85
24 18
47 69
43 59
36 24
86 1
34 19
68 69
100 35
43 3
72 17
62 91
92 6
88 91
35 15
68 67
9 21
29 12
4 17
27 18
75 60
21 57
19 22
62 85
51 33
3 1
63 19
25 57
54 33
62 94
69 41
55 22
60 22
37 29
95 44
71 30
71 87
62 88
51 1
76 20
2 74
21 1
14 84
96 15
86 95
92 12
40 38
75 24
63 98
60 94
74 59
67 41
11 33
33 85
3 74
100 95
53 46
67 73
34 48
43 86
54 77
75 18
99 15
31 17
37 72
65 15
37 95
71 62
94 8
55 88
46 73
53 95
58 99
99 84
65 30
83 45
26 36
76 52
55 39
29 3
89 17
66 80
58 93
5 30
28 6
100 46
28 18
3 22
31 70
69 73
23 78
4 66
86 65
35 97
13 14
61 87
29 62
43 31
63 32
19 97
54 13
93 30
48 12
64 38
83 65
89 51
14 58
98 53
37 50
9 59
99 88
29 36
38 45
69 82
55 44
68 73
83 57
95 85
64 12
81 89
66 33
100 40
97 12
59 82
22 82
40 16
55 12
53 6
3 94
43 26
8 6
9 40
76 57
80 12
19 84
63 86
99 12
40 45
40 95
32 3
26 70
53 67
92 32
28 11
100 29
60 12
71 35
81 5
58 56
77 15
16 73
23 3
67 15
25 86
8 1
69 21
25 97
5 45
56 20
92 2
59 91
54 12
100 60
66 84
62 12
27 82
2 18
6 24
41 12
16 11
71 36
31 12
9 28
14 18
83 52
56 30
4 51
2 30
56 38
63 41
3 70
83 5
23 96
68 65
37 31
69 96
55 91
42 33
44 45
26 73
79 1
77 79
94 91
94 45
68 88
71 76
33 30
77 18
68 18
32 24
34 98
31 55
83 91
17 76
36 76
88 18
84 33
10 81
56 46
95 49
2 70
88 20
42 24
43 48
91 24
27 44
13 45
15 1
75 40
13 60
7 30
86 41
94 73
83 20
75 98
3 11
53 48
3 41
75 81
68 50
23 95
43 90
11 91
37 78
26 94
72 74
60 34
37 97
71 14
25 73
95 52
37 68
54 2
58 65
47 75
13 51
43 11
54 60
89 1
36 56
83 38
79 46
100 80
41 22
70 24
63 54
32 90
57 88
29 59
24 85
50 93
21 84
54 25
4 84
80 72
8 30
50 66
71 47
71 95
43 13
23 41
7 20
70 94
78 12
46 88
43 24
59 24
34 40
99 33
34 2
23 44
47 1
2 5
23 20
37 36
95 1
28 22
100 55
55 28
31 1
100 51
29 39
96 24
80 97
77 61
13 99
44 18
28 95
100 5
86 69
80 27
36 39
54 67
48 76
56 82
35 66
37 51
78 67
28 39
95 41
68 35
23 87
48 1
47 55
13 89
23 46
42 69
44 33
100 42
10 99
66 17
23 30
9 81
36 33
65 79
69 2
68 1
72 88
29 90
43 49
10 49
63 82
6 85
76 15
68 58
21 45
48 88
25 76
81 64
86 8
22 73
2 36
96 90
79 18
93 56
71 84
28 94
37 86
26 50
74 49
61 56
80 19
59 30
52 45
7 55
41 91
9 6
68 87
13 28
86 72
74 87
100 2
11 39
93 45
50 80
99 57
23 85
69 88
67 52
28 79
72 41
4 76
56 88
89 27
37 22
60 39
75 90
28 12
71 73
37 20
26 6
63 17
34 69
54 96
14 6
92 51
35 28
58 15
78 76
98 45
74 33
14 62
92 73
91 18
3 39
40 70
6 46
55 99
77 56
75 38
10 98
80 56
25 5
86 74
31 56
8 12
49 52
52 18
48 70
71 88
16 46
50 57
2 59
40 82
68 6
64 70
66 38
60 28
78 20
36 96
86 18
81 93
5 84
5 73
52 30
31 72
55 94
37 69
78 6
74 1
66 69
90 20
71 11
48 30
82 1
96 12
81 18
75 33
4 12
28 62
28 46
13 41
71 42
35 19
81 53
10 24
26 38
98 21
74 22
37 83
4 95
25 10
86 16
92 18
36 59
35 56
10 69
97 84
58 57
72 96
31 75
32 17
41 24
32 1
