InstanceID
8_50_4
NumObjects
50
NumFactors
4
Weights
1.2357704434527994
89.42867224957195
88.08508653790943
76.92526905665427
85.4293355545731
33.585633427546014
51.733761650463485
4.5558528266970155
61.24850977675149
42.357613719339724
23.94476876411793
45.84196354771526
91.62395958733529
95.70170755641996
84.61432604355022
75.10189425329933
40.008186614572885
62.467831109721075
36.31790514760627
9.078122429370916
12.398331292706889
15.012994255759438
95.21306895702149
20.9704138325554
67.2175173509262
57.48944859205203
77.75946770367877
76.47596585974858
64.86590965826076
56.75506344134562
96.103119182531
76.14614958158754
92.52390880524945
69.35252716825066
72.00123126748078
76.8611826211367
23.84646334248042
78.70138423403634
91.43269632832853
56.50994760076165
81.32575613553124
22.437662747188813
27.534290185846324
35.913756540448546
72.95090079475442
31.57988469796964
82.10190951727061
14.551498650564575
99.46708317326278
22.286526940524887
Budget
1433.5361153779643
Profits
-0.24715408869055988
-17.885734449914388
-17.617017307581886
-15.385053811330854
-17.08586711091462
-6.717126685509203
-10.346752330092697
-0.9111705653394031
-12.249701955350298
-8.471522743867945
-4.788953752823586
-9.168392709543053
-18.32479191746706
-19.140341511283992
-16.922865208710043
-15.020378850659867
-8.001637322914577
-12.493566221944215
-7.263581029521253
-1.8156244858741832
-2.4796662585413776
-3.0025988511518875
-19.0426137914043
-4.19408276651108
-13.44350347018524
-11.497889718410406
-15.551893540735753
-15.295193171949716
-12.973181931652153
-11.351012688269124
-19.2206238365062
-15.229229916317507
-18.50478176104989
-13.870505433650132
-14.400246253496155
-15.372236524227342
-4.7692926684960835
-15.740276846807268
-18.286539265665706
-11.301989520152329
-16.265151227106248
-4.487532549437763
-5.506858037169264
-7.182751308089709
-14.590180158950883
-6.315976939593928
-16.42038190345412
-2.910299730112915
-19.893416634652556
-4.457305388104977
FactorLoading
0.17926692839725056	-0.6919391835868816	0.10291615090013528	-0.025877737115732602
0.14070121363915256	0.6269407925966295	-0.07878078607409345	0.1535772076901245
0.17496742677410748	-0.2779552902901523	-0.3963478097384665	-0.1507294731972737
0.20762631981852397	0.2550607876187041	-0.27894420463166947	-0.25836868793110246
-0.14417500680828388	-0.7437479515596965	0.05861363526137087	-0.053463406370648725
0.298282402923703	0.2579537711912785	0.021383928828192067	0.42237989705682644
-0.043458340270365214	0.28928853053000525	0.5630713032730275	0.10418182592660208
0.47939307619943494	0.2200646900332921	0.04801857444007629	0.25252365932719667
0.5162244975434152	0.1238829634917833	-0.10841301390551905	0.2514795250592825
-0.37827643322264515	-0.4375736016138232	-0.1662420265004696	-0.017907938663062062
0.24255667181697227	0.1283492544333058	-0.24187089782553794	0.387223175924184
-0.010290076798638026	0.3147560970361336	0.2724168680112775	-0.40253695815395085
0.6517506257859151	-0.07839531607156602	-0.0506063628224811	0.21924769532003774
-0.07365955813040803	-0.5160595114568611	-0.11686817749979617	-0.29341275291293467
0.041042928005122103	0.2712223628155377	0.4823658534531683	-0.20536885572617192
-0.3057586908751606	-0.07126200987616449	-0.051091188096549445	-0.5718881111521255
-0.6593666216260916	-0.09923138651393759	0.08205935903520145	-0.15934263282476935
0.6196050318318012	-0.22060733632308138	0.15046042046439	0.009327211380727451
-0.5365910513412804	-0.3668233332860438	-0.06896826809553525	0.027617347277140603
-0.2958312960268239	0.019264999772706792	-0.3160602061532267	-0.3688434980472426
0.18971309101393752	-0.17178621966732854	0.12407685536347501	0.5144238339552589
-0.18656934050513585	-0.5265910391828819	-0.09291810534311007	0.19392151496887222
-0.005312037765021316	-0.5337072500314066	0.41614293291551996	-0.044837779288052104
0.03808888154067813	0.0028981081291359345	0.39109656793228664	0.5679164423978993
-0.2892541561461941	0.5707289233603916	-0.05245133023014392	0.08756559026327038
0.3072385469829284	-0.11204456337571167	0.50382062366087	-0.07689626598048993
0.008384125185166846	0.5465452565441726	0.00033985602872377285	-0.44473076224193675
-0.06880316682563348	-0.6501567389929535	-0.27265558000881307	-0.0083845141726
-0.012126492749721107	0.22165752497285074	-0.0991821856417261	-0.6670337966357021
0.3068233949574093	0.1278202587420494	0.25768556148782595	-0.30767078481271537
0.5127847906124989	0.0138604026022775	0.023989792453460224	0.44936501433176335
0.08210303956060261	-0.0064088936024016	-0.7268459514486671	0.18464211538832864
-0.009435010845195269	-0.31957768819057697	0.2669556957904704	-0.40403160517375736
-0.017637798447749153	-0.6434978938161322	-0.2133078519247671	-0.12555645581135155
0.13828036673582478	0.2737547994299543	-0.45106787387925973	0.1368969599549612
-0.006381063233626305	0.25655491966770505	-0.5773169357900934	-0.1597470813085753
0.33969838463246393	0.1479770010102779	0.2659016717313101	0.2464229426259481
0.148564555669207	0.07382294543211909	0.4704438212833748	0.3071686776152991
-0.0858214252439522	0.3938033518324233	-0.44211640715154266	0.07825881577208182
-0.6222990706239824	0.08733198590408398	0.16778139289818883	-0.12258755057374482
-0.30735942812178285	-0.020975612095017526	0.649767596743225	0.021897363039974582
0.12729973196942335	-0.22711789325084042	0.1825590424399799	-0.46302333233975634
0.4433250840872274	-0.13494758768484827	0.24956458668930548	0.17216274153861888
0.26091274659819175	0.5730077814618966	-0.003046600086571649	0.16303287185334003
-0.5745290598659578	0.28779164560366155	0.04170542455159243	0.0959738699787882
-0.14752731854974588	-0.38149049616750697	0.3000498130279492	-0.17093237225479796
0.07367334392243508	0.1130318939929631	-0.6098925669503534	-0.2034021951342484
-0.2830968709939099	0.20938800941896885	0.2179384573842984	-0.28957666220282285
0.31650635270783156	-0.05046271261723523	0.009274552002290326	-0.6237563826726429
-0.33632430711422456	0.3765324302322728	0.026067440923745355	-0.2610758217297573
Conflicts
41 45
40 44
13 46
26 9
48 15
13 45
28 11
35 36
44 12
47 49
29 3
34 38
17 22
39 46
37 20
23 19
35 38
31 45
25 2
10 1
31 12
43 21
14 21
23 24
14 30
49 18
25 27
14 31
42 44
47 30
16 11
16 48
28 36
37 28
25 21
44 46
14 41
29 49
16 36
48 33
26 31
17 12
9 29
4 12
34 27
32 6
29 30
14 2
47 21
10 5
25 8
31 15
32 38
13 50
26 19
8 12
40 11
46 20
42 6
27 36
43 19
5 30
49 20
41 38
26 27
14 18
2 11
29 5
13 2
9 48
47 18
29 18
26 16
47 27
11 49
42 29
36 24
7 37
43 6
49 15
42 48
42 27
39 33
13 21
29 8
44 45
17 41
7 29
43 12
42 18
3 6
14 29
47 6
2 15
30 45
43 27
10 30
31 39
46 12
47 4
42 45
7 24
37 21
38 33
4 6
34 45
9 38
5 45
23 28
26 3
37 32
23 5
49 45
20 24
36 18
2 36
13 38
47 13
23 16
23 6
34 18
35 41
34 8
47 34
15 18
37 1
7 35
41 30
17 38
22 45
32 18
10 49
37 31
25 45
9 13
14 17
47 15
25 22
10 27
48 12
32 46
28 5
42 46
47 40
47 2
32 40
26 46
43 7
38 39
31 32
10 46
25 6
31 30
10 11
39 22
3 11
13 29
26 18
42 15
8 18
9 35
29 40
31 5
17 24
36 11
40 19
37 39
21 44
13 30
27 8
35 24
39 44
26 30
12 20
29 27
7 39
48 20
32 29
50 19
13 19
5 39
43 39
10 41
4 39
45 24
3 46
43 46
9 6
23 34
25 42
36 6
34 6
44 18
48 24
31 29
35 3
25 24
26 17
9 11
3 21
22 38
40 24
39 1
7 41
44 24
25 10
10 45
37 17
16 20
23 21
14 46
27 38
29 15
34 20
39 45
43 31
17 8
46 45
27 48
13 24
15 33
26 4
4 45
10 17
43 13
23 48
41 20
23 37
2 12
7 17
11 20
50 40
25 29
29 41
47 24
17 30
31 35
42 12
3 20
31 16
28 21
47 10
34 44
10 36
25 11
16 39
2 49
15 39
50 15
42 49
7 45
4 44
48 45
2 41
8 44
23 4
13 27
13 5
32 36
25 49
9 12
14 3
8 22
48 5
32 39
2 20
7 50
32 35
32 41
41 1
15 22
31 24
5 21
42 2
3 27
32 8
50 17
16 24
9 14
14 8
50 22
6 33
25 5
35 30
38 6
7 5
32 22
43 1
25 28
4 25
3 38
31 50
36 38
42 16
26 25
42 1
31 11
35 33
19 20
27 28
23 33
32 16
43 4
23 10
34 16
35 48
29 17
35 28
25 39
40 41
9 33
31 10
29 38
35 42
26 13
25 15
35 50
3 39
43 42
7 49
26 5
47 46
7 11
9 19
23 31
13 8
38 44
14 27
25 34
4 32
25 32
47 1
4 27
47 28
17 18
8 49
47 19
27 49
11 1
19 33
22 1
29 28
4 30
19 21
35 27
21 46
28 45
37 22
28 49
10 6
21 39
29 46
16 8
47 22
48 11
14 16
48 8
34 48
34 3
26 34
28 20
10 29
2 38
2 1
47 5
27 12
49 30
9 22
31 28
22 24
28 15
7 12
7 33
5 12
14 35
26 39
3 19
23 45
9 34
4 35
23 40
50 38
4 33
36 33
25 17
7 1
8 24
16 49
8 33
9 32
37 25
42 21
5 22
42 20
48 49
39 18
50 1
36 1
4 20
25 36
34 39
6 45
29 21
32 28
3 45
50 20
11 24
25 35
31 36
27 44
17 5
17 45
14 33
33 30
19 44
37 42
13 6
37 8
1 18
16 33
11 30
9 27
50 27
25 18
36 5
2 18
25 48
7 16
6 18
47 36
2 44
35 12
14 11
42 41
3 17
40 20
28 16
10 19
34 24
21 20
38 1
43 5
41 6
13 33
4 41
19 22
7 44
9 42
26 14
4 28
4 29
49 22
10 16
43 18
50 41
41 24
4 13
50 39
32 44
11 38
19 36
19 41
23 47
36 44
35 6
29 1
7 3
23 15
31 18
6 1
47 41
13 48
35 1
2 3
14 48
27 22
7 48
23 22
26 1
41 15
17 49
4 8
17 20
32 3
12 1
50 30
36 12
37 3
19 8
21 33
13 18
43 22
9 4
31 42
13 31
47 31
31 2
22 20
50 42
38 30
6 24
2 22
38 15
22 46
32 15
18 24
14 32
23 38
28 38
41 18
2 40
29 36
1 20
26 32
47 20
19 1
32 45
25 12
21 24
44 1
42 22
7 27
42 8
4 22
19 39
43 3
29 2
2 46
36 22
33 24
7 14
8 41
13 16
17 6
23 42
38 24
35 16
23 30
32 2
33 18
31 40
25 20
50 34
34 1
7 20
16 5
22 33
6 46
8 20
9 10
28 41
36 8
2 8
27 24
38 45
2 19
9 46
35 15
14 38
50 12
43 2
7 15
32 49
37 34
14 49
12 45
39 24
29 19
9 8
26 49
28 46
14 36
43 17
37 41
32 27
23 35
50 33
48 1
37 45
3 49
40 36
23 41
15 45
4 49
16 6
13 35
15 24
47 25
3 16
19 11
14 22
23 32
47 12
34 17
10 20
4 36
9 31
17 44
40 1
35 46
8 39
23 44
11 39
9 16
10 33
37 33
7 19
5 46
27 19
33 45
9 18
14 40
17 1
2 33
