InstanceID
8_60_4
NumObjects
60
NumFactors
4
Weights
1.2357704434527994
89.42867224957195
88.08508653790943
76.92526905665427
85.4293355545731
33.585633427546014
51.733761650463485
4.5558528266970155
61.24850977675149
42.357613719339724
23.94476876411793
45.84196354771526
91.62395958733529
95.70170755641996
84.61432604355022
75.10189425329933
40.008186614572885
62.467831109721075
36.31790514760627
9.078122429370916
12.398331292706889
15.012994255759438
95.21306895702149
20.9704138325554
67.2175173509262
57.48944859205203
77.75946770367877
76.47596585974858
64.86590965826076
56.75506344134562
96.103119182531
76.14614958158754
92.52390880524945
69.35252716825066
72.00123126748078
76.8611826211367
23.84646334248042
78.70138423403634
91.43269632832853
56.50994760076165
81.32575613553124
22.437662747188813
27.534290185846324
35.913756540448546
72.95090079475442
31.57988469796964
82.10190951727061
14.551498650564575
99.46708317326278
22.286526940524887
97.41222628842674
87.12061119841321
17.926692839725057
67.14784067750308
26.078885166038468
76.02663798992855
1.143603815612293
76.7642006235782
14.070121363915256
84.64227923098755
Budget
1707.7026649750287
Profits
-0.24715408869055988
-17.885734449914388
-17.617017307581886
-15.385053811330854
-17.08586711091462
-6.717126685509203
-10.346752330092697
-0.9111705653394031
-12.249701955350298
-8.471522743867945
-4.788953752823586
-9.168392709543053
-18.32479191746706
-19.140341511283992
-16.922865208710043
-15.020378850659867
-8.001637322914577
-12.493566221944215
-7.263581029521253
-1.8156244858741832
-2.4796662585413776
-3.0025988511518875
-19.0426137914043
-4.19408276651108
-13.44350347018524
-11.497889718410406
-15.551893540735753
-15.295193171949716
-12.973181931652153
-11.351012688269124
-19.2206238365062
-15.229229916317507
-18.50478176104989
-13.870505433650132
-14.400246253496155
-15.372236524227342
-4.7692926684960835
-15.740276846807268
-18.286539265665706
-11.301989520152329
-16.265151227106248
-4.487532549437763
-5.506858037169264
-7.182751308089709
-14.590180158950883
-6.315976939593928
-16.42038190345412
-2.910299730112915
-19.893416634652556
-4.457305388104977
-19.48244525768535
-17.424122239682642
-3.585338567945011
-13.429568135500617
-5.215777033207694
-15.20532759798571
-0.2287207631224586
-15.352840124715641
-2.814024272783051
-16.92845584619751
FactorLoading
0.4078143365496649	0.27345298329664836	-0.2025909983936749	-0.11614168176001183
-0.33142574390430246	0.09756551253728873	-0.13783647841097335	-0.43317226514743545
-0.2257770159179291	0.33424977035860914	0.2758492143990845	-0.16412399932437727
-0.46208570059867626	0.0026380901729423645	-0.2554388838454358	0.2798373253829456
0.5265217317347413	0.3360916256711699	-0.07561191819205382	-0.06177472440203502
0.13433138249713017	0.8630627339337795	0.001390052903612382	-0.0012158306654779238
0.5307462632979314	0.16590671078126507	0.24757369922385464	0.0557733266969489
0.02786875560411639	-0.5929092380009799	0.01843489464915371	0.36078711174574996
-0.0367248255241539	0.024515687225261207	-0.3905784190011985	-0.5481810682493864
0.26705108629697083	-0.3513010749480323	0.1379289169022011	-0.24371892185279576
-0.3301533933539147	0.45553761677875526	0.12203980330164232	0.09226918656568772
0.02430915111909715	-0.27820147387818417	0.3382595803597881	0.3592297946429306
-0.05397177693921695	0.39135945071987455	-0.0304148261105881	-0.5242539462303204
-0.5018069321495191	-0.08639537512721729	-0.00019180442156541133	-0.4116058883016982
-0.08632009355736381	0.19580029943070376	0.04303483574264333	0.6748447712692891
-0.1135944605536594	0.19911875301234883	0.22156813065780412	0.46571865577618765
0.47691860009982023	0.024163588735104602	0.4083709841297025	0.09054682703537265
0.2005318394984339	-0.03789786211555879	0.2265637223345529	-0.5350065760514544
-0.12968318802244094	-0.2542105999929132	-0.6084220892709222	-0.007684122713723651
0.09886651338245422	0.5263761785019234	0.14953082496263503	-0.22522648315298732
0.16564035606634775	0.11304104554985739	-0.01625373183681811	0.7050648665469768
-0.06525861012568446	-0.24906704077546138	-0.5985314386774234	-0.08714291042143074
0.5168121352213877	-0.04632223910631472	0.232720205477277	0.20414542019502058
0.39624679275234875	0.04491399398706797	-0.4347902350096229	-0.1240489782509604
-0.13808426356441283	0.4619540367997377	-0.09297122380427303	0.30699047583157646
-0.596489064922203	0.05228200943900574	-0.02704335911496103	0.32418556652383024
-0.09756799350823986	-0.11662772375127695	-0.05160793465903546	-0.7341963480814477
-0.3163032456632986	0.15739104346882415	-0.23822478092989519	-0.28808092993798207
-0.6040253842009689	0.25288210187548765	0.05825899625952502	0.08483351766401848
0.7240616724348656	0.11306202656940711	-0.11414448420042467	-0.048731816795302585
0.31198622061169456	0.15527150995550243	-0.3611921486923628	-0.17155012074044018
-0.4093009038488513	0.011566290642323507	0.5032692801167591	-0.07586352539206609
-0.08176878599589243	-0.0703600835368019	0.33980047911314015	-0.5080706513541655
0.2589251357292681	0.4371128335278498	-0.2542954576723706	-0.04966657307051148
-0.00240799023965943	0.46581540809526945	-0.34290180140463966	-0.18887480026043146
0.5149249654104726	-0.041221775191352616	-0.11780034123323535	0.3260529181649394
0.5247969688511593	-0.29334776705466314	-0.13750368560599302	0.044351578488184495
0.07970106507322217	0.10372156111373276	0.39830169902166834	0.41827567479137673
-0.2570423766878469	-0.28604440380977136	0.4046563609708851	-0.05225685853149664
0.25560910370286916	0.06308960403311481	-0.6515516235144017	-0.029749668749614377
-0.16080114586299432	0.450813596753876	0.04899245830335541	-0.33939279907977427
0.000718835747422375	0.8059085992294155	0.15648438082617266	-0.03688818419698947
0.014229953062774081	0.48772628620214564	0.2835437960669134	0.2144999646681669
0.1323408533843975	0.42973003818189315	-0.3606937941858679	0.07723531424784147
-0.10575297175087495	0.06473077941063043	-0.6551173657184244	-0.17439888312007024
-0.2871665303343929	0.3118940870710103	-0.28445197088458385	-0.11648741171001298
-0.2862828275264544	-0.4853164893199311	-0.08573694627538919	-0.1426637368782253
-0.030083797080494357	0.6031154438359259	0.3006676745344339	-0.0661330845491459
-0.22406579373510516	-0.3048166981362186	0.33664017304218086	-0.1344773350864954
-0.2084697783804701	-0.1342836575011157	-0.6084188370415904	0.04882772707682381
-0.10502923702394451	0.1821363152674067	0.4428163090834194	0.2700181386252294
0.045311855674723844	-0.10412251689237162	-0.41261114497633655	0.437954482456568
0.30960404491377513	-0.08514919617060901	-0.09230646244788132	-0.5129402964677345
-0.17754398439822516	-0.10349140403039958	0.7160368742196752	-0.002927737351700044
-0.1378885267032408	0.23712653482672774	0.42778017870162466	0.1972047597684068
0.03865757880851772	0.26508107700330963	-0.2896696033211492	-0.40659174086702343
-0.38601528604089186	0.22780011551067503	-0.3260226941358204	0.0601619043126127
-0.22986897639530146	-0.4651320940243593	-0.2561644912671357	-0.048834438313203554
-0.04947185150634925	-0.026834056249466887	0.0817877259764428	-0.8419063662677411
0.5898120182933944	-0.16854132887506346	0.21601835278362547	-0.02562830004791672
Conflicts
44 46
14 41
29 49
49 51
47 36
16 33
26 48
31 17
9 12
29 36
54 28
4 12
34 27
32 6
29 30
14 2
47 56
58 21
10 5
25 8
55 15
31 32
38 52
13 50
26 19
8 12
40 11
46 20
42 6
27 36
43 19
57 30
5 49
41 20
26 38
60 27
14 18
25 27
2 11
29 5
54 14
51 18
13 2
9 48
53 16
48 18
47 18
29 57
26 16
47 52
27 49
53 57
29 11
42 12
36 8
37 24
7 53
43 6
49 15
42 48
42 27
39 33
13 51
29 21
8 44
41 45
29 17
7 55
53 12
43 42
53 18
54 6
3 59
14 29
47 6
60 2
54 15
30 45
43 27
10 30
31 39
46 12
47 4
25 21
57 18
49 45
7 42
54 24
37 21
38 33
4 6
46 57
13 34
43 45
38 12
9 5
23 45
14 28
26 29
37 3
23 32
53 5
57 45
49 52
55 24
54 20
53 36
2 18
36 52
13 38
47 13
23 16
53 6
23 19
19 18
35 34
5 41
34 5
47 8
43 34
6 18
15 1
37 59
7 35
51 30
41 38
17 51
22 45
32 52
49 18
31 10
37 45
25 13
9 53
14 17
47 15
25 22
10 27
48 12
32 46
28 5
42 57
47 46
2 40
47 60
54 32
53 59
26 40
43 46
7 38
55 59
59 52
32 10
46 6
25 30
31 11
10 39
22 52
3 11
47 49
13 59
42 18
58 15
8 18
35 55
9 54
29 40
31 5
56 24
42 17
29 56
36 11
60 40
60 19
37 56
39 44
21 22
22 30
13 27
35 8
59 24
26 30
12 20
29 27
7 58
39 20
58 48
32 29
55 19
50 19
5 39
59 57
43 39
10 41
4 39
45 24
3 46
9 6
23 56
25 34
42 36
34 44
19 59
9 38
48 24
31 29
35 3
25 24
26 17
9 11
3 21
22 38
40 24
39 1
54 57
7 52
41 24
59 44
25 58
26 10
10 45
37 17
16 20
23 21
14 46
14 57
34 17
27 8
37 38
28 51
29 15
34 20
39 45
43 54
31 36
4 16
8 6
17 46
8 45
48 8
27 24
13 53
53 33
4 15
26 52
4 52
55 45
10 17
43 59
13 48
23 53
23 37
2 12
7 17
11 57
45 20
47 22
51 6
50 40
25 29
29 41
47 24
17 30
54 35
26 31
31 42
3 12
11 20
9 59
31 16
28 21
47 10
10 36
17 38
25 11
16 39
2 49
15 39
50 15
42 49
59 45
4 44
59 56
48 45
2 41
4 57
23 27
47 5
13 36
32 20
60 16
25 49
14 51
3 8
5 22
55 48
60 12
44 45
32 22
7 2
50 32
35 58
32 41
60 1
41 21
25 56
15 22
55 51
31 59
60 53
5 21
55 60
42 2
3 27
7 29
32 8
17 56
47 50
16 49
53 24
9 14
14 8
50 22
58 6
5 33
25 51
35 60
6 30
3 38
40 6
40 5
7 60
43 1
25 28
25 60
4 56
55 3
31 38
25 50
36 49
58 38
26 51
54 16
26 25
42 52
11 1
31 33
35 59
53 20
19 17
28 30
32 33
29 16
4 10
23 54
34 16
35 48
28 36
29 51
28 17
25 35
60 39
51 41
40 33
23 9
59 21
47 27
29 38
35 42
7 39
26 13
25 55
35 15
54 50
3 39
7 49
26 5
7 11
16 48
9 56
58 19
32 38
23 31
13 8
55 38
43 44
59 6
48 33
38 44
58 33
14 1
25 52
4 32
25 32
54 47
4 1
27 57
47 28
22 39
17 18
8 49
47 19
19 33
55 1
28 22
4 29
21 30
32 19
27 6
35 46
21 52
29 28
28 45
37 22
53 28
49 6
10 21
58 39
29 46
16 8
48 59
60 11
16 44
8 46
26 3
34 51
32 39
27 59
48 20
10 52
2 38
54 59
2 1
47 53
60 5
31 12
37 20
59 49
42 30
22 18
9 27
31 22
5 24
7 19
28 33
25 15
12 45
7 33
13 30
5 12
14 35
26 54
19 39
3 56
23 58
9 45
34 57
37 31
53 58
4 53
23 35
40 28
56 5
26 58
50 38
36 33
25 33
38 1
40 8
8 33
9 37
25 12
51 38
23 49
60 24
42 21
42 20
48 49
39 18
50 1
36 59
55 58
43 20
54 46
44 24
3 19
35 36
34 48
6 45
34 39
29 53
54 58
32 56
35 41
3 52
50 45
51 20
42 46
11 24
27 44
60 17
17 5
14 45
52 33
16 52
47 44
19 56
8 22
55 42
37 14
31 13
37 8
59 1
16 59
11 30
50 27
25 20
16 5
36 39
5 18
2 56
25 53
35 28
7 18
36 56
2 44
35 12
14 11
19 38
42 41
17 59
60 3
40 20
28 16
10 19
34 24
21 20
43 57
41 6
13 33
4 41
19 22
7 44
9 57
42 56
26 14
4 28
49 22
10 16
43 18
54 42
28 41
50 11
9 24
60 41
50 53
17 36
47 57
34 6
25 2
13 58
50 60
52 57
10 11
36 57
31 14
53 41
19 15
23 42
16 51
23 47
35 44
29 1
7 3
23 15
54 21
47 1
58 51
17 41
37 6
13 35
3 48
43 14
22 46
35 27
7 48
23 22
26 1
55 41
4 17
60 8
35 21
51 1
17 20
60 32
50 30
36 12
43 12
60 57
3 57
37 19
3 33
13 21
54 18
21 46
43 22
47 59
33 1
54 2
9 4
2 51
13 42
47 31
31 2
31 20
54 22
50 42
23 10
24 30
55 6
16 15
15 24
32 18
15 52
28 6
34 56
50 52
15 41
56 18
28 49
10 29
1 20
26 32
47 20
31 51
16 41
19 1
32 59
37 1
21 1
56 44
42 22
7 8
43 31
4 22
43 3
29 2
14 3
2 46
36 24
59 33
54 52
7 14
34 41
53 8
13 16
2 57
22 20
55 53
38 24
35 16
23 30
32 2
33 18
52 6
58 40
31 56
50 34
34 1
46 45
16 1
54 5
54 33
8 21
23 55
9 10
7 1
35 1
4 45
2 8
58 49
17 52
38 30
11 38
38 45
2 16
19 46
9 15
60 38
50 12
7 50
17 12
4 27
43 2
7 32
34 49
37 60
14 52
49 12
29 8
26 9
28 59
36 46
23 50
45 1
37 55
12 30
31 18
40 49
23 36
2 52
29 45
4 49
3 17
13 1
19 6
42 45
13 24
37 15
47 21
25 16
60 22
4 14
32 45
47 34
54 17
60 52
10 20
13 6
54 3
53 2
4 36
9 51
31 3
43 56
21 33
13 19
40 59
23 28
43 51
48 21
16 56
48 5
40 1
46 18
23 51
8 39
48 11
54 19
7 56
27 5
15 45
40 51
32 53
29 6
17 8
50 2
27 28
16 11
50 41
49 39
47 29
13 32
53 21
4 21
40 39
20 30
9 49
9 21
34 22
27 45
54 12
51 57
35 32
19 21
25 5
55 27
53 22
13 11
60 18
55 16
35 19
56 20
7 51
23 11
21 18
19 57
27 1
34 30
43 25
55 39
54 48
51 5
14 55
36 21
25 44
43 17
14 12
23 17
29 20
43 24
40 44
31 6
17 1
55 49
9 25
26 2
43 29
60 15
47 25
54 13
2 3
43 49
31 28
50 16
13 49
2 27
53 46
4 2
50 58
59 39
23 48
19 12
43 60
19 44
15 33
47 37
54 56
16 36
7 6
7 4
5 30
26 39
13 55
21 38
54 51
3 36
25 3
11 46
3 20
44 20
26 24
7 40
40 45
11 41
54 1
32 15
53 51
5 8
50 51
23 41
47 12
22 24
43 11
16 17
11 5
2 17
50 5
13 14
44 57
50 48
47 40
4 38
8 15
53 3
53 40
10 28
15 12
13 57
7 46
32 28
41 52
53 56
9 29
53 52
41 57
25 59
29 18
4 59
2 15
55 30
43 16
47 30
56 49
4 34
