InstanceID
9_100_4
NumObjects
100
NumFactors
4
Weights
70.7078470753738
26.533048106447566
25.822142960573903
21.994823391614737
86.09728015640047
80.80176066478995
71.63428319926987
25.773048595678173
80.3154324823442
54.15885004417991
68.1360272089805
96.69484362033687
93.9267836726982
8.372051019922043
40.463274115638505
31.55749186082506
71.99939604273189
6.473081681595683
59.09858610818961
83.63161418511054
77.37848847529266
86.2878249676151
95.83463464114949
8.288865756209574
19.112584576538506
22.835878135172962
94.15823699466839
57.61993188884254
29.4906781390309
88.15940772334112
82.82532382119408
77.30295616629772
70.66282800090862
19.967996124821454
83.30452819119027
60.62607907692363
49.29754511770257
27.986773047802526
5.765229346325662
58.14352311613917
73.56796140454725
28.488541701604262
64.7321450724883
46.55989326050833
28.98366528189151
53.30811746258628
49.30070491478573
21.756460653839362
61.755361726366445
65.25206188673202
83.54763902051288
51.59549633771263
47.075100199452535
91.59125890980076
30.15323161837882
26.739170550417278
7.840653832936617
48.29839073910445
52.946271951126754
29.266916146013887
16.49683059709801
78.3624648124795
32.24338365469481
55.377183618190685
47.411595999842724
60.22066810856819
51.40820580225949
44.20997531521391
18.097887894234965
63.28143092624925
52.92165986959314
62.853274060622375
4.255792140406656
40.13276411702229
94.19282932365434
93.17898788364063
70.17960946148332
45.87721755500731
44.75381338583706
53.040529963348824
21.22537358804266
89.54938527240404
98.39589031356087
41.919730303171264
33.26676805739317
69.11273630963652
2.6241365803854944
46.49509738504713
99.07698454716684
15.166689917378772
34.50975115180257
53.33822402385131
75.39503905451038
9.322599123267494
26.255613077795115
12.889482223145542
91.85718856400756
58.981143071469155
5.219432907348298
37.18479532878256
Budget
2566.1410937301443
Profits
-14.14156941507476
-5.306609621289513
-5.16442859211478
-4.3989646783229475
-17.219456031280096
-16.16035213295799
-14.326856639853975
-5.154609719135634
-16.06308649646884
-10.831770008835981
-13.627205441796098
-19.338968724067374
-18.78535673453964
-1.6744102039844087
-8.0926548231277
-6.311498372165012
-14.399879208546377
-1.2946163363191365
-11.819717221637921
-16.726322837022106
-15.475697695058532
-17.25756499352302
-19.1669269282299
-1.657773151241915
-3.822516915307701
-4.567175627034592
-18.831647398933676
-11.523986377768507
-5.89813562780618
-17.631881544668225
-16.565064764238816
-15.460591233259544
-14.132565600181724
-3.993599224964291
-16.660905638238056
-12.125215815384726
-9.859509023540515
-5.597354609560505
-1.1530458692651324
-11.628704623227835
-14.713592280909449
-5.697708340320853
-12.946429014497658
-9.311978652101667
-5.796733056378303
-10.661623492517256
-9.860140982957146
-4.351292130767872
-12.35107234527329
-13.050412377346404
-16.709527804102574
-10.319099267542526
-9.415020039890507
-18.31825178196015
-6.0306463236757635
-5.347834110083456
-1.5681307665873234
-9.65967814782089
-10.589254390225351
-5.853383229202778
-3.2993661194196022
-15.6724929624959
-6.448676730938962
-11.075436723638138
-9.482319199968545
-12.044133621713637
-10.281641160451898
-8.841995063042782
-3.619577578846993
-12.65628618524985
-10.584331973918628
-12.570654812124475
-0.8511584280813311
-8.026552823404458
-18.838565864730867
-18.635797576728127
-14.035921892296665
-9.175443511001463
-8.950762677167413
-10.608105992669765
-4.245074717608532
-17.90987705448081
-19.679178062712175
-8.383946060634253
-6.653353611478634
-13.822547261927303
-0.5248273160770989
-9.299019477009427
-19.815396909433368
-3.0333379834757546
-6.901950230360514
-10.667644804770262
-15.079007810902075
-1.8645198246534989
-5.251122615559023
-2.5778964446291086
-18.371437712801512
-11.796228614293831
-1.0438865814696596
-7.436959065756513
FactorLoading
-0.3503956741832266	-0.08529877523304807	0.3300330259848825	0.23427252459884285
-0.7771798898320752	0.024185003558552687	-0.12380403661816297	0.07483106999120914
-0.5933697232594672	0.2388055344935529	0.13988709523587528	0.02793764701110457
-0.4316577556295538	0.239479314884248	-0.3052462827301643	0.02361664675603392
-0.4152219869417235	-0.42082101799163474	0.10918279941776543	0.05477419564887631
0.012402074556000953	0.08265353996632108	0.173308786134998	0.73163559934268
0.18157090585785296	0.0052805268570146335	-0.4708620880153789	-0.34228647926975353
-0.07688970585648125	0.4204335801864896	0.043559399468327875	0.4591173144887013
0.08002640858817411	0.03914497673901396	0.08631776971375937	0.7945108449590526
0.1846007815975783	-0.32306983577430537	0.36285298168335234	0.12947640094476398
-0.45552834621693683	-0.2437697080502259	-0.17561960401068655	-0.12508234172215071
-0.5047829123519807	-0.14810367155226767	-0.0773260321590088	-0.26978738393674284
0.05902643364320337	-0.4409645195754621	-0.2786153353640397	-0.2213937114172948
0.4013618456911179	-0.3522646738557649	0.09161620528772718	-0.15475727516539006
0.3361762188109543	0.09139914104659663	0.35036228715718787	0.22206235298526122
0.4336602593534742	0.2975233610898156	-0.22296903380807853	-0.045847345748631696
0.3897126390093084	0.1849655312737024	0.28037603366891295	-0.14494579604807623
0.14205326368361249	0.43978738846980203	0.11353232246864753	-0.30462702537793795
0.03800002114293144	-0.06941175719969839	0.4204757300054993	0.47211249165187086
0.25921256258285585	-0.3578981300107127	-0.24345815889465783	0.13943114851177363
-0.25305475848596815	0.28079248720765393	-0.3834611926106788	0.08269156169569913
-0.3529832786423772	0.07502362236115734	0.045785685542552246	-0.5262074134539132
0.23915390505342837	0.2596510371356251	-0.30671561206938547	-0.19447944574156106
0.04625800948366088	-0.682666353679831	0.20941852228184632	0.06165711455466183
0.1564482572090924	-0.09272872686763889	-0.1481471734006239	-0.6026758425226448
0.48376346358149225	0.03184760113266005	-0.13278452734970858	-0.3516044079361391
0.3846656192044502	0.03260512714873509	0.5790218148942665	0.0037074387525481978
0.38162275171598425	0.03770998498985345	-0.33718914008903944	-0.24347812320512285
0.06996929717371758	0.24308992964701326	0.4192572367820586	-0.26768353639721054
-0.3357171685189102	0.18408334001913795	0.18343148266165632	-0.2967680088002955
-0.15631297458224025	-0.09948086728760352	0.12735360178764377	-0.6168525563425125
-0.09597499704667367	-0.4332618746646868	0.41401534782141414	0.056747780467225395
0.13890450217883177	-0.2503200138876551	-0.39238130163198637	-0.21839418230152674
0.39480051974125097	0.12703615196183438	0.16189679836796667	0.316266529928948
0.15367324441158026	-0.0636942651098471	0.4834753033277779	-0.29915718715079476
-0.2009999272893359	0.0975340052586573	-0.3336119018694179	-0.3678541655825889
0.20614312840609195	0.3582954019466629	0.14141290512323357	-0.2941485645240116
-0.6518624537036939	-0.08820737976746607	-0.1914464400475433	-0.06848372648129675
-0.018143647384682993	0.18860475642695507	-0.45836247879356606	-0.3348891173947959
0.6669926942657851	0.1536465833348457	-0.030078342797416946	0.14928237960195223
0.29731825105998366	-0.12921740458853193	-0.2778352780969757	-0.2956290662545087
-0.3976688191946305	0.0727553061784676	-0.4606809374241738	0.0688949372027281
-0.28171596054575576	-0.06527613721513337	0.5890084504840929	-0.06399945175501798
-0.18903483338389315	-0.18065528640516582	-0.19611562149391815	0.4341942587170229
-0.0790187976792236	0.4196115227295041	0.13094423925250753	0.3704254403387648
0.2820985813271275	-0.10362926509483672	0.19723893058596165	-0.4170332229920741
-0.17437360008235747	-0.2325375083332648	-0.19486287083484988	0.39822602074952784
0.3893686510850385	-0.05568628693626909	-0.1302338466874826	-0.4247112152912098
-0.2253218499238916	0.006285134237321133	-0.3145896510709707	0.4538033647678166
0.7452019514053931	-0.07779606579061649	-0.06117785064163783	0.11582413216235254
-0.17472169090948597	-0.23200846438258482	-0.43633777710949717	0.15693206759843203
0.8248103665569009	0.03976903755955008	-0.06751297013367275	-0.0679076257498763
-0.13648790021316182	-0.6283587201656831	-0.2327560871904586	-0.0023972924306965293
-0.026150049931713992	0.017630009704825866	0.3819456771344052	-0.574274263229055
0.24315595114366273	0.009358147876263656	0.02166640832688005	-0.7258194926531936
-0.2616608450274298	0.035467729956993876	-0.42776441169967394	-0.27510701331590237
-0.6627410276714312	-0.1073551612589998	-0.1621445742180052	-0.06775923685156382
-0.68843742076179	-0.17593923578687742	0.12279371766358782	0.012829625787744714
0.4955684608641757	0.21873666765890332	0.08177922303150553	-0.20391564844541543
-0.2094897538715048	-0.0068660858868818675	-0.05522791574582464	-0.7284162444957887
0.28133467656897304	0.0247055829052929	0.5968272798031726	0.09713246072256143
-0.24259928071684156	0.6492702485418786	-0.04119982924293164	0.06693064149834815
0.4366519835461049	0.11003298648960347	-0.06050437999341529	0.39281064997087634
-0.11028654971111052	-0.5710577375945571	-0.1691927833964133	0.14946292929791904
0.22754598085748268	0.3118462788929106	0.3634671611364564	-0.09714057911315033
0.12439574975228385	0.45282636627409345	-0.16585935748115932	0.2569185264924634
0.07752546475053435	-0.5675483440859785	0.2591188183903095	-0.09580737277317763
0.32286747592776166	0.10244339557365434	-0.2546030085636908	-0.3200861199348932
0.017779312699209626	-0.054371337190683544	-0.3916982789012753	0.5361510712088315
-0.2621256874350484	0.3394610255864712	0.09433348182512558	-0.30407980515335487
-0.276269410073966	0.10082748832546318	0.5876178445255924	-0.03528525707497843
-0.34403510805219906	0.30450643863600013	0.22757863077377793	0.12387982253802288
0.26019010793486896	0.10592502801703918	0.09680336479548202	-0.5370814992526098
-0.01798809908415855	0.7301321497042514	0.04074805248030233	0.21113169873128768
-0.1844534680517036	0.4635950572522707	-0.02833346802231773	-0.323618006673708
0.14637651708852073	0.15169140772895773	0.14378562085920055	-0.558146454323321
0.15438967174045848	0.36796243867422906	-0.3690493126498313	0.10859857693548114
0.4700136332770659	-0.18565847989161055	0.31672121932296493	-0.027606667508358607
-0.30961745295281107	-0.2973222245695275	0.25816813177845166	-0.13489219069920977
-0.08507613882875442	0.18989807263522418	0.18659583424239434	0.538429954293627
-0.1920361619821278	-0.44400695954668135	0.3146248609236184	0.04933201754757244
0.11003053409121755	0.2834391779052712	-0.043880512023960705	0.5626497759795506
-0.04280071034025523	0.13929929763032067	-0.5349340832933622	0.28296590873606187
0.27621842650203754	0.16810498093345427	0.21370939031853786	0.3419672022459703
0.010474964866770131	-0.3653383488348738	0.2747991045237821	-0.34938758177457396
0.02740337818596772	-0.23217517897555728	-0.5356784532894512	0.2047429895490238
0.04945682945281282	-0.4344307511810086	0.12885076035816212	-0.38726165900801646
-0.242553298787479	0.12631498165108668	0.3259617968579942	-0.3051699227034401
-0.526368879399246	-0.08661927507402045	0.09145269698500935	-0.29555914854172416
0.5316120056470477	0.000600067657256842	0.03854585953758427	-0.4292420671581112
-0.4361595654614969	0.0012701966127488529	0.5131812824844273	0.04938895544132693
-0.7567111085631961	-0.11195377083700442	-0.04310237136315709	-0.08823274923664237
-0.17002404779560587	0.2337438923787032	-0.40989035464629153	-0.1863417051793994
-0.5054374346952653	0.07708282105525832	0.10729150535609122	0.3101882388933852
0.22747425387516618	0.006556217420149002	-0.22918363677994336	0.5367858919247415
0.5015418694366383	0.2365114917728488	0.04356421041677949	-0.21838242837373345
-0.46630207135248325	-0.010851649279247866	-0.4844846936348641	0.03836158573340476
-0.027556708468502666	0.5910888113843427	-0.11264226539937772	-0.26871221474777696
0.2511337992196059	0.44241934871728095	-0.25866920323783127	0.047777648825281904
0.03335846538586784	0.6482145704490521	0.15743094278636782	-0.16099602137871227
Conflicts
88 90
54 24
75 86
2 69
16 64
23 25
83 67
63 19
10 59
77 67
63 16
70 96
43 25
21 84
21 1
15 20
66 61
74 17
7 40
16 59
68 59
68 65
70 21
99 5
64 21
89 91
95 73
68 66
86 59
4 24
95 18
32 11
71 33
83 2
62 5
25 15
3 49
37 92
63 95
67 28
96 41
19 6
45 18
64 57
77 64
54 6
8 30
50 51
95 49
74 44
37 1
31 8
7 68
61 99
34 56
5 18
29 17
81 30
23 21
69 58
56 96
31 30
40 39
48 24
86 19
72 6
2 76
90 52
80 46
69 97
62 12
7 41
12 18
97 45
38 85
3 27
42 56
25 64
7 50
75 44
42 77
98 40
36 15
43 56
99 87
94 91
92 22
56 15
13 25
23 20
48 76
37 77
3 5
58 87
47 95
7 24
34 28
41 20
14 90
92 90
66 57
100 99
92 57
92 89
11 88
80 6
91 24
88 57
35 99
26 60
47 59
14 57
47 44
78 46
78 94
53 95
100 53
78 27
72 65
99 72
55 85
47 45
26 45
75 48
46 44
41 73
75 33
34 69
5 15
95 39
25 96
8 52
53 89
69 21
52 24
6 73
25 3
68 36
29 87
58 15
23 97
88 24
42 84
23 14
25 59
60 46
49 33
21 90
42 99
5 46
55 77
3 22
7 51
48 44
48 82
68 41
25 75
34 61
92 69
35 1
92 10
11 94
70 22
53 20
13 1
71 29
35 52
42 98
37 10
78 88
93 95
32 33
62 46
28 57
67 79
100 95
98 5
50 30
26 55
38 91
9 19
43 97
76 20
80 61
14 91
86 85
90 73
13 27
7 60
7 74
87 30
81 33
30 85
93 84
90 18
62 96
43 47
43 95
89 65
69 51
75 40
74 28
65 76
72 94
72 46
92 80
32 27
61 56
83 45
69 48
14 74
65 96
40 58
27 88
10 76
71 20
68 30
98 21
14 70
70 6
54 31
17 94
2 73
72 88
89 27
92 44
15 57
32 61
9 85
37 46
70 44
37 22
14 76
67 30
7 31
53 33
72 64
34 62
100 35
13 33
10 11
14 98
10 18
95 79
68 55
58 84
21 24
64 73
37 45
4 84
35 8
62 45
28 11
65 48
16 76
81 48
55 76
83 85
34 65
13 39
62 18
15 18
66 91
56 94
17 30
63 89
80 72
26 88
7 58
66 80
71 42
80 39
83 36
66 33
69 72
54 62
80 97
80 24
28 17
78 93
47 46
37 53
61 16
50 76
23 84
26 19
32 44
77 33
64 30
7 78
27 5
83 57
63 29
68 44
21 73
37 95
78 39
35 91
72 82
4 42
54 39
71 70
68 69
4 28
13 34
71 91
99 36
65 46
60 28
63 78
43 41
62 39
98 22
83 53
22 91
15 88
35 10
74 5
10 72
83 41
41 91
10 79
78 44
55 39
75 67
43 52
2 67
54 97
52 44
41 45
81 40
100 52
14 32
53 65
23 22
55 69
83 98
49 88
50 97
64 91
39 33
94 5
71 65
86 3
26 69
4 86
92 100
79 91
47 58
10 95
80 33
66 74
13 64
61 36
56 51
80 89
53 62
3 64
100 77
43 8
36 79
54 61
58 20
81 76
40 48
39 1
76 45
5 52
29 72
34 76
63 22
55 49
92 45
7 32
83 86
77 36
25 36
10 52
22 20
26 79
9 12
8 82
47 99
77 27
87 49
60 38
86 74
92 56
55 45
16 79
58 65
32 74
6 45
99 24
11 12
78 38
16 52
75 18
77 44
55 62
47 65
32 91
61 15
19 5
7 85
43 94
69 73
72 52
47 48
67 62
96 45
54 14
56 44
26 92
61 41
25 28
64 52
72 27
26 78
55 22
47 94
14 22
74 61
98 17
68 58
49 90
61 39
56 57
76 33
15 21
19 64
75 80
63 24
60 15
78 52
40 90
23 76
61 20
29 18
5 85
100 98
59 1
72 8
9 57
43 3
11 97
31 69
3 24
34 51
4 64
47 52
47 80
14 40
53 85
36 88
7 57
87 51
54 64
55 56
67 65
11 84
98 96
54 72
23 73
54 81
89 12
9 90
67 84
35 90
29 73
62 44
60 19
81 73
9 10
16 73
86 17
81 79
59 94
23 83
56 18
80 52
1 30
54 28
76 85
31 46
75 61
4 48
67 41
93 73
60 52
81 94
71 77
4 81
70 88
42 22
4 40
92 25
21 46
77 61
23 50
19 52
80 85
19 82
36 39
55 20
80 41
92 46
26 33
21 12
86 95
9 82
3 96
91 84
61 93
26 57
59 24
74 57
63 11
43 11
60 57
17 39
55 87
100 10
63 62
37 29
3 21
74 62
100 62
54 76
65 15
10 90
3 41
78 24
31 91
63 28
29 45
92 49
81 20
47 32
56 41
95 82
65 70
38 22
48 15
98 76
65 17
67 46
50 29
54 91
4 78
25 66
13 79
90 84
58 38
72 48
90 20
100 1
25 84
31 36
64 87
98 72
37 8
62 95
35 85
14 3
9 86
100 87
9 5
87 24
10 98
35 16
35 61
35 15
56 91
49 12
38 84
84 30
36 85
54 66
31 11
25 17
9 6
31 1
47 3
13 69
19 17
77 38
27 51
98 19
78 15
34 24
21 52
14 61
81 96
36 24
19 87
14 46
14 16
61 38
100 67
63 74
89 49
47 68
10 22
75 27
36 22
27 28
95 70
32 65
47 72
26 97
43 89
88 46
9 29
99 15
100 89
51 52
56 84
97 30
68 24
25 34
92 11
60 41
75 2
19 30
24 30
74 21
55 80
60 93
92 95
27 97
66 81
80 17
10 44
31 85
63 72
29 95
36 97
4 33
100 36
34 27
41 30
96 84
17 59
81 52
100 93
38 20
54 84
55 44
100 33
99 41
63 35
67 12
17 76
36 44
43 84
42 2
48 11
96 22
78 16
17 18
4 12
77 29
23 5
14 5
95 33
78 66
13 82
48 52
7 67
34 98
92 32
70 33
7 49
29 58
8 76
19 41
43 15
31 80
68 31
29 27
36 33
93 48
70 1
34 45
31 5
23 91
27 38
33 85
79 90
77 82
7 36
8 41
83 11
14 18
68 90
29 91
34 81
43 9
4 14
57 52
7 34
17 44
37 58
37 35
83 21
80 30
87 79
71 92
32 22
32 86
17 91
27 15
78 13
22 18
58 51
37 65
54 75
66 49
37 34
55 70
61 48
62 11
80 90
13 53
9 56
32 77
54 57
54 8
68 21
8 33
54 10
5 90
100 50
89 21
14 48
62 24
98 61
94 88
77 97
7 26
53 57
35 46
76 39
74 36
63 34
55 61
19 45
83 89
86 11
80 5
9 3
69 49
8 51
43 69
44 84
10 6
68 28
96 57
27 11
34 58
68 78
80 62
50 81
100 8
80 88
71 40
19 96
44 91
4 89
23 36
55 19
93 18
74 65
26 39
89 20
54 69
40 44
26 85
19 94
75 89
64 76
89 18
9 61
43 85
100 30
98 93
15 52
32 64
19 20
34 3
79 38
16 6
40 8
27 82
28 70
37 4
44 24
26 58
17 95
83 79
83 27
53 51
29 33
72 95
16 15
74 52
86 61
42 18
39 21
99 6
7 93
31 76
98 39
57 82
2 70
81 57
68 87
88 18
34 44
14 85
9 31
81 64
5 24
62 79
43 74
4 60
93 41
61 52
7 82
29 85
13 48
76 46
54 38
31 38
89 74
29 81
32 89
72 24
56 22
78 55
26 16
70 5
4 31
43 91
92 48
26 68
7 90
34 84
58 74
11 1
3 88
66 69
43 96
60 6
37 25
54 95
12 45
40 11
58 82
8 21
53 88
4 70
92 19
37 82
10 33
63 48
26 37
59 88
40 19
50 65
7 62
10 67
87 41
80 94
52 73
81 97
13 29
21 22
19 84
80 74
97 84
83 15
51 91
25 42
78 21
64 39
87 96
71 52
44 6
47 20
8 6
98 8
69 24
78 77
4 57
92 35
42 79
13 94
70 39
72 49
2 82
10 77
77 85
26 15
37 42
16 96
79 39
40 94
3 46
63 90
47 41
53 40
36 18
37 62
25 16
40 62
9 46
22 46
98 29
98 94
69 79
33 20
35 58
37 36
34 39
19 73
64 51
47 29
64 17
5 45
75 5
69 19
32 18
28 56
10 70
90 12
100 5
75 20
33 44
53 30
15 1
87 22
36 56
80 49
40 59
66 22
81 46
56 52
2 28
71 16
9 89
50 77
77 16
31 29
23 100
40 65
23 2
83 61
10 65
95 94
7 10
68 56
66 59
25 61
63 77
60 89
100 48
92 73
58 59
43 55
31 21
74 51
4 51
7 46
7 11
53 18
47 61
68 50
75 85
3 59
8 24
26 22
93 1
58 44
97 21
99 94
39 73
92 18
92 36
22 57
75 60
28 39
19 70
63 55
78 41
28 49
78 83
28 15
33 30
8 12
54 92
92 58
43 79
71 10
50 6
63 82
86 94
35 5
25 40
37 98
55 15
32 58
12 30
25 10
92 5
47 60
46 52
2 30
55 79
77 96
31 18
83 70
22 12
42 80
76 22
75 90
68 93
23 59
16 17
59 33
59 57
90 46
27 87
83 40
42 17
69 74
58 6
26 89
23 54
51 24
19 33
63 49
53 29
28 87
14 38
55 64
50 88
44 18
7 2
25 2
68 72
65 38
64 20
22 6
8 39
65 18
79 57
29 36
44 30
60 18
50 33
97 51
29 38
81 59
92 52
13 38
58 70
2 3
72 38
14 65
81 12
50 67
13 20
71 37
37 67
81 44
12 85
9 1
69 40
14 17
62 20
81 56
61 96
53 98
69 93
89 22
85 24
68 49
79 1
59 84
96 12
79 15
92 28
37 31
7 12
89 6
68 98
55 65
83 88
11 18
59 30
1 18
83 6
71 78
71 38
35 17
80 45
66 20
25 81
63 93
100 22
58 46
81 58
40 82
94 15
75 57
23 70
14 88
81 91
59 38
61 44
29 99
31 12
99 18
77 8
68 8
54 89
40 36
10 8
26 76
42 87
15 6
55 36
23 58
9 49
37 38
55 96
37 6
34 12
53 90
8 85
38 44
69 39
66 64
84 82
69 11
7 3
10 20
58 95
95 11
45 1
1 24
64 15
4 36
31 10
56 24
64 59
93 15
7 71
13 56
70 20
9 52
25 38
50 42
87 57
23 79
9 18
35 87
78 48
86 97
69 22
7 35
75 79
69 82
93 8
47 98
66 12
48 90
46 1
79 6
37 3
36 45
53 74
10 64
42 20
8 84
78 81
7 29
63 66
60 16
86 65
23 53
81 90
26 87
43 38
71 44
14 81
61 57
98 36
42 72
96 44
50 41
75 36
55 74
98 73
88 1
75 88
9 55
69 3
25 22
9 58
23 85
11 21
99 91
11 24
60 20
47 87
17 56
57 1
60 64
50 94
60 84
31 100
93 79
28 91
81 41
37 84
2 99
97 94
28 85
36 95
4 45
25 100
92 81
69 44
27 30
34 53
26 28
43 30
2 74
75 58
67 91
98 46
19 24
32 10
5 76
71 36
25 18
71 48
98 52
13 93
6 88
29 40
16 18
75 28
98 70
36 64
17 46
80 93
86 12
32 48
54 41
54 52
26 71
63 18
78 65
71 94
86 81
9 78
43 65
41 44
42 57
15 91
52 91
7 20
17 1
7 63
42 86
67 11
79 21
91 18
67 87
7 22
99 52
83 22
96 1
81 28
60 85
17 84
14 1
71 98
74 76
71 43
32 3
53 41
64 65
71 58
98 30
66 42
60 24
28 84
46 84
86 27
79 41
58 39
5 41
47 70
25 97
77 46
37 15
52 1
55 84
23 39
54 44
27 44
57 24
43 33
22 90
78 69
44 1
40 51
29 8
26 94
42 1
34 18
93 11
91 57
37 89
26 83
23 15
40 15
36 76
71 93
98 91
29 39
72 16
43 62
61 11
77 15
89 39
37 32
42 24
16 45
98 48
80 82
20 45
13 22
63 52
48 49
99 46
94 20
71 69
81 16
26 21
15 90
94 33
97 5
97 24
56 30
92 96
77 62
70 38
77 87
71 1
66 30
93 96
63 61
23 95
94 6
92 86
99 44
100 61
78 96
2 21
47 76
13 40
26 25
63 98
10 49
86 21
4 77
89 5
11 38
14 86
1 73
25 55
10 97
65 45
42 29
53 36
39 82
34 87
25 29
47 33
23 28
27 57
35 80
14 21
83 81
69 95
2 85
86 39
58 88
71 73
66 11
34 99
81 65
87 36
37 91
14 15
84 6
87 12
27 96
93 94
95 56
67 90
92 15
49 6
41 57
94 49
14 51
23 19
51 33
54 21
57 84
61 79
83 52
94 52
98 27
26 44
100 84
35 28
44 12
89 67
40 95
71 2
94 82
54 73
87 6
66 1
86 24
7 53
32 21
68 97
11 39
13 46
93 24
79 12
47 22
55 6
69 18
28 48
26 91
27 76
50 86
74 87
63 54
95 91
71 15
74 24
75 98
94 24
55 59
61 82
71 4
10 86
63 56
47 90
32 57
41 33
62 82
94 1
25 19
54 53
66 93
95 20
29 5
50 56
4 15
89 70
62 97
41 24
41 84
74 91
7 87
32 28
33 24
69 61
52 30
30 45
11 44
66 83
92 20
71 57
47 77
2 96
65 21
39 91
10 3
31 96
40 16
49 20
99 74
72 91
35 45
10 57
77 19
51 6
100 19
69 91
97 8
78 17
37 75
3 6
28 12
35 98
78 42
55 11
35 89
68 3
60 21
38 39
23 82
64 82
31 92
27 36
48 1
100 2
86 22
97 6
13 81
50 3
25 50
72 76
17 70
48 17
82 85
59 51
89 16
27 21
89 82
11 30
54 42
16 62
10 80
31 25
53 24
83 87
84 1
95 1
7 83
47 21
11 70
4 35
98 56
50 15
50 48
89 40
97 46
80 56
93 44
95 41
40 12
100 38
14 72
74 45
22 44
37 5
53 6
6 91
71 63
3 36
54 25
89 85
65 56
5 6
9 28
17 5
47 73
2 62
35 6
8 20
86 67
68 77
82 46
78 98
7 4
67 52
48 84
86 36
42 36
67 74
27 73
34 79
26 5
78 74
4 76
32 76
86 16
4 6
60 67
63 79
36 65
51 85
92 99
58 27
42 73
31 45
64 84
2 46
19 51
75 8
81 24
83 62
27 65
29 90
65 87
21 44
10 42
59 90
38 1
31 86
57 30
74 88
13 3
43 21
26 90
76 96
5 51
10 62
10 56
93 36
2 29
9 35
55 86
22 15
77 80
100 24
32 80
63 99
47 49
83 34
5 91
37 19
32 41
37 88
64 95
77 91
60 91
17 12
2 38
84 18
37 76
26 4
97 39
25 79
23 35
99 22
47 8
35 57
50 52
36 1
38 18
89 15
66 29
92 74
67 27
42 64
10 45
13 42
72 87
43 66
63 60
83 39
86 76
83 24
11 79
34 29
86 70
43 58
49 96
42 3
63 91
49 5
47 86
71 9
10 84
9 22
42 96
79 85
68 61
17 33
32 83
83 95
29 94
58 16
31 56
10 87
83 82
41 15
58 73
31 84
100 70
47 67
71 49
3 40
31 40
13 49
75 82
3 38
81 3
56 45
48 46
53 67
60 17
59 41
43 81
68 18
27 49
98 89
93 16
69 17
75 10
98 82
46 12
4 47
13 15
7 99
61 24
69 85
19 79
97 18
16 21
28 5
47 42
50 21
98 33
68 20
62 84
59 76
25 51
68 100
35 12
93 49
67 19
51 30
52 20
23 32
66 89
92 60
23 46
68 14
27 12
93 88
53 59
77 53
52 6
39 45
63 70
92 33
34 93
32 82
43 19
43 83
56 88
81 67
86 5
71 56
13 83
23 81
83 64
27 79
86 53
7 97
49 46
68 64
60 32
36 21
83 18
69 20
9 44
49 24
78 33
16 39
95 24
58 22
17 20
87 52
35 84
40 18
99 19
86 51
100 91
55 95
59 12
63 40
51 21
50 5
81 21
47 62
33 45
23 86
78 95
67 61
63 25
56 8
79 84
27 17
92 65
11 46
54 27
50 27
4 11
68 81
43 6
64 97
55 21
47 35
42 95
3 62
89 95
37 80
91 85
74 18
2 51
54 58
28 1
56 6
69 15
67 51
7 69
97 12
95 85
55 72
23 72
75 19
35 36
79 5
37 20
14 50
60 29
72 96
16 57
48 96
34 73
8 44
50 40
66 65
28 76
29 70
31 35
94 22
60 76
7 5
47 92
95 90
32 84
67 96
86 80
72 28
68 11
63 42
90 24
11 6
47 66
58 19
84 45
66 27
43 82
66 77
80 28
42 90
80 99
95 5
14 75
87 20
69 88
21 91
53 46
4 69
55 58
31 48
79 73
78 70
92 84
42 81
51 44
29 1
89 51
57 44
77 59
70 91
98 99
64 12
54 29
61 5
23 26
72 15
48 94
69 5
58 28
23 93
41 22
50 84
78 73
63 4
47 12
60 77
65 57
27 93
19 8
47 28
79 52
68 84
67 85
28 46
48 8
7 66
71 54
80 44
38 33
19 39
58 93
98 3
32 12
16 41
14 73
48 91
47 84
64 8
68 29
25 39
67 72
77 24
4 67
61 94
63 33
19 21
16 1
71 89
100 44
7 95
3 44
64 62
67 1
4 49
12 33
33 84
28 45
26 34
61 62
99 85
58 17
75 97
75 56
94 38
55 66
48 21
41 1
2 27
68 6
83 48
54 98
59 39
26 98
67 97
100 34
72 45
43 32
55 46
37 13
66 5
89 84
47 69
37 24
84 73
50 96
53 56
74 16
99 48
87 45
17 15
9 88
66 45
100 12
26 12
9 36
64 1
4 91
100 21
3 48
5 38
62 56
41 12
94 12
43 64
43 77
37 64
77 20
35 53
60 66
93 59
59 6
16 38
48 88
95 15
54 46
97 44
71 90
32 95
78 22
35 88
63 8
75 74
43 1
50 34
25 24
66 62
56 1
4 56
7 30
97 38
36 84
13 57
86 84
54 3
15 84
66 36
61 1
28 82
40 52
69 64
77 72
74 22
2 81
99 20
21 88
40 99
48 39
43 35
10 1
49 41
79 44
63 27
4 5
71 59
42 97
83 28
78 79
16 70
29 41
14 83
9 92
61 46
68 15
17 79
95 30
34 22
44 20
81 15
11 51
80 59
48 36
37 81
71 82
92 72
35 65
50 24
80 11
62 91
89 87
26 30
71 34
3 57
32 79
28 94
13 67
43 13
78 53
4 95
67 70
68 73
14 80
23 1
68 42
47 57
64 85
19 95
26 51
78 82
14 36
31 49
81 61
63 92
93 30
43 54
4 61
25 85
92 87
81 38
47 38
60 40
54 22
31 62
25 67
94 39
31 2
89 56
35 29
78 99
26 96
42 70
23 74
95 84
37 18
100 75
63 44
82 1
48 18
29 74
69 65
28 97
47 82
97 22
20 24
37 96
16 84
34 30
23 37
80 58
55 94
37 52
87 59
69 52
40 24
66 46
60 88
34 57
32 19
47 50
62 52
53 58
87 11
13 60
75 69
86 30
50 55
71 53
55 52
54 77
99 8
31 44
99 59
89 52
98 84
65 97
3 73
87 62
9 24
40 96
21 85
37 11
78 11
92 30
23 56
31 94
70 8
92 66
23 13
32 66
67 56
62 48
68 74
27 46
86 56
29 61
25 65
33 73
25 35
8 91
21 18
6 33
11 85
18 85
99 96
23 57
34 2
7 64
42 48
23 89
37 72
99 11
58 94
50 66
74 38
20 30
69 59
63 17
80 12
78 34
68 88
87 91
20 73
26 65
7 14
74 1
95 44
93 91
22 45
28 65
67 24
77 18
42 91
80 18
12 52
54 74
9 8
89 8
74 95
48 56
71 35
68 13
62 65
66 48
9 72
66 79
54 79
77 99
43 46
25 1
10 17
80 16
73 18
2 22
63 97
71 6
59 20
29 89
15 24
31 61
50 93
72 12
10 60
37 94
9 67
9 17
59 97
69 57
9 15
72 84
39 6
75 29
14 2
63 65
13 74
47 91
83 44
26 63
64 44
67 17
16 94
35 2
56 46
48 33
31 51
50 18
98 41
66 6
9 48
35 86
60 81
38 12
5 84
29 52
4 22
100 32
48 97
26 36
63 12
4 9
94 21
11 91
67 95
74 97
54 34
100 64
28 20
74 41
43 100
49 76
16 97
95 57
33 52
75 17
80 91
98 18
26 32
71 80
71 87
55 24
78 86
13 32
31 90
63 6
65 94
26 24
13 87
89 30
19 38
92 98
86 49
34 91
23 88
25 77
14 12
50 19
89 36
92 76
32 56
17 8
39 88
59 45
72 19
26 20
54 20
98 38
46 20
55 93
35 11
37 14
54 16
100 45
2 16
75 46
17 45
83 58
88 33
56 5
13 55
69 56
76 1
10 40
34 59
75 52
54 11
100 29
98 90
28 51
13 75
89 59
6 24
81 36
55 28
76 82
26 6
94 51
32 73
1 20
78 49
35 95
71 51
80 1
14 11
16 8
3 30
23 41
3 97
100 97
28 6
83 91
14 95
27 56
9 68
19 36
75 22
54 70
75 53
39 46
4 20
55 42
57 85
2 64
4 96
50 83
4 39
4 80
36 6
26 74
100 56
27 20
14 77
60 33
35 38
59 18
53 61
61 87
79 18
31 20
79 45
75 65
69 8
35 77
7 80
95 45
86 52
89 28
69 6
27 64
70 85
54 88
58 21
6 57
67 44
13 88
93 12
70 30
81 98
25 46
81 11
54 1
36 57
70 79
23 78
6 30
21 30
71 13
4 34
62 59
66 18
15 85
86 6
100 60
49 57
81 18
75 11
45 24
78 32
10 85
37 85
4 44
86 58
9 62
53 49
42 44
35 24
13 84
14 19
42 76
2 57
58 56
2 1
67 73
91 20
92 70
43 10
4 25
82 91
67 38
9 69
43 36
46 45
10 83
89 97
86 89
58 79
4 55
7 1
40 46
86 18
86 98
16 56
26 62
65 12
100 13
