InstanceID
9_150_4
NumObjects
150
NumFactors
4
Weights
70.7078470753738
26.533048106447566
25.822142960573903
21.994823391614737
86.09728015640047
80.80176066478995
71.63428319926987
25.773048595678173
80.3154324823442
54.15885004417991
68.1360272089805
96.69484362033687
93.9267836726982
8.372051019922043
40.463274115638505
31.55749186082506
71.99939604273189
6.473081681595683
59.09858610818961
83.63161418511054
77.37848847529266
86.2878249676151
95.83463464114949
8.288865756209574
19.112584576538506
22.835878135172962
94.15823699466839
57.61993188884254
29.4906781390309
88.15940772334112
82.82532382119408
77.30295616629772
70.66282800090862
19.967996124821454
83.30452819119027
60.62607907692363
49.29754511770257
27.986773047802526
5.765229346325662
58.14352311613917
73.56796140454725
28.488541701604262
64.7321450724883
46.55989326050833
28.98366528189151
53.30811746258628
49.30070491478573
21.756460653839362
61.755361726366445
65.25206188673202
83.54763902051288
51.59549633771263
47.075100199452535
91.59125890980076
30.15323161837882
26.739170550417278
7.840653832936617
48.29839073910445
52.946271951126754
29.266916146013887
16.49683059709801
78.3624648124795
32.24338365469481
55.377183618190685
47.411595999842724
60.22066810856819
51.40820580225949
44.20997531521391
18.097887894234965
63.28143092624925
52.92165986959314
62.853274060622375
4.255792140406656
40.13276411702229
94.19282932365434
93.17898788364063
70.17960946148332
45.87721755500731
44.75381338583706
53.040529963348824
21.22537358804266
89.54938527240404
98.39589031356087
41.919730303171264
33.26676805739317
69.11273630963652
2.6241365803854944
46.49509738504713
99.07698454716684
15.166689917378772
34.50975115180257
53.33822402385131
75.39503905451038
9.322599123267494
26.255613077795115
12.889482223145542
91.85718856400756
58.981143071469155
5.219432907348298
37.18479532878256
43.56944494162747
35.03956741832266
76.57274754011571
12.052468382584113
29.203845939102703
62.65610684874805
94.87314994905944
92.51689300087908
77.71798898320752
80.13648933906279
38.5151999284679
93.16997138776897
40.10954468633001
74.46018435155726
83.21752577530202
59.336972325946725
97.20623529888954
46.95157126854348
64.72864796752422
61.73679743212202
87.75570279294398
97.6383353243966
43.165775562955375
67.11370705138017
43.135266934188806
64.68988018243141
15.83671668771749
67.35294581207354
41.52219869417235
83.60430049333583
94.52258043511237
42.91820635865054
43.45084360093323
97.550625372133
70.01891289959458
26.836440065732003
1.2402074556000953
9.505561452232204
91.40561671942538
93.86175904830007
51.95926225438896
59.334965700397916
18.68514327148676
65.77135207302464
18.157090585785298
76.37893226564691
78.17335283502487
16.395370527656006
48.06241045970181
7.688970585648125
Budget
4009.8929868637606
Profits
-14.14156941507476
-5.306609621289513
-5.16442859211478
-4.3989646783229475
-17.219456031280096
-16.16035213295799
-14.326856639853975
-5.154609719135634
-16.06308649646884
-10.831770008835981
-13.627205441796098
-19.338968724067374
-18.78535673453964
-1.6744102039844087
-8.0926548231277
-6.311498372165012
-14.399879208546377
-1.2946163363191365
-11.819717221637921
-16.726322837022106
-15.475697695058532
-17.25756499352302
-19.1669269282299
-1.657773151241915
-3.822516915307701
-4.567175627034592
-18.831647398933676
-11.523986377768507
-5.89813562780618
-17.631881544668225
-16.565064764238816
-15.460591233259544
-14.132565600181724
-3.993599224964291
-16.660905638238056
-12.125215815384726
-9.859509023540515
-5.597354609560505
-1.1530458692651324
-11.628704623227835
-14.713592280909449
-5.697708340320853
-12.946429014497658
-9.311978652101667
-5.796733056378303
-10.661623492517256
-9.860140982957146
-4.351292130767872
-12.35107234527329
-13.050412377346404
-16.709527804102574
-10.319099267542526
-9.415020039890507
-18.31825178196015
-6.0306463236757635
-5.347834110083456
-1.5681307665873234
-9.65967814782089
-10.589254390225351
-5.853383229202778
-3.2993661194196022
-15.6724929624959
-6.448676730938962
-11.075436723638138
-9.482319199968545
-12.044133621713637
-10.281641160451898
-8.841995063042782
-3.619577578846993
-12.65628618524985
-10.584331973918628
-12.570654812124475
-0.8511584280813311
-8.026552823404458
-18.838565864730867
-18.635797576728127
-14.035921892296665
-9.175443511001463
-8.950762677167413
-10.608105992669765
-4.245074717608532
-17.90987705448081
-19.679178062712175
-8.383946060634253
-6.653353611478634
-13.822547261927303
-0.5248273160770989
-9.299019477009427
-19.815396909433368
-3.0333379834757546
-6.901950230360514
-10.667644804770262
-15.079007810902075
-1.8645198246534989
-5.251122615559023
-2.5778964446291086
-18.371437712801512
-11.796228614293831
-1.0438865814696596
-7.436959065756513
-8.713888988325493
-7.007913483664533
-15.314549508023143
-2.410493676516823
-5.84076918782054
-12.53122136974961
-18.974629989811888
-18.503378600175814
-15.543597796641503
-16.027297867812557
-7.7030399856935805
-18.633994277553793
-8.021908937266002
-14.892036870311452
-16.643505155060403
-11.867394465189346
-19.441247059777908
-9.390314253708697
-12.945729593504845
-12.347359486424404
-17.551140558588795
-19.52766706487932
-8.633155112591075
-13.422741410276036
-8.627053386837762
-12.937976036486281
-3.167343337543498
-13.470589162414708
-8.304439738834471
-16.720860098667167
-18.904516087022476
-8.583641271730107
-8.690168720186646
-19.5101250744266
-14.003782579918916
-5.367288013146401
-0.24804149112001905
-1.9011122904464408
-18.281123343885078
-18.772351809660016
-10.391852450877792
-11.866993140079583
-3.737028654297352
-13.154270414604929
-3.6314181171570596
-15.275786453129381
-15.634670567004974
-3.279074105531201
-9.612482091940361
-1.537794117129625
FactorLoading
0.21302436644538836	0.28429891959758247	0.043559399468327875	-0.4591173144887013
0.08002640858817411	0.12546274645277333	0.3710190468079564	0.42349179815109617
-0.1846007815975783	0.3471753577004266	0.3387474597572311	0.12947640094476398
-0.3307640301832817	-0.12476431603365512	-0.2437697080502259	0.30070194573283726
-0.21031170439736946	-0.29447120795461124	-0.22542970371127646	-0.26978738393674284
-0.05902643364320337	-0.654530397381923	-0.06504945755757885	0.2213937114172948
-0.4013618456911179	0.3522646738557649	-0.09291260805207346	-0.15346087240104378
0.3361762188109543	0.3673515823434099	0.07440984586037458	0.22206235298526122
0.4336602593534742	-0.12247029918802643	-0.17505306190178915	0.2688163795567102
0.3897126390093084	0.1849655312737024	-0.3826805781055349	-0.04264125161145427
0.5818406521534145	0.11353232246864753	-0.1335526485556522	0.17107437682228577
-0.03800002114293144	0.06941175719969839	0.6081523801832551	0.28443584147411505
-0.25921256258285585	-0.6013562889053705	0.07521390458588195	-0.06421724392589168
0.31247785098175473	-0.22136939471186734	0.3834611926106788	-0.08269156169569913
0.04860770801693537	0.3793991929865992	-0.045785685542552246	-0.5262074134539132
0.49880494218905347	-0.07589556675642961	-0.23082004531295586	0.19447944574156106
-0.04625800948366088	0.7887699797546455	0.10331489620703183	-0.06165711455466183
-0.24917698407673128	-0.1481471734006239	-0.3025530205086704	-0.30012282201397444
0.5156110647141523	-0.13278452734970858	-0.05330014351462564	-0.2983042644215135
0.3846656192044502	0.5289501819134959	0.08267676012950576	-0.0037074387525481978
0.38162275171598425	-0.13730364017791752	-0.23759548490097537	-0.24347812320512285
0.06996929717371758	0.6623471664290719	-0.14965452610491004	-0.1180290102923005
0.4651261006922143	0.05467440784583388	-0.18343148266165632	-0.2967680088002955
-0.2557938418698438	0.04322479156174874	-0.08412881022589502	0.6168525563425125
-0.09597499704667367	0.2775840814773567	0.5696931410087442	-0.056747780467225395
-0.3892245160664869	-0.39238130163198637	-0.056926857710303924	0.16146732459122282
0.39480051974125097	0.28893295032980104	0.10990831357455888	-0.2063582163543891
-0.15367324441158026	0.547169568437625	-0.08499514861328672	-0.21416203853750804
0.2009999272893359	-0.2524996103610375	-0.1786462967670377	-0.3678541655825889
0.5644385303527548	0.14141290512323357	-0.2460553125254219	0.048093251998589714
-0.36023858350784566	-0.29162387019584823	-0.08820737976746607	-0.25993016652884005
0.20674840381163806	-0.20948686758313362	-0.24887561121043245	0.3348891173947959
0.8206392776006308	-0.030078342797416946	0.13086807952127244	0.01841430008067979
-0.29731825105998366	-0.12921740458853193	-0.3326845643565779	0.24077977999490652
0.2984829596772982	-0.09918585951733228	0.0727553061784676	0.5295758746269019
-0.28171596054575576	0.06527613721513337	-0.13406923691172556	-0.5189386653273853
-0.12054752333132557	-0.2491425964577334	0.19611562149391815	-0.4341942587170229
0.3754135157131524	0.12321680469557528	0.13094423925250753	-0.3704254403387648
-0.2820985813271275	0.30086819568079837	-0.04153933673617094	-0.3754938862559032
-0.07713744766638397	-0.0972361524159735	0.4274003791681147	-0.39822602074952784
-0.3893686510850385	-0.1859201336237517	-0.19067133823215965	-0.23403987705905016
0.18823717909642945	-0.04336980506478327	0.3145896510709707	0.4538033647678166
-0.533520655204361	-0.28947736199164864	0.06117785064163783	-0.11582413216235254
-0.4067301552920708	-0.08520538518070242	0.35113239192879475	0.15693206759843203
0.864579404116451	-0.060497229469217206	-0.007015740664455539	-0.0679076257498763
-0.05114078786576126	-0.7137058325130836	-0.2327560871904586	-0.0023972924306965293
0.04378005963653986	0.20668661706241176	-0.17525906007199343	-0.574274263229055
0.24315595114366273	0.009358147876263656	-0.3900372792827993	-0.3574486216972743
0.023239840493309183	-0.2738887344911145	-0.42776441169967394	0.27510701331590237
-0.2847168632767252	-0.4853793256537058	-0.1621445742180052	0.06775923685156382
-0.43061076850463054	0.2578266522571595	0.29873295345046524	0.012829625787744714
0.4955684608641757	0.30051589069040885	-0.11169687305453713	-0.0922187753908783
-0.2094897538715048	-0.0068660858868818675	-0.2622458836327086	-0.5213982766089047
0.28133467656897304	0.6215328627084655	0.0342581894550269	0.06287427126753453
0.1924829615831829	-0.05011631913365866	0.6904700777848103	0.06693064149834815
0.4366519835461049	-0.17053736648301876	0.22743433602891172	-0.16537631394196461
-0.36750455368012847	-0.3138397336255392	0.1691927833964133	0.14946292929791904
0.22754598085748268	0.675313440029367	-0.024794922861449464	-0.07234565625170086
0.530835319959378	-0.04638679606699925	0.16585935748115932	0.2569185264924634
-0.07752546475053435	0.529322106897371	-0.038226237188607515	-0.3549261911634871
0.425310871501416	-0.18951072482178577	-0.06509228374190501	-0.3200861199348932
-0.017779312699209626	-0.054371337190683544	0.7089406716480584	0.21890867846204842
0.07004777129453932	0.19207791614050906	-0.3394610255864712	-0.39841328697848044
0.276269410073966	0.021871249985728758	-0.6665740828653268	0.03528525707497843
0.34403510805219906	0.07357552486697383	0.2309309137690263	-0.3514584533118008
0.36611513595190814	0.09680336479548202	-0.23386600097903365	0.3032154982735762
0.01798809908415855	0.07576865325399051	0.6543634964502609	0.25187975121159
0.007108317067018088	-0.1773451509846855	-0.4635950572522707	-0.3519514746960257
0.14637651708852073	0.2954770285881583	-0.1587120476338364	0.3994344066894846
0.15438967174045848	-0.43183973519120933	0.30517201613285105	0.10859857693548114
-0.4700136332770659	0.2945984984848302	-0.20778120072974526	0.027606667508358607
-0.2810697371332531	0.02854771581955795	-0.5554903563479792	-0.13489219069920977
0.08507613882875442	0.20777238977276946	0.16872151710484906	0.538429954293627
-0.03877278339151613	0.15326337859061168	0.7586318204702998	-0.04933201754757244
0.3934697119964887	-0.043880512023960705	0.10154420421272858	0.461105571766822
0.04280071034025523	-0.10299445542173591	0.036304842208584764	-0.8178999920294241
0.4443234074354918	0.21370939031853786	0.1995302091382447	0.14243699310772562
-0.010474964866770131	0.3653383488348738	-0.4853185346992912	0.13886815159906485
-0.02740337818596772	-0.23217517897555728	0.2659559671824625	0.4744654756560125
-0.04945682945281282	0.4344307511810086	-0.5029074906999111	0.013204928666267435
0.242553298787479	0.009226291619315985	-0.11708869003177069	0.6311317195614343
-0.3503826477141383	0.17598623168510774	-0.08661927507402045	0.3870118455267335
0.5322120733043045	0.03854585953758427	-0.25518590691152476	-0.17405616024658643
0.3617529873466756	0.07440657811482132	0.5144514790971761	0.04938895544132693
-0.23221700094826625	-0.5244941076149299	-0.11195377083700442	0.13133512059979946
0.05090542786973007	-0.1191186199258758	-0.2337438923787032	0.5962320598256909
0.49846071752377896	0.08405953822674461	0.10729150535609122	-0.3101882388933852
0.22747425387516618	-0.23573985420009236	0.19132475900329338	0.3454611329214481
0.5015418694366383	0.2800757021896283	-0.059646420307650105	0.15873600806608335
-0.15719045281799704	-0.3091116185344862	0.010851649279247866	0.5228462793682689
0.027556708468502666	-0.32600058152637645	-0.2650882298579662	0.3813544801471547
0.2511337992196059	-0.37010656363985217	0.07231278507742878	0.3064468520631132
0.03335846538586784	0.5897320896365581	-0.058482480812493964	0.3184269641650801
0.406399244348824	-0.0686303383619038	0.1658793455821368	0.3590910717071354
0.5097118699178944	0.25281005984271476	0.00694192544840222	-0.2305361447909886
0.08310484976405119	-0.3497424990608269	0.13765245019899597	-0.42950020097612596
0.1552833794218904	-0.5266686389343926	0.1825505531897429	-0.13549742845397406
-0.06430000565776517	0.22802150822476297	-0.21154450594349172	0.49613398017398014
0.1254851160994166	0.3743854400707016	0.11580654339501883	-0.38432290043486295
0.4685548120001475	0.07598869820741228	0.41224883296651615	-0.04320765682592409
0.35770812867317914	0.3322577678242429	-0.06530330136871765	0.24473080213386034
-0.03821809489140415	0.5278028645046653	-0.19562916162077149	-0.23834987898315907
0.10177005483215851	-0.7449022253510702	0.13354586202482666	-0.019781857791944635
0.5999526451553503	0.21598810038157468	-0.012378469904926304	-0.17168078455814872
-0.35232969287601357	0.046318351173679995	0.020634231963214678	-0.5807177239870918
0.12427877456305891	-0.0612421261231304	0.7502905722056945	-0.06418852710811618
-0.10316900207870972	-0.23002433034634473	-0.0562073345811025	0.6105993329938431
0.21634949354343225	0.0774069728478739	-0.20533751371936892	-0.5009060198893249
0.2826020387349648	-0.19459059854472738	-0.4854685137616954	-0.03733884895861239
0.21129381026315452	0.34561412954526083	0.30048871028230617	0.14260334990927848
0.0286630034768931	-0.4555279724462764	0.01164923828549913	-0.5041597857913314
-0.3877071550441842	0.3125406229862542	-0.09754407684806954	0.2022081451214921
0.49512893963638405	0.45329108924771466	-0.0005181796231230607	0.05106179149277823
0.19170389673860355	0.009199942052793508	-0.3503461586061589	0.448750002602444
-0.018796832801591723	0.06647888082274744	-0.6324652780887114	-0.2822590082869494
-0.1880535077746579	-0.07149989754499586	0.5246459487994768	-0.21580064588086945
-0.06310154431356896	0.29777573288955916	0.19668395991272725	-0.44243876288414463
0.357672165287235	0.0682335759248327	-0.07313790435427237	-0.5009563544336599
0.03722144586170839	-0.4808643302218165	0.2889894371257502	0.1929247867907249
-0.10063340286656053	0.42639776326408363	0.4386626338313726	-0.03430620003798324
0.12449196338272261	0.028375426521481728	-0.29459981500394017	-0.5525327950918555
0.508840462723388	-0.051629725733046694	0.3581628804340753	-0.08136693110949
0.31459939139839443	0.290612848002868	-0.13439976906905504	0.2603879915296825
0.20935552423566284	0.3101673010641359	-0.43840736020491855	0.04206981449528269
-0.014554729584179693	-0.6222034112853307	0.057357691857889304	-0.30588416727260026
-0.2442359916899668	0.3553050339389783	0.0904473681032687	-0.31001160626778623
0.11964134152877448	0.6046075249074763	-0.24053460149810557	0.03521653206564368
0.1519692727111468	-0.21505395306449526	0.4080126396589998	0.22496413456535813
-0.4684468224059879	0.0814245378422429	0.2981938552024159	-0.15193478454935327
0.1990883227809337	-0.23408515134126162	-0.47725482650462503	0.08957169937317966
-0.5394922471254009	-0.06866785255636221	-0.30439740712113905	-0.08744249319709785
-0.32050373866376014	-0.24285043781344284	0.4032982739696347	0.033347549553162326
0.6061606197733871	-0.017356386702597426	0.27321002487628343	-0.10327296864773206
0.5906787109319975	0.057693834058877735	-0.21491193090525074	-0.136715524103874
-0.040327841698134526	-0.4312577587686166	0.14860591822631886	-0.37980848130693
-0.05770828097437275	-0.6754647510487841	-0.09744329298840193	-0.1693836749884412
-0.11490221564307324	0.1550376408073173	0.2001542100050675	0.529905933544542
-0.08373676695920129	0.16798725348446197	0.5680644989341204	-0.18021148062221637
-0.1787085616456614	-0.13146943704425906	0.2993446871740095	0.39047731413607
0.03025375208408021	0.666600071232677	0.25782484919025106	0.04532132749299178
-0.07717351031474662	0.24442150269363538	0.4944029671619792	0.18400201982963882
-0.5256101344301833	0.08864015131052239	-0.34844402202993696	0.03730569222935731
-0.2014822721979872	-0.10346105090329916	-0.6223879919954434	-0.07266868490327028
-0.39668818703540953	-0.09059826743293642	0.19540366414844734	-0.3173098813832067
-0.20666174518475988	0.31754374895358994	-0.2350805523427839	-0.24071395351886626
0.3024716074645084	0.4253580133394843	0.07412737940493774	-0.19804299979106954
-0.3524879056956305	0.17108206832329453	-0.12917414298037166	-0.3472558830007033
-0.06677336976861481	-0.5737811928799867	0.3109995355198756	0.048445901831522864
-0.3046736366725986	0.05847586067900412	0.16448534993186703	0.47236515271653023
-0.30371552021709225	-0.3018281329111374	0.39053170973622886	-0.0039246371355414755
Conflicts
133 77
131 150
7 109
48 51
101 44
68 82
75 112
35 104
112 1
92 138
139 106
112 150
1 20
112 141
128 29
35 52
42 98
138 88
126 93
125 33
119 32
28 62
79 57
71 100
95 5
50 116
55 38
114 91
116 19
9 122
118 84
107 76
148 61
80 111
14 90
141 73
7 60
135 118
87 33
81 116
47 146
43 95
65 51
75 40
119 28
65 76
72 46
32 27
61 45
107 127
14 74
112 115
40 65
58 138
130 20
21 30
70 142
70 6
17 94
130 88
89 44
143 57
137 85
37 70
119 37
14 150
119 30
135 53
34 64
100 35
13 118
10 139
142 18
55 138
102 107
21 45
4 84
101 138
35 59
136 126
117 139
121 48
126 144
26 76
124 118
83 85
34 65
13 146
146 143
145 94
80 89
26 88
7 39
80 33
54 72
80 24
28 17
101 93
37 61
144 84
147 44
33 111
135 64
133 27
29 57
63 149
95 111
37 39
78 35
82 127
132 39
54 116
120 90
69 73
132 101
13 28
34 8
60 127
39 105
101 22
35 91
83 53
22 91
10 15
133 10
83 41
41 138
118 44
130 97
41 52
40 52
100 14
53 117
35 113
23 150
97 49
14 50
128 103
39 33
94 5
131 65
123 86
26 116
132 69
47 100
95 115
10 33
80 114
66 74
13 64
122 51
125 56
117 62
53 3
64 113
43 136
79 111
58 61
76 20
40 48
76 1
5 52
29 72
34 76
125 150
92 55
119 135
32 86
114 36
25 143
10 150
26 148
9 140
8 82
47 144
63 77
27 49
60 87
123 74
92 33
55 56
58 16
65 111
32 74
143 6
99 45
130 24
11 73
140 38
116 16
146 84
77 111
117 126
55 44
47 65
61 105
133 15
147 85
43 135
116 73
124 52
47 101
116 62
67 45
14 44
26 92
25 122
26 150
55 110
94 142
125 22
98 105
17 113
49 57
124 146
126 18
106 33
15 111
109 21
147 64
75 121
103 80
63 24
60 15
78 40
120 76
68 124
148 115
146 61
29 85
133 129
107 8
137 57
43 110
131 139
69 97
31 24
34 3
64 51
4 52
80 40
142 85
88 57
135 87
54 64
119 112
67 65
103 139
54 96
102 72
23 81
89 12
114 137
67 90
35 116
62 73
147 138
9 105
144 73
81 145
23 83
56 18
52 30
122 1
54 28
76 85
31 75
4 41
93 73
109 52
128 94
132 77
81 114
126 150
132 21
77 105
39 20
55 41
92 80
118 46
26 33
21 12
86 95
9 3
102 93
57 24
59 57
124 123
11 139
43 60
39 57
17 138
63 100
29 107
37 149
3 62
100 76
54 143
3 24
78 91
107 49
92 148
16 73
32 56
41 82
95 70
65 105
124 38
150 46
5 127
143 48
145 16
29 64
50 91
54 78
132 66
25 141
101 38
125 127
58 72
148 1
100 25
87 84
92 8
37 95
131 137
9 104
5 24
10 87
144 61
35 15
56 6
49 12
38 84
54 36
66 115
107 11
17 134
9 31
3 1
47 141
69 17
83 19
27 51
124 19
78 98
15 21
120 52
14 61
36 105
147 24
101 87
107 41
105 127
14 144
14 38
68 67
22 138
75 27
108 150
28 70
32 65
47 72
26 97
43 127
78 46
29 46
9 15
100 101
95 51
119 47
26 56
114 118
25 139
92 41
75 60
130 96
100 19
74 30
108 21
80 93
128 138
128 95
92 103
13 105
97 129
81 17
31 10
63 85
29 95
132 36
119 90
124 36
27 105
34 96
93 142
148 84
128 55
100 44
99 41
63 35
140 112
120 67
148 118
116 20
145 44
67 104
43 42
130 104
11 96
99 22
78 16
17 18
119 12
132 29
36 88
112 16
23 35
103 110
14 95
78 66
141 82
114 48
7 135
29 58
136 76
149 1
147 127
106 15
31 108
31 80
68 27
29 115
48 33
105 1
34 56
133 45
23 91
27 107
55 85
26 79
77 116
7 126
125 8
11 127
83 18
68 142
29 101
81 122
9 120
4 142
10 18
127 52
135 122
145 58
83 30
80 87
79 22
17 110
143 91
78 141
22 18
37 65
89 65
143 107
37 55
70 139
62 108
90 84
25 114
53 141
9 49
122 104
54 104
68 8
136 21
111 138
54 133
149 90
14 89
98 48
119 106
94 88
7 97
26 105
34 84
112 61
147 45
102 139
121 103
133 80
68 21
47 58
136 110
51 44
119 6
10 116
34 27
62 8
100 88
40 115
71 19
117 44
89 91
23 132
147 36
55 146
128 111
114 39
148 69
26 30
35 147
128 127
146 89
93 30
143 52
147 20
34 131
38 127
16 6
118 115
50 30
136 40
27 82
112 28
132 44
23 84
26 98
133 18
17 22
27 79
53 110
23 139
126 16
74 15
50 61
119 18
125 149
99 6
135 76
98 57
123 70
31 2
54 87
68 146
14 34
9 126
65 70
103 87
81 5
114 62
43 74
4 60
93 41
135 85
29 141
66 46
120 104
54 38
124 29
112 72
56 150
55 144
5 115
132 70
92 91
7 68
84 1
3 11
69 96
37 134
106 127
54 95
12 45
40 139
77 104
147 82
136 55
21 88
4 53
34 44
110 33
92 19
37 82
33 138
37 88
40 59
147 110
65 108
135 27
10 62
94 41
102 80
120 81
125 97
147 120
63 114
110 141
29 36
149 22
119 19
74 127
122 84
51 15
104 91
42 21
78 39
46 127
71 124
44 134
136 148
8 6
87 49
13 42
49 39
130 82
10 77
77 85
143 87
42 144
94 96
38 85
131 90
47 112
40 105
146 62
125 144
119 46
74 61
40 62
146 5
9 150
98 29
98 94
69 79
148 33
125 101
37 123
147 73
63 28
143 51
29 122
133 17
3 127
125 81
32 18
121 28
10 90
105 12
133 148
75 33
44 30
143 129
147 150
87 57
40 56
107 22
66 114
31 44
150 52
2 28
144 109
71 121
9 121
29 16
23 6
40 118
19 65
120 130
81 138
95 94
135 138
2 82
120 127
66 56
10 59
25 116
4 140
63 126
92 48
72 73
43 58
118 21
74 51
4 51
7 46
135 11
53 18
61 85
131 59
109 24
8 22
93 129
58 44
94 21
99 73
108 39
92 18
103 36
70 22
55 19
78 41
116 18
83 49
15 127
140 33
107 106
43 79
71 138
63 6
36 82
121 99
86 94
25 5
37 15
55 32
140 58
25 30
133 138
60 46
130 30
79 96
113 18
140 150
42 22
75 76
68 90
93 91
144 22
17 90
128 87
145 112
128 69
89 6
47 45
54 113
23 24
147 125
63 122
53 29
101 28
14 18
135 130
26 60
130 72
148 65
22 134
8 18
36 57
103 146
50 97
29 51
123 52
141 38
131 127
125 2
112 38
72 65
142 12
117 85
141 20
71 67
81 130
140 44
137 129
14 17
148 81
31 8
110 96
53 93
69 22
66 89
68 85
120 112
49 129
108 84
140 67
79 15
92 105
7 140
98 101
89 134
78 24
83 98
88 18
11 18
126 1
83 6
71 38
76 142
35 145
148 80
66 103
63 25
93 22
58 15
114 108
94 24
23 70
102 85
35 88
112 142
31 59
140 146
136 89
36 8
63 10
74 87
29 126
7 24
143 134
55 36
23 63
121 125
137 49
69 6
140 27
112 90
136 85
38 39
50 102
143 65
104 17
94 110
31 21
69 11
7 3
92 56
148 138
136 56
67 85
145 11
95 1
70 45
61 28
120 38
143 1
132 64
36 138
36 24
59 15
7 93
71 106
13 84
148 56
70 52
112 108
25 137
50 42
47 79
23 18
9 35
78 114
97 150
135 107
114 79
75 82
136 93
47 98
116 115
140 122
126 114
143 105
120 48
129 46
105 6
131 45
74 104
124 138
148 8
135 30
10 8
63 66
86 16
53 65
23 87
43 116
14 118
81 57
61 115
135 98
99 72
145 96
16 41
55 74
98 1
75 88
9 131
25 150
9 58
123 126
122 112
139 21
139 24
143 16
60 20
47 145
56 57
129 8
60 64
100 93
28 91
81 126
120 99
102 94
111 30
132 1
25 129
40 144
102 113
43 107
81 69
27 30
101 115
43 130
75 74
80 142
46 111
67 96
19 24
32 10
36 5
47 115
120 114
43 101
112 18
25 48
93 141
75 18
28 82
113 70
98 36
128 145
86 12
31 18
54 48
69 41
54 52
78 18
65 94
71 86
137 44
44 57
15 91
7 20
145 129
7 42
146 144
149 142
84 82
135 18
127 85
150 1
135 105
83 150
139 129
60 24
17 106
14 1
71 76
113 82
102 48
120 113
32 102
3 41
92 117
128 114
37 121
18 1
28 150
145 149
102 58
5 41
25 70
77 97
13 15
94 1
103 84
128 116
110 39
72 44
43 24
150 33
78 90
107 1
51 127
136 29
94 111
109 129
34 18
11 91
89 52
100 83
66 143
112 15
29 39
43 16
61 114
135 139
150 15
77 39
37 32
36 127
119 65
42 125
37 34
16 48
80 104
101 82
20 45
117 6
54 45
146 24
13 5
22 150
89 118
99 149
89 46
32 117
21 20
126 127
81 16
109 79
55 114
26 21
126 15
97 5
125 111
88 30
77 122
77 38
71 129
96 30
93 38
16 96
136 61
98 95
23 104
92 134
99 108
61 44
78 117
140 96
17 149
123 2
102 40
25 98
102 125
10 149
132 106
133 89
11 38
114 142
129 73
25 55
7 127
69 126
34 82
29 87
47 108
120 110
120 149
14 83
150 111
130 85
100 39
25 2
60 88
71 66
139 127
80 108
94 106
65 36
14 91
15 134
87 12
125 27
112 36
119 93
143 56
102 49
101 134
27 57
131 87
41 57
48 118
94 49
63 14
147 51
149 150
92 51
102 142
57 84
119 61
83 79
98 52
9 114
9 129
100 84
68 28
92 35
86 138
44 12
67 117
125 40
71 2
98 61
124 125
5 73
133 87
108 6
66 1
7 86
67 30
32 21
7 29
68 97
133 139
13 144
16 24
106 12
22 127
55 6
69 113
146 28
27 91
87 108
54 74
120 143
109 57
102 53
98 112
119 124
55 59
71 108
127 138
119 41
62 129
25 19
53 73
102 66
93 95
5 20
50 29
4 125
113 97
136 41
76 106
31 85
132 15
7 91
32 33
69 61
120 22
83 120
148 57
77 114
2 65
43 21
23 53
39 91
10 115
100 131
47 117
103 16
13 150
117 49
124 20
101 74
10 147
77 41
113 134
69 19
97 8
78 17
131 6
101 12
102 67
125 12
78 139
103 89
3 21
103 145
145 150
47 87
114 41
106 82
78 65
48 129
130 22
97 6
23 13
3 149
25 50
72 76
17 70
48 17
122 82
89 51
144 149
9 112
76 12
90 46
145 82
9 55
48 49
144 62
10 95
120 72
121 117
69 74
129 84
7 149
47 103
139 73
132 31
50 15
48 12
142 150
97 44
95 41
12 115
100 38
74 38
114 150
133 37
124 143
29 21
63 91
3 74
7 54
123 85
101 39
77 73
133 134
137 107
27 5
17 107
86 145
128 79
119 2
8 134
135 20
86 82
101 130
149 30
129 105
128 5
98 131
7 78
132 125
117 113
48 138
116 84
67 74
99 93
71 73
34 116
26 133
78 74
4 76
32 111
102 88
88 105
132 134
60 116
2 41
8 24
112 118
92 99
136 77
58 27
121 73
31 125
117 45
2 46
121 69
104 8
83 81
42 65
142 24
87 21
54 79
10 42
107 129
31 35
136 88
13 131
133 109
10 56
119 117
94 134
2 141
35 137
7 90
55 86
43 102
123 22
77 143
32 80
47 28
34 5
37 147
127 20
41 88
95 8
77 34
17 12
146 130
76 84
26 37
4 116
23 79
54 102
136 150
89 145
35 73
102 117
50 129
38 18
89 15
27 87
68 120
100 103
10 45
68 42
28 141
140 17
89 87
60 72
83 24
47 3
123 139
29 86
39 111
43 129
58 49
124 3
66 80
53 107
64 82
140 114
31 127
11 24
47 5
86 137
10 97
58 22
9 96
26 115
147 79
118 33
145 107
32 106
29 94
35 28
58 106
144 56
10 126
61 118
83 142
117 15
60 109
26 123
71 120
122 131
31 115
135 49
13 117
49 82
3 150
108 38
3 45
48 106
53 67
145 110
43 146
119 27
89 93
145 144
119 138
100 36
116 98
113 46
132 140
47 15
77 141
130 99
135 24
104 79
19 85
31 79
124 97
146 20
144 33
133 149
125 28
107 21
67 21
68 33
148 10
120 142
62 142
114 59
68 100
5 12
35 49
147 93
51 30
148 52
23 32
92 46
23 14
140 107
77 53
53 105
74 6
80 39
63 33
32 34
43 29
147 106
114 113
131 129
116 141
83 104
21 105
135 86
55 143
103 62
103 44
68 64
32 36
128 21
135 146
121 20
55 137
38 44
71 46
35 16
95 39
22 24
148 145
87 127
52 84
35 112
146 90
40 19
129 127
100 86
110 12
63 21
50 5
81 21
78 62
127 45
23 33
13 108
78 109
63 95
8 84
23 145
27 44
65 139
27 46
50 139
132 68
92 116
22 20
97 134
64 21
47 33
42 95
131 62
53 41
89 95
80 85
125 48
74 142
146 134
130 49
58 113
117 131
116 2
28 115
125 1
98 145
56 134
78 143
119 13
69 111
135 12
55 95
54 10
72 113
109 111
133 75
99 19
35 36
79 5
37 148
14 107
124 79
60 105
72 57
144 96
34 73
136 50
132 65
76 21
128 18
31 29
35 58
94 22
102 16
100 24
7 133
47 92
59 12
92 108
136 67
136 86
80 101
124 28
72 108
126 11
63 42
47 48
131 99
125 90
139 134
47 124
147 129
66 84
29 5
53 82
66 111
77 19
145 28
42 80
80 90
55 96
74 107
133 113
14 75
50 20
92 102
91 127
149 46
13 55
31 122
78 42
25 104
42 138
28 44
51 129
51 106
47 44
131 96
107 105
119 99
140 64
54 29
23 133
26 72
140 15
86 101
133 94
124 24
100 110
23 41
22 111
124 84
101 73
100 104
8 21
63 52
4 47
12 134
65 73
93 57
121 27
147 8
28 113
139 8
67 58
46 73
81 8
103 22
122 91
7 66
54 121
111 52
136 121
145 76
147 108
137 138
68 93
101 129
131 44
98 12
14 41
48 44
47 84
136 118
64 110
44 24
68 29
132 67
8 138
56 33
71 147
89 16
109 18
100 115
135 95
3 64
4 49
84 45
124 34
62 15
83 99
120 85
122 17
140 56
50 106
131 48
55 113
133 66
149 21
48 108
3 59
128 63
113 1
29 130
68 6
83 48
16 21
54 39
124 67
100 120
72 106
114 30
90 12
23 55
37 112
89 117
117 59
17 52
126 137
128 37
113 73
96 84
53 111
144 44
99 48
87 15
19 17
64 76
9 32
66 45
100 140
26 12
36 134
64 106
129 57
128 101
132 100
3 48
122 12
43 37
102 127
71 49
109 20
109 22
93 88
27 149
120 65
55 93
147 116
59 6
103 107
16 105
79 138
120 1
120 36
112 144
102 41
143 62
133 118
132 4
124 46
102 44
71 123
32 121
78 22
124 88
63 129
74 8
40 11
23 69
19 57
87 5
43 45
108 129
23 59
50 34
25 24
74 33
128 16
124 62
4 127
71 116
58 30
7 84
97 84
13 86
54 101
3 143
66 36
82 1
28 105
69 150
2 81
148 101
149 88
40 113
109 137
86 122
48 113
43 10
77 129
8 79
63 27
123 91
64 5
132 27
149 59
42 97
119 126
101 1
78 144
70 41
75 15
55 70
116 137
133 46
31 36
17 15
125 117
79 30
61 22
7 44
143 20
81 139
124 113
70 44
42 81
50 18
69 108
61 93
71 74
58 82
110 15
35 65
50 111
75 135
11 111
148 50
89 62
87 30
26 57
3 79
94 118
102 28
67 141
37 4
13 126
4 95
101 70
67 73
23 47
132 57
32 146
14 98
124 95
26 78
60 143
14 42
8 49
31 61
130 76
63 92
101 109
54 123
4 121
121 85
92 87
31 11
81 38
60 89
4 54
62 22
31 130
86 139
50 142
78 3
26 41
55 105
42 70
74 106
93 84
84 18
120 94
124 61
7 87
63 44
65 56
125 82
132 129
48 18
69 115
32 142
119 11
108 22
119 148
98 149
58 88
83 130
137 115
44 111
114 96
34 30
58 94
87 59
69 40
117 46
121 137
32 147
7 95
103 52
101 106
120 69
149 11
143 5
60 40
13 75
42 117
71 53
54 68
8 44
123 99
89 84
116 28
131 115
107 73
87 111
133 62
27 112
9 24
119 49
136 149
69 44
121 139
72 139
126 110
92 101
114 109
125 70
136 73
66 27
92 28
102 27
32 66
108 1
126 48
74 99
74 17
107 56
54 127
10 73
3 114
29 65
83 44
123 21
98 73
132 146
33 84
64 11
146 85
83 86
146 150
29 118
99 96
23 117
130 48
42 99
37 89
11 110
124 15
122 94
143 141
109 39
14 122
145 59
63 41
80 12
119 88
68 111
148 91
135 65
142 1
125 123
111 20
93 11
132 62
81 22
133 135
127 18
121 91
26 18
140 52
52 134
128 54
108 8
136 137
48 95
35 61
62 65
66 48
81 95
37 137
54 131
99 79
146 64
145 64
94 129
10 99
80 145
16 18
22 73
2 6
71 139
5 46
132 139
3 138
129 20
29 89
15 24
114 106
102 140
72 19
119 143
78 113
9 67
145 137
52 115
4 18
16 97
124 69
87 118
123 20
15 6
63 75
142 46
125 65
148 143
146 41
93 90
13 74
26 83
125 64
17 44
67 16
2 56
77 109
2 85
109 59
137 118
17 118
106 39
146 51
50 76
5 39
66 59
137 134
35 86
123 94
123 61
60 117
43 140
5 84
29 104
119 96
35 99
4 22
119 1
100 145
121 95
135 110
32 105
53 106
133 19
26 138
63 4
137 149
113 94
148 19
106 111
119 67
74 97
58 127
54 106
34 142
7 148
74 28
43 100
49 76
112 131
144 108
95 97
102 122
127 12
58 46
125 108
26 147
126 95
145 91
80 109
71 32
80 84
71 125
87 139
113 21
55 65
86 30
74 149
47 68
36 1
32 141
100 32
28 111
26 90
31 134
63 146
14 149
68 65
26 24
13 114
121 87
55 52
106 30
19 38
50 98
56 118
25 113
140 142
40 141
144 105
119 147
89 76
92 107
136 145
104 95
2 112
99 59
147 103
54 20
10 20
47 46
43 90
66 22
63 140
124 98
55 45
37 11
14 82
16 85
102 2
144 49
125 86
75 46
145 45
144 38
93 79
5 21
43 13
69 56
138 52
128 11
29 90
28 51
13 103
116 103
89 139
81 134
13 121
102 42
26 114
86 6
110 51
94 20
103 73
119 91
4 148
129 41
120 73
49 115
102 35
122 106
145 51
80 129
14 110
144 11
8 30
131 84
78 131
125 83
92 85
96 134
83 91
121 114
128 14
145 108
60 137
121 12
116 149
61 41
75 70
40 108
25 38
22 46
148 64
58 8
55 103
128 32
33 57
2 127
4 96
80 134
56 52
27 20
77 142
105 18
53 61
40 87
61 109
146 79
12 20
38 45
110 79
75 44
47 138
42 84
35 8
123 80
135 45
101 95
86 76
137 52
120 89
64 134
27 70
58 137
21 134
121 44
149 70
107 30
11 5
54 129
54 142
78 89
63 51
125 30
149 6
13 30
132 59
53 146
123 143
34 85
42 56
102 104
100 6
117 114
60 97
124 116
48 65
81 18
34 22
98 111
59 11
32 24
110 44
112 138
75 85
106 85
76 8
60 33
37 86
58 51
137 113
53 134
42 24
148 35
110 91
113 87
41 141
14 40
125 58
130 56
101 57
91 20
10 112
132 124
82 105
137 12
69 93
36 110
43 99
138 45
83 123
10 85
83 74
123 106
26 101
145 79
4 55
14 109
7 1
50 108
109 65
98 18
34 110
16 45
56 12
121 62
16 44
74 94
125 88
103 108
89 126
63 107
60 101
126 108
130 137
31 121
71 143
2 61
4 19
131 95
125 52
60 140
25 60
122 49
2 108
2 117
26 65
99 139
148 125
100 124
66 83
123 88
109 84
43 147
116 80
85 18
84 88
11 33
129 111
57 46
146 19
54 41
26 106
99 15
16 70
69 62
14 21
27 106
107 59
54 25
122 33
124 110
3 137
43 94
114 115
141 18
25 127
83 95
83 116
98 108
68 34
40 28
130 138
87 1
150 127
27 84
16 94
111 45
31 113
72 64
96 111
66 116
56 20
136 53
136 104
132 92
69 20
98 30
120 61
63 70
133 121
49 33
35 11
86 3
68 24
120 121
112 39
68 86
9 42
149 111
128 52
80 59
136 134
14 146
83 67
124 94
92 131
148 38
105 30
119 39
110 1
43 77
124 131
102 90
137 108
61 12
145 117
104 87
13 147
55 49
19 28
10 34
2 45
7 65
81 27
122 24
97 39
125 41
26 107
135 83
35 64
130 144
117 144
145 52
54 70
4 44
91 44
83 12
23 94
25 140
124 129
37 145
130 113
31 88
122 90
71 14
75 41
65 85
140 46
109 46
41 20
3 52
51 41
92 53
47 13
54 56
146 87
7 71
43 63
128 58
135 90
34 67
79 90
148 22
135 121
25 78
102 120
62 79
117 65
65 45
106 44
53 11
98 85
12 85
50 52
9 54
126 28
68 13
3 95
32 101
47 125
39 138
100 45
116 76
75 142
8 111
32 98
83 5
74 118
63 5
46 12
47 36
25 112
86 17
148 100
87 51
145 36
22 90
11 21
26 7
149 79
65 149
80 115
87 141
99 94
137 111
101 45
99 1
95 56
74 91
57 111
68 92
125 122
119 141
7 104
79 150
23 2
25 101
58 12
131 12
32 38
69 95
72 22
53 88
77 137
47 16
98 19
62 18
128 93
9 60
68 96
9 134
116 56
31 42
105 73
62 97
146 108
42 89
122 138
71 111
55 22
74 79
69 53
70 110
60 39
149 51
23 86
104 22
42 2
104 150
63 89
25 96
77 36
67 8
61 113
43 15
28 129
79 127
34 140
76 45
67 137
19 129
71 8
130 110
63 50
89 45
119 38
63 45
116 12
19 79
13 149
139 44
94 76
133 36
132 60
7 4
75 79
32 96
23 10
36 95
120 105
5 33
21 150
120 34
69 105
54 144
135 108
63 112
37 125
83 29
60 52
64 46
63 78
112 56
29 15
50 51
136 22
31 145
54 27
59 5
116 143
77 61
7 101
15 84
99 141
11 20
144 85
50 138
55 64
95 90
60 27
62 76
116 44
14 143
8 88
59 21
104 112
95 57
80 67
4 75
82 134
147 5
41 134
2 146
65 113
114 24
56 11
112 134
29 48
71 51
19 20
83 21
132 111
83 137
81 99
61 91
147 1
118 52
122 107
47 27
69 39
86 93
97 12
101 58
143 27
144 104
123 110
4 105
19 95
75 69
87 94
68 52
80 41
50 40
13 61
50 147
56 5
59 118
31 3
19 59
140 16
132 117
17 45
135 66
66 18
120 41
51 91
92 57
65 20
66 109
92 86
63 31
87 46
70 118
92 81
133 123
4 111
78 145
25 11
32 110
119 129
102 99
101 108
2 111
67 64
67 108
70 15
9 48
93 94
94 90
32 97
72 107
126 52
9 62
64 79
146 6
16 39
124 141
118 30
124 70
33 1
68 38
13 93
119 53
60 146
136 140
67 106
38 96
121 56
63 110
31 38
6 46
19 105
10 6
147 65
129 85
23 60
5 90
124 117
75 139
113 115
148 72
23 123
43 91
122 28
53 101
49 24
144 129
125 74
108 90
54 117
43 121
66 104
101 20
53 142
133 145
147 107
17 41
132 102
70 49
140 19
71 52
32 41
60 2
66 134
99 97
23 127
109 94
148 129
113 12
133 51
31 94
116 108
132 17
146 111
42 129
40 90
4 6
141 1
35 33
22 21
4 88
147 49
122 130
35 22
143 49
26 32
90 57
35 56
103 1
128 40
104 52
122 56
112 93
47 29
66 12
101 88
16 65
54 14
132 46
65 18
67 59
133 107
27 74
81 105
144 142
75 1
13 82
10 113
14 123
6 84
28 20
81 72
53 86
37 63
14 102
78 83
25 17
54 134
13 21
43 108
37 33
54 61
48 6
74 49
68 117
119 77
25 95
71 98
105 85
72 115
69 145
142 141
114 139
66 38
150 134
81 82
16 141
58 59
42 17
121 111
60 104
114 51
4 1
2 62
54 82
95 11
128 51
36 87
68 140
122 95
96 20
60 103
102 123
7 106
130 106
62 91
15 118
56 49
23 126
64 95
3 70
54 80
84 85
142 138
80 146
132 122
2 5
133 38
29 110
81 113
101 41
32 120
46 105
147 95
60 29
143 97
103 90
19 109
68 35
106 18
145 139
59 45
65 138
103 61
75 67
119 17
72 17
130 52
93 8
31 77
2 94
120 144
10 93
23 50
38 20
37 49
77 107
140 57
97 41
74 108
2 93
148 85
126 122
120 125
143 138
134 20
34 126
140 45
98 90
130 84
68 103
148 15
14 73
47 64
121 86
140 6
119 101
14 56
117 52
35 66
54 1
66 61
114 15
148 124
26 74
32 52
124 56
103 130
129 52
140 18
10 39
99 39
29 8
25 144
124 18
37 68
128 109
17 1
143 139
116 99
112 129
122 16
55 121
108 52
80 27
110 111
27 137
13 94
35 39
119 87
43 85
139 49
58 33
64 129
60 21
14 13
137 142
94 115
25 72
103 142
92 145
125 113
136 120
67 62
62 56
106 96
10 44
53 33
42 150
19 91
55 73
87 90
77 89
77 22
136 38
116 72
144 141
147 126
65 59
66 67
25 125
100 21
25 117
37 57
119 120
95 20
23 96
103 137
135 140
16 52
60 61
65 96
93 24
105 52
123 53
13 106
25 86
128 6
2 145
131 52
64 49
63 116
75 80
136 66
102 51
32 22
81 118
86 59
80 99
69 109
35 108
124 10
8 105
53 91
54 90
146 93
69 149
89 112
132 33
103 126
7 12
63 3
65 1
86 64
114 49
121 94
44 33
117 73
121 67
32 76
116 144
126 118
133 104
50 113
109 36
61 95
34 46
50 8
37 104
47 24
102 130
117 129
29 93
144 65
53 12
128 13
8 90
28 33
14 108
51 96
38 138
130 28
100 29
119 100
65 134
124 12
83 144
53 21
100 92
13 139
96 142
64 57
108 91
89 111
98 86
42 90
130 11
141 111
128 19
107 94
35 123
36 142
32 129
133 65
71 11
103 70
10 64
120 86
92 113
103 3
92 149
54 33
16 12
86 1
83 1
37 106
32 57
68 116
120 122
19 11
136 74
37 126
120 87
25 10
53 5
102 1
109 115
9 145
26 111
27 139
13 57
60 126
125 29
110 30
13 100
99 30
9 110
123 51
95 73
24 30
135 44
125 134
128 17
4 104
92 140
100 141
77 17
94 45
133 92
31 32
148 106
124 121
123 84
110 82
113 88
51 18
78 56
25 62
33 52
140 141
7 120
69 90
9 113
75 97
100 49
13 135
121 116
4 3
115 6
136 79
52 45
2 143
120 5
68 129
63 58
118 85
94 91
3 99
91 90
38 12
40 127
89 99
71 145
100 109
120 70
80 122
9 84
77 72
65 129
125 16
148 127
28 138
122 45
29 79
32 125
124 53
132 18
43 134
77 139
143 94
86 134
3 144
144 106
114 90
109 5
86 73
130 38
66 69
58 150
78 51
124 82
63 106
15 90
23 140
144 97
67 107
75 64
147 142
137 21
130 16
126 3
92 122
13 11
69 134
68 150
102 101
35 38
118 91
71 9
102 129
29 82
116 131
127 73
98 96
17 95
83 109
106 88
102 6
96 33
55 130
149 44
94 108
117 36
54 60
121 140
55 87
140 48
130 18
55 98
145 3
27 129
140 1
146 8
87 79
115 138
128 59
63 144
143 64
99 129
107 108
81 33
77 21
37 62
26 68
25 134
144 6
50 90
55 29
47 120
79 49
144 115
92 52
34 62
139 12
50 64
4 56
23 141
66 21
135 41
148 112
147 28
121 84
11 108
72 15
74 64
5 1
75 130
100 114
34 114
101 5
136 138
132 47
135 125
103 109
141 88
100 60
54 103
4 82
2 129
47 129
9 59
3 38
10 49
39 115
77 123
74 5
125 130
99 57
104 21
50 137
67 52
78 44
72 41
93 44
93 137
78 92
79 39
144 127
112 88
72 149
68 113
75 55
29 88
114 94
80 143
139 90
47 49
125 129
137 105
124 48
54 100
4 33
54 115
9 118
71 4
13 127
37 144
105 90
82 20
128 48
141 90
129 24
68 87
68 46
81 93
23 135
122 5
37 1
125 45
28 134
75 83
31 72
23 82
139 38
83 20
29 84
81 59
56 70
58 131
114 105
23 95
72 70
117 106
146 52
92 137
124 135
117 19
13 8
23 66
144 39
43 104
74 111
128 74
47 139
10 28
35 122
95 142
42 107
61 15
24 1
49 52
4 91
4 85
116 109
10 5
119 48
146 15
146 109
19 45
125 107
112 20
80 28
83 51
118 82
129 150
99 36
72 59
67 134
75 148
27 108
108 82
133 88
37 17
67 101
40 58
140 70
148 86
100 97
66 93
133 13
97 33
43 59
132 30
66 72
81 19
11 6
135 74
100 48
77 11
61 141
43 82
61 127
101 18
47 1
50 17
145 20
13 18
140 111
72 56
50 27
71 75
63 11
53 70
98 45
53 39
71 60
36 129
42 29
148 11
31 39
15 39
7 146
59 33
125 36
47 37
31 98
44 20
114 8
88 45
7 76
7 18
81 89
126 57
80 105
59 111
121 88
4 32
140 59
94 79
55 115
126 142
109 82
75 140
40 104
76 90
69 122
17 87
47 105
34 57
128 10
75 35
135 28
72 129
83 15
103 17
133 126
51 141
104 141
56 1
7 25
78 61
53 127
117 74
132 16
11 44
3 113
4 131
145 1
2 115
107 12
108 45
69 48
37 136
13 36
126 145
7 21
9 40
121 46
146 38
115 84
23 42
121 89
4 81
28 118
9 80
144 137
23 80
47 137
68 75
122 99
92 95
51 39
35 118
4 20
6 85
71 127
148 105
139 142
13 112
143 30
102 138
98 115
25 90
2 58
35 125
14 39
70 5
32 109
7 67
42 44
32 53
102 108
36 38
120 150
149 84
4 13
67 150
136 72
2 149
112 5
35 67
10 84
144 8
53 149
55 30
42 118
144 28
7 30
145 105
66 53
23 107
132 141
103 117
107 39
79 115
149 91
114 85
136 48
98 49
68 14
21 141
56 111
14 28
121 53
137 91
43 61
67 46
145 111
78 148
128 57
148 27
14 20
49 84
81 88
76 118
35 115
43 31
74 141
10 122
120 79
26 139
52 24
43 52
117 115
104 90
71 25
140 73
143 108
57 105
14 114
55 91
59 46
55 108
136 36
63 150
70 18
25 145
27 19
75 109
55 20
141 52
13 6
9 149
7 53
119 54
37 12
112 62
75 50
124 1
54 81
130 142
145 46
100 112
46 45
124 44
7 125
92 61
125 96
119 76
122 73
57 30
123 141
116 82
148 24
94 18
16 19
135 111
139 141
109 138
132 116
80 19
51 20
25 76
58 74
60 12
126 97
68 3
35 76
56 138
117 110
15 1
97 85
53 104
25 108
50 48
49 141
75 103
34 72
32 122
5 134
78 150
11 76
54 139
122 15
92 5
102 111
54 125
125 126
5 76
118 88
131 57
78 79
46 85
79 85
77 99
68 110
125 93
28 36
34 21
62 139
14 49
43 22
25 91
117 8
59 141
113 38
97 73
98 117
146 46
28 5
146 45
47 55
69 65
116 146
61 20
107 115
34 12
122 79
25 118
75 2
35 57
13 97
80 82
32 149
75 77
109 56
37 141
10 121
25 102
93 18
71 62
86 87
2 57
77 95
61 27
120 56
81 39
62 52
66 88
87 70
86 129
58 97
100 149
121 127
80 65
35 81
10 67
26 54
121 52
78 21
10 146
132 13
59 134
147 2
17 79
91 52
37 40
77 45
55 42
148 21
56 127
119 72
89 143
31 96
80 95
23 90
25 120
40 57
32 93
59 95
51 82
119 52
99 76
67 127
119 33
58 96
50 149
47 94
59 73
8 150
148 111
63 48
132 138
108 44
100 18
9 91
46 1
136 80
2 101
2 142
63 13
23 143
102 114
59 138
44 18
83 46
23 130
132 103
7 28
108 111
91 24
21 96
2 30
121 17
53 24
34 150
137 79
133 42
121 72
109 73
53 58
107 149
71 68
67 115
145 56
83 117
80 144
121 97
148 93
81 74
145 90
87 82
72 138
137 19
125 72
137 96
76 127
11 118
133 79
26 85
34 15
133 146
69 30
9 98
146 131
132 87
61 36
60 1
47 9
148 70
129 115
86 126
78 76
70 111
119 34
77 70
50 130
112 82
27 33
26 132
37 120
145 73
140 29
146 82
86 40
13 34
34 39
145 134
117 97
37 28
149 45
143 76
50 2
130 95
47 116
93 127
91 12
83 70
125 110
26 2
140 115
69 16
72 84
80 30
5 22
126 49
32 20
104 19
2 96
62 24
63 139
67 36
87 20
26 66
87 45
54 58
42 96
61 94
148 48
139 45
35 149
123 111
16 15
41 46
10 30
135 52
27 95
103 12
146 149
60 69
134 73
118 20
83 108
123 146
86 39
110 57
102 5
78 130
150 20
106 134
29 27
27 59
37 72
76 41
128 33
75 131
7 36
78 120
62 64
124 91
60 50
61 21
139 15
37 53
65 21
78 96
128 98
34 40
15 52
117 18
8 115
101 11
16 113
69 144
99 16
92 66
142 118
55 117
148 60
3 39
109 107
81 36
148 99
7 35
77 140
131 49
74 115
71 72
35 121
34 33
116 51
64 65
119 125
114 141
3 18
128 120
136 25
59 51
142 38
25 75
126 131
83 28
51 138
35 138
99 95
63 99
144 107
133 99
32 91
2 89
60 28
140 101
36 79
140 11
63 69
14 11
137 8
25 56
66 118
79 105
42 106
123 12
119 15
66 90
121 24
37 146
89 88
26 34
116 58
74 52
101 110
121 80
75 104
70 76
2 20
99 24
86 111
26 130
97 141
62 70
27 48
14 5
34 146
87 149
97 22
113 79
63 97
57 1
60 115
118 6
35 110
116 110
147 139
135 19
109 113
80 11
104 82
98 59
56 24
110 8
124 107
87 85
126 44
35 45
71 105
99 11
54 19
87 138
30 1
32 49
113 52
133 140
26 112
26 50
80 20
59 39
88 111
104 41
60 145
98 137
135 29
129 33
104 38
8 142
64 84
54 30
29 59
8 38
116 113
71 92
26 3
98 22
43 68
83 115
97 127
119 113
117 41
55 141
89 94
87 73
146 27
66 144
19 22
136 95
116 11
42 113
11 106
107 51
9 41
135 115
92 77
81 40
132 113
15 12
131 20
73 45
147 74
137 28
83 2
144 79
37 14
50 103
132 75
2 134
11 79
131 91
7 122
2 11
77 27
9 2
121 93
3 5
72 30
29 134
98 146
75 73
53 85
136 108
74 139
119 10
27 138
66 30
64 56
26 124
10 50
2 18
104 96
48 11
144 27
7 112
101 141
56 139
13 95
14 124
122 21
54 108
83 131
80 16
13 87
47 34
128 80
81 64
59 96
62 5
31 20
121 149
23 103
34 112
140 79
34 144
86 27
9 85
136 146
14 36
63 2
7 10
140 145
47 40
113 76
42 72
61 76
19 73
98 79
59 108
147 137
9 99
10 82
51 79
34 145
148 116
128 108
54 53
121 110
126 149
102 17
81 67
54 83
63 135
124 83
70 82
114 44
139 88
69 141
35 27
131 108
60 79
58 45
97 142
23 7
110 105
101 61
27 141
2 131
129 79
42 127
78 122
9 73
101 85
56 22
83 127
2 15
3 17
122 134
42 111
71 103
126 87
92 27
132 49
3 61
64 18
138 73
122 72
58 95
100 90
101 96
53 118
29 106
58 76
133 73
59 94
17 20
145 18
27 88
115 30
12 73
96 91
55 66
121 1
14 60
104 106
9 1
100 53
92 34
83 129
131 27
43 54
71 31
40 45
131 38
3 36
31 15
59 1
140 118
103 33
76 91
43 9
31 141
140 105
136 141
42 79
147 56
3 27
14 22
89 18
86 65
74 11
17 142
69 91
102 11
61 79
26 95
75 100
23 112
37 138
63 60
2 99
4 103
26 9
55 27
136 62
14 81
69 99
101 139
89 101
26 13
98 56
132 22
35 42
19 18
75 149
80 57
130 44
15 44
77 20
126 129
26 108
14 87
60 134
128 124
4 70
45 85
84 134
3 93
116 45
130 17
83 11
86 19
86 112
139 111
119 137
33 115
142 20
122 30
93 106
98 106
139 51
123 69
140 8
86 70
128 65
71 6
54 49
112 94
2 107
86 15
10 111
100 122
14 138
75 5
122 58
7 118
86 96
67 33
86 69
60 110
64 88
83 52
76 73
7 82
100 77
22 52
54 67
6 30
55 123
119 131
32 39
130 62
121 22
95 18
16 33
116 138
54 120
149 129
43 30
59 84
11 57
35 142
4 45
49 138
148 137
101 111
110 142
123 62
110 5
67 19
50 88
102 134
74 112
31 139
122 109
92 114
54 110
23 51
48 41
118 73
40 91
140 109
100 129
9 117
31 62
136 6
126 70
128 23
82 73
54 18
139 18
93 1
47 42
62 1
86 28
148 88
54 40
21 24
105 91
21 33
28 49
137 33
119 133
135 120
125 57
143 88
128 89
149 108
140 82
47 147
27 99
58 85
140 87
148 147
74 82
31 107
50 1
121 150
4 27
128 149
130 15
89 73
132 150
13 49
72 150
47 82
50 58
98 76
14 66
19 8
37 24
23 122
55 88
32 150
64 141
130 93
42 91
92 106
72 87
72 39
129 141
102 18
22 39
139 118
35 85
103 65
136 4
70 20
7 72
54 37
132 48
2 97
80 6
60 142
80 118
76 134
125 131
147 70
71 140
143 111
140 5
77 101
133 34
60 18
55 118
26 14
18 73
148 114
123 79
121 18
72 143
132 88
108 18
70 33
50 117
82 44
77 106
146 22
23 54
28 41
76 39
77 12
146 141
109 48
115 73
7 77
62 48
72 11
70 129
58 36
32 127
120 2
93 65
15 73
19 84
146 112
126 134
40 142
71 95
54 149
61 72
120 18
71 110
122 48
28 107
137 73
95 84
10 104
99 65
17 36
137 76
130 150
99 105
103 21
30 134
66 86
131 142
95 118
43 86
120 39
65 106
32 116
43 111
79 21
14 147
90 115
148 45
84 111
53 2
104 65
121 115
122 141
132 105
68 125
68 91
2 139
97 52
112 52
129 96
117 130
34 98
42 40
113 96
83 122
104 56
125 106
5 138
32 59
131 56
140 110
60 57
58 18
9 116
131 73
74 85
107 45
47 59
60 16
41 6
13 1
114 22
66 44
139 79
139 41
14 106
40 96
119 35
48 46
87 11
4 35
50 122
10 144
32 131
37 79
129 15
144 76
63 22
17 127
117 27
120 44
147 104
27 18
132 137
62 110
48 139
2 109
19 118
118 45
32 84
129 91
126 20
146 138
23 3
78 84
59 82
23 8
55 80
67 12
137 56
75 56
58 39
34 86
128 7
23 114
58 91
23 57
25 138
136 58
99 70
120 95
127 44
96 45
13 81
32 73
3 90
135 117
31 135
119 50
55 83
123 101
26 122
65 44
27 90
108 106
98 16
106 41
124 150
132 14
16 49
65 22
60 144
133 1
55 81
9 92
133 11
123 41
15 46
62 141
147 52
23 85
4 2
40 16
78 118
70 79
129 118
101 36
136 9
25 67
132 9
83 61
55 84
60 19
105 20
17 59
36 41
37 92
8 41
100 99
111 115
70 39
113 149
54 24
29 127
26 134
54 124
34 118
124 103
60 111
41 105
78 15
32 103
75 125
99 18
58 144
137 46
40 149
17 8
4 8
100 22
75 129
140 65
64 97
71 79
58 93
100 15
132 34
54 138
146 30
35 98
50 93
98 58
80 45
119 104
144 143
80 21
63 125
4 46
37 27
83 145
86 58
31 57
133 103
53 87
147 117
132 104
107 139
12 18
74 65
49 73
23 71
19 12
144 139
132 99
81 94
74 20
64 59
113 129
109 85
69 70
128 147
97 57
13 109
66 117
102 110
128 42
79 44
11 90
140 62
16 106
82 30
125 84
102 87
80 113
58 139
35 120
103 27
35 51
32 67
80 76
34 61
35 127
22 115
142 111
67 17
54 145
48 56
4 72
113 30
120 8
50 44
68 45
76 22
83 33
80 51
38 52
51 76
71 84
8 46
42 64
124 6
107 138
133 30
121 30
71 36
86 18
149 5
133 21
29 97
131 17
120 21
145 143
34 41
36 76
48 142
84 105
114 65
69 12
67 143
97 20
119 98
34 137
81 91
49 44
97 18
114 28
136 105
88 46
49 90
9 20
92 143
31 5
128 27
17 11
40 41
2 21
43 12
148 73
65 82
103 95
46 91
95 138
121 15
126 106
121 57
27 16
83 3
72 28
132 96
53 114
131 134
132 50
76 88
40 1
117 88
26 39
86 131
39 24
104 36
80 8
94 85
26 19
148 30
75 134
77 86
68 17
112 8
144 18
130 74
61 46
77 51
86 99
116 145
75 16
116 5
47 77
25 115
72 104
127 24
101 56
9 76
81 3
58 79
9 87
45 18
37 98
128 125
40 138
75 123
46 33
110 106
66 108
81 70
9 77
43 80
113 91
119 29
83 58
109 11
60 8
123 44
83 73
6 45
26 81
81 46
36 149
92 39
19 44
108 41
2 24
101 17
124 140
14 78
129 76
144 138
3 65
100 17
65 84
23 4
128 3
90 85
67 142
17 91
9 18
32 79
68 105
47 69
75 141
64 22
71 144
23 88
47 99
16 22
107 82
27 41
95 110
116 27
32 70
100 127
78 64
48 149
13 45
95 38
43 64
56 91
32 113
130 87
128 53
146 145
99 85
58 109
118 18
47 109
31 40
71 88
125 38
74 19
150 73
43 122
9 139
147 89
139 115
147 48
10 61
37 131
75 145
50 95
133 56
27 73
53 51
81 56
120 16
19 46
139 84
19 39
87 65
6 44
37 36
48 141
116 104
102 96
52 85
71 114
136 94
144 16
126 38
53 96
133 102
28 57
50 101
148 28
41 142
63 141
78 123
60 45
109 30
142 115
118 127
130 105
50 22
68 137
74 84
3 8
42 123
27 62
135 38
55 134
123 24
86 84
112 91
97 106
126 138
7 96
95 46
81 1
43 132
60 59
87 76
29 74
13 83
28 11
93 97
10 70
62 96
125 139
81 30
26 58
89 30
62 118
140 138
55 149
47 131
121 82
7 132
126 19
146 113
13 24
70 1
133 115
113 41
110 76
128 104
107 20
116 95
2 17
125 116
119 111
81 65
65 150
98 130
122 87
129 30
62 94
13 113
58 115
16 8
27 28
60 108
67 56
41 84
31 28
55 10
98 104
69 85
4 143
71 18
92 127
137 41
82 6
28 64
106 90
83 27
116 93
37 118
51 38
29 145
71 55
7 22
26 45
10 120
102 116
43 141
109 91
13 148
124 86
41 91
13 46
130 109
14 45
77 93
117 146
126 111
23 77
66 49
136 99
25 57
126 107
32 115
62 30
37 60
60 6
120 118
34 134
102 56
9 33
143 112
34 94
58 19
53 129
103 57
11 8
14 125
63 9
128 121
147 67
128 39
32 126
117 1
122 101
119 5
100 46
148 135
122 27
139 85
147 113
19 36
7 63
51 105
10 143
2 113
2 16
95 141
63 130
126 141
136 124
43 149
10 106
47 6
35 60
87 6
142 33
3 76
71 131
68 48
81 96
43 109
35 96
113 127
62 45
79 12
132 20
40 117
94 15
9 141
140 28
121 122
142 88
47 91
63 65
50 131
7 80
71 28
63 81
37 41
31 50
7 108
119 108
120 145
93 21
86 8
37 77
112 22
148 41
119 145
42 52
19 1
27 118
148 122
117 12
103 86
55 147
70 73
54 47
65 79
141 96
79 88
42 33
34 70
14 59
80 58
114 110
145 5
62 38
50 146
42 48
16 108
136 10
51 49
143 8
143 99
42 61
119 51
7 114
128 90
100 8
132 114
62 105
114 38
103 46
68 12
48 8
53 150
71 89
40 30
119 44
117 134
112 33
136 143
68 109
23 102
58 11
54 75
72 6
128 148
146 107
69 27
50 41
121 131
143 11
60 11
144 36
4 40
9 16
62 149
75 61
128 96
50 99
129 45
147 53
14 117
93 45
49 46
108 96
34 109
147 15
74 48
83 17
149 95
31 131
121 109
86 20
103 18
23 38
3 30
139 6
37 20
48 79
131 88
86 110
58 57
112 111
72 8
104 5
128 122
97 105
31 33
21 44
53 122
132 3
36 108
65 127
48 1
66 87
135 58
52 18
133 32
15 141
32 143
37 94
37 64
60 41
6 91
59 22
29 70
133 4
42 28
10 125
56 30
142 84
37 105
48 22
65 110
117 91
143 33
4 112
112 48
14 84
135 17
34 17
136 44
57 115
40 15
107 111
132 95
68 131
42 108
100 106
44 52
41 24
83 82
86 130
19 107
75 3
35 83
80 137
21 138
48 5
143 109
109 70
95 105
136 83
131 33
49 15
78 101
19 82
47 75
61 64
43 117
34 48
68 49
111 105
34 6
31 6
66 57
136 114
102 118
17 51
99 52
147 131
27 15
82 91
74 138
60 67
124 115
35 131
9 11
112 96
107 57
95 79
115 24
136 60
147 40
47 93
43 5
28 149
128 99
13 134
114 82
143 15
67 79
147 22
67 110
28 12
2 84
137 51
35 111
81 146
19 96
47 89
81 15
37 97
114 73
13 110
119 121
92 139
101 27
102 33
19 113
114 72
147 16
107 6
93 64
123 19
31 25
26 73
109 127
41 30
61 56
68 60
128 141
43 28
68 84
78 32
10 11
130 107
71 102
135 5
63 138
150 85
120 77
133 22
7 11
112 110
72 12
26 126
47 122
13 96
48 96
55 67
77 69
60 106
126 99
21 90
136 19
148 39
39 18
10 140
80 1
104 1
135 73
43 14
126 24
83 140
66 142
146 115
109 139
25 12
62 39
89 20
144 15
37 45
140 39
32 95
71 136
31 95
22 6
37 51
63 76
54 77
116 74
136 109
60 98
95 12
38 82
17 62
125 118
32 139
108 142
69 76
133 29
69 143
125 11
124 65
68 41
100 91
135 94
59 20
7 56
81 123
121 39
128 107
104 64
98 91
68 10
53 48
73 30
96 118
22 57
149 115
98 109
50 134
149 134
31 105
50 24
10 76
54 12
61 17
56 141
128 143
123 98
72 110
29 24
102 76
139 52
148 36
132 51
54 94
42 88
89 138
34 111
23 20
131 106
66 141
49 18
107 95
23 116
40 130
83 107
67 88
145 127
26 6
143 110
3 44
86 115
95 45
128 64
31 82
26 144
128 47
83 96
3 73
125 94
86 117
122 41
68 143
136 39
36 91
132 32
71 142
4 124
51 22
48 84
20 85
64 36
43 62
145 142
61 57
63 39
93 5
36 62
68 11
4 38
135 84
121 141
54 6
27 1
75 29
133 85
70 127
102 83
31 67
135 10
92 88
94 8
116 52
99 109
66 137
136 2
34 58
62 20
47 52
35 141
119 80
74 113
102 15
87 56
108 5
147 130
110 108
82 88
31 45
51 142
146 137
77 28
47 83
75 138
93 49
56 85
67 6
48 94
7 40
146 129
13 99
133 147
145 22
96 22
66 33
55 111
20 30
11 41
141 105
35 95
44 138
4 120
69 3
69 1
136 70
101 126
148 5
7 124
4 101
14 51
102 70
92 1
71 115
77 42
16 11
49 22
29 45
75 72
84 138
71 90
4 122
4 141
32 64
93 138
54 91
39 150
140 30
66 106
77 103
148 62
70 134
69 104
48 57
55 39
92 64
10 86
142 90
22 84
7 58
7 92
104 76
83 143
92 93
14 93
71 30
135 70
58 87
32 62
125 109
87 41
117 101
92 49
37 117
65 49
62 111
68 73
132 35
83 22
79 18
60 107
32 137
19 70
100 64
139 105
42 73
47 106
47 2
69 67
132 93
13 77
78 73
38 134
78 45
99 46
125 15
48 21
133 81
136 12
10 52
71 3
74 76
76 33
140 51
26 77
36 46
27 64
7 41
100 58
25 8
14 35
42 94
130 141
14 58
14 70
75 117
129 90
75 22
139 97
69 98
137 64
103 99
9 25
2 126
64 41
36 22
25 81
78 33
135 129
87 44
42 45
107 96
107 64
19 94
145 72
136 8
80 86
3 108
97 15
27 97
62 138
4 93
132 25
128 34
116 126
67 89
31 101
148 20
7 130
3 105
107 46
116 40
133 131
69 72
56 97
13 35
39 1
119 94
98 129
93 46
58 149
55 120
135 149
96 88
123 118
119 107
89 85
35 105
9 19
9 106
65 30
65 15
27 114
7 16
45 24
55 101
136 127
4 135
121 105
31 123
26 113
66 3
66 146
102 115
16 46
119 116
6 138
113 111
56 142
130 33
54 140
55 129
17 46
148 67
69 138
66 76
77 150
146 76
50 105
123 46
3 94
38 22
100 130
29 146
23 15
50 89
121 90
47 39
104 110
68 61
42 27
50 127
47 17
63 98
62 84
5 82
117 93
75 122
89 5
117 56
125 145
55 124
26 8
119 4
110 21
9 10
59 88
103 98
128 117
117 16
36 139
84 46
70 85
114 112
50 150
143 73
69 24
72 91
136 31
59 79
124 45
53 46
32 42
23 97
78 134
3 51
35 117
123 17
136 100
86 36
120 116
86 89
124 81
113 118
17 111
98 39
89 150
98 72
132 28
128 62
15 33
63 74
