InstanceID
9_200_4
NumObjects
200
NumFactors
4
Weights
70.7078470753738
26.533048106447566
25.822142960573903
21.994823391614737
86.09728015640047
80.80176066478995
71.63428319926987
25.773048595678173
80.3154324823442
54.15885004417991
68.1360272089805
96.69484362033687
93.9267836726982
8.372051019922043
40.463274115638505
31.55749186082506
71.99939604273189
6.473081681595683
59.09858610818961
83.63161418511054
77.37848847529266
86.2878249676151
95.83463464114949
8.288865756209574
19.112584576538506
22.835878135172962
94.15823699466839
57.61993188884254
29.4906781390309
88.15940772334112
82.82532382119408
77.30295616629772
70.66282800090862
19.967996124821454
83.30452819119027
60.62607907692363
49.29754511770257
27.986773047802526
5.765229346325662
58.14352311613917
73.56796140454725
28.488541701604262
64.7321450724883
46.55989326050833
28.98366528189151
53.30811746258628
49.30070491478573
21.756460653839362
61.755361726366445
65.25206188673202
83.54763902051288
51.59549633771263
47.075100199452535
91.59125890980076
30.15323161837882
26.739170550417278
7.840653832936617
48.29839073910445
52.946271951126754
29.266916146013887
16.49683059709801
78.3624648124795
32.24338365469481
55.377183618190685
47.411595999842724
60.22066810856819
51.40820580225949
44.20997531521391
18.097887894234965
63.28143092624925
52.92165986959314
62.853274060622375
4.255792140406656
40.13276411702229
94.19282932365434
93.17898788364063
70.17960946148332
45.87721755500731
44.75381338583706
53.040529963348824
21.22537358804266
89.54938527240404
98.39589031356087
41.919730303171264
33.26676805739317
69.11273630963652
2.6241365803854944
46.49509738504713
99.07698454716684
15.166689917378772
34.50975115180257
53.33822402385131
75.39503905451038
9.322599123267494
26.255613077795115
12.889482223145542
91.85718856400756
58.981143071469155
5.219432907348298
37.18479532878256
43.56944494162747
35.03956741832266
76.57274754011571
12.052468382584113
29.203845939102703
62.65610684874805
94.87314994905944
92.51689300087908
77.71798898320752
80.13648933906279
38.5151999284679
93.16997138776897
40.10954468633001
74.46018435155726
83.21752577530202
59.336972325946725
97.20623529888954
46.95157126854348
64.72864796752422
61.73679743212202
87.75570279294398
97.6383353243966
43.165775562955375
67.11370705138017
43.135266934188806
64.68988018243141
15.83671668771749
67.35294581207354
41.52219869417235
83.60430049333583
94.52258043511237
42.91820635865054
43.45084360093323
97.550625372133
70.01891289959458
26.836440065732003
1.2402074556000953
9.505561452232204
91.40561671942538
93.86175904830007
51.95926225438896
59.334965700397916
18.68514327148676
65.77135207302464
18.157090585785298
76.37893226564691
78.17335283502487
16.395370527656006
48.06241045970181
7.688970585648125
54.08826855112987
49.73232860429708
21.302436644538837
89.51606438343282
98.17106543734273
98.8280712746814
11.917138532718807
8.002640858817411
20.548915504094744
57.650820184890385
72.00239585216008
83.562735591164
65.44932973611542
50.76706173718837
18.46007815975783
87.0523599055236
53.17761392980049
41.03207197196106
66.72985330007538
60.278411495164555
87.49176582778493
45.552834621693684
69.92980542671627
33.07640301832817
6.255912775786454
21.060940308580122
9.592814641546642
65.28865839042484
50.47829123519807
73.02126160632571
21.031170439736947
17.635378605949413
30.525653154611774
6.7539659561351995
49.99909532186655
77.86062885827052
5.902643364320337
71.35568310251263
18.50331121412534
11.623768772349807
36.91358646552116
84.52427248346099
75.36265195468827
40.13618456911179
84.65391275989562
22.493613616852603
56.50338681594658
12.488719182248564
42.75753598575509
77.79376470147388
Budget
5217.311625279795
Profits
-14.14156941507476
-5.306609621289513
-5.16442859211478
-4.3989646783229475
-17.219456031280096
-16.16035213295799
-14.326856639853975
-5.154609719135634
-16.06308649646884
-10.831770008835981
-13.627205441796098
-19.338968724067374
-18.78535673453964
-1.6744102039844087
-8.0926548231277
-6.311498372165012
-14.399879208546377
-1.2946163363191365
-11.819717221637921
-16.726322837022106
-15.475697695058532
-17.25756499352302
-19.1669269282299
-1.657773151241915
-3.822516915307701
-4.567175627034592
-18.831647398933676
-11.523986377768507
-5.89813562780618
-17.631881544668225
-16.565064764238816
-15.460591233259544
-14.132565600181724
-3.993599224964291
-16.660905638238056
-12.125215815384726
-9.859509023540515
-5.597354609560505
-1.1530458692651324
-11.628704623227835
-14.713592280909449
-5.697708340320853
-12.946429014497658
-9.311978652101667
-5.796733056378303
-10.661623492517256
-9.860140982957146
-4.351292130767872
-12.35107234527329
-13.050412377346404
-16.709527804102574
-10.319099267542526
-9.415020039890507
-18.31825178196015
-6.0306463236757635
-5.347834110083456
-1.5681307665873234
-9.65967814782089
-10.589254390225351
-5.853383229202778
-3.2993661194196022
-15.6724929624959
-6.448676730938962
-11.075436723638138
-9.482319199968545
-12.044133621713637
-10.281641160451898
-8.841995063042782
-3.619577578846993
-12.65628618524985
-10.584331973918628
-12.570654812124475
-0.8511584280813311
-8.026552823404458
-18.838565864730867
-18.635797576728127
-14.035921892296665
-9.175443511001463
-8.950762677167413
-10.608105992669765
-4.245074717608532
-17.90987705448081
-19.679178062712175
-8.383946060634253
-6.653353611478634
-13.822547261927303
-0.5248273160770989
-9.299019477009427
-19.815396909433368
-3.0333379834757546
-6.901950230360514
-10.667644804770262
-15.079007810902075
-1.8645198246534989
-5.251122615559023
-2.5778964446291086
-18.371437712801512
-11.796228614293831
-1.0438865814696596
-7.436959065756513
-8.713888988325493
-7.007913483664533
-15.314549508023143
-2.410493676516823
-5.84076918782054
-12.53122136974961
-18.974629989811888
-18.503378600175814
-15.543597796641503
-16.027297867812557
-7.7030399856935805
-18.633994277553793
-8.021908937266002
-14.892036870311452
-16.643505155060403
-11.867394465189346
-19.441247059777908
-9.390314253708697
-12.945729593504845
-12.347359486424404
-17.551140558588795
-19.52766706487932
-8.633155112591075
-13.422741410276036
-8.627053386837762
-12.937976036486281
-3.167343337543498
-13.470589162414708
-8.304439738834471
-16.720860098667167
-18.904516087022476
-8.583641271730107
-8.690168720186646
-19.5101250744266
-14.003782579918916
-5.367288013146401
-0.24804149112001905
-1.9011122904464408
-18.281123343885078
-18.772351809660016
-10.391852450877792
-11.866993140079583
-3.737028654297352
-13.154270414604929
-3.6314181171570596
-15.275786453129381
-15.634670567004974
-3.279074105531201
-9.612482091940361
-1.537794117129625
-10.817653710225974
-9.946465720859416
-4.260487328907767
-17.903212876686563
-19.634213087468545
-19.76561425493628
-2.3834277065437615
-1.6005281717634823
-4.109783100818949
-11.530164036978077
-14.400479170432016
-16.7125471182328
-13.089865947223084
-10.153412347437675
-3.6920156319515662
-17.41047198110472
-10.635522785960099
-8.206414394392212
-13.345970660015075
-12.055682299032911
-17.498353165556985
-9.110566924338737
-13.985961085343254
-6.615280603665634
-1.2511825551572908
-4.212188061716025
-1.9185629283093284
-13.057731678084968
-10.095658247039614
-14.604252321265141
-4.206234087947389
-3.5270757211898824
-6.105130630922355
-1.35079319122704
-9.999819064373309
-15.572125771654104
-1.1805286728640674
-14.271136620502526
-3.700662242825068
-2.3247537544699615
-7.382717293104233
-16.9048544966922
-15.072530390937654
-8.027236913822358
-16.930782551979124
-4.498722723370521
-11.300677363189315
-2.497743836449713
-8.551507197151018
-15.558752940294776
FactorLoading
0.3361762188109543	0.23915557195649306	0.12819601038691686	0.2964721988456358
-0.4336602593534742	-0.12247029918802643	0.014254542242488455	-0.4296148992160109
0.5746781702830108	-0.08155941446970338	-0.3011211636358315	0.04264125161145427
0.5360378580062808	-0.04580279414713373	0.24708497102429972	-0.17107437682228577
0.10741177834262983	0.3200527213334172	0.2880996588498379	0.28443584147411505
-0.25921256258285585	0.08084828022845114	-0.5957219132628013	0.06421724392589168
-0.31247785098175473	0.22136939471186734	-0.38265069170442123	-0.0835020626019567
0.04860770801693537	-0.42518487852915143	-0.440520573436779	-0.08568684001713422
-0.5016663631407037	-0.0730341458047794	0.23082004531295586	-0.19447944574156106
0.07119031146852173	0.7638376777697846	-0.10331489620703183	-0.06165711455466183
-0.39732415747735517	-0.030292794929625	-0.2722602255790454	0.30012282201397444
-0.5156110647141523	-0.18608467086433422	-0.14412948769619027	-0.1541747767253232
0.584768265292785	0.328847535825161	-0.08267676012950576	-0.0037074387525481978
-0.5189263918939018	-0.006566137859705057	-0.23102934704127032	0.24347812320512285
0.06996929717371758	-0.574791420691348	-0.23721027184263388	0.1180290102923005
0.4651261006922143	-0.2381058905074902	-0.07190580222839627	-0.22486220657189926
0.15247588703403792	-0.1465427463975546	0.08412881022589502	0.6168525563425125
0.09597499704667367	0.2592346152115661	-0.018349466265790593	0.6264409214759696
-0.3101753894078041	-0.0790491266586828	0.4493081593422903	-0.16146732459122282
0.6139711060147228	0.06976236405632918	-0.10990831357455888	-0.2063582163543891
0.45580003922054924	-0.245042773628656	-0.08499514861328672	0.21416203853750804
-0.2009999272893359	-0.2524996103610375	-0.09761346385973169	0.4488869984898949
0.5644385303527548	-0.13546470116949738	0.2520035164791581	0.048093251998589714
-0.343219793197197	-0.01701879031064868	-0.29162387019584823	0.3481375462963061
-0.20674840381163806	-0.20948686758313362	0.21880085716567277	0.36496387143955555
-0.6283369202049858	0.19230235739564505	0.16094642231868939	-0.01841430008067979
-0.20846363560968073	-0.21807202003883486	0.3326845643565779	-0.24077977999490652
-0.2984829596772982	0.17194116569579987	0.3099238342879995	-0.2196520403389024
0.34104868688120415	-0.005943410879684974	-0.13406923691172556	0.5189386653273853
-0.12054752333132557	0.09392550583783232	-0.15521709061990108	0.630309880210941
0.3754135157131524	0.12321680469557528	-0.09490682237309245	0.4064628572181799
0.2820985813271275	-0.03832985534521649	-0.3040776770717528	0.3754938862559032
-0.07713744766638397	0.0972361524159735	-0.19759502692641662	0.6280313729912259
-0.12045419095884724	-0.26891446012619125	-0.37659147185591135	-0.23403987705905016
-0.18823717909642945	0.357959456135754	0.24932072049151088	0.2044826442763057
-0.49072190755638	0.04279874764798097	-0.3506552126332865	0.11582413216235254
-0.09078683074302751	0.3159433245490433	0.08520538518070242	0.5080644595272268
-0.6533278759424233	-0.2112515281740277	-0.060497229469217206	0.07492336641433184
-0.05114078786576126	-0.18282544327987682	-0.7636364764236654	-0.0023972924306965293
0.2504666766989516	-0.17525906007199343	-0.48532797619438783	-0.08894628703466712
0.24315595114366273	-0.39939542715906295	-0.21357108264186242	-0.1438775390554119
-0.023239840493309183	-0.5069113845766051	0.19474176161418333	0.27510701331590237
-0.24340957737293656	-0.041307285903788626	0.647523899871711	0.06775923685156382
0.023461376342301277	0.40714939216232926	0.5565596057076247	0.012829625787744714
0.4955684608641757	-0.31923122638649937	-0.09298153735844661	-0.0922187753908783
-0.018453861594086574	-0.19103589227741824	-0.2691119695195905	-0.5213982766089047
0.5582422247158652	0.3446253145615734	0.0342581894550269	0.06287427126753453
-0.1924829615831829	0.05011631913365866	0.4803713095672455	-0.27702940971591294
-0.5360420153430296	0.07114733468609402	-0.22743433602891172	0.16537631394196461
-0.24292338899594412	0.12458116468418434	0.3138397336255392	0.31865571269433235
0.22754598085748268	-0.3988159265754989	-0.30129243631531755	0.07234565625170086
-0.530835319959378	0.21224615354815857	0.15435254202230708	0.1025659844701563
0.07752546475053435	-0.09756288887209807	-0.43175921802527295	0.39315242835209463
-0.425310871501416	-0.18951072482178577	-0.3296780183203716	-0.05550038535642665
-0.017779312699209626	0.2857527245920586	0.47755928424668337	0.21890867846204842
0.07004777129453932	-0.19207791614050906	-0.2380677175061554	-0.4998065950587962
0.29814066005969475	-0.5221462990879067	0.14442778377742016	-0.03528525707497843
0.4176106329191729	0.2309309137690263	-0.051742011968994195	-0.2997164413428066
0.46291850074739016	-0.1580779140338191	0.07578808694521455	-0.3032154982735762
0.09375675233814906	0.6543634964502609	0.18459623870465292	0.0672835125069371
-0.007108317067018088	-0.1773451509846855	-0.5522818640306537	-0.2632646679176427
0.14637651708852073	-0.45418907622199467	0.14497617321584122	-0.2544582334736434
-0.5862294069316678	0.22375267726010284	0.08141933887274821	0.10859857693548114
0.11086247859796328	-0.35915115467910264	0.2945984984848302	0.23538786823810387
0.07784080080850253	-0.2032289363247506	-0.02854771581955795	-0.6903825470471889
0.08507613882875442	0.20777238977276946	0.6674508008520861	0.03970067054639004
0.03877278339151613	0.13757679914062826	-0.015686579449983418	-0.8079638380178722
-0.43735022402044943	0.10154420421272858	0.3308884193910564	-0.1302171523757656
-0.14579516576199114	0.036304842208584764	-0.501667807544796	0.3162321844846281
0.4443234074354918	0.3428635284304635	0.07037607102631904	-0.14243699310772562
0.010474964866770131	-0.2681895430628265	0.5824673404713385	-0.13886815159906485
-0.259578557161525	0.019062007589013552	0.24689395959344895	-0.4744654756560125
0.04945682945281282	-0.13844742907407404	0.7988908128068457	-0.013204928666267435
0.242553298787479	-0.009226291619315985	0.6022306106253432	0.1459897989678618
0.15097376273476426	-0.19940888497937403	0.17598623168510774	0.47363112060075396
0.5322120733043045	-0.26005157538218815	-0.033680191066920884	0.17405616024658643
0.3617529873466756	0.07440657811482132	0.09425803199901495	0.46958240253948813
-0.23221700094826625	-0.1737899084527843	0.46265796999915	-0.13133512059979946
-0.05090542786973007	-0.1191186199258758	0.723878283649459	0.10609766855493508
0.49846071752377896	0.08405953822674461	-0.07559141434806382	-0.3418883299014126
-0.22747425387516618	0.42706461320338573	0.20058779889406297	0.14487333402738511
0.5015418694366383	-0.04624712819977295	0.29347499429750545	-0.15873600806608335
-0.15719045281799704	0.3049555283392169	0.004156090195269302	-0.5336979286475168
-0.3535572899948791	-0.2650882298579662	0.18538086423810873	0.19597361590904594
-0.2511337992196059	0.27116556836828676	0.09894099527156541	0.37875963714054195
0.03335846538586784	-0.5897320896365581	0.08204426408117516	0.2948651808963989
-0.406399244348824	0.0686303383619038	0.3797707292984731	0.14519968799079908
0.5097118699178944	0.25281005984271476	-0.17951524365976823	0.057962826579622595
-0.08310484976405119	0.3497424990608269	-0.10706613111124019	0.46008652006388173
-0.1552833794218904	0.4250686076987462	-0.10160003123564643	0.31804798164371695
0.06430000565776517	-0.22802150822476297	0.13289144289558985	0.574787043221882
0.1254851160994166	0.3743854400707016	-0.48166836984396366	-0.01846107398591812
0.5445435102075598	0.17526076045905659	-0.23698807250745957	-0.04320765682592409
0.689965896497422	-0.047749696574927336	0.01755360479379031	-0.24473080213386034
0.20999752387771498	-0.35602343551835447	-0.19562916162077149	-0.23834987898315907
-0.8466722801832287	0.06376589763696217	-0.06977996438786449	0.019781857791944635
0.5999526451553503	-0.21598810038157468	-0.07159306614328065	-0.11246618831979438
0.27005233325339373	0.12859571079629983	-0.020634231963214678	0.5807177239870918
-0.12427877456305891	0.0612421261231304	-0.5498339080548347	-0.264645191258976
-0.10316900207870972	-0.03749073680094761	0.24874092812649962	-0.6105993329938431
0.29375646639130615	-0.20533751371936892	-0.4218232805053863	0.07908273938393862
-0.2826020387349648	-0.19459059854472738	-0.10754422353771464	0.41526313918259317
0.21129381026315452	0.3891406974671052	0.2569621423604618	-0.14260334990927848
-0.0286630034768931	0.4555279724462764	-0.27930495931648625	0.23650406476034425
0.19896175782066128	-0.1887453972235229	0.4100846998343237	-0.2022081451214921
0.5386222180912721	-0.4097978107928266	0.0005181796231230607	0.05106179149277823
0.19170389673860355	-0.009199942052793508	0.6982551128113041	-0.1008410483972988
0.08527571362433917	-0.23814980799359042	-0.394315470095121	0.2822590082869494
-0.1880535077746579	0.07149989754499586	-0.19458872709256814	-0.5458578675877781
0.22206983602822428	0.13880744117490385	-0.19668395991272725	-0.44243876288414463
0.357672165287235	-0.0682335759248327	-0.18676132371466614	-0.38733293507326616
-0.5180857760835249	0.2889894371257502	0.007881845569870372	0.18504294122085452
0.10063340286656053	0.03410065393987205	-0.3922971093242116	-0.47296883386935584
0.12449196338272261	-0.028375426521481728	-0.4859161612210241	0.36121644887477156
-0.508840462723388	0.409792606167122	-0.05810606055002854	0.023260870559461466
0.31459939139839443	-0.42501261707192306	0.0028090348533400533	-0.25757895667634245
0.5195228252997988	-0.4287137913997854	0.009693568805133168	0.04206981449528269
-0.014554729584179693	0.16111907112628399	-0.5184420320169361	-0.30588416727260026
0.4337689873224435	0.16577203830650156	-0.0904473681032687	0.31001160626778623
0.11964134152877448	-0.4398015101481765	0.40534061625740536	-0.03521653206564368
-0.36702322577564206	0.4062231320321896	0.0017895076268101828	-0.22496413456535813
0.28237931427506213	0.26749204597316867	-0.2981938552024159	-0.15193478454935327
-0.1990883227809337	-0.6601696953988017	0.05117028244708499	0.08957169937317966
-0.4950202386929361	-0.113139860988827	-0.30439740712113905	0.08744249319709785
-0.1428727864113104	0.17763095225244974	0.6461487117830775	0.033347549553162326
-0.6061606197733871	0.042188113039145936	-0.24837829853973492	0.10327296864773206
0.5906787109319975	-0.057693834058877735	-0.14138405008770927	-0.21024340492141547
-0.312375870322406	0.15920973014434514	-0.14860591822631886	-0.37980848130693
-0.20478522268725996	-0.5283878093358969	-0.09744329298840193	-0.1693836749884412
0.11490221564307324	0.31898871449508404	0.036203136317300766	0.529905933544542
0.08373676695920129	0.1356507930097841	-0.032336460474677864	0.7482759795563367
-0.04529327517923898	0.13341528646642242	0.13146943704425906	0.6898220013100795
0.03025375208408021	0.5010848694840917	0.16551520174858525	-0.30314617668324284
0.07717351031474662	0.3639734591223156	0.37485101073329896	0.18400201982963882
0.29033665058602653	-0.2352734838441568	0.08864015131052239	-0.3857497142592943
-0.06098270346520085	-0.2439606196360855	-0.6223879919954434	-0.07266868490327028
-0.28009196272580406	0.11659622430960548	-0.28600193158138376	-0.3173098813832067
0.09608824781705194	-0.4281172463212979	-0.2350805523427839	0.24071395351886626
0.3024716074645084	0.28610806039573733	-0.13924995294374698	-0.2721703791960073
0.22780228548342607	-0.29576768853549895	-0.12917414298037166	0.3472558830007033
-0.06677336976861481	0.05140101573916356	0.5223801771408232	-0.35944543735139844
0.05765215956677627	0.30549733778482646	0.16448534993186703	0.47236515271653023
-0.30371552021709225	0.06176349737677422	-0.2400646355343632	0.39445634687177034
-0.34192074104906145	-0.24215581855582058	0.18895455174891507	0.2269688886462029
0.21209733620684768	-0.3752428710017459	-0.41140084747113415	-0.0012589453202722645
-0.15534078105431437	0.5920560754446229	-0.12435040740844694	-0.12825273609261578
-0.28902732804878206	0.07714393155249044	0.18382810254102533	0.45000063785770217
0.18414918985962014	0.12996030108544754	0.27600075288635817	-0.40988975616857415
-0.6232658724472009	0.13042354965706004	-0.1815890096847792	0.06472156821095987
0.23039544066043316	-0.17499503437497044	-0.29485315148992153	0.2997563734746749
-0.48922393187197577	0.26825467474962483	-0.00027304416903084494	0.24224834920936855
0.5968192566025741	0.045273649076881695	-0.2963755852766319	-0.06153150904391236
0.008114834710219565	0.09545533467761635	-0.23820212834229437	-0.6582277022698697
-0.0684156731785186	-0.5182492409335724	-0.2682890772984159	0.14504600858949313
-0.22986716887803738	0.2670032918392553	0.24147301820594436	-0.26165652107676296
0.46373083883879596	-0.24724333222398442	-0.12040707307275911	0.1686187558644605
0.18741023455380312	-0.14547034999692454	-0.3746927130893647	-0.29242670235990764
-0.24039645053565395	0.06443365498830556	-0.2911093208224922	0.4040605736535483
-0.6815652129849112	-0.23906433584771314	-0.049090188076203356	0.030280263091172266
0.03179520477896358	-0.3328820776063137	-0.030325034911142135	0.6049976827035806
-0.16256560982060497	0.5127352190170431	0.31240529926494065	-0.012293871897411268
0.11688170460464065	0.4727659988927151	-0.122927493320097	-0.28742480318254726
-0.14829364708724868	-0.5530514976443883	-0.1721657332554254	0.1264891220129376
-0.02630567107426396	-0.1814593571355192	0.33866737490709076	-0.4535675968831261
-0.12597915179418306	-0.48087098559200836	-0.3315066623919447	-0.06164320022186387
0.3133109012570039	-0.3913504900450595	0.11155504868573463	-0.18378356001220197
-0.3029152437811786	-0.1039488131172952	0.2544322951061464	0.3387036479953798
0.11001745017481901	-0.6288414710496391	-0.18574272163915806	0.07539835713638388
0.07469469652019334	0.3162777068741327	0.15520047397282188	-0.4538271226328521
-0.05343294901573481	0.3758939498210516	-0.2977196054667173	-0.2729534956964963
0.2496952907622938	0.10051404124426955	0.08916318089696862	-0.560627487096468
0.13778814038508647	-0.1992787932485225	0.470606066577929	-0.19232699978846202
-0.04200785102753479	-0.7895582396962189	0.06093321720230693	0.10750069207393942
0.45206641445621787	-0.1073213489924647	-0.01569062243897723	-0.4249216141123402
-0.34098849657446073	-0.5604513351197344	-0.01645209117101576	0.08210807713478907
0.08940420938910965	0.3820517184989536	-0.45231330747270015	0.07623076463923661
-0.1272273076095085	0.5115199934073136	-0.21246843475794264	0.14878426422523527
0.24939732611483856	-0.014698304441594923	0.6992274973492048	-0.03667687209436177
-0.22338890471448503	-0.054509291993971365	-0.5430524496894211	-0.17904935360212249
-0.6602860864088265	0.17725388337495307	-0.019249117537720295	-0.14321091267850017
0.0009807517475310945	-0.39638712325072656	0.35779300161757255	-0.2448391233841698
0.3456946155496423	-0.24018768865430729	-0.3309398404899542	-0.08317785530609623
0.267912314389561	-0.3554738117419618	0.23597786162995393	0.1406360122385233
0.2445998000621188	-0.19840754032081254	0.008643466569940639	0.548349193047128
-0.09165760133508871	-0.15817346034963808	0.26271637608108045	-0.48745256223419275
-0.25008816562109915	-0.3060396788085531	0.36631011677218206	-0.0775620387981657
0.4537694853643557	0.1651416439152853	0.2900616464447241	0.09102722427563492
-0.117955069198874	0.1920166931351559	0.5512665839480526	-0.1387616537179175
-0.5479980135238272	0.06973034801520894	-0.1016118800118091	-0.2806597584491548
-0.0959771926320252	-0.44718046664669586	-0.3759846999411889	-0.08085764078009006
-0.1439854330375281	0.1718731212480784	-0.2787688016707712	-0.4053726440436223
0.1927233597298894	-0.41088606507967684	0.3879071755285477	0.008483399661886049
0.30673243080520973	0.14685708600765857	0.1741427306790353	0.3722677525080964
-0.18444681405674745	0.22684077072579822	0.5144931139364131	-0.07421930128104126
-0.11310579070108329	-0.5920745923732458	0.01883601135827817	-0.27598360556739276
-0.08292024022657629	-0.2549318123201787	-0.3533797707863895	-0.3087681766668555
-0.5493437742621721	-0.32848420341098383	0.10054462405956976	0.021627398267274334
-0.1432344931667	-0.5640879005378907	-0.022439622677023596	0.2702379836183857
-0.2299563368387556	-0.6956915329398601	0.02122433288638015	-0.05312779733500417
0.15918526378409004	0.7418143581788685	-0.05691136721585788	-0.04208901082118355
Conflicts
82 127
170 132
54 39
198 116
199 120
90 73
69 196
132 101
13 28
34 199
180 8
174 164
193 127
156 60
191 169
171 105
190 39
101 22
35 91
83 53
22 91
163 15
133 10
200 10
83 41
41 138
118 44
167 183
195 180
195 171
130 182
97 52
173 172
40 41
100 52
160 14
193 117
35 53
113 150
23 183
49 197
50 97
14 192
128 103
39 33
94 5
199 65
123 131
86 116
26 69
132 100
47 186
95 115
10 33
80 114
66 74
13 64
189 164
122 51
125 56
117 62
53 3
64 113
43 136
164 111
61 79
58 182
76 20
40 48
167 1
173 76
5 52
29 72
34 76
191 150
177 125
92 55
119 173
135 32
86 114
153 36
143 164
200 25
10 180
148 150
26 140
9 8
47 82
63 144
77 27
87 49
166 60
167 74
123 33
92 56
173 55
58 16
65 111
32 74
6 45
99 24
130 73
140 11
180 38
116 16
170 84
146 111
77 117
126 44
55 190
47 65
160 105
61 15
133 147
135 85
43 116
197 73
124 52
200 101
47 176
116 62
67 45
14 182
184 44
26 92
189 169
25 156
180 192
200 122
26 155
55 150
175 110
94 142
125 22
189 105
98 17
113 196
186 49
167 189
124 57
146 184
126 18
180 33
106 111
200 15
109 21
147 64
75 121
103 80
63 24
60 15
78 180
120 40
151 76
68 124
197 115
148 61
29 146
133 85
107 129
187 8
200 57
137 110
43 131
139 97
31 69
3 24
34 51
4 64
175 52
80 175
40 142
181 85
164 88
135 57
179 87
54 64
55 56
119 112
67 65
103 139
54 96
102 72
23 81
182 12
89 114
67 137
35 90
157 116
172 73
62 188
147 138
9 105
144 73
81 145
187 83
23 56
52 18
1 30
54 122
28 76
174 85
31 75
189 176
4 195
41 73
93 52
109 188
128 94
77 199
132 81
198 114
170 126
132 150
168 153
174 21
77 189
178 105
151 147
180 147
164 39
55 20
80 41
92 46
26 118
33 12
86 21
26 95
116 161
9 3
4 84
102 189
154 93
57 24
59 57
124 123
191 11
43 139
60 57
17 39
138 183
63 100
190 107
37 29
3 149
100 62
190 76
54 193
143 138
3 41
78 24
159 91
156 107
191 157
173 49
92 148
16 73
32 175
56 41
95 82
70 105
124 65
38 150
5 46
143 127
193 48
195 145
174 16
29 64
50 91
54 78
132 66
25 141
101 38
125 127
58 72
148 176
100 1
25 84
159 164
192 87
200 92
37 8
190 95
163 85
131 142
104 137
9 5
87 24
163 10
163 144
35 6
56 182
49 12
38 84
36 158
54 115
159 66
107 11
153 17
9 134
31 1
47 3
69 141
19 17
166 83
27 51
124 19
78 98
162 15
152 21
120 52
14 61
36 105
147 24
101 87
107 41
105 127
174 14
14 144
189 38
191 67
177 175
68 22
27 138
75 108
164 150
28 155
65 70
32 72
47 97
26 43
127 46
78 46
9 29
101 15
100 180
95 51
119 47
26 56
124 158
152 196
124 162
114 118
25 139
92 41
75 60
130 96
153 19
100 158
152 30
74 108
80 21
93 183
128 188
163 138
128 95
92 103
13 105
155 129
81 97
194 17
10 172
31 85
200 63
29 95
132 36
168 161
119 90
124 36
27 105
34 158
169 96
187 17
180 81
160 142
166 93
148 84
55 182
128 44
100 161
99 41
63 35
140 112
120 67
148 118
116 20
145 164
67 44
43 104
42 130
104 176
11 96
99 22
189 16
78 18
119 17
132 12
29 88
112 36
35 16
23 5
110 5
14 103
161 95
78 66
141 82
114 48
7 180
195 162
160 198
135 161
177 58
136 29
149 76
127 1
147 106
169 15
108 171
31 80
68 31
29 27
164 115
48 33
198 105
56 1
34 184
159 45
133 91
23 27
166 107
161 85
26 55
116 79
77 152
7 126
125 8
169 127
83 11
142 18
68 101
29 162
81 122
9 120
4 171
10 185
127 52
135 162
172 122
145 165
163 58
37 149
83 30
80 87
199 79
32 22
160 86
17 110
155 91
78 143
141 18
186 22
37 179
89 182
143 184
194 107
37 177
55 162
70 176
189 139
62 108
90 84
25 114
53 141
9 184
177 49
160 122
54 185
8 182
68 21
136 161
111 138
54 133
178 90
89 149
14 48
190 152
98 106
119 189
94 88
7 97
26 185
163 181
174 105
167 84
34 164
191 112
61 183
147 45
102 183
121 80
133 68
3 21
9 177
58 197
47 110
136 51
171 197
119 44
116 6
10 156
196 127
185 11
34 27
186 115
112 196
178 62
100 8
88 115
71 40
19 44
117 91
132 89
23 36
55 147
193 146
128 111
154 39
148 114
69 182
168 172
26 30
194 35
189 147
128 127
146 192
89 137
189 171
30 85
160 143
192 20
147 34
131 127
38 6
16 118
115 30
50 40
136 82
27 28
198 112
132 165
152 44
23 84
26 186
200 98
133 18
17 22
27 79
199 110
179 53
29 161
72 176
23 139
126 16
74 15
180 151
50 61
170 18
119 167
125 149
99 6
135 159
167 76
98 57
123 70
2 185
54 31
68 87
34 146
14 172
159 126
9 70
103 65
81 152
114 5
43 62
60 74
4 93
180 41
135 189
29 85
176 141
66 46
177 120
104 38
54 34
166 65
159 124
160 29
112 72
152 150
154 144
5 115
159 70
132 91
171 176
68 92
7 154
162 84
186 152
11 1
194 3
69 96
171 188
37 134
153 127
95 106
54 45
139 12
77 40
199 104
186 82
136 21
53 88
4 198
34 44
92 33
19 82
37 33
173 138
173 191
37 176
154 88
40 59
147 110
178 65
27 108
200 135
62 164
10 195
94 41
102 80
180 120
125 147
120 114
63 110
29 141
36 149
119 22
74 19
140 127
9 84
122 15
51 91
104 153
42 21
78 39
192 46
200 127
71 124
180 44
148 134
136 175
8 6
69 152
132 185
163 111
42 79
13 198
200 39
49 82
77 130
10 85
77 87
154 143
42 165
144 96
167 94
168 85
131 38
174 191
47 90
181 169
40 112
146 105
125 165
144 153
119 46
74 61
40 62
146 5
9 174
174 150
98 29
98 94
69 79
148 33
125 161
101 186
163 164
37 153
165 162
167 123
147 73
63 28
192 51
143 153
122 175
29 192
133 17
133 45
3 127
178 197
125 81
32 18
28 184
121 198
10 90
105 12
133 176
148 197
75 33
44 30
181 143
147 129
180 150
87 185
56 57
164 183
177 40
200 187
107 22
66 114
174 31
166 44
151 175
150 52
2 184
144 28
121 109
71 155
157 121
9 178
29 16
159 116
6 73
23 40
65 118
130 19
151 189
120 193
176 138
81 95
135 94
2 138
120 196
66 56
10 59
189 165
25 116
4 140
63 126
48 188
92 73
187 183
43 118
159 21
74 51
4 51
7 46
135 11
53 18
61 175
178 196
59 85
131 24
109 8
154 22
93 129
58 44
94 21
99 73
108 39
92 18
103 36
185 22
167 188
156 70
191 19
78 55
184 41
116 18
156 49
191 83
156 15
127 33
140 158
107 182
186 106
43 79
71 138
178 6
63 82
99 36
121 94
163 86
25 5
168 37
55 15
32 58
140 30
25 138
133 175
60 46
180 130
79 30
96 183
113 18
159 198
140 150
42 22
75 76
68 90
93 91
151 22
187 144
187 161
185 90
174 155
168 87
128 170
145 112
128 69
186 6
154 89
47 45
54 113
23 24
179 161
63 177
122 165
53 29
101 28
166 14
192 183
178 18
172 130
135 60
26 130
153 72
107 196
166 102
192 65
148 22
167 134
8 18
193 57
157 36
172 103
146 158
161 188
51 188
29 169
166 123
187 52
141 38
198 186
125 2
112 38
72 65
142 12
159 117
178 85
195 20
71 141
195 165
67 165
81 130
140 44
137 129
168 197
14 17
148 190
81 184
31 8
189 96
53 110
69 93
89 22
68 66
152 85
120 49
187 129
108 84
140 67
174 79
92 159
165 105
7 140
168 98
101 134
78 89
154 24
98 186
193 196
83 183
88 18
187 11
18 158
126 1
83 6
71 38
199 142
145 76
173 35
148 80
66 103
63 25
93 22
174 58
168 186
108 15
114 94
185 24
23 70
191 85
102 35
112 88
59 142
166 189
172 157
31 140
146 8
68 136
168 36
10 8
63 74
170 154
126 87
173 29
7 24
143 134
180 199
55 36
63 186
23 121
125 137
165 49
166 183
165 6
194 69
27 162
140 162
181 90
112 85
136 172
38 197
50 39
102 161
194 192
143 65
104 17
94 110
31 21
69 11
7 3
148 138
136 56
67 95
186 95
145 11
95 1
70 45
61 28
120 38
152 1
143 64
159 138
184 24
36 59
192 15
7 93
71 106
13 84
148 56
70 52
112 108
25 137
50 42
87 57
151 79
23 47
9 18
35 176
78 114
97 197
107 150
163 135
114 79
75 197
191 93
47 98
116 115
194 140
122 114
126 143
48 105
120 46
129 105
131 6
165 164
74 45
181 192
124 104
170 8
135 30
157 8
63 10
66 16
86 188
53 65
23 154
116 87
166 43
172 118
14 199
81 57
190 61
135 115
98 164
99 169
170 72
117 44
145 96
178 16
164 41
55 74
98 1
75 88
9 183
131 197
25 150
9 58
123 126
151 181
122 112
139 21
139 24
143 16
60 20
47 145
129 8
64 188
178 60
100 159
28 169
81 126
165 72
120 130
99 94
102 156
159 111
164 30
132 173
129 1
25 144
40 113
102 190
25 100
43 107
172 81
69 27
162 158
156 181
154 30
101 115
43 130
74 186
75 142
80 46
193 111
67 96
174 24
32 19
10 5
47 36
114 115
43 120
199 164
101 112
25 18
199 48
180 93
141 6
168 157
16 18
75 28
176 82
113 70
98 36
145 192
128 174
86 12
31 18
160 48
54 41
54 52
154 199
191 18
78 152
65 94
71 86
137 44
193 171
169 44
170 57
15 91
180 20
7 129
7 145
191 42
146 144
195 139
117 142
149 84
114 82
91 18
127 158
195 1
135 150
180 105
83 150
139 129
156 24
60 17
170 106
14 1
199 76
71 171
113 82
102 48
120 113
32 102
181 3
193 192
117 186
199 114
128 158
37 121
153 1
194 18
170 152
28 188
149 150
174 145
102 169
167 58
5 41
175 70
25 97
174 77
165 15
13 94
180 1
103 183
151 84
128 116
39 197
72 110
182 44
172 155
43 33
178 150
78 90
107 197
172 1
168 127
29 51
136 94
154 111
109 129
34 11
185 91
89 165
180 52
83 154
100 151
151 143
66 192
168 15
112 164
199 39
200 190
43 61
114 139
128 135
128 150
77 15
37 39
32 127
173 36
65 171
119 42
125 152
37 34
173 16
104 48
80 82
194 101
194 45
117 20
54 6
146 45
5 24
13 22
89 150
191 180
149 118
177 176
99 46
32 89
117 21
127 20
199 197
16 109
200 157
55 79
114 21
26 15
126 161
54 156
28 97
125 5
185 111
178 88
184 183
190 184
77 198
122 38
77 129
71 194
96 30
189 93
16 38
163 96
191 61
136 98
23 95
104 134
92 99
108 44
78 61
117 96
174 140
17 149
123 2
47 173
173 183
141 183
154 40
25 102
174 98
102 157
191 165
10 149
132 106
133 89
15 111
11 38
114 142
129 73
25 55
7 168
127 138
173 193
92 69
157 164
167 181
34 82
29 87
116 153
19 108
120 161
23 156
155 185
35 120
14 149
83 197
150 183
130 111
170 85
72 185
100 99
25 39
2 175
60 88
71 186
66 139
168 179
166 127
80 162
108 106
165 36
14 91
15 134
87 12
125 27
36 196
93 56
195 143
102 49
27 57
131 87
155 57
41 118
172 48
94 49
14 179
63 156
161 51
149 182
92 150
102 51
142 57
185 84
119 187
166 61
83 79
98 155
154 172
70 6
9 114
9 129
180 84
68 100
28 196
92 35
172 125
81 155
86 193
138 44
67 12
117 40
71 125
2 61
124 98
125 182
5 73
133 87
108 6
66 105
186 1
193 152
86 181
7 67
32 30
29 21
7 68
167 133
174 144
13 24
163 16
106 12
175 127
22 6
55 183
193 113
69 146
28 176
154 91
123 27
178 86
87 108
191 74
54 154
199 143
120 87
49 57
53 109
102 152
98 112
119 124
55 152
189 59
71 108
7 127
191 56
160 175
119 57
161 41
62 129
25 19
53 182
199 73
102 66
93 95
5 20
50 29
143 56
4 125
198 190
97 184
189 113
152 41
136 169
76 106
132 15
7 91
156 32
152 33
69 61
145 158
173 180
11 158
172 22
194 120
83 120
148 177
156 199
175 57
77 114
2 65
43 21
153 88
23 18
53 39
91 115
10 131
47 100
168 103
16 150
13 117
49 20
124 101
200 74
163 173
147 77
155 41
179 134
19 113
69 8
97 91
23 78
165 17
101 12
163 125
42 98
78 183
89 139
163 196
103 3
188 21
103 145
145 150
47 87
168 190
168 41
166 114
167 141
166 82
151 106
192 82
78 65
159 105
92 165
48 164
130 129
97 22
13 6
23 149
50 3
25 178
72 76
17 70
48 17
122 82
187 51
89 144
149 155
9 112
193 12
76 90
145 46
139 82
182 158
170 55
9 48
144 49
10 62
72 95
172 120
31 44
117 152
181 74
168 69
164 129
84 1
95 169
7 149
47 103
198 139
71 73
31 76
163 132
98 184
50 105
48 15
168 178
194 12
142 150
174 97
95 41
12 183
168 115
100 38
200 142
173 74
172 150
133 114
37 124
143 21
29 186
181 134
91 134
63 199
3 164
7 74
54 153
123 85
101 39
193 73
178 184
77 134
133 107
156 137
27 185
17 5
107 175
86 145
190 79
128 182
190 197
119 2
163 134
8 20
135 195
86 196
174 82
101 130
149 30
128 5
98 131
7 78
132 125
195 117
180 113
199 138
48 84
170 116
67 74
172 99
71 93
155 73
34 116
79 197
128 159
26 133
78 74
4 76
32 111
86 16
102 88
88 105
132 134
195 60
116 41
173 195
2 24
191 8
114 36
193 118
179 112
136 77
58 27
121 73
170 31
125 117
64 45
113 46
2 69
121 162
51 182
147 8
75 104
121 152
83 81
190 65
42 155
142 24
157 193
87 21
172 79
166 185
54 42
187 10
166 124
31 52
185 158
136 88
13 131
43 170
154 21
23 83
133 109
179 10
62 56
10 21
117 15
119 164
94 134
157 2
35 137
7 90
55 86
43 123
143 22
32 80
191 28
47 177
34 5
37 147
173 127
41 20
160 88
165 192
95 8
77 34
162 188
17 12
166 130
146 84
37 76
26 4
167 116
153 79
23 163
54 102
136 150
163 175
89 145
35 185
195 73
170 162
102 117
180 50
38 18
89 15
157 66
92 74
87 41
195 27
170 42
68 65
120 192
100 103
10 45
68 158
42 141
28 17
140 89
72 87
194 171
191 60
167 83
47 123
162 139
29 86
198 111
129 39
43 189
58 49
124 3
181 152
66 80
107 158
53 91
140 64
31 114
11 127
177 24
47 5
86 137
199 182
10 97
9 22
170 96
26 115
147 79
189 118
196 33
145 107
32 106
29 94
70 142
35 106
58 144
159 56
10 126
61 118
83 142
41 82
186 15
117 84
159 144
198 109
26 60
195 123
120 175
71 177
122 131
168 31
135 49
49 176
197 82
3 150
108 38
3 184
48 45
174 106
53 67
145 110
187 188
43 169
146 196
119 27
177 89
144 93
119 145
197 138
100 36
93 141
116 98
132 140
47 15
77 141
130 99
135 24
189 79
104 197
19 85
31 79
124 97
146 20
144 33
133 149
28 171
125 21
107 115
175 5
170 181
178 67
21 33
68 148
170 10
120 142
62 142
114 59
179 153
5 12
35 49
147 93
195 30
148 51
23 52
32 46
194 165
92 188
23 174
14 196
140 155
53 107
187 65
77 53
53 105
180 6
194 74
179 39
173 80
63 198
34 33
32 29
43 147
171 184
195 106
191 114
113 107
43 195
133 184
199 141
116 104
23 192
21 105
69 81
135 177
174 55
103 143
103 62
64 44
68 188
32 36
128 21
135 146
197 20
55 121
198 137
38 44
71 152
177 46
35 161
16 39
95 24
148 145
87 127
52 84
35 112
146 90
40 19
179 127
100 86
55 59
168 12
179 21
50 5
81 21
62 175
170 78
152 127
33 45
23 86
13 123
109 108
78 181
195 95
189 153
63 184
8 84
23 145
27 44
92 134
65 139
27 46
50 182
155 139
132 68
163 156
92 116
22 20
198 134
97 171
126 117
64 21
163 183
47 33
42 95
131 62
53 41
89 134
37 182
80 85
125 48
74 142
146 134
130 49
179 113
116 117
2 28
115 1
98 152
145 134
78 197
161 153
13 179
119 195
69 111
135 12
55 95
200 54
10 72
113 111
151 109
133 75
172 19
35 79
148 5
37 14
124 107
178 177
167 197
79 105
60 157
200 72
34 176
136 168
163 50
132 194
65 21
128 76
156 18
54 173
87 196
198 29
31 35
58 94
102 22
168 16
100 24
133 188
7 47
92 59
95 12
92 10
160 108
136 184
136 86
80 101
124 28
72 108
58 15
11 196
42 126
63 48
47 131
125 99
152 90
139 134
47 124
194 147
186 188
169 129
173 66
155 84
194 29
5 82
53 171
66 111
77 19
145 28
42 80
169 90
80 197
193 96
55 196
107 183
74 113
133 14
75 179
50 20
102 197
180 175
92 91
149 127
181 46
132 197
125 184
13 55
186 176
31 177
122 197
42 198
78 92
104 182
42 138
51 44
157 129
51 106
185 44
187 107
119 99
54 29
133 189
23 26
72 15
140 86
101 94
124 197
156 186
23 110
41 22
178 111
124 84
101 73
100 104
192 21
8 52
63 4
47 12
73 134
65 188
93 57
121 27
195 28
175 8
109 139
171 52
68 85
67 58
69 19
154 46
156 73
81 8
176 22
103 91
7 122
54 66
199 172
121 111
52 158
136 165
121 161
166 76
147 145
167 108
137 138
68 172
186 93
101 129
131 44
98 12
160 102
16 41
14 184
48 44
47 84
136 118
190 64
64 110
132 24
29 44
68 153
167 6
193 131
200 96
67 152
132 67
189 161
163 191
8 138
56 33
71 147
149 1
89 16
172 109
172 18
100 115
193 162
135 95
172 3
64 62
67 129
161 33
156 84
137 45
34 131
124 154
189 62
83 15
99 85
120 122
186 17
172 140
56 94
166 111
50 106
131 48
55 165
66 113
133 178
94 22
180 149
108 21
48 59
63 3
128 29
98 48
169 118
173 1
29 113
130 155
68 6
68 142
83 48
16 21
187 98
26 67
200 124
100 120
173 106
72 30
200 114
171 90
157 12
71 46
55 198
23 37
13 112
194 5
89 192
190 117
117 59
17 52
137 197
126 175
128 152
37 73
113 84
178 96
53 184
168 111
144 44
99 48
173 87
17 15
19 64
32 76
9 45
100 66
140 12
26 177
36 134
64 106
129 57
128 101
63 149
3 48
166 10
133 190
122 184
169 12
140 171
186 64
43 37
192 127
102 186
71 20
109 22
194 188
109 93
27 88
65 149
55 120
187 93
116 158
147 59
107 6
103 105
166 16
79 1
160 195
120 169
120 36
112 144
102 41
162 62
143 118
163 189
132 152
4 124
182 46
102 44
71 123
32 121
78 22
163 88
124 129
63 8
40 74
189 11
23 69
19 57
87 5
43 45
108 129
23 59
50 34
25 24
74 33
128 16
124 62
66 184
4 184
71 116
58 30
7 84
97 164
86 185
101 175
54 3
143 36
66 189
82 1
180 28
168 105
69 192
200 150
2 81
191 101
149 88
109 137
86 122
167 48
162 184
163 113
43 10
177 77
172 8
63 91
123 64
132 5
27 149
199 59
42 97
156 126
119 193
101 1
78 198
144 70
157 41
14 83
75 15
168 55
116 70
189 137
172 46
133 31
162 22
61 182
7 191
44 20
81 143
179 139
187 124
113 44
48 70
164 106
81 165
166 153
108 18
71 82
151 58
188 15
200 110
35 65
152 111
50 153
75 135
179 11
50 111
148 62
89 87
199 162
3 57
32 79
117 94
102 118
67 28
37 141
43 4
43 126
13 181
4 95
101 70
67 73
23 1
170 196
47 57
132 32
146 79
69 98
124 95
26 179
78 60
14 143
42 164
8 49
31 61
130 76
63 92
93 30
101 109
176 24
54 189
4 121
170 121
178 190
153 85
92 87
31 11
81 38
166 47
3 162
40 105
60 89
4 54
159 22
153 62
167 195
31 130
86 139
170 50
3 142
163 184
78 157
26 41
55 105
187 70
42 151
74 106
93 84
165 84
94 18
200 120
97 84
124 61
7 87
63 44
65 56
125 82
132 129
48 18
157 115
69 193
32 11
119 28
175 82
108 22
119 152
148 149
98 88
58 130
83 137
115 44
149 196
37 199
114 96
116 165
16 30
34 151
58 165
55 94
128 165
180 59
180 87
194 46
120 188
81 137
147 185
32 95
7 169
178 175
103 52
101 106
120 190
69 149
181 186
143 11
5 176
60 40
13 75
197 158
178 183
178 42
71 117
53 183
54 180
167 68
8 158
159 44
187 123
89 99
116 28
156 115
107 73
87 111
133 62
27 112
9 24
119 49
99 175
191 188
136 149
149 52
109 183
69 44
165 139
121 139
191 72
126 110
101 158
92 114
151 184
175 171
159 109
125 70
136 73
66 27
92 28
102 27
23 13
32 66
195 108
184 1
190 48
74 196
99 164
192 196
74 17
163 56
174 107
54 127
10 73
3 114
189 114
153 65
112 115
83 155
123 44
21 73
157 98
167 8
146 21
132 63
6 33
64 84
11 85
83 146
86 150
118 96
99 185
23 117
130 162
191 48
135 64
168 99
42 48
161 17
151 89
200 37
11 110
200 176
163 124
122 94
141 39
14 109
122 185
194 139
178 179
166 158
148 57
151 59
145 197
63 41
195 12
119 88
68 111
148 91
154 65
135 142
195 179
74 1
71 172
125 123
111 20
93 11
132 62
167 81
164 176
173 22
156 118
112 65
133 135
127 18
170 91
121 18
140 52
52 134
128 54
108 8
136 137
95 152
48 185
153 56
199 144
163 61
25 35
68 141
65 48
66 95
37 81
200 137
163 115
66 79
54 131
54 79
124 99
171 46
146 164
161 145
153 129
10 145
80 16
73 18
2 22
191 6
71 139
132 139
3 138
180 129
187 20
29 89
15 24
159 106
50 18
144 109
102 140
72 188
19 138
165 188
175 22
119 143
113 197
78 67
9 21
80 149
108 118
133 145
137 52
184 115
166 4
165 18
16 97
187 108
69 150
124 118
174 185
165 87
123 20
163 63
75 29
130 142
155 46
191 65
199 125
148 143
146 41
164 90
13 93
74 175
83 172
26 191
125 64
17 44
67 16
163 2
174 56
165 109
77 151
2 85
109 59
102 93
137 118
17 118
197 127
147 157
106 39
161 176
159 51
50 146
175 76
154 5
169 39
66 59
176 134
35 94
123 61
60 117
166 140
43 180
68 120
200 84
104 5
180 29
155 96
167 186
119 174
35 22
119 4
160 100
95 182
121 97
113 176
160 110
135 172
32 185
156 105
53 106
83 44
133 19
200 138
26 105
100 140
137 149
113 94
180 152
161 19
148 106
64 111
119 11
163 97
58 127
54 106
34 142
7 192
148 28
74 169
43 100
49 76
160 112
178 189
131 144
108 97
95 185
163 122
102 127
12 46
58 108
26 161
126 127
145 95
80 91
109 18
32 126
71 154
80 84
173 125
71 87
167 139
121 91
149 21
113 21
163 65
161 30
86 74
47 149
68 36
141 1
100 111
26 28
31 90
63 134
146 149
68 14
26 65
114 24
13 121
55 87
52 30
165 106
181 38
98 19
177 50
56 118
23 162
25 142
140 141
198 40
144 105
119 178
147 164
89 76
92 107
32 56
136 145
167 95
172 104
2 112
173 99
200 59
147 103
26 148
54 20
10 20
156 151
47 46
43 184
66 90
140 22
166 63
50 196
174 20
39 111
55 45
163 11
159 153
191 82
197 182
192 85
102 2
125 86
75 46
145 45
144 38
93 79
58 88
5 21
43 13
56 183
14 69
138 1
168 162
128 11
29 182
28 90
13 51
103 116
140 139
187 89
152 134
81 56
156 164
55 131
170 169
170 174
121 131
13 102
26 42
114 6
170 86
110 51
94 20
103 73
119 183
4 91
170 148
129 41
120 73
49 115
157 122
145 106
199 51
80 129
14 110
144 11
8 30
131 84
41 182
125 131
83 52
124 85
92 96
156 134
83 91
121 114
128 14
155 108
145 184
60 137
125 196
181 161
121 12
26 150
116 149
61 41
70 182
75 181
40 108
25 38
22 46
191 39
132 148
58 64
195 155
195 8
160 103
128 32
120 76
157 33
57 127
2 192
4 96
167 178
80 134
154 164
168 52
56 20
7 27
87 142
77 106
188 33
166 163
105 18
187 53
40 61
61 87
74 107
146 197
159 79
175 20
38 12
79 45
75 44
47 193
138 182
42 84
8 197
35 123
135 80
101 45
95 76
86 165
156 120
89 197
64 134
27 70
157 182
159 58
21 134
121 185
141 12
119 149
174 70
107 30
180 153
116 5
54 11
36 129
198 57
54 142
171 41
89 51
63 152
125 30
149 6
199 30
13 31
162 21
132 59
194 190
53 146
123 143
34 85
42 152
104 56
102 138
86 6
100 117
60 114
190 97
124 116
133 27
81 18
34 190
98 22
11 111
59 24
173 32
110 44
186 138
75 195
165 85
8 33
60 197
4 172
174 142
37 186
86 58
157 51
190 192
137 113
177 53
134 158
172 42
35 24
148 182
173 157
110 91
113 87
41 141
40 190
14 19
125 58
130 56
195 129
188 73
101 152
57 20
112 171
10 153
132 124
195 105
36 110
43 99
168 45
174 138
83 123
83 74
123 106
26 101
145 79
4 186
14 55
193 109
31 2
7 1
174 168
50 108
109 65
98 18
34 110
187 45
200 170
16 56
154 190
180 62
16 44
74 94
145 59
125 88
175 108
103 169
167 89
177 126
63 107
154 101
60 144
126 56
137 108
121 130
31 193
71 143
61 192
4 2
131 19
159 95
125 52
160 140
60 199
25 60
179 122
156 172
2 49
2 108
26 117
133 99
196 45
148 192
100 125
124 66
109 88
147 84
43 87
116 30
80 18
84 85
166 190
191 88
159 129
111 57
146 46
54 19
169 41
26 167
28 106
101 188
99 15
16 70
69 62
14 188
163 21
27 106
107 59
54 25
191 122
189 33
172 110
43 137
94 115
114 18
162 141
25 183
83 127
95 164
83 116
98 108
68 34
189 40
159 74
200 130
87 1
150 127
27 84
16 94
111 45
31 113
72 64
152 182
96 111
66 116
136 139
160 21
136 104
166 92
132 102
179 69
154 137
35 29
172 171
101 30
179 98
120 61
63 70
133 121
160 168
49 33
167 11
167 35
86 3
192 57
132 73
46 24
121 112
175 39
68 86
9 190
42 176
193 149
128 167
80 52
166 59
136 190
14 67
168 83
124 94
92 131
148 38
176 30
39 105
119 177
112 138
165 73
110 1
43 77
124 131
155 90
102 154
137 18
108 12
61 158
196 15
161 182
117 153
104 87
66 169
13 157
171 196
188 197
159 185
55 49
19 28
10 171
34 45
2 164
81 27
122 24
102 182
132 4
1 20
97 41
26 125
200 156
135 165
83 109
87 188
64 176
35 130
172 144
117 144
178 52
54 145
28 70
179 17
4 44
91 44
154 87
86 27
83 152
83 12
23 94
198 56
16 33
152 18
25 140
166 129
124 103
47 37
145 1
7 113
130 175
31 88
14 122
71 174
75 41
65 85
140 46
180 109
185 46
3 52
12 115
51 41
92 53
50 129
47 13
54 182
146 56
71 169
43 63
194 58
128 90
135 34
166 154
163 182
67 90
200 79
179 180
135 121
25 78
102 120
62 79
188 91
65 22
117 65
181 45
190 106
53 44
42 11
37 99
133 98
12 52
154 192
50 1
9 107
54 171
126 28
68 13
3 95
200 55
32 101
196 158
47 125
194 39
63 138
100 41
116 45
125 76
173 70
8 111
32 98
178 83
74 118
63 5
31 157
151 12
194 36
47 112
25 17
148 86
87 155
145 36
22 90
11 21
26 189
149 79
189 65
172 115
160 80
193 87
195 141
165 137
61 111
112 17
53 122
102 101
176 45
46 73
151 152
48 113
99 1
145 64
187 95
56 91
163 74
160 181
166 200
125 122
26 147
174 87
159 29
119 199
7 141
160 189
104 192
79 150
114 185
66 155
23 2
178 101
25 175
160 179
58 12
131 12
32 38
69 95
14 21
72 22
77 137
47 191
156 16
62 18
55 103
128 93
74 149
200 199
9 60
68 168
9 165
116 134
165 56
31 42
105 158
163 177
182 73
179 97
168 169
119 168
34 49
108 96
146 76
151 192
76 184
42 89
122 138
196 197
71 111
55 22
74 79
159 181
69 155
190 70
200 183
110 39
60 149
187 184
181 24
194 86
154 158
23 170
104 22
42 2
54 129
26 153
89 104
63 96
25 36
77 8
173 67
159 46
47 183
61 113
43 15
28 129
79 127
140 184
34 145
23 168
76 45
19 129
71 189
135 8
177 45
192 17
200 196
130 138
187 110
63 50
119 45
178 38
61 164
63 22
12 45
116 19
79 171
194 149
13 44
163 76
189 186
198 36
133 199
132 60
4 196
7 75
179 96
148 195
173 95
120 105
5 33
21 150
120 164
34 197
69 105
54 144
135 108
63 112
169 183
37 125
181 104
23 187
172 193
67 169
83 117
60 52
64 46
63 182
78 162
170 182
172 76
154 86
148 81
112 56
29 15
50 181
51 22
31 194
157 52
166 195
172 134
54 27
59 5
166 116
173 143
77 61
32 147
7 101
26 90
15 84
163 99
141 20
129 85
200 144
50 138
64 169
95 90
60 27
62 184
176 76
116 175
186 44
116 44
143 175
14 88
8 21
195 196
104 59
112 155
151 95
67 57
75 80
4 15
127 134
54 82
4 165
147 5
41 134
2 146
179 12
65 46
114 113
56 24
177 188
11 134
174 165
7 112
25 91
160 63
29 48
193 94
71 41
19 51
51 20
180 185
156 122
83 181
132 111
81 99
61 91
147 1
140 33
118 52
179 107
122 39
93 39
86 176
97 12
101 165
58 143
27 144
50 104
25 123
4 110
19 105
151 165
75 94
87 176
68 52
153 164
189 80
50 41
199 40
13 61
50 147
31 118
3 183
19 196
59 176
154 127
25 20
199 101
140 16
168 180
132 117
17 45
135 66
66 18
120 41
177 140
132 172
92 57
183 20
174 109
92 66
31 86
63 187
190 87
70 118
92 81
133 151
168 123
4 153
78 111
25 145
166 32
42 153
119 24
99 129
167 102
101 108
2 162
177 111
67 64
67 108
70 15
93 94
157 91
110 158
94 197
23 41
126 52
156 62
161 64
190 169
79 6
146 39
162 176
124 16
60 141
112 39
192 36
185 30
124 33
137 1
108 183
68 38
99 155
98 111
181 53
119 105
146 82
63 60
151 6
140 152
120 72
67 155
185 106
38 96
118 115
160 56
121 169
163 110
63 31
19 46
10 105
166 6
168 129
163 60
199 90
167 182
92 178
124 193
117 139
75 115
166 162
113 59
123 72
23 199
43 91
7 20
122 28
53 169
101 24
165 129
125 74
108 90
117 192
174 54
43 121
179 175
66 104
101 20
154 53
145 142
133 196
195 107
147 41
102 17
132 115
156 40
152 49
192 70
140 19
71 52
32 41
60 2
66 134
165 175
125 42
99 162
101 97
108 127
23 109
151 94
148 152
129 183
192 171
113 12
13 150
133 51
31 94
116 108
132 17
42 129
40 158
90 6
4 141
191 1
35 33
22 21
4 191
169 52
126 49
147 122
170 130
157 151
37 133
50 165
179 111
200 9
29 143
32 49
10 182
66 8
35 57
163 103
128 40
166 52
104 52
177 56
93 188
47 29
66 12
101 88
16 65
54 190
14 159
157 46
65 18
168 67
198 74
81 105
144 142
192 1
75 8
107 94
13 10
123 113
14 150
6 84
190 28
81 20
53 72
37 86
63 102
14 78
83 17
25 122
68 134
54 186
170 13
14 157
173 108
179 156
43 78
63 33
37 61
48 49
9 74
31 169
68 117
119 77
25 193
71 95
98 193
187 176
105 85
179 22
72 18
166 192
145 115
69 142
185 141
175 139
44 134
75 82
170 81
16 141
192 64
145 58
42 111
159 121
60 104
114 51
4 1
2 62
95 11
128 51
36 87
163 31
35 140
68 59
3 67
91 73
95 110
122 96
103 64
148 172
102 123
176 106
7 130
106 91
62 15
49 118
64 70
3 82
40 8
54 84
142 85
162 138
54 87
80 176
146 122
133 2
29 38
113 110
81 41
32 120
164 46
95 105
60 147
97 90
103 19
35 109
68 18
139 184
184 45
59 138
103 61
75 67
80 109
120 147
169 196
72 17
130 52
93 8
31 77
144 94
10 120
170 93
23 50
185 38
37 20
154 49
77 107
185 57
140 97
193 190
31 3
193 153
2 93
148 85
126 122
162 65
125 164
134 20
128 145
153 8
126 62
140 90
166 98
130 84
67 106
68 103
179 15
148 73
47 14
121 64
163 160
101 6
151 56
14 74
117 38
177 52
35 182
66 1
54 176
66 61
114 15
148 124
74 192
26 94
163 22
32 182
124 56
43 164
125 116
64 175
103 130
119 38
129 52
140 18
177 157
99 39
39 91
43 29
27 8
25 152
193 18
155 197
124 10
37 68
128 109
17 1
143 139
116 99
112 129
122 16
55 185
121 108
181 52
80 27
110 111
27 137
13 186
195 94
35 39
119 87
173 192
43 85
139 49
58 33
64 129
60 181
169 21
14 13
137 142
25 72
103 142
167 67
92 145
125 113
200 136
120 162
123 192
67 94
62 110
96 106
96 44
10 53
150 33
42 186
19 91
55 73
87 90
162 73
107 171
77 89
77 22
136 38
173 116
72 141
144 137
178 57
147 126
59 158
66 161
25 125
21 158
25 172
37 57
166 119
120 20
95 96
23 137
23 103
77 33
19 164
135 140
156 123
54 16
60 61
65 96
93 24
103 107
116 197
16 12
105 52
123 161
195 53
119 53
13 106
25 86
128 189
145 6
131 22
64 52
63 49
66 175
136 153
3 74
173 51
120 22
32 118
81 59
86 99
191 80
173 69
191 108
8 105
54 90
146 91
153 93
174 149
147 89
177 112
132 33
103 165
180 126
175 12
7 63
3 196
86 1
114 64
49 106
51 38
136 174
173 100
121 76
94 44
117 33
140 73
121 146
32 67
172 169
116 144
75 74
189 90
126 118
189 82
195 41
9 49
104 183
133 194
143 52
173 159
113 188
50 87
187 36
181 198
166 109
61 95
34 46
50 8
37 104
154 176
156 44
137 65
47 108
195 24
150 111
102 130
117 129
29 93
144 65
53 12
13 177
128 164
8 90
87 141
28 33
14 108
179 51
96 138
130 38
100 29
100 195
65 134
124 12
83 144
53 152
100 96
92 13
191 139
96 142
176 152
64 57
108 91
89 111
98 183
42 86
130 90
109 141
80 19
128 107
123 94
35 172
175 142
172 36
32 129
193 65
71 133
103 11
70 188
10 155
86 64
92 120
103 113
92 3
54 149
177 33
16 196
86 190
83 176
37 106
32 171
68 57
120 116
173 122
80 89
19 11
136 74
37 126
151 87
120 183
26 79
25 10
53 5
61 39
194 162
31 185
113 155
9 197
145 111
27 139
131 90
13 57
198 126
60 185
177 29
125 110
20 30
169 20
119 32
13 100
54 101
166 121
12 30
47 99
189 108
72 73
9 46
60 123
104 73
95 30
179 24
184 22
107 44
125 162
199 134
189 17
128 172
4 104
92 140
100 141
77 17
94 45
128 160
200 65
37 92
121 192
123 82
110 88
166 113
184 51
56 18
37 78
68 199
25 62
33 52
7 120
69 90
9 35
9 113
75 97
100 49
135 186
13 116
3 115
179 6
177 79
136 45
2 88
53 20
156 111
161 155
157 185
78 5
54 85
2 127
25 177
68 129
58 57
2 19
85 45
77 118
187 122
94 91
70 49
137 91
38 90
11 12
154 149
40 127
145 185
71 109
100 169
153 70
122 87
200 80
84 134
9 72
63 65
125 16
148 127
14 95
28 138
122 171
14 45
192 152
29 82
184 79
14 34
34 155
32 125
53 145
184 49
132 18
139 188
143 94
86 134
161 164
195 3
144 106
174 183
114 90
159 196
4 161
5 96
167 73
86 73
172 38
77 85
66 69
58 150
125 41
78 51
124 82
63 106
94 158
179 90
23 140
144 185
155 97
67 107
75 64
147 142
23 123
198 21
137 16
189 130
3 122
11 24
162 36
69 134
156 150
190 176
68 102
166 101
35 38
153 118
165 91
71 9
102 129
53 33
89 93
178 82
162 185
29 131
116 107
43 157
98 153
174 96
106 88
102 193
184 96
55 130
149 44
175 94
177 108
117 36
177 155
54 159
55 140
121 87
119 55
175 176
117 48
179 140
100 35
130 18
200 154
92 196
133 169
55 98
145 3
27 129
140 1
103 126
51 8
146 61
79 115
128 175
177 99
167 107
33 158
77 81
156 21
163 157
37 88
119 67
160 62
26 134
25 169
144 6
50 90
55 29
167 120
167 184
178 171
167 169
47 79
124 115
183 18
170 52
92 185
167 16
145 153
58 186
195 88
34 161
26 62
139 196
167 64
50 154
23 4
141 22
168 108
66 21
106 30
165 41
135 112
173 148
147 28
81 33
175 84
121 11
72 44
64 15
74 162
5 1
75 130
100 91
34 114
114 188
179 176
101 155
136 5
151 138
47 157
125 188
135 138
99 109
3 137
141 88
100 60
54 103
168 82
4 129
47 2
63 129
9 116
3 59
10 49
39 115
77 188
123 5
191 155
174 130
99 57
117 73
153 21
193 104
50 137
67 52
78 72
93 41
168 44
93 137
32 169
157 57
152 39
163 127
72 149
68 179
75 113
55 10
153 97
200 145
100 114
80 94
90 183
47 129
125 105
137 182
124 175
54 48
100 33
4 115
54 118
71 4
13 127
37 172
105 90
48 20
141 24
113 129
31 155
68 46
81 93
173 96
57 84
187 117
119 135
23 180
122 5
198 144
63 188
146 153
163 68
37 1
180 45
125 189
28 134
195 115
154 112
63 75
75 192
31 83
105 1
23 190
38 20
163 83
160 117
67 51
143 192
29 84
162 155
173 59
195 81
108 1
56 70
58 131
114 105
113 65
166 95
117 106
146 52
174 137
92 186
124 135
156 19
173 194
163 8
23 66
144 39
74 111
47 139
160 10
178 28
35 197
92 122
181 183
8 183
95 142
163 42
107 15
61 1
131 52
49 91
154 85
116 184
10 109
119 5
157 48
146 15
146 109
19 45
103 137
107 176
125 112
162 20
173 28
80 188
145 196
177 137
83 51
118 82
129 150
157 99
72 36
69 59
69 116
50 98
29 11
195 59
67 134
75 148
23 194
27 127
82 88
67 17
189 101
40 58
174 5
70 24
140 175
100 97
66 93
133 13
97 33
43 173
59 51
132 92
88 30
66 72
81 171
19 197
174 162
11 6
200 177
135 74
100 48
164 11
200 61
7 95
43 82
86 192
136 127
172 61
101 18
47 1
50 198
17 164
145 20
13 171
111 18
140 196
72 56
167 50
31 27
163 18
71 75
63 11
53 70
98 45
53 176
71 39
60 162
116 137
145 149
161 36
29 129
148 48
11 39
39 57
15 39
7 146
128 12
151 101
59 33
125 36
31 98
157 44
199 20
154 114
88 45
7 76
182 183
7 18
81 89
126 57
121 137
179 152
80 105
59 111
121 88
190 8
194 59
140 79
55 199
109 185
126 144
142 183
147 109
133 142
140 107
75 40
104 90
156 76
69 122
17 87
185 105
47 182
181 57
168 34
128 10
35 181
72 28
83 129
15 158
103 17
126 197
155 141
68 29
156 141
104 1
56 188
25 199
7 61
78 53
117 127
166 74
134 183
102 64
151 11
3 113
131 183
163 159
157 162
145 84
60 1
2 21
160 184
107 108
166 45
69 48
37 136
13 36
126 183
145 109
103 146
159 143
7 21
40 192
121 46
194 38
146 115
160 84
23 42
121 89
4 81
191 118
194 28
180 172
198 183
9 137
157 144
80 161
47 75
68 143
116 169
122 99
92 95
51 39
35 118
4 20
167 39
6 85
65 45
148 105
176 142
172 139
13 190
112 143
127 30
180 125
102 61
100 95
177 6
171 115
25 90
99 74
2 58
119 93
191 35
125 176
14 39
70 5
32 109
25 191
193 139
166 7
189 67
80 67
181 29
165 16
173 184
42 44
32 53
108 152
102 36
110 38
199 155
120 17
168 4
13 67
168 150
166 72
68 113
2 149
156 112
29 5
191 89
35 67
179 84
10 144
53 8
191 149
55 169
42 30
177 153
144 118
28 149
105 30
66 145
23 141
120 103
174 2
36 39
189 115
79 182
179 149
114 85
136 48
98 176
68 49
14 99
200 123
167 21
171 141
56 111
189 53
172 137
194 6
43 194
170 46
67 175
78 191
128 148
148 27
14 20
194 84
81 49
118 88
76 197
175 115
43 35
136 141
178 74
10 122
120 79
26 139
52 24
68 28
9 54
43 52
132 177
176 127
166 115
117 158
133 155
71 178
25 42
81 158
143 108
3 1
154 105
14 114
189 91
55 197
200 46
59 108
136 63
133 150
138 18
145 70
178 27
75 109
136 15
132 20
55 52
99 165
193 8
49 6
200 13
177 149
9 53
7 181
187 74
121 30
54 120
166 160
176 158
119 196
37 12
112 62
167 75
50 124
163 1
28 186
156 81
161 190
145 183
112 46
100 139
11 45
69 46
97 196
124 44
7 12
168 154
92 61
125 96
119 76
122 73
195 57
173 30
123 18
198 16
61 115
116 82
167 148
54 24
62 96
167 18
32 33
16 19
86 152
135 98
141 111
126 89
157 109
136 138
116 72
132 19
80 190
177 20
32 51
191 193
25 74
60 12
126 97
3 192
68 75
80 79
76 22
35 138
179 49
178 110
117 1
97 15
104 85
53 87
55 108
25 48
50 49
116 141
44 73
170 105
75 103
72 171
32 34
189 29
5 134
166 170
78 150
76 196
151 196
11 139
181 153
54 184
160 15
5 111
125 171
200 140
68 125
126 155
5 76
182 88
131 118
71 57
78 38
173 46
189 85
79 85
77 99
28 105
68 110
157 93
63 125
10 181
28 36
100 192
63 34
199 21
112 28
198 62
14 129
3 197
43 22
11 20
156 55
117 70
190 130
59 97
144 141
145 113
159 38
97 73
117 146
155 182
146 28
58 45
35 151
47 155
69 176
116 65
81 146
61 20
34 12
122 79
25 118
125 190
123 142
75 62
173 175
180 2
13 97
157 80
164 82
165 149
32 85
77 109
56 141
37 173
10 121
187 21
25 81
71 118
188 46
86 87
162 57
180 91
9 95
77 126
133 161
61 155
27 56
120 81
171 39
174 62
66 52
87 88
172 70
86 129
58 97
100 149
62 76
121 127
177 65
35 80
81 161
10 67
125 111
26 54
165 169
121 52
78 21
125 83
87 171
10 146
132 13
170 59
95 134
104 107
53 52
147 62
2 153
17 79
27 5
200 185
91 52
37 40
67 62
177 154
152 141
69 45
66 42
55 135
189 127
35 169
119 100
124 72
143 110
195 89
31 96
80 95
23 17
175 90
32 35
191 95
159 82
119 51
76 52
99 183
67 127
119 33
172 58
152 96
50 149
165 94
47 73
59 150
148 8
48 111
63 56
125 138
132 161
187 99
89 108
125 28
100 18
9 193
164 1
136 46
80 2
2 101
156 142
63 155
143 171
102 181
173 114
192 138
156 196
44 18
168 17
194 87
159 114
100 177
83 46
23 130
7 132
198 28
161 109
60 111
50 24
168 61
196 21
96 182
121 2
53 17
168 24
34 150
137 79
9 67
166 99
133 42
121 72
109 73
53 58
160 183
149 158
68 186
71 33
187 87
160 115
31 67
154 56
117 169
80 146
25 111
102 121
168 97
148 93
81 74
145 152
151 90
136 87
181 138
72 137
168 19
125 72
137 96
76 127
163 194
11 118
133 79
178 34
190 146
133 69
9 98
172 146
102 131
132 80
87 56
61 108
36 1
47 9
70 129
185 115
86 126
168 21
78 155
162 76
70 111
119 34
124 77
173 130
112 82
27 33
122 158
186 197
9 188
47 132
26 132
198 73
179 29
190 82
146 165
86 161
13 40
79 158
13 39
34 182
13 134
186 36
96 84
117 97
37 28
97 8
149 45
170 77
199 22
159 140
4 180
83 67
155 76
50 2
130 97
77 116
3 70
200 95
130 131
124 184
47 116
179 183
93 127
69 20
140 27
91 12
83 70
2 155
140 101
58 158
143 57
69 16
178 84
72 182
25 98
188 30
80 5
126 22
32 96
28 164
92 19
104 96
170 2
167 24
62 155
63 139
156 67
170 199
195 87
163 20
66 45
191 87
54 165
42 58
96 45
168 101
61 94
141 73
139 45
149 152
35 198
93 142
123 111
16 15
41 46
10 30
43 153
167 156
95 52
135 185
187 27
95 18
146 12
101 149
165 184
99 45
98 99
78 69
200 60
187 73
200 134
165 118
108 20
123 146
86 39
13 162
139 57
65 110
102 73
54 5
40 84
191 181
78 49
130 20
150 106
195 134
191 29
27 59
27 184
37 72
76 41
128 33
75 131
180 36
7 172
78 120
190 62
124 64
91 183
60 164
50 21
157 139
157 169
47 28
37 53
78 194
165 176
128 98
40 153
34 52
15 197
8 79
196 18
117 74
32 153
195 192
92 183
133 104
37 115
144 8
171 49
101 11
16 113
159 85
26 144
121 69
199 84
31 16
72 19
194 164
83 66
92 189
162 142
117 118
148 55
60 3
148 39
163 35
193 107
109 36
54 74
7 35
77 140
172 49
83 131
188 115
74 72
71 157
35 121
95 158
25 129
34 109
99 19
116 51
124 88
169 134
136 64
168 70
119 125
184 141
120 18
128 25
136 152
142 38
25 75
194 175
126 131
163 176
71 14
83 28
51 138
35 175
103 117
128 168
161 99
180 95
63 99
149 22
177 59
132 156
193 144
133 20
99 91
32 145
2 111
160 89
60 28
87 82
79 91
36 11
189 140
176 44
35 88
53 69
63 153
14 176
170 11
137 155
8 176
25 56
66 165
178 114
79 39
172 105
42 106
123 12
119 15
37 24
146 88
180 89
26 78
25 184
116 58
74 52
186 110
121 143
132 193
159 183
189 42
75 190
104 70
76 182
2 20
189 24
189 99
86 111
47 58
97 141
27 62
146 87
149 188
181 79
193 197
97 1
190 57
60 115
118 6
56 127
161 110
181 145
26 136
110 115
116 162
189 57
163 139
135 19
109 113
11 183
2 30
151 104
82 158
83 114
98 105
48 129
155 110
185 182
87 85
191 44
35 126
71 45
162 105
99 11
175 138
97 188
175 49
32 113
145 52
140 82
133 112
26 199
26 50
174 167
185 39
166 197
88 111
13 139
194 19
170 41
145 104
60 120
137 105
180 98
135 29
129 33
178 8
189 18
161 38
104 164
8 142
52 45
53 161
152 76
54 30
29 59
62 91
167 52
199 115
8 38
179 116
100 113
171 38
65 105
200 36
191 5
71 62
92 190
26 3
14 151
179 38
59 22
43 98
68 115
97 127
119 113
117 41
194 16
178 12
184 182
55 89
94 73
163 141
146 27
66 144
186 182
19 22
25 176
62 95
136 164
157 153
116 11
42 113
11 106
166 51
9 41
164 24
167 135
77 123
92 152
40 171
7 81
113 15
184 12
174 102
124 51
74 20
75 69
131 20
168 79
73 45
179 154
147 74
137 158
28 93
181 137
117 176
2 144
37 79
14 153
159 151
68 82
11 73
50 157
103 185
156 72
116 192
78 40
132 75
2 186
86 79
131 73
122 91
7 2
11 138
180 184
55 27
156 77
170 9
167 2
157 190
15 127
121 93
199 122
3 5
170 113
177 189
38 57
200 2
184 30
7 38
140 28
144 171
168 198
29 165
98 134
146 182
75 73
132 77
158 85
53 108
136 179
156 74
192 139
119 10
4 192
167 155
147 65
155 5
66 30
64 56
124 182
26 10
2 182
155 79
3 96
190 11
187 189
144 155
191 27
66 109
170 112
159 188
170 101
56 139
13 169
154 95
98 95
14 124
122 21
147 127
54 108
194 123
131 185
13 87
156 34
170 68
177 150
80 198
128 156
81 176
64 59
49 85
5 141
31 20
121 149
179 186
23 152
103 112
34 79
140 72
34 86
27 95
94 85
9 179
136 146
199 181
14 36
10 164
140 145
47 113
178 154
42 72
61 76
130 169
191 138
19 73
198 41
101 182
98 79
167 147
99 153
32 10
70 82
70 97
107 97
172 21
78 91
148 50
23 79
169 108
151 145
154 161
148 116
128 108
54 53
121 110
167 40
162 1
126 149
156 17
102 142
130 185
81 67
54 157
63 135
124 199
114 44
139 88
148 11
69 184
35 27
131 108
8 115
170 79
60 45
179 58
190 142
23 97
7 105
61 110
101 144
83 190
27 176
92 48
178 2
131 49
129 158
174 42
78 122
137 107
9 172
160 73
101 184
56 85
198 22
83 140
87 15
159 2
36 95
2 6
122 17
111 134
42 12
162 137
177 103
11 5
126 176
123 87
92 49
132 180
159 61
173 21
15 1
64 18
138 73
133 36
122 72
58 95
100 156
101 96
200 141
118 106
29 58
76 73
119 133
188 1
165 59
17 20
179 18
191 145
166 88
157 27
12 73
7 195
96 127
42 117
161 24
31 198
55 66
200 121
60 165
14 12
175 106
13 172
9 100
133 126
199 175
96 20
100 172
47 53
92 34
131 27
43 54
71 31
40 45
148 69
3 36
69 56
166 31
153 15
59 1
140 118
154 103
33 91
193 76
31 141
140 105
177 141
136 79
42 120
161 61
43 94
178 180
58 185
174 67
173 147
56 196
3 27
22 18
89 36
167 61
86 65
74 11
109 184
144 17
164 142
187 28
70 91
102 199
61 188
177 95
26 157
170 75
100 112
4 103
173 41
9 153
26 27
55 62
136 20
151 96
14 155
69 99
181 101
13 98
156 56
132 22
35 42
19 18
61 196
153 28
166 75
80 57
130 44
114 49
157 145
92 15
106 20
77 183
98 165
155 18
129 152
173 126
26 108
14 87
60 134
128 124
4 70
190 45
47 72
120 2
92 127
91 84
93 134
3 45
184 158
106 15
161 185
9 196
187 15
130 17
195 80
27 19
86 56
195 51
200 18
139 111
119 137
33 115
177 145
192 142
122 30
93 106
139 51
2 94
123 69
110 105
140 8
153 185
174 161
132 69
86 70
131 139
128 65
176 6
71 23
132 158
198 152
54 49
112 94
2 107
86 15
10 111
100 122
14 138
159 5
75 186
122 58
32 151
146 188
190 118
179 164
186 96
67 33
15 12
86 69
60 110
64 88
76 171
194 183
178 73
7 82
74 38
161 138
100 77
101 57
176 52
167 22
54 151
189 155
67 109
26 33
6 30
55 157
123 184
159 101
140 57
32 131
130 39
121 199
116 138
166 120
136 148
156 124
14 27
156 143
167 129
149 171
59 30
84 138
36 183
159 11
57 134
154 36
35 142
4 45
199 83
125 106
94 183
173 88
148 49
123 62
4 181
177 19
50 88
102 134
172 90
112 184
74 183
122 192
92 109
172 114
54 110
12 85
23 51
121 95
114 41
185 150
166 169
118 73
170 95
80 40
140 91
27 109
191 66
100 129
188 18
75 165
9 168
31 161
136 6
126 70
128 23
154 70
184 82
54 73
139 18
176 1
168 177
47 93
9 191
183 1
86 28
168 155
196 88
148 155
167 91
160 49
185 152
28 137
119 20
125 130
86 57
125 143
162 88
128 89
149 108
87 118
78 186
161 144
14 154
194 115
39 90
168 93
47 150
199 8
174 157
17 175
75 110
116 112
63 191
154 27
190 99
58 85
147 140
159 193
148 74
107 82
50 190
165 185
121 150
198 27
86 76
149 106
128 130
198 15
198 70
62 134
100 67
184 38
89 73
32 183
32 154
189 150
151 49
13 91
63 72
14 82
58 110
50 161
156 155
178 98
14 76
105 134
81 24
55 88
163 178
75 141
64 87
132 93
156 176
169 91
136 191
92 106
161 87
72 39
151 17
19 141
68 181
70 39
95 196
139 118
197 85
2 161
13 193
119 136
196 20
7 72
200 51
37 102
178 17
154 113
54 37
191 38
132 48
2 97
80 6
190 162
118 134
191 176
200 76
131 70
147 190
200 180
71 160
47 151
140 143
153 5
77 101
194 198
54 94
133 125
60 34
55 18
118 182
156 147
14 73
184 18
148 199
121 182
193 72
179 143
132 157
169 88
70 33
50 117
200 161
82 44
193 106
77 146
164 22
23 54
28 41
176 39
165 76
77 12
192 141
146 48
109 115
193 169
7 77
62 48
11 70
191 129
151 36
58 118
157 192
194 127
32 192
173 2
120 65
9 59
190 73
15 183
194 102
19 84
157 146
199 80
146 112
29 101
126 134
41 88
181 40
149 91
169 164
190 149
61 72
71 110
11 188
40 76
48 107
28 73
137 95
164 84
10 104
191 179
99 17
166 36
187 197
89 6
47 64
137 76
130 150
99 105
99 149
103 21
146 138
177 115
180 157
104 169
122 134
179 30
66 86
154 18
131 94
184 142
95 118
43 86
163 39
120 106
187 140
43 111
79 21
173 18
147 183
163 90
115 45
174 181
53 2
104 65
121 115
122 141
132 105
200 86
124 186
123 164
172 108
2 139
200 52
112 97
174 195
180 27
200 69
132 57
43 155
117 130
122 95
34 98
195 40
177 113
83 196
193 122
119 12
135 53
152 5
160 161
178 138
160 171
32 59
156 171
131 56
140 115
57 18
167 185
180 74
177 85
177 11
107 149
160 45
47 59
60 16
41 6
13 1
114 129
178 36
144 127
164 44
166 79
139 41
14 183
2 106
177 96
35 40
48 171
95 175
81 196
87 11
35 189
4 152
50 122
63 161
170 144
172 64
148 32
191 131
100 171
119 181
151 149
178 191
129 84
161 15
144 76
139 22
27 17
120 184
177 41
80 107
147 104
71 176
27 18
137 169
119 132
156 11
48 139
156 2
109 106
19 183
7 45
135 175
174 84
32 184
86 19
200 91
96 73
179 20
81 138
173 146
190 3
23 179
148 178
186 158
78 84
180 193
59 82
63 122
35 155
68 8
23 74
83 193
170 124
124 67
56 12
4 137
75 51
178 94
123 134
174 35
161 39
58 11
53 129
83 169
86 182
128 34
7 156
67 8
23 114
58 91
23 57
136 58
99 70
120 186
151 182
168 84
127 44
199 96
13 45
32 81
163 73
162 106
129 188
3 20
117 90
31 135
135 50
119 98
166 128
55 83
26 122
189 183
65 44
107 8
119 141
199 116
27 90
28 111
198 98
16 48
121 134
106 52
193 41
124 150
43 108
58 22
132 14
16 197
4 3
3 65
190 24
145 190
117 131
59 45
60 151
26 114
133 81
55 141
135 38
200 27
29 122
9 199
92 11
63 78
172 141
147 52
194 33
16 183
40 118
139 70
79 118
187 182
101 36
9 89
77 44
139 183
25 67
132 9
129 141
83 61
31 84
55 60
157 19
105 20
200 108
111 183
37 30
74 184
8 41
7 115
130 70
139 39
25 113
191 151
170 24
29 127
26 116
26 124
54 121
34 137
103 118
124 188
41 15
163 151
78 103
187 32
198 45
75 122
160 152
181 106
174 99
200 189
181 17
145 108
144 183
58 46
137 184
168 149
40 17
52 182
17 8
161 57
152 183
4 8
100 22
75 65
64 97
195 44
7 71
58 93
200 172
161 1
100 15
146 93
170 176
53 21
132 34
199 188
139 138
171 134
162 44
146 185
35 153
13 50
58 176
165 150
80 45
119 104
25 186
17 155
144 143
9 125
46 90
68 112
37 27
83 145
173 134
199 44
47 133
103 122
78 33
172 162
87 129
132 147
104 139
107 18
65 12
74 73
195 65
194 42
157 152
121 59
199 111
187 12
144 139
132 99
81 94
59 197
191 109
70 85
147 57
128 97
199 17
13 109
66 117
102 110
112 134
43 128
177 42
79 44
137 115
195 90
56 11
159 186
162 127
140 62
16 82
108 30
100 84
102 87
123 28
113 134
80 58
103 196
59 15
35 51
170 67
32 177
80 76
56 49
116 84
157 76
165 88
175 141
34 61
178 79
35 15
181 127
160 46
51 46
48 115
22 158
68 144
67 142
9 145
126 165
150 24
196 1
48 56
4 72
165 30
26 171
195 120
172 44
50 45
68 180
180 22
76 33
83 80
99 52
11 57
37 148
146 51
161 90
74 95
154 17
106 82
119 160
172 158
99 84
71 8
42 64
175 6
107 138
133 30
36 171
71 175
187 18
181 196
86 149
161 5
133 21
29 97
131 17
120 155
192 182
123 21
143 51
4 34
36 41
89 44
126 48
179 142
132 184
13 122
75 72
157 79
84 105
114 169
65 184
69 12
168 25
114 1
63 46
25 2
157 58
160 194
67 185
143 38
92 52
78 56
97 20
10 81
153 49
97 18
114 28
67 46
151 105
163 171
161 88
196 46
166 90
110 12
123 56
178 181
9 143
92 31
159 165
17 11
2 115
48 46
2 196
63 21
65 82
43 31
103 95
46 91
178 13
167 193
157 138
177 15
126 106
121 57
132 72
172 53
131 134
66 197
189 184
132 76
88 1
40 49
47 117
31 57
25 134
155 15
154 181
194 114
26 39
86 131
160 188
64 39
135 87
104 36
173 53
80 8
26 19
148 30
75 134
77 86
68 17
112 8
144 18
93 196
178 69
165 171
140 5
116 145
193 79
75 16
47 77
79 138
145 176
180 72
170 160
168 104
171 24
169 197
101 56
9 162
76 150
194 184
68 81
3 58
95 79
109 152
105 183
9 82
87 18
37 188
71 98
179 120
195 70
185 76
128 125
40 138
75 123
46 33
106 183
110 183
66 108
81 70
9 77
49 73
188 82
43 80
113 91
181 118
172 15
119 29
198 1
132 109
60 70
123 8
170 83
168 73
193 115
26 169
180 46
92 39
153 108
156 41
173 171
187 24
101 17
200 8
173 78
129 176
169 76
100 153
29 153
65 138
178 156
100 3
17 84
31 176
42 85
170 111
99 96
193 3
86 20
167 69
91 105
18 20
9 176
200 105
189 8
47 174
177 69
14 89
124 70
64 22
71 144
185 88
16 22
124 143
81 134
160 107
116 110
100 32
64 127
78 12
189 21
161 149
48 82
13 101
121 45
38 127
172 95
68 139
64 196
54 123
167 87
53 164
146 145
128 80
58 109
9 121
173 93
157 22
31 184
47 109
31 64
71 88
174 38
125 19
160 74
150 182
7 39
122 49
139 115
147 48
108 158
200 126
10 61
37 131
75 145
133 50
27 73
53 81
120 56
16 17
37 158
133 148
139 84
60 64
19 39
65 6
36 44
48 141
104 141
50 48
116 15
180 104
102 96
167 32
181 116
52 85
194 196
71 99
83 184
136 124
156 183
168 77
38 111
126 96
102 53
28 57
101 107
101 111
50 28
160 41
42 142
174 173
166 174
63 141
181 185
78 123
98 190
27 87
38 30
187 109
173 115
142 118
159 127
108 105
68 50
186 137
169 84
161 3
42 169
123 182
29 183
31 29
174 151
135 194
188 38
55 192
172 24
184 134
177 156
179 185
86 84
112 91
163 106
180 97
126 188
68 187
23 132
96 46
190 1
81 76
58 184
120 121
43 132
60 59
194 76
166 87
161 21
131 8
74 134
160 146
83 153
28 11
93 97
10 18
10 70
166 62
15 85
129 96
62 139
125 183
159 30
13 81
58 105
26 184
89 186
62 30
160 162
177 118
154 138
75 149
55 30
169 106
121 82
14 123
7 177
132 126
37 19
63 195
156 113
177 171
146 24
13 42
43 17
195 45
70 1
161 139
13 69
168 133
113 115
112 113
148 110
128 104
95 20
136 116
2 17
119 65
81 65
98 122
129 30
173 113
124 15
40 94
13 62
153 113
63 130
180 189
27 16
151 28
179 158
60 108
92 51
67 56
175 41
190 84
31 28
87 59
104 188
4 143
166 132
29 18
71 127
92 172
137 41
82 6
9 31
66 115
28 64
37 118
162 164
171 111
102 29
166 145
71 22
7 157
26 156
8 45
120 62
10 118
126 153
58 162
102 74
190 165
148 164
43 141
196 91
181 109
13 148
164 184
86 94
27 113
171 12
109 46
161 130
169 45
167 14
68 77
93 110
117 111
146 73
109 150
102 108
126 111
23 77
66 49
136 99
170 177
25 57
148 115
126 107
66 185
62 182
60 6
60 118
120 134
180 34
102 56
166 9
143 33
34 112
177 94
23 107
58 19
8 57
153 11
14 194
125 134
63 181
9 16
132 28
180 64
173 158
121 67
147 188
60 33
173 39
160 155
128 169
157 184
117 19
4 193
113 184
42 82
96 12
122 110
101 5
165 46
148 135
122 85
147 139
147 36
163 28
9 140
131 129
123 101
51 105
143 162
179 2
100 16
2 95
130 141
63 158
168 181
124 141
10 157
47 6
35 60
136 126
198 33
3 76
71 48
68 193
187 145
116 96
199 81
43 109
19 155
80 96
35 127
113 56
54 62
84 45
12 20
132 188
9 141
121 122
188 142
47 69
193 91
164 196
2 131
50 74
7 13
80 62
156 184
86 184
179 28
63 162
157 81
37 41
31 50
7 108
119 108
120 145
93 21
47 190
165 138
86 8
37 187
77 88
75 169
112 22
25 198
67 164
25 41
119 148
159 145
42 52
194 185
19 1
27 118
148 122
117 12
103 86
151 70
192 39
166 78
54 47
65 79
79 96
88 33
34 70
58 59
80 110
190 186
178 145
128 59
163 136
179 67
16 108
136 10
51 49
140 99
159 115
160 185
7 190
120 8
178 124
26 194
9 175
132 114
193 62
113 169
59 141
83 5
125 155
178 45
119 111
114 38
172 197
103 46
68 12
48 8
193 150
71 89
40 30
53 73
117 134
112 33
68 116
136 143
68 189
60 109
23 68
100 102
23 146
159 162
54 58
3 6
120 39
150 45
179 147
146 107
168 194
77 122
86 53
60 155
144 36
160 113
40 162
4 9
81 16
62 149
7 125
54 143
75 61
128 96
9 185
99 18
158 45
14 147
117 183
93 45
199 157
62 49
2 109
189 109
34 15
193 27
64 11
63 69
162 149
31 95
200 174
160 131
177 121
109 19
117 51
103 18
47 144
155 38
23 182
189 112
189 34
2 41
3 30
139 6
100 198
149 39
107 52
181 146
48 79
167 194
193 17
131 171
110 171
181 58
69 112
170 141
146 110
13 95
8 5
178 122
97 105
31 33
44 183
114 141
80 20
132 3
199 108
31 38
177 146
37 65
156 190
48 1
66 87
168 135
58 62
19 52
200 12
83 3
146 143
133 32
15 141
32 143
37 94
47 169
166 64
46 105
173 60
168 6
59 41
165 22
29 70
167 42
167 28
10 125
174 30
56 184
80 99
130 188
49 142
190 182
37 49
175 105
67 110
156 53
163 117
151 91
190 33
198 143
4 112
69 74
43 127
101 48
64 138
135 169
34 17
136 196
119 192
57 115
191 40
159 158
195 188
171 20
107 111
68 131
42 108
100 42
194 44
195 86
128 24
77 83
177 82
86 130
19 107
172 153
75 3
35 83
107 185
50 11
17 152
80 137
150 20
21 138
139 127
48 5
143 109
169 105
155 95
200 83
131 33
187 195
128 136
7 42
61 33
187 127
160 197
49 15
78 19
99 82
161 175
43 117
34 48
111 105
34 6
190 122
31 6
66 57
102 176
64 96
136 75
199 165
136 157
142 105
38 33
124 183
118 138
17 171
173 118
46 45
35 131
153 162
156 52
147 131
191 199
27 15
167 82
172 91
189 138
131 115
35 5
9 56
112 11
107 96
163 133
115 24
136 60
25 94
43 5
149 185
198 146
10 192
23 104
128 99
200 106
50 197
180 121
140 106
173 110
128 198
71 17
145 82
143 186
79 183
67 153
28 12
2 84
137 51
173 111
35 81
146 162
135 67
47 89
168 81
37 97
114 73
117 110
173 89
119 121
92 139
167 10
197 6
102 33
114 155
72 79
147 6
107 90
98 188
93 64
180 183
173 123
31 19
170 25
26 73
179 109
41 30
195 2
179 190
106 127
31 153
78 131
166 175
192 16
61 56
48 11
45 183
181 171
129 21
61 6
173 131
190 141
128 28
43 171
68 84
78 179
10 11
106 134
11 18
154 107
71 130
135 5
153 150
120 77
168 195
136 4
154 2
184 111
133 22
7 11
112 110
167 72
26 126
47 122
186 51
48 96
133 96
55 11
66 67
77 46
170 60
99 106
126 90
136 31
19 149
37 142
148 65
77 28
10 12
80 183
106 1
166 11
71 191
191 62
135 1
50 84
43 14
172 188
178 126
83 24
163 140
66 142
119 118
140 129
184 105
75 35
25 12
75 182
62 39
161 20
89 158
144 15
165 196
37 45
160 182
153 73
117 175
140 39
179 32
71 161
136 147
126 79
95 85
31 152
28 152
154 33
155 6
22 84
96 196
147 193
37 152
170 76
54 192
160 77
116 74
63 178
167 109
136 9
60 126
192 184
160 123
44 12
174 95
38 82
160 17
62 185
125 118
139 152
146 161
166 142
179 108
110 82
154 76
69 88
23 175
143 48
133 29
54 69
81 183
11 171
124 125
198 65
145 144
68 41
71 25
59 94
59 18
13 192
177 139
147 21
32 159
7 56
81 123
121 107
128 154
104 64
160 91
68 10
151 53
43 48
29 30
163 146
32 162
22 57
161 171
149 115
199 186
98 109
50 44
149 105
31 103
195 52
76 183
193 185
159 17
61 104
133 60
167 17
128 143
123 98
29 76
102 52
32 139
148 141
62 94
55 115
132 51
42 88
89 138
34 111
152 20
23 155
181 131
166 106
47 198
66 141
50 30
49 18
107 95
140 65
23 116
40 130
107 184
173 107
197 88
162 16
127 6
200 85
143 44
95 45
168 158
128 64
31 82
26 176
144 196
10 158
128 47
83 96
3 73
109 24
125 94
151 93
157 117
122 41
192 110
63 39
136 91
36 197
107 24
124 142
164 158
19 176
191 22
48 51
103 57
37 183
112 1
178 140
64 20
36 62
43 65
86 164
147 67
61 57
63 173
93 5
68 11
9 195
43 38
4 199
135 84
11 79
121 141
163 54
152 6
27 1
155 85
165 127
2 129
131 165
156 146
70 127
151 110
181 76
102 83
25 31
167 104
136 18
9 181
135 10
92 88
32 44
21 52
26 109
99 137
168 66
69 40
191 2
136 93
116 193
34 58
98 90
78 96
62 20
47 52
152 118
80 65
119 162
199 196
102 15
108 5
191 143
169 152
130 105
147 155
180 155
110 108
78 45
31 187
51 142
146 137
60 182
132 192
47 83
75 138
49 182
67 171
181 6
186 94
48 155
7 40
146 186
13 153
173 165
78 16
2 96
145 22
156 96
86 22
189 58
156 157
154 97
142 115
166 104
40 144
60 176
15 44
68 175
71 142
193 80
66 33
175 56
92 111
190 20
110 57
11 41
141 105
173 86
194 131
95 44
120 138
4 126
69 3
136 177
101 126
7 163
4 100
76 46
199 61
132 95
144 176
170 14
189 51
14 49
2 171
189 1
77 39
166 80
83 2
102 70
92 1
115 183
71 77
14 42
16 36
11 49
22 45
170 29
198 72
200 75
32 138
89 129
71 80
159 90
143 62
4 122
4 190
98 141
74 44
55 64
32 27
137 11
14 186
152 138
165 153
39 150
178 30
140 153
66 106
77 103
148 198
174 117
155 134
143 70
71 30
120 104
124 69
176 46
55 39
32 105
173 10
142 90
122 196
31 58
82 183
7 102
83 76
184 188
104 143
83 97
14 30
71 167
135 183
180 70
58 87
62 196
5 88
34 88
61 93
112 87
101 137
180 49
17 94
187 49
62 111
109 182
68 178
132 151
35 165
83 22
13 114
79 18
151 107
32 186
109 107
178 70
42 139
81 73
197 46
43 196
116 106
166 193
26 2
114 186
13 73
38 134
156 91
54 15
135 125
48 21
136 12
10 52
178 3
93 185
10 1
56 76
60 76
4 14
128 140
26 106
77 184
36 46
181 64
27 41
100 58
6 115
77 176
37 110
180 86
170 90
151 146
194 176
25 8
170 190
92 154
128 56
7 94
196 141
62 118
163 169
14 58
75 117
163 129
50 22
166 29
8 184
139 44
69 97
98 64
32 103
26 198
9 180
174 126
101 141
54 111
179 41
81 36
25 33
78 196
148 44
42 45
107 64
19 94
161 106
174 66
145 72
190 153
136 8
170 80
191 97
62 138
132 25
166 126
151 116
67 89
31 101
169 138
200 184
177 27
171 106
32 199
55 164
148 123
162 107
156 188
3 46
172 107
116 40
133 181
199 131
198 175
189 12
69 72
56 97
17 184
154 104
199 193
13 59
9 164
34 39
39 1
197 183
164 94
160 186
119 129
163 98
93 46
178 56
58 8
156 149
74 91
135 149
96 88
103 108
108 176
107 118
123 185
117 107
135 89
166 85
133 129
99 141
35 105
9 19
76 142
10 190
4 22
65 30
170 65
7 114
192 24
29 45
186 5
55 139
178 61
4 135
190 105
121 176
191 117
31 123
26 113
3 107
66 17
102 146
152 115
191 46
119 6
195 151
92 143
56 142
153 192
174 154
160 130
54 140
9 154
177 55
162 129
17 46
23 195
67 85
35 179
174 69
160 150
66 76
75 151
50 164
3 171
38 22
100 130
23 15
50 89
121 90
47 39
104 171
23 176
157 110
186 183
61 45
66 107
42 127
50 110
101 105
192 185
58 17
47 63
98 62
101 84
117 5
133 93
89 5
117 56
191 125
194 197
167 55
26 8
119 107
4 21
200 164
110 97
100 121
132 64
59 88
103 98
28 51
128 117
29 126
160 169
36 139
161 89
157 96
172 161
66 48
46 82
163 199
40 114
181 112
103 182
50 150
143 73
137 111
69 24
179 91
54 40
136 155
31 125
59 79
58 79
124 45
179 46
53 153
49 52
32 42
171 45
163 153
61 186
132 27
72 115
25 179
78 134
27 114
92 158
200 168
34 62
3 51
194 53
35 70
123 17
163 36
145 182
93 162
136 65
56 84
159 52
136 100
43 140
86 89
124 190
81 162
113 118
47 153
9 111
28 150
189 89
161 169
98 72
128 62
131 15
120 112
23 124
187 57
171 21
158 20
98 21
26 87
119 61
172 84
102 76
140 186
124 122
83 118
125 77
91 20
121 188
121 21
164 45
180 88
99 28
35 36
37 120
47 27
181 28
180 42
54 28
157 101
161 79
26 174
186 134
77 154
100 188
7 197
29 81
52 115
170 94
120 57
194 93
2 15
100 64
125 103
78 10
37 91
83 101
9 13
11 115
133 67
144 16
187 85
121 6
178 161
195 142
179 101
195 158
114 16
58 21
163 147
62 107
148 147
10 183
130 27
41 196
171 33
157 140
168 33
190 144
42 27
13 34
87 158
114 45
145 24
135 193
130 1
100 189
144 91
148 19
19 150
18 30
131 39
178 135
113 76
32 1
32 117
102 126
20 24
123 16
80 184
177 90
34 18
173 179
194 85
97 44
9 101
153 107
121 190
179 59
58 96
43 187
3 118
7 54
124 46
32 57
10 106
194 199
7 121
186 76
146 129
136 102
31 55
23 148
64 150
109 84
81 140
50 80
75 153
54 88
136 159
55 67
107 127
53 101
151 153
133 115
75 199
15 46
1 85
157 61
60 102
9 138
159 40
177 51
111 24
137 171
23 80
71 11
137 33
185 142
57 44
168 122
10 87
170 117
48 197
121 65
144 22
17 91
177 110
135 51
92 161
78 145
151 16
10 34
143 93
7 178
35 56
63 169
161 76
29 12
4 149
68 98
31 91
75 196
156 193
40 182
168 86
146 176
140 116
140 61
34 1
3 11
113 141
29 96
114 93
177 106
131 150
100 78
186 70
113 38
95 5
187 165
63 73
7 79
135 139
51 84
101 61
23 31
63 192
179 121
50 172
74 171
60 116
162 56
121 144
117 17
61 185
35 103
198 118
156 144
37 154
177 181
148 83
34 134
198 93
23 150
180 164
56 150
55 189
135 62
74 93
99 104
122 90
54 181
157 24
98 74
9 73
97 51
102 107
54 138
190 114
133 106
63 150
65 20
117 184
9 160
190 94
29 155
78 165
125 140
124 134
101 49
95 183
114 88
43 188
123 153
37 159
138 30
160 55
67 87
187 90
154 94
95 22
120 139
104 16
164 20
60 65
170 109
16 184
53 127
63 168
119 21
72 70
157 49
170 107
26 18
153 152
40 155
174 189
166 135
186 84
195 185
185 33
9 34
150 6
55 93
157 183
87 52
133 16
43 36
17 51
36 169
103 40
55 82
62 171
37 127
10 58
7 8
70 90
104 105
10 48
166 147
189 182
4 74
2 134
167 44
2 12
103 144
116 143
67 196
119 9
131 79
54 14
58 20
65 196
95 84
89 153
160 104
128 123
178 49
140 15
145 91
185 70
198 3
31 196
47 17
66 101
81 110
25 126
136 197
103 94
170 32
90 24
179 85
4 114
139 52
65 142
200 195
156 42
132 88
62 44
69 161
4 108
26 98
174 132
162 91
106 6
114 84
5 15
50 94
34 99
195 130
63 84
7 89
29 19
154 58
168 147
13 52
144 184
103 84
32 110
7 31
123 141
108 57
132 56
173 155
110 150
37 83
142 134
191 105
82 24
167 90
92 45
19 36
149 51
151 3
7 25
199 107
32 164
36 94
60 77
147 19
106 115
185 196
174 110
10 77
9 187
60 42
27 171
167 137
67 138
75 159
47 154
180 79
42 144
35 144
107 56
195 146
116 1
55 28
61 36
83 104
177 161
69 162
120 182
65 155
172 111
10 96
34 30
170 147
68 196
7 159
99 197
197 45
194 82
178 176
32 24
180 19
151 52
78 101
19 110
64 79
13 137
198 184
193 24
94 182
77 64
69 1
200 102
10 99
104 88
32 21
133 33
191 69
195 5
128 122
126 36
186 39
19 79
23 147
7 17
120 34
86 138
68 145
113 106
71 63
146 175
2 67
37 56
65 57
123 39
173 129
174 91
139 142
89 95
151 118
153 96
25 69
43 51
53 138
65 52
133 6
171 82
68 130
166 30
128 48
55 107
96 39
9 124
200 197
179 194
186 12
117 28
159 35
155 169
72 45
59 115
168 64
171 84
73 20
26 1
112 118
178 151
178 77
16 20
170 54
102 1
29 56
61 129
112 158
140 161
123 109
167 171
180 158
126 104
13 48
63 88
200 20
141 52
36 176
67 184
77 20
165 61
145 105
200 113
120 30
11 76
124 189
123 41
92 58
109 149
42 74
58 111
130 85
148 137
135 109
94 1
114 39
150 118
58 114
42 24
101 64
25 148
159 59
89 72
179 76
165 152
102 94
101 95
199 118
82 138
49 96
76 134
31 30
36 155
176 18
128 6
25 49
152 106
197 12
92 129
54 104
111 30
137 73
34 153
154 64
167 100
146 113
43 67
160 114
53 22
32 172
116 8
119 62
117 143
138 158
140 117
31 45
179 81
160 83
136 66
163 112
147 49
173 142
154 130
180 194
62 97
7 148
143 95
23 173
86 33
102 158
75 107
161 72
36 91
61 169
15 105
67 93
53 158
187 82
190 6
172 40
14 28
194 55
71 78
54 63
89 27
50 16
13 32
194 73
23 32
159 150
23 165
26 83
110 15
16 169
160 92
119 134
172 67
147 76
165 158
59 49
71 68
121 79
103 115
198 103
63 117
152 82
81 101
164 108
19 49
65 127
118 46
14 2
81 3
176 38
181 122
78 124
9 66
163 87
200 194
189 2
193 165
136 50
37 42
173 90
160 64
19 182
111 82
102 125
198 117
99 21
58 82
56 197
14 10
80 140
99 62
147 88
86 41
163 82
194 57
89 188
175 44
78 144
194 142
103 87
78 116
176 90
69 21
69 109
196 183
54 179
59 20
35 44
75 53
130 176
13 155
182 85
9 110
93 108
72 20
13 38
32 188
85 134
172 126
81 141
157 176
34 129
131 18
191 115
26 170
124 22
154 125
155 105
147 44
181 94
62 1
167 62
41 183
121 106
189 146
47 55
26 141
80 118
165 52
154 185
26 152
113 105
23 9
43 165
10 19
99 16
59 6
198 67
78 104
13 80
37 67
191 98
36 115
128 37
14 193
25 44
60 101
167 80
89 184
54 169
187 118
195 193
120 82
79 12
147 40
193 36
29 150
37 84
147 169
180 77
166 58
162 70
53 126
29 184
42 73
47 134
61 17
78 195
79 142
143 183
77 57
14 65
78 2
140 76
75 17
155 176
126 38
44 45
86 162
50 185
177 104
93 149
199 15
71 163
132 94
153 155
129 15
187 38
17 38
198 24
6 134
174 163
107 155
9 163
189 20
53 94
102 192
194 116
59 175
68 53
14 158
113 1
26 32
149 57
143 15
26 111
117 8
166 40
166 176
195 79
68 5
102 69
72 197
159 157
199 113
78 121
147 83
177 61
23 198
109 64
7 158
25 108
53 139
179 118
16 142
178 159
81 153
15 182
55 70
159 57
13 130
133 198
126 105
117 150
170 164
163 94
163 172
83 171
174 19
159 3
54 38
148 34
86 91
92 79
169 57
154 81
131 109
4 32
4 106
40 46
197 84
198 141
92 156
172 123
15 52
162 94
126 51
160 8
39 88
80 64
5 118
7 66
8 171
66 153
199 88
156 38
122 45
75 111
124 147
143 182
10 188
131 91
194 2
50 141
151 51
130 16
99 107
170 6
56 129
126 19
26 36
77 111
66 118
13 27
71 136
156 90
63 154
173 57
114 110
26 104
60 84
43 18
150 115
187 138
100 30
50 15
60 193
194 60
80 70
7 131
182 127
7 22
35 2
162 134
148 185
184 106
137 24
170 70
13 74
40 143
117 138
65 11
119 182
95 184
83 69
122 88
126 94
26 40
124 185
190 127
28 183
61 24
198 61
95 197
167 65
122 169
55 146
14 152
56 169
112 162
168 102
108 70
139 46
123 193
3 106
192 33
80 51
65 41
60 99
110 6
122 6
58 153
153 57
163 148
168 22
14 93
187 169
132 30
187 155
121 33
54 191
54 32
91 1
69 106
124 6
66 164
4 158
37 35
144 24
113 95
69 29
81 169
36 5
14 80
200 191
34 96
194 27
187 175
92 195
13 156
75 34
128 1
43 162
170 175
86 183
79 90
81 104
180 117
68 171
191 137
140 114
167 86
63 137
123 112
167 60
71 34
84 24
187 64
3 38
144 30
180 118
191 126
75 152
4 118
144 162
116 146
47 19
198 88
181 111
80 24
175 24
160 42
42 162
58 152
98 15
92 98
174 80
168 145
132 41
120 74
121 70
27 38
179 89
42 18
64 141
200 47
92 184
104 129
155 171
103 99
90 1
199 3
133 74
187 101
92 198
37 162
138 57
40 109
191 104
67 36
148 77
148 52
143 113
102 6
67 6
148 175
178 109
112 59
116 150
29 110
125 69
89 106
36 141
10 117
112 90
197 18
150 1
81 58
67 21
160 1
10 110
132 189
135 143
157 141
47 70
193 161
137 56
130 6
160 5
31 74
161 6
177 60
14 57
193 188
34 193
42 5
156 1
120 129
190 16
79 46
104 111
131 93
191 162
153 39
140 98
37 44
32 28
53 142
133 164
69 137
163 81
144 57
103 59
125 79
78 142
160 27
68 195
146 152
114 62
187 75
78 57
118 24
200 41
160 65
131 5
68 60
166 168
53 150
119 19
103 176
70 46
99 79
190 188
35 143
28 24
144 188
89 46
30 158
77 181
89 130
94 118
54 195
59 185
123 198
128 82
177 165
125 18
40 91
173 199
10 50
25 161
44 6
110 24
123 117
23 99
149 38
185 73
62 197
51 52
76 15
68 24
22 138
120 69
179 5
129 82
22 115
23 129
40 184
17 18
137 62
63 159
182 30
47 127
65 197
26 61
13 149
136 176
97 185
128 75
26 99
119 109
105 33
179 83
155 158
189 196
195 159
120 93
173 190
199 33
17 97
38 106
54 55
65 95
17 33
39 12
109 169
42 101
180 112
196 134
148 90
81 44
86 110
142 1
53 112
128 157
25 13
55 96
48 6
116 186
184 52
174 33
109 91
159 8
92 12
47 92
102 24
96 82
7 80
173 11
109 155
120 96
180 57
7 86
83 198
179 193
160 44
119 69
42 109
60 5
123 48
34 106
61 144
189 190
200 35
128 81
130 109
64 33
124 172
78 107
23 172
133 53
147 154
23 105
128 190
87 39
72 91
63 77
81 82
149 8
4 16
174 41
133 66
14 141
31 188
75 96
125 91
112 95
75 22
187 81
78 171
35 82
6 182
165 51
103 101
53 103
29 193
160 38
132 6
131 137
9 64
148 10
101 67
130 88
43 2
117 149
186 57
8 12
142 45
178 162
69 186
147 29
43 161
107 169
163 45
166 2
192 150
200 78
7 150
80 53
156 30
40 110
148 21
69 114
186 20
178 46
148 165
31 66
71 36
194 161
104 57
194 81
4 19
187 96
50 109
9 33
181 21
193 129
121 5
27 197
75 177
116 52
192 84
180 131
95 73
81 131
180 56
138 12
122 11
180 67
26 85
9 169
32 144
200 56
54 95
198 122
26 121
173 104
140 58
194 21
179 197
124 76
125 169
166 180
96 115
47 78
96 91
126 164
137 188
141 127
132 44
113 52
42 15
118 183
178 66
50 140
136 32
37 96
167 46
187 1
92 141
189 70
125 126
37 143
77 96
165 57
10 107
43 112
156 197
189 86
121 66
70 41
110 30
172 56
106 158
3 110
50 96
104 79
10 162
118 21
9 144
154 80
187 116
132 10
14 140
195 17
71 134
151 155
37 31
128 70
193 85
17 95
153 52
190 12
3 15
186 19
130 64
180 144
177 22
154 69
99 192
66 96
156 66
13 194
179 126
74 48
142 33
37 135
75 114
122 129
3 87
14 41
195 101
26 158
157 111
25 50
129 18
63 32
47 22
123 196
192 49
132 176
49 41
40 15
173 186
35 72
3 72
179 102
168 144
32 157
55 38
166 112
54 178
128 102
63 67
190 46
161 18
80 48
126 82
136 67
128 184
167 114
148 130
121 38
92 85
195 199
147 15
43 72
146 141
78 140
145 131
67 105
47 91
139 30
179 77
162 175
119 60
47 61
109 142
159 88
71 60
75 20
76 82
60 85
196 111
31 34
112 188
15 88
34 83
29 138
191 124
67 27
42 131
138 88
36 33
145 114
83 121
184 20
147 51
162 108
75 5
113 185
148 46
148 183
187 112
165 24
108 85
168 139
200 179
63 62
128 22
6 183
22 197
43 181
123 57
56 46
168 137
128 139
99 196
163 123
185 85
56 185
148 3
2 165
198 84
144 150
132 120
100 44
159 67
104 113
29 52
162 41
1 73
40 16
66 73
129 44
200 146
90 30
160 193
29 171
123 175
102 180
68 15
157 72
107 110
54 112
35 107
60 80
104 19
16 62
167 103
102 105
75 126
168 159
102 159
178 195
188 152
200 38
178 48
108 82
31 183
80 106
35 145
78 154
71 150
50 82
153 38
26 13
37 60
173 185
5 182
10 6
194 49
174 121
71 137
112 152
185 139
83 105
34 127
146 44
104 142
78 193
86 175
162 79
124 121
181 16
167 124
195 46
190 38
177 73
196 57
5 91
120 24
195 182
77 6
43 106
187 40
157 142
9 30
28 162
186 139
154 188
122 97
151 103
148 111
160 177
179 130
70 171
112 149
98 33
47 67
32 8
132 58
190 196
49 24
7 110
53 40
193 28
122 108
163 126
5 197
148 94
192 109
10 130
32 73
43 192
55 181
174 182
168 51
188 196
154 109
153 171
76 141
181 59
39 138
191 17
47 168
15 45
74 110
151 65
170 193
179 169
123 110
108 115
187 106
9 155
103 162
52 20
116 33
117 99
187 150
34 40
95 33
19 76
93 1
58 141
133 186
168 96
181 84
174 199
165 38
153 111
9 6
198 52
131 74
172 72
104 97
170 5
62 45
55 5
72 162
71 135
47 81
2 89
173 65
117 114
172 69
144 85
147 112
195 91
157 123
4 101
166 148
191 31
47 41
50 130
47 115
131 46
31 137
113 183
102 185
60 140
35 73
4 159
2 57
189 188
162 95
7 194
175 1
77 171
174 88
119 18
77 138
7 30
36 84
172 96
59 106
125 40
13 189
126 113
100 76
42 122
189 28
43 20
103 104
10 57
13 176
83 134
157 38
151 161
167 38
180 108
121 101
28 79
125 29
13 197
14 139
179 16
83 158
130 171
100 105
133 102
159 189
115 82
78 32
54 168
40 51
177 138
124 169
22 85
54 60
194 108
195 56
92 125
92 24
43 46
151 144
2 150
71 101
7 171
48 134
124 153
68 93
5 142
199 152
43 124
161 44
170 187
195 98
154 28
63 13
181 155
192 115
148 88
178 97
125 73
86 30
146 150
122 142
167 151
148 42
153 59
102 20
107 49
40 104
144 19
10 199
68 192
180 115
135 39
7 196
155 52
114 99
63 194
42 62
124 176
119 94
187 153
154 152
78 88
184 5
103 82
171 1
189 48
98 110
172 176
173 33
32 112
81 190
157 84
140 176
145 62
132 31
133 108
100 28
86 80
26 52
72 94
121 29
168 62
126 59
157 131
161 45
161 115
75 180
107 70
109 15
78 138
120 58
102 34
130 186
56 79
72 1
26 70
98 61
195 62
124 39
35 87
98 59
136 41
177 123
110 45
167 198
93 62
56 96
55 129
140 84
159 60
26 183
66 85
42 61
191 49
87 84
29 46
47 51
2 73
88 91
58 65
154 197
147 87
180 110
53 99
21 20
199 58
56 115
173 103
195 121
9 156
53 28
123 149
77 115
77 165
7 88
108 111
71 119
104 8
159 123
31 59
93 115
51 82
68 107
79 82
70 57
174 28
121 175
70 76
78 70
153 46
119 25
116 90
56 171
16 6
98 149
71 27
157 73
190 17
103 89
160 199
116 171
50 19
53 79
62 90
119 79
124 137
117 88
144 129
189 152
147 192
124 195
7 164
9 50
33 18
120 5
58 52
116 88
31 10
50 142
8 96
174 196
34 186
166 165
119 116
13 33
123 15
81 108
156 138
161 117
60 73
67 183
43 142
43 186
166 108
8 91
61 82
130 28
200 198
177 87
137 106
163 142
40 164
174 90
92 187
177 122
126 115
190 72
11 90
194 111
69 89
93 138
166 198
16 79
19 192
63 171
43 101
10 88
90 82
120 141
187 22
69 108
115 73
118 12
14 115
184 176
72 93
92 86
122 40
46 18
181 70
123 84
170 137
154 175
44 111
145 67
79 84
170 4
151 19
180 66
32 86
173 73
113 171
89 58
133 84
81 64
161 143
17 76
128 4
108 51
94 76
63 55
8 44
178 95
164 8
40 33
63 142
200 66
72 38
59 164
139 141
174 112
94 139
98 49
92 157
47 76
4 67
174 76
38 73
66 15
174 11
177 76
50 123
83 107
71 47
135 73
167 113
139 105
29 130
133 80
34 87
8 73
83 90
181 41
122 113
166 23
60 49
47 16
37 46
163 59
11 15
145 49
62 52
168 107
133 94
54 50
97 134
195 97
6 46
66 29
34 175
94 138
156 195
89 45
132 46
151 197
37 178
72 111
82 20
117 104
86 98
24 134
180 107
167 153
14 117
68 2
187 162
184 33
81 11
146 169
144 12
168 72
7 151
147 96
135 180
5 18
188 158
69 117
177 8
2 45
190 104
132 182
67 112
122 48
65 106
81 192
27 48
159 36
130 165
14 90
137 38
179 64
147 33
3 19
160 28
78 189
23 171
122 74
196 12
98 107
119 81
102 104
137 185
78 76
27 142
153 45
75 50
198 171
29 74
23 159
16 88
89 12
26 188
92 67
122 1
23 157
26 37
136 72
63 120
133 57
19 134
114 22
15 142
104 158
37 198
166 186
53 38
125 65
62 51
173 61
28 49
114 109
14 22
26 49
132 175
83 89
47 152
98 20
34 38
74 64
140 49
116 73
129 138
47 165
51 134
87 70
47 184
4 197
27 111
40 5
60 145
