InstanceID
9_40_4
NumObjects
40
NumFactors
4
Weights
70.7078470753738
26.533048106447566
25.822142960573903
21.994823391614737
86.09728015640047
80.80176066478995
71.63428319926987
25.773048595678173
80.3154324823442
54.15885004417991
68.1360272089805
96.69484362033687
93.9267836726982
8.372051019922043
40.463274115638505
31.55749186082506
71.99939604273189
6.473081681595683
59.09858610818961
83.63161418511054
77.37848847529266
86.2878249676151
95.83463464114949
8.288865756209574
19.112584576538506
22.835878135172962
94.15823699466839
57.61993188884254
29.4906781390309
88.15940772334112
82.82532382119408
77.30295616629772
70.66282800090862
19.967996124821454
83.30452819119027
60.62607907692363
49.29754511770257
27.986773047802526
5.765229346325662
58.14352311613917
Budget
1109.6204897499342
Profits
-14.14156941507476
-5.306609621289513
-5.16442859211478
-4.3989646783229475
-17.219456031280096
-16.16035213295799
-14.326856639853975
-5.154609719135634
-16.06308649646884
-10.831770008835981
-13.627205441796098
-19.338968724067374
-18.78535673453964
-1.6744102039844087
-8.0926548231277
-6.311498372165012
-14.399879208546377
-1.2946163363191365
-11.819717221637921
-16.726322837022106
-15.475697695058532
-17.25756499352302
-19.1669269282299
-1.657773151241915
-3.822516915307701
-4.567175627034592
-18.831647398933676
-11.523986377768507
-5.89813562780618
-17.631881544668225
-16.565064764238816
-15.460591233259544
-14.132565600181724
-3.993599224964291
-16.660905638238056
-12.125215815384726
-9.859509023540515
-5.597354609560505
-1.1530458692651324
-11.628704623227835
FactorLoading
-0.28488541701604264	-0.36243603370884037	0.08835816332058943	-0.26432038595452756
0.2175646065383936	0.3999890107252708	-0.034967001603655845	0.34747938113267973
-0.07840653832936617	0.18898516717480662	-0.03414061067961538	-0.6984676838162118
-0.3224338365469481	0.2313379996349587	0.2298528119428882	-0.21637535187520496
0.18097887894234965	-0.34823771975358175	-0.10359771056656109	0.3671856907375075
-0.4587721755500731	0.24302391906476006	-0.22999378422157313	0.0682101211635937
0.3326676805739317	-0.08652962245778095	-0.564761600103896	0.01604109686439137
0.15166689917378773	-0.19343061234423797	-0.1882847287204874	-0.4666177597614869
-0.05219432907348298	-0.5376171016412086	-0.32876045492538397	0.08142811435992447
0.12052468382584114	0.17151377556518588	0.3345226090964535	0.3734389315125195
0.385151999284679	0.015943447578621095	0.5306042670143896	0.06830028612231032
0.4695157126854348	0.14785226163578535	-0.029918505354022074	0.3527135203247578
0.1583671668771749	-0.2729855024647132	0.21554613248242593	0.35310119817568597
0.42918206358650535	-0.005326372422826964	-0.5409978177119976	-0.02449374627867007
0.5195926225438896	-0.39446354465036415	0.024561423288746997	-0.06138240951699925
-0.16395370527656006	-0.5998356173799091	0.017944205693779525	-0.21826647164975133
0.21302436644538836	-0.6821362773889399	-0.08655001053909905	-0.018289345626572695
0.5765082018489038	0.143515756672697	-0.11560339739003922	0.16437264408835994
0.4103207197196106	0.12145541957839434	-0.13552239370274877	0.3327014669992463
-0.06255912775786454	0.1480502753279367	0.12015462709748048	0.6692359698167183
-0.17635378605949414	-0.033957918337875315	0.0949448271487483	-0.6947434684538822
-0.11623768772349807	0.06879542441775532	0.528523718883873	-0.28644316897487365
-0.22493613616852604	-0.34009773199093973	0.28150525943949045	-0.15346087240104378
0.5753317907674473	0.07102639634068453	0.05716961404623233	-0.2964721988456358
-0.24436899539364698	0.31176156314785364	-0.014254542242488455	0.4296148992160109
-0.6562375847527142	-0.09136517391643939	0.20975598971939213	0.04264125161145427
-0.5360378580062808	0.29288776517143345	-0.12082086806167625	-0.05025350876060952
0.42746449967604705	0.2880996588498379	0.1612919940487314	-0.12314384742538365
0.340060842811307	-0.11046064682555645	0.4852612664372449	0.06421724392589168
0.09410107598250161	-0.21837677499925312	-0.6040200864162886	-0.0835020626019567
-0.04860770801693537	-0.48554893455541404	-0.38015651741051637	0.08568684001713422
-0.11765509282556952	0.38401127031513416	-0.0730341458047794	0.4252994910545169
0.07119031146852173	-0.6742685269119211	-0.08956915085786354	-0.16497201076169365
-0.2635832021258764	-0.16403375028110379	0.2722602255790454	0.30012282201397444
-0.08315357752864605	-0.6185421580498405	-0.14412948769619027	0.1541747767253232
0.584768265292785	-0.18551480807038856	-0.14333272775477246	0.08638419888205395
-0.14008509757410037	-0.3788412943198014	0.006566137859705057	-0.47450747024639317
-0.6447607178650656	-0.04198925166959322	0.19522102017304066	0.1180290102923005
-0.4651261006922143	-0.05611177241741161	-0.25389992031847486	-0.22486220657189926
-0.15247588703403792	0.1465427463975546	0.31982197356566777	-0.3811593930027397
Conflicts
26 20
27 6
4 40
23 30
9 18
12 6
4 30
23 6
10 3
5 21
34 30
38 20
22 33
35 16
4 5
29 20
31 24
14 38
26 18
7 1
26 17
34 12
17 24
28 16
35 8
7 31
3 38
32 5
15 24
23 34
11 33
13 6
25 40
25 22
25 34
31 8
13 24
23 33
19 5
20 30
27 33
34 27
40 18
3 30
36 11
14 29
10 36
34 2
39 6
26 5
6 33
37 32
3 16
28 20
7 26
7 8
7 38
35 20
34 6
9 33
40 27
7 32
36 15
30 24
36 22
16 24
34 39
10 24
31 12
36 21
13 12
26 6
34 28
26 31
9 15
7 25
40 28
25 1
16 6
31 18
36 5
32 30
13 28
14 1
21 38
29 33
7 34
26 12
19 6
17 15
22 1
37 38
4 15
11 21
32 16
13 18
19 22
2 11
27 11
29 39
4 24
4 16
4 2
3 24
7 40
23 12
23 27
37 40
10 32
10 1
23 10
9 10
31 17
9 17
32 40
14 31
9 31
3 15
12 1
5 6
35 34
11 20
37 13
17 1
37 12
29 11
40 12
10 34
34 33
14 12
37 35
25 20
23 31
19 24
2 8
13 39
34 24
26 24
11 22
2 5
23 16
25 19
3 19
10 40
13 3
16 39
32 6
25 21
21 20
20 1
2 15
10 17
40 16
6 1
35 5
27 21
37 25
22 24
4 31
11 18
32 33
7 2
40 19
5 15
25 3
37 28
31 3
32 28
38 18
37 8
31 30
7 35
34 18
29 5
31 40
39 24
19 39
22 6
8 12
2 40
26 16
5 33
38 12
7 12
33 18
3 27
13 11
34 40
23 40
35 30
27 22
28 15
13 25
23 20
37 5
23 3
26 14
26 28
2 36
35 28
25 28
11 24
27 24
37 24
26 40
23 14
27 36
8 21
26 11
9 11
34 5
15 39
31 25
32 8
5 24
9 6
26 4
29 36
23 15
14 20
23 25
26 33
35 21
13 5
3 22
7 37
4 18
25 11
28 5
35 1
10 28
11 30
7 13
35 29
37 21
14 21
15 33
7 36
31 5
26 38
27 19
9 37
33 20
12 20
27 16
26 22
9 13
7 27
7 10
17 33
21 30
31 32
40 5
10 11
28 12
30 1
14 5
40 1
10 12
19 20
2 30
4 21
14 6
31 6
17 30
9 2
8 24
25 27
32 21
37 6
22 12
14 3
7 33
34 8
35 36
13 33
14 34
10 18
31 15
4 38
24 20
9 21
37 4
10 20
28 8
11 1
16 12
17 12
26 21
34 1
27 30
25 16
26 8
7 24
2 16
7 39
16 36
19 33
16 8
16 33
29 28
37 14
37 16
32 19
7 30
14 27
4 29
37 31
14 39
35 27
8 18
4 39
7 6
26 9
28 1
37 34
35 22
35 10
10 5
10 8
10 15
3 11
2 3
37 33
40 17
14 36
32 1
23 22
14 33
39 33
39 30
7 5
3 1
28 22
31 27
10 33
10 16
13 2
25 36
13 36
36 8
39 1
5 12
29 8
25 15
10 22
15 12
9 8
35 18
13 16
38 22
10 39
28 33
16 15
15 6
35 24
11 12
16 20
13 1
32 27
19 21
9 5
32 3
14 28
26 39
27 8
22 30
14 22
4 17
12 33
8 15
11 39
14 15
18 20
29 21
9 3
4 34
14 40
21 24
23 1
3 39
32 34
8 38
23 9
26 25
9 19
9 16
17 22
19 30
23 18
16 30
