InstanceID
9_50_4
NumObjects
50
NumFactors
4
Weights
70.7078470753738
26.533048106447566
25.822142960573903
21.994823391614737
86.09728015640047
80.80176066478995
71.63428319926987
25.773048595678173
80.3154324823442
54.15885004417991
68.1360272089805
96.69484362033687
93.9267836726982
8.372051019922043
40.463274115638505
31.55749186082506
71.99939604273189
6.473081681595683
59.09858610818961
83.63161418511054
77.37848847529266
86.2878249676151
95.83463464114949
8.288865756209574
19.112584576538506
22.835878135172962
94.15823699466839
57.61993188884254
29.4906781390309
88.15940772334112
82.82532382119408
77.30295616629772
70.66282800090862
19.967996124821454
83.30452819119027
60.62607907692363
49.29754511770257
27.986773047802526
5.765229346325662
58.14352311613917
73.56796140454725
28.488541701604262
64.7321450724883
46.55989326050833
28.98366528189151
53.30811746258628
49.30070491478573
21.756460653839362
61.755361726366445
65.25206188673202
Budget
1356.472946432609
Profits
-14.14156941507476
-5.306609621289513
-5.16442859211478
-4.3989646783229475
-17.219456031280096
-16.16035213295799
-14.326856639853975
-5.154609719135634
-16.06308649646884
-10.831770008835981
-13.627205441796098
-19.338968724067374
-18.78535673453964
-1.6744102039844087
-8.0926548231277
-6.311498372165012
-14.399879208546377
-1.2946163363191365
-11.819717221637921
-16.726322837022106
-15.475697695058532
-17.25756499352302
-19.1669269282299
-1.657773151241915
-3.822516915307701
-4.567175627034592
-18.831647398933676
-11.523986377768507
-5.89813562780618
-17.631881544668225
-16.565064764238816
-15.460591233259544
-14.132565600181724
-3.993599224964291
-16.660905638238056
-12.125215815384726
-9.859509023540515
-5.597354609560505
-1.1530458692651324
-11.628704623227835
-14.713592280909449
-5.697708340320853
-12.946429014497658
-9.311978652101667
-5.796733056378303
-10.661623492517256
-9.860140982957146
-4.351292130767872
-12.35107234527329
-13.050412377346404
FactorLoading
0.47075100199452535	-0.045203961382600966	-0.31952142682800244	-0.16452360979487124
-0.2926691614601389	0.19031474593090558	-0.04647881212022309	0.47053728048873245
-0.47411595999842726	-0.03996609802416762	0.088124623063087	0.39779331891431813
0.04255792140406656	0.35876971976615635	0.22720509943600087	-0.37146725939377623
0.21225373588042662	0.23528439797794398	-0.08286716577511766	-0.46959470036651174
0.026241365803854944	-0.4387096080466164	-0.2261763892458939	0.30887263690363476
-0.09322599123267494	0.1693301395452762	0.49139425976715256	-0.2460496094548963
0.3503956741832266	-0.021452279104599015	-0.06384649612844906	0.5643055505837253
0.7771798898320752	-0.14798904017671566	0.023562569481803575	-0.05126850050940557
0.5933697232594672	-0.15123212025610533	0.08757341423744758	0.16782474224697985
0.4316577556295538	-0.445899272299886	0.09882632531452629	-0.02361664675603392
0.4152219869417235	-0.25830747117901187	-0.16251354681262287	0.16395699506664174
-0.012402074556000953	0.2559623261013191	0.43182472833862584	0.2998108710040541
-0.1868514327148676	0.40649822428911153	0.06436386372626735	-0.34228647926975353
-0.07688970585648125	-0.40373439874053685	0.0602585809142806	0.4591173144887013
-0.08002640858817411	0.03914497673901396	0.869109327419626	0.01171928725318594
0.1846007815975783	0.32306983577430537	-0.14682267998927045	0.34550670263884586
0.45552834621693683	-0.1472557687347087	-0.27213354332620376	-0.12508234172215071
0.09592814641546643	-0.40885476593651426	-0.14810367155226767	-0.34711341609575164
-0.067539659561352	0.4324512936573135	-0.2786153353640397	-0.2213937114172948
-0.36913586465521164	0.3844906548916711	-0.09161620528772718	0.15475727516539006
-0.12488719182248564	0.30268816803506526	0.35036228715718787	0.22206235298526122
-0.7311836204432898	0.07924379706321072	0.1437252367448678	-0.045847345748631696
0.022389354757863966	0.36732328425144445	0.46534156494261536	0.14494579604807623
0.14205326368361249	0.07991849937875783	0.4734012115596917	0.30462702537793795
-0.03800002114293144	0.07151093272548326	-0.41837655447971445	0.47211249165187086
-0.598678942214923	0.01843175037864553	-0.24345815889465783	-0.13943114851177363
0.25305475848596815	-0.2949178179593699	0.36933586185896283	-0.08269156169569913
-0.3529832786423772	-0.07502362236115734	0.10698539640860183	0.4650077025878636
0.23915390505342837	0.215373410274307	0.04427762686131809	-0.5011950578109465
0.04625800948366088	0.1644274597614508	-0.5182388939183802	0.27107563683650815
-0.1564482572090924	0.09272872686763889	-0.7160051368316973	-0.03481787909157141
0.45905479315497844	0.024708670426513812	0.16463212848236863	-0.3516044079361391
0.054514338353594205	0.330151280850856	0.03260512714873509	0.5827292536468147
0.38162275171598425	0.03770998498985345	0.3728605291871889	-0.20780673410697337
-0.003762127887259492	0.30929709893347135	0.4192572367820586	0.26768353639721054
0.10534042235769436	-0.23037674616121584	0.18408334001913795	0.48019949146195184
-0.15631297458224025	-0.09948086728760352	-0.15490015002095392	0.5893060081092023
-0.27473213039100397	-0.2545047413203565	-0.41401534782141414	0.056747780467225395
-0.13890450217883177	0.45971217203030457	-0.18298914348933693	-0.21839418230152674
0.08758183110240636	0.3072186886388446	0.12703615196183438	0.47816332829691466
0.15367324441158026	0.0636942651098471	-0.5403318804720463	0.24230061000652636
-0.03921373805234052	-0.2593201944956527	0.3336119018694179	-0.3678541655825889
0.20614312840609195	0.014878050750954497	0.48483025631894194	0.2941485645240116
0.04434240843807968	-0.6957274250330803	-0.1914464400475433	-0.06848372648129675
-0.018143647384682993	-0.04170037521309422	0.6052668600074269	-0.3348891173947959
0.1386186987210385	0.5283739955447466	0.18372492613226266	-0.14928237960195223
-0.29731825105998366	0.29020927320870116	-0.11684340947680649	-0.2956290662545087
-0.12632364416562103	-0.27134517502900946	0.5334362436026414	-0.0688949372027281
-0.28171596054575576	-0.31638998435420373	-0.3378946033450225	0.06399945175501798
Conflicts
34 24
3 17
10 28
26 16
35 18
7 8
31 3
32 38
5 15
41 24
47 46
23 34
11 33
13 6
50 40
25 22
43 25
25 50
34 8
47 31
13 24
23 33
19 5
20 30
47 27
27 33
34 49
40 18
3 30
36 11
14 29
10 50
34 36
2 6
50 39
26 5
48 6
37 33
32 19
47 5
3 16
42 20
7 28
26 8
7 38
7 47
41 20
35 6
34 48
42 33
47 9
43 40
49 44
32 27
7 15
36 24
22 30
36 49
16 24
34 39
10 24
31 12
36 21
13 12
26 6
31 28
26 9
25 40
28 1
16 6
31 18
48 5
32 36
46 30
13 28
14 41
21 1
38 33
7 29
26 34
41 45
12 6
19 17
47 48
15 46
22 1
43 38
37 44
4 50
15 21
32 11
13 16
42 18
42 22
19 11
2 11
27 39
4 29
41 38
16 21
4 41
4 2
47 3
44 24
50 48
7 50
40 6
50 12
23 27
37 40
10 32
26 31
45 1
23 9
31 10
9 17
40 17
47 32
15 44
50 15
14 50
31 50
9 31
3 15
12 1
48 45
5 6
35 34
11 20
37 13
17 49
42 1
5 46
42 44
47 29
11 12
40 46
10 34
47 34
14 33
35 12
37 20
25 31
23 19
8 24
26 2
44 20
13 45
26 24
11 45
2 22
16 5
23 25
47 19
19 45
10 40
13 3
16 39
41 6
43 32
25 21
15 20
2 17
7 10
40 45
40 16
6 1
47 38
5 21
35 44
27 21
37 25
22 24
4 31
11 18
32 33
7 2
40 41
25 15
3 49
37 28
32 28
43 41
19 6
45 18
37 50
8 30
50 44
31 49
10 44
37 1
31 8
7 4
43 35
34 41
29 5
23 30
32 30
40 39
39 24
48 41
19 22
8 6
40 12
16 46
5 33
38 12
7 41
12 18
33 45
43 21
27 38
42 3
7 25
11 44
13 42
34 40
36 15
23 35
27 30
28 22
13 25
23 20
48 12
13 49
37 5
23 3
28 48
26 14
26 28
2 36
35 28
25 28
11 24
37 35
35 40
26 49
47 14
47 44
23 14
14 46
31 30
27 36
14 1
35 8
8 21
47 45
26 45
11 46
9 44
11 41
31 39
25 32
25 8
6 24
9 3
25 48
4 36
23 29
15 33
23 24
42 24
14 20
49 33
26 21
35 42
13 22
43 3
7 45
48 44
37 48
41 18
4 25
34 11
40 28
5 45
35 48
10 1
42 28
48 11
6 20
13 1
29 48
34 42
37 10
14 24
31 29
28 46
3 38
47 15
7 33
31 36
34 5
50 30
26 38
50 27
9 19
43 42
43 33
12 20
27 16
14 21
26 22
9 13
7 27
17 33
21 30
29 20
26 18
43 31
5 1
40 11
8 46
32 16
27 19
43 5
14 10
32 48
40 1
43 24
10 27
7 12
2 19
4 30
34 21
14 6
31 17
9 30
2 8
25 24
27 44
28 15
32 21
9 37
46 44
37 6
22 12
14 3
35 36
13 33
10 11
14 34
10 18
31 15
4 20
45 24
9 21
37 45
8 45
28 11
48 1
16 12
48 17
26 12
19 21
39 18
15 18
2 45
17 30
16 8
7 16
42 39
16 36
19 33
2 5
16 33
17 24
29 28
37 14
37 16
26 19
32 44
47 30
7 14
27 5
29 19
4 21
37 39
14 27
4 39
7 6
4 5
47 13
34 27
46 1
14 28
43 39
37 34
35 22
27 22
15 24
35 10
10 5
10 8
19 41
27 41
10 15
14 44
39 44
50 3
43 11
2 3
33 44
17 36
14 32
35 1
35 49
23 22
5 44
34 19
49 24
50 33
14 42
39 33
39 30
7 5
3 1
2 49
13 36
47 25
16 45
3 36
43 8
47 36
39 15
48 49
48 39
34 29
28 49
50 22
25 36
8 18
22 20
26 15
9 12
47 35
27 49
23 38
10 22
28 45
16 15
47 1
35 45
2 24
9 41
42 38
14 16
44 1
7 43
30 45
9 5
8 44
37 47
3 48
32 45
28 44
26 39
25 41
28 8
14 22
10 41
34 17
4 49
49 39
12 33
47 42
8 15
21 45
26 40
23 12
18 20
29 21
36 5
34 1
9 8
43 46
3 11
31 24
34 3
46 24
7 36
23 48
32 49
25 12
26 50
26 20
35 29
19 46
9 10
16 22
17 15
44 18
16 30
21 12
31 46
4 48
3 41
9 29
17 45
13 30
50 6
4 40
21 46
13 41
23 50
19 18
36 20
16 41
26 41
48 33
31 22
26 33
9 18
32 3
27 20
4 22
40 38
26 29
23 17
10 36
43 29
37 21
10 3
36 12
15 1
26 10
31 27
43 28
29 45
17 20
9 48
47 16
32 41
38 1
22 46
50 29
37 27
4 14
25 2
13 15
37 38
48 8
49 1
36 46
25 20
23 28
36 8
37 31
35 21
9 22
23 36
9 40
5 24
23 10
35 15
40 27
49 12
38 20
31 2
25 17
9 6
31 44
17 5
13 19
14 15
40 24
37 41
43 9
14 38
10 49
49 38
36 22
27 28
31 6
32 1
47 8
26 43
25 46
29 46
9 15
33 30
33 24
4 34
32 2
25 19
36 30
28 39
27 1
2 16
17 44
36 33
4 33
42 36
41 30
32 20
17 41
32 17
36 38
36 44
35 33
35 41
3 44
40 36
43 20
42 2
40 48
48 22
35 16
14 18
17 12
4 13
29 24
36 48
