InstanceID
9_80_4
NumObjects
80
NumFactors
4
Weights
70.7078470753738
26.533048106447566
25.822142960573903
21.994823391614737
86.09728015640047
80.80176066478995
71.63428319926987
25.773048595678173
80.3154324823442
54.15885004417991
68.1360272089805
96.69484362033687
93.9267836726982
8.372051019922043
40.463274115638505
31.55749186082506
71.99939604273189
6.473081681595683
59.09858610818961
83.63161418511054
77.37848847529266
86.2878249676151
95.83463464114949
8.288865756209574
19.112584576538506
22.835878135172962
94.15823699466839
57.61993188884254
29.4906781390309
88.15940772334112
82.82532382119408
77.30295616629772
70.66282800090862
19.967996124821454
83.30452819119027
60.62607907692363
49.29754511770257
27.986773047802526
5.765229346325662
58.14352311613917
73.56796140454725
28.488541701604262
64.7321450724883
46.55989326050833
28.98366528189151
53.30811746258628
49.30070491478573
21.756460653839362
61.755361726366445
65.25206188673202
83.54763902051288
51.59549633771263
47.075100199452535
91.59125890980076
30.15323161837882
26.739170550417278
7.840653832936617
48.29839073910445
52.946271951126754
29.266916146013887
16.49683059709801
78.3624648124795
32.24338365469481
55.377183618190685
47.411595999842724
60.22066810856819
51.40820580225949
44.20997531521391
18.097887894234965
63.28143092624925
52.92165986959314
62.853274060622375
4.255792140406656
40.13276411702229
94.19282932365434
93.17898788364063
70.17960946148332
45.87721755500731
44.75381338583706
53.040529963348824
Budget
2105.248063330061
Profits
-14.14156941507476
-5.306609621289513
-5.16442859211478
-4.3989646783229475
-17.219456031280096
-16.16035213295799
-14.326856639853975
-5.154609719135634
-16.06308649646884
-10.831770008835981
-13.627205441796098
-19.338968724067374
-18.78535673453964
-1.6744102039844087
-8.0926548231277
-6.311498372165012
-14.399879208546377
-1.2946163363191365
-11.819717221637921
-16.726322837022106
-15.475697695058532
-17.25756499352302
-19.1669269282299
-1.657773151241915
-3.822516915307701
-4.567175627034592
-18.831647398933676
-11.523986377768507
-5.89813562780618
-17.631881544668225
-16.565064764238816
-15.460591233259544
-14.132565600181724
-3.993599224964291
-16.660905638238056
-12.125215815384726
-9.859509023540515
-5.597354609560505
-1.1530458692651324
-11.628704623227835
-14.713592280909449
-5.697708340320853
-12.946429014497658
-9.311978652101667
-5.796733056378303
-10.661623492517256
-9.860140982957146
-4.351292130767872
-12.35107234527329
-13.050412377346404
-16.709527804102574
-10.319099267542526
-9.415020039890507
-18.31825178196015
-6.0306463236757635
-5.347834110083456
-1.5681307665873234
-9.65967814782089
-10.589254390225351
-5.853383229202778
-3.2993661194196022
-15.6724929624959
-6.448676730938962
-11.075436723638138
-9.482319199968545
-12.044133621713637
-10.281641160451898
-8.841995063042782
-3.619577578846993
-12.65628618524985
-10.584331973918628
-12.570654812124475
-0.8511584280813311
-8.026552823404458
-18.838565864730867
-18.635797576728127
-14.035921892296665
-9.175443511001463
-8.950762677167413
-10.608105992669765
FactorLoading
-0.21225373588042662	-0.6832401168436137	0.08846505041156827	-0.01604109686439137
-0.15166689917378773	0.3132840746766836	0.5258188716211971	-0.009230154528331536
0.12889482223145543	-0.13366130854649572	-0.6560157548621244	-0.08142811435992447
-0.12052468382584114	0.22987099035738545	0.41533180121793056	0.23427252459884285
0.385151999284679	-0.3920278905473962	0.024185003558552687	0.19863510660937211
0.4695157126854348	0.12385401057403245	0.3786926297294282	0.02793764701110457
0.4313526693418881	-0.000305086287665679	0.239479314884248	-0.3288629294861982
-0.42918206358650535	0.4068609413468529	0.10918279941776543	-0.05477419564887631
0.012402074556000953	0.08265353996632108	0.8190005526719317	-0.08594383280574625
0.18157090585785296	-0.4761426148723935	-0.10607580192622268	-0.23621067734353085
0.21302436644538836	0.28429891959758247	0.043559399468327875	-0.4591173144887013
0.08002640858817411	0.12546274645277333	0.3710190468079564	0.42349179815109617
-0.1846007815975783	0.3471753577004266	0.3387474597572311	0.12947640094476398
-0.3307640301832817	-0.12476431603365512	-0.2437697080502259	0.30070194573283726
-0.21031170439736946	-0.29447120795461124	-0.22542970371127646	-0.26978738393674284
-0.05902643364320337	-0.654530397381923	-0.06504945755757885	0.2213937114172948
-0.4013618456911179	0.3522646738557649	-0.09291260805207346	-0.15346087240104378
0.3361762188109543	0.3673515823434099	0.07440984586037458	0.22206235298526122
0.4336602593534742	-0.12247029918802643	-0.17505306190178915	0.2688163795567102
0.3897126390093084	0.1849655312737024	-0.3826805781055349	-0.04264125161145427
0.5818406521534145	0.11353232246864753	-0.1335526485556522	0.17107437682228577
-0.03800002114293144	0.06941175719969839	0.6081523801832551	0.28443584147411505
-0.25921256258285585	-0.6013562889053705	0.07521390458588195	-0.06421724392589168
0.31247785098175473	-0.22136939471186734	0.3834611926106788	-0.08269156169569913
0.04860770801693537	0.3793991929865992	-0.045785685542552246	-0.5262074134539132
0.49880494218905347	-0.07589556675642961	-0.23082004531295586	0.19447944574156106
-0.04625800948366088	0.7887699797546455	0.10331489620703183	-0.06165711455466183
-0.24917698407673128	-0.1481471734006239	-0.3025530205086704	-0.30012282201397444
0.5156110647141523	-0.13278452734970858	-0.05330014351462564	-0.2983042644215135
0.3846656192044502	0.5289501819134959	0.08267676012950576	-0.0037074387525481978
0.38162275171598425	-0.13730364017791752	-0.23759548490097537	-0.24347812320512285
0.06996929717371758	0.6623471664290719	-0.14965452610491004	-0.1180290102923005
0.4651261006922143	0.05467440784583388	-0.18343148266165632	-0.2967680088002955
-0.2557938418698438	0.04322479156174874	-0.08412881022589502	0.6168525563425125
-0.09597499704667367	0.2775840814773567	0.5696931410087442	-0.056747780467225395
-0.3892245160664869	-0.39238130163198637	-0.056926857710303924	0.16146732459122282
0.39480051974125097	0.28893295032980104	0.10990831357455888	-0.2063582163543891
-0.15367324441158026	0.547169568437625	-0.08499514861328672	-0.21416203853750804
0.2009999272893359	-0.2524996103610375	-0.1786462967670377	-0.3678541655825889
0.5644385303527548	0.14141290512323357	-0.2460553125254219	0.048093251998589714
-0.36023858350784566	-0.29162387019584823	-0.08820737976746607	-0.25993016652884005
0.20674840381163806	-0.20948686758313362	-0.24887561121043245	0.3348891173947959
0.8206392776006308	-0.030078342797416946	0.13086807952127244	0.01841430008067979
-0.29731825105998366	-0.12921740458853193	-0.3326845643565779	0.24077977999490652
0.2984829596772982	-0.09918585951733228	0.0727553061784676	0.5295758746269019
-0.28171596054575576	0.06527613721513337	-0.13406923691172556	-0.5189386653273853
-0.12054752333132557	-0.2491425964577334	0.19611562149391815	-0.4341942587170229
0.3754135157131524	0.12321680469557528	0.13094423925250753	-0.3704254403387648
-0.2820985813271275	0.30086819568079837	-0.04153933673617094	-0.3754938862559032
-0.07713744766638397	-0.0972361524159735	0.4274003791681147	-0.39822602074952784
-0.3893686510850385	-0.1859201336237517	-0.19067133823215965	-0.23403987705905016
0.18823717909642945	-0.04336980506478327	0.3145896510709707	0.4538033647678166
-0.533520655204361	-0.28947736199164864	0.06117785064163783	-0.11582413216235254
-0.4067301552920708	-0.08520538518070242	0.35113239192879475	0.15693206759843203
0.864579404116451	-0.060497229469217206	-0.007015740664455539	-0.0679076257498763
-0.05114078786576126	-0.7137058325130836	-0.2327560871904586	-0.0023972924306965293
0.04378005963653986	0.20668661706241176	-0.17525906007199343	-0.574274263229055
0.24315595114366273	0.009358147876263656	-0.3900372792827993	-0.3574486216972743
0.023239840493309183	-0.2738887344911145	-0.42776441169967394	0.27510701331590237
-0.2847168632767252	-0.4853793256537058	-0.1621445742180052	0.06775923685156382
-0.43061076850463054	0.2578266522571595	0.29873295345046524	0.012829625787744714
0.4955684608641757	0.30051589069040885	-0.11169687305453713	-0.0922187753908783
-0.2094897538715048	-0.0068660858868818675	-0.2622458836327086	-0.5213982766089047
0.28133467656897304	0.6215328627084655	0.0342581894550269	0.06287427126753453
0.1924829615831829	-0.05011631913365866	0.6904700777848103	0.06693064149834815
0.4366519835461049	-0.17053736648301876	0.22743433602891172	-0.16537631394196461
-0.36750455368012847	-0.3138397336255392	0.1691927833964133	0.14946292929791904
0.22754598085748268	0.675313440029367	-0.024794922861449464	-0.07234565625170086
0.530835319959378	-0.04638679606699925	0.16585935748115932	0.2569185264924634
-0.07752546475053435	0.529322106897371	-0.038226237188607515	-0.3549261911634871
0.425310871501416	-0.18951072482178577	-0.06509228374190501	-0.3200861199348932
-0.017779312699209626	-0.054371337190683544	0.7089406716480584	0.21890867846204842
0.07004777129453932	0.19207791614050906	-0.3394610255864712	-0.39841328697848044
0.276269410073966	0.021871249985728758	-0.6665740828653268	0.03528525707497843
0.34403510805219906	0.07357552486697383	0.2309309137690263	-0.3514584533118008
0.36611513595190814	0.09680336479548202	-0.23386600097903365	0.3032154982735762
0.01798809908415855	0.07576865325399051	0.6543634964502609	0.25187975121159
0.007108317067018088	-0.1773451509846855	-0.4635950572522707	-0.3519514746960257
0.14637651708852073	0.2954770285881583	-0.1587120476338364	0.3994344066894846
0.15438967174045848	-0.43183973519120933	0.30517201613285105	0.10859857693548114
Conflicts
32 16
77 42
42 19
75 2
75 29
4 55
21 52
63 16
4 41
68 66
3 45
50 56
7 50
40 70
23 76
23 27
58 40
10 32
26 31
65 45
10 74
10 73
31 17
9 17
40 51
32 79
50 79
63 78
31 50
9 52
67 79
65 76
48 45
5 6
35 59
75 34
77 20
46 1
12 44
37 42
11 12
74 46
55 34
78 52
35 12
54 37
23 25
8 24
2 45
77 34
54 24
69 64
23 16
25 67
63 19
10 59
77 67
43 70
25 21
21 1
15 20
66 61
74 17
7 40
16 59
68 59
68 65
70 21
64 5
21 73
59 24
4 18
32 11
71 33
2 5
62 15
25 49
37 3
63 67
28 41
19 6
45 18
64 57
77 64
54 6
8 30
50 51
49 44
74 1
37 8
68 31
7 61
34 56
5 18
29 17
23 30
58 21
69 56
31 30
40 39
48 24
72 76
2 52
80 46
69 12
62 41
7 12
27 38
3 56
25 42
7 64
50 44
75 42
77 40
36 15
43 56
56 22
13 15
25 20
23 48
77 76
37 5
3 58
7 47
34 24
28 20
14 41
66 57
11 57
80 6
57 24
35 60
26 47
59 57
14 44
47 58
78 46
78 53
53 27
78 65
55 45
75 46
44 73
75 41
69 33
34 5
15 39
25 52
53 8
69 21
52 24
6 73
25 3
26 45
68 36
29 15
23 58
42 24
23 14
25 59
60 46
49 33
42 21
5 46
55 77
3 22
7 51
48 44
48 41
68 25
69 61
35 1
10 11
70 22
53 20
13 1
71 29
35 52
10 42
37 78
32 33
62 46
28 57
50 5
55 30
26 38
9 19
43 42
76 20
80 61
14 73
13 27
7 60
7 74
33 30
18 30
47 62
69 65
75 74
28 76
72 65
72 46
32 80
27 56
61 45
69 48
14 74
40 65
58 27
10 76
71 20
2 30
68 21
14 70
70 6
54 31
17 73
2 72
27 44
15 57
32 61
9 37
46 44
37 70
76 22
14 67
7 33
53 72
34 64
35 62
13 33
14 18
10 79
68 55
58 24
64 21
37 73
4 45
35 8
62 45
28 11
65 48
16 76
48 76
26 34
13 65
62 39
66 15
17 56
63 30
80 72
26 58
7 66
71 80
42 39
80 36
66 33
69 72
54 62
17 24
78 28
47 46
37 53
61 16
50 76
23 26
19 44
77 30
78 27
5 57
63 29
68 44
37 39
78 35
42 72
4 39
54 70
71 73
68 69
4 28
13 34
71 8
36 52
65 46
60 28
43 41
35 22
53 22
35 15
10 5
72 41
10 41
79 44
78 55
67 39
75 52
43 67
54 2
52 44
41 45
40 52
14 32
53 65
23 55
69 49
14 50
64 33
5 39
71 65
26 3
4 69
47 79
10 58
80 33
66 74
13 64
61 36
56 51
80 62
53 3
43 8
36 79
54 61
58 20
40 76
48 39
76 1
52 45
72 5
34 29
63 76
49 22
7 32
77 36
25 36
25 15
10 72
22 52
26 20
79 12
9 8
47 16
63 77
27 49
60 38
74 39
56 33
16 79
58 65
32 74
6 45
2 24
11 73
38 12
42 16
75 18
77 44
55 62
47 65
5 15
7 19
43 69
52 73
47 72
48 62
67 45
54 14
56 44
26 61
25 41
28 52
72 64
26 22
47 55
14 22
74 61
68 17
58 49
61 39
56 57
76 33
72 52
15 21
19 64
75 80
63 24
60 15
23 68
69 20
61 18
29 5
59 1
72 8
9 57
43 3
69 11
31 24
34 3
64 51
4 52
80 40
14 53
36 57
54 64
55 56
67 65
54 11
23 72
54 73
9 12
35 67
29 73
62 44
60 19
9 73
16 17
59 79
23 56
52 18
80 30
54 1
31 46
75 61
4 48
67 41
60 77
71 4
42 70
4 22
25 40
21 46
77 61
23 50
19 52
80 19
36 39
55 20
80 41
26 46
33 12
26 21
9 33
4 3
74 59
63 11
43 60
39 57
55 17
63 10
29 62
37 21
3 74
54 76
65 15
3 24
78 31
63 28
29 45
49 20
16 73
47 32
56 41
65 70
38 22
48 15
67 17
16 46
29 64
54 50
4 78
25 66
13 79
58 38
72 48
1 20
31 64
37 62
14 35
9 3
9 5
10 24
35 16
35 61
56 49
36 30
54 66
31 11
25 17
9 6
31 1
47 3
13 69
19 17
77 38
27 51
78 19
34 15
21 24
61 52
14 36
19 24
41 73
14 46
14 16
61 38
67 74
63 49
47 68
10 22
75 27
36 22
27 28
32 72
43 46
9 29
15 52
47 51
26 56
24 30
68 34
25 11
60 41
25 19
74 24
80 21
55 60
35 10
66 27
80 17
10 44
63 31
29 72
4 36
40 33
27 36
34 30
17 41
59 52
38 20
54 55
44 33
35 41
63 12
67 20
17 36
67 44
2 48
11 22
78 18
17 12
4 77
29 36
23 5
14 5
78 33
13 66
48 52
7 67
32 34
70 33
7 49
29 58
8 76
19 41
43 15
31 80
29 27
36 33
48 70
56 1
31 45
55 33
26 79
77 24
7 36
8 41
11 18
68 14
43 9
4 14
10 18
57 52
7 34
17 44
37 58
37 35
21 30
80 79
71 22
27 17
78 15
13 18
58 22
37 51
54 75
60 56
37 49
61 11
25 13
9 53
32 49
77 57
54 8
54 68
21 33
10 8
54 5
50 21
14 48
62 24
7 26
53 57
35 46
76 39
74 36
63 34
55 61
19 45
55 11
80 5
8 51
44 6
10 28
68 57
27 11
34 58
68 78
50 8
71 19
4 44
23 36
55 19
74 18
65 39
54 69
40 44
26 30
66 80
75 19
64 76
9 18
43 61
52 30
32 15
64 20
34 19
3 38
79 6
16 30
50 40
27 8
28 70
37 4
44 24
58 72
17 22
27 79
71 77
53 51
29 33
23 11
16 15
74 52
42 61
39 18
21 6
7 31
70 57
2 57
68 18
34 44
14 31
9 70
65 64
5 24
62 79
43 74
4 60
41 52
13 29
66 46
49 38
54 34
65 38
31 74
32 29
72 24
26 16
70 5
4 31
43 48
26 68
58 74
1 24
3 11
66 69
37 6
54 25
12 45
40 11
58 19
55 8
53 21
4 70
37 19
10 33
63 48
26 37
40 59
19 65
50 27
7 72
62 36
10 67
21 22
74 19
80 12
9 15
25 51
78 39
64 46
71 72
6 20
47 8
8 6
69 24
78 77
4 57
35 49
42 79
13 70
72 39
2 49
10 77
77 15
79 39
40 38
3 46
63 47
53 41
40 18
37 16
25 46
74 76
40 61
62 18
29 22
69 79
33 20
58 33
35 36
37 25
37 34
39 73
19 28
63 64
51 15
47 25
17 5
5 45
75 3
50 69
32 18
28 56
10 70
5 12
75 20
53 30
15 1
22 57
55 80
40 49
72 59
66 22
38 44
23 47
2 56
28 16
71 27
50 77
77 16
31 29
23 40
23 2
61 65
10 48
7 10
68 2
66 56
37 61
4 25
77 12
63 60
48 73
58 59
43 55
31 21
74 51
4 51
7 46
7 11
53 18
47 61
68 50
75 59
8 22
26 1
58 44
75 57
60 39
28 18
78 49
63 15
28 33
12 30
58 79
43 71
10 6
63 50
25 5
37 40
55 15
32 58
25 10
47 5
79 30
31 18
42 22
75 76
68 22
23 59
59 33
27 46
42 40
69 58
26 6
47 45
23 54
51 24
19 33
37 77
53 29
14 28
64 38
55 50
44 18
7 2
26 60
25 2
68 72
22 6
8 39
65 18
79 57
44 30
60 18
50 33
60 51
29 41
59 38
13 52
70 38
2 38
14 12
71 13
37 67
2 44
69 1
14 40
17 62
56 20
31 8
53 61
69 22
68 24
49 79
67 12
79 46
28 15
37 31
40 6
78 24
55 18
59 11
68 6
71 78
71 38
14 76
35 17
80 45
66 20
63 25
22 46
40 15
75 70
23 63
61 44
12 18
77 8
68 8
54 40
36 8
26 74
42 76
7 24
15 6
71 52
55 36
63 58
23 9
55 38
34 27
34 12
69 39
66 64
7 56
10 20
56 8
50 67
58 17
11 1
70 45
61 28
38 24
4 64
10 36
56 79
36 59
64 15
7 71
13 56
70 20
25 38
50 42
23 80
35 48
78 69
7 79
75 69
63 8
47 66
78 12
36 45
53 74
10 64
42 20
78 8
7 29
63 66
60 16
43 38
71 44
14 57
61 62
42 41
72 44
50 41
75 36
55 74
1 73
9 75
55 69
23 74
11 21
11 24
60 20
47 17
8 1
60 64
50 60
31 79
37 72
2 28
4 1
25 1
40 16
25 62
43 44
69 27
53 28
43 2
75 14
46 24
32 19
47 36
43 36
71 18
71 25
13 6
29 40
16 18
75 28
36 64
17 46
32 48
54 41
54 52
26 71
63 18
9 78
65 41
44 57
42 15
52 20
7 1
7 17
63 42
67 11
74 79
78 21
7 30
67 1
7 22
28 24
60 17
14 1
71 74
71 76
32 3
71 58
37 30
66 18
58 41
39 41
25 70
77 46
37 15
55 52
23 39
54 44
43 33
50 22
44 1
29 8
42 18
34 11
37 57
23 15
36 76
71 39
29 16
72 62
22 15
77 39
37 32
43 65
16 45
80 48
20 45
13 22
63 22
48 49
32 46
21 20
71 69
72 16
29 79
55 21
26 15
54 33
75 5
50 57
62 56
77 70
71 1
66 30
63 61
23 8
78 61
12 46
17 21
2 76
13 55
26 40
37 29
10 21
11 38
55 1
7 25
10 40
42 69
53 39
47 33
23 28
27 57
35 80
14 21
2 22
25 39
47 2
60 58
66 11
78 38
34 80
65 36
37 14
27 12
67 56
49 15
77 6
3 27
41 57
49 51
63 14
23 51
79 52
27 52
26 44
9 1
35 28
10 65
67 40
71 2
5 73
71 36
66 1
53 24
7 77
67 30
32 21
68 11
75 39
16 5
13 24
47 22
55 6
55 65
69 18
28 48
26 27
63 74
26 54
71 15
49 57
75 24
55 24
61 59
47 56
32 57
41 33
62 1
54 53
4 15
62 70
61 56
41 24
31 76
32 28
33 24
17 30
11 30
22 44
28 49
71 57
47 77
2 65
43 21
25 18
23 53
10 39
31 40
16 22
13 49
74 20
35 72
57 45
10 19
77 27
41 6
19 51
69 8
23 78
75 17
6 12
67 28
78 42
68 35
3 21
60 65
17 45
47 40
40 62
41 38
13 39
23 38
48 1
23 21
50 3
25 50
17 70
48 17
59 51
16 21
9 27
65 12
76 46
17 11
54 30
55 42
9 48
16 49
31 25
69 40
36 1
41 1
7 21
47 11
70 73
31 35
4 56
50 15
50 48
66 40
80 56
41 44
55 12
14 72
74 45
53 6
71 6
63 36
54 39
65 73
2 62
35 6
8 20
7 78
68 67
2 21
1 30
3 5
4 67
42 74
31 5
26 42
78 76
4 76
4 6
60 67
2 67
63 79
58 73
31 42
64 45
2 46
34 69
54 51
19 8
62 65
42 27
14 24
29 76
65 21
38 57
54 42
38 1
31 52
57 30
35 45
74 8
13 3
42 73
26 76
10 51
2 39
35 29
7 9
43 22
80 24
47 49
32 41
37 64
60 12
17 38
2 18
37 76
26 4
25 79
23 35
54 22
35 57
67 73
42 34
50 52
38 18
42 64
30 45
68 42
13 28
43 72
60 66
63 39
76 24
11 79
70 39
61 1
43 58
42 49
42 3
31 12
49 5
47 9
71 54
9 42
26 19
61 79
68 33
32 17
29 70
80 58
31 16
10 56
14 61
41 15
80 70
47 67
71 49
3 40
56 45
48 46
53 67
59 41
43 18
68 27
69 17
75 10
13 36
4 47
77 2
69 19
20 18
16 33
5 21
43 28
47 42
14 42
14 62
59 76
68 5
19 49
51 20
23 52
37 66
65 59
77 53
53 52
74 6
9 66
9 51
39 45
63 70
34 33
43 19
43 1
56 5
23 64
55 46
64 44
68 60
32 36
7 18
55 70
9 44
49 24
16 39
22 20
17 52
35 18
40 19
55 51
59 12
63 40
51 21
47 21
42 62
33 45
23 13
67 61
23 79
65 11
4 68
43 64
47 35
42 33
3 62
6 18
58 51
54 74
69 3
49 1
56 6
69 15
67 51
7 69
54 72
36 44
35 79
5 20
50 49
60 72
72 27
16 57
34 48
40 8
50 35
4 66
68 70
75 35
60 5
80 8
72 28
58 15
47 48
11 6
27 45
66 29
43 5
66 53
77 19
28 17
42 80
69 41
80 73
74 5
47 52
4 46
58 48
31 73
69 73
78 10
51 44
29 1
51 57
47 44
3 65
77 59
70 12
23 61
26 72
15 12
48 5
69 28
23 41
78 73
8 52
63 4
47 12
65 57
47 75
11 8
43 52
68 79
67 58
28 73
48 8
37 52
8 33
76 38
9 68
3 12
14 56
64 62
68 29
3 6
4 24
63 33
19 21
16 1
34 65
7 3
67 49
4 12
28 45
17 15
75 58
75 56
50 38
3 48
37 55
50 66
5 22
48 21
3 59
45 1
14 6
68 48
26 59
67 72
72 45
72 30
43 12
23 70
37 13
66 5
17 59
47 69
37 24
50 73
53 56
74 16
32 76
9 45
66 12
26 12
49 6
9 36
64 1
57 1
4 21
10 38
62 5
56 12
41 12
77 58
43 37
58 64
77 22
35 53
27 21
59 30
19 59
16 6
48 38
16 41
34 62
61 24
54 46
32 22
63 1
75 40
23 69
19 57
50 34
25 24
74 33
16 62
71 56
58 30
7 38
47 57
54 3
28 1
77 72
74 22
63 2
40 21
56 39
35 34
43 10
77 49
8 44
4 5
71 59
42 28
70 1
78 79
16 70
9 61
34 22
7 63
44 20
11 15
80 44
37 36
35 65
50 24
25 75
80 11
50 20
62 30
34 57
3 79
13 67
43 77
43 13
80 1
23 42
79 18
14 69
26 51
78 60
