InstanceID
10_150_4
NumObjects
150
NumFactors
4
Weights
11.258244478647295
36.83140665808429
34.44540231363058
5.664544616214151
12.078054506961555
17.95740766710132
38.18127440852261
81.51038332483567
24.22083248151139
81.977797040088
66.99313951612163
45.305833195233156
84.40074795625907
67.91898821149229
72.52498905219804
92.36760031564317
6.609803322813423
99.91722180201815
17.165450700728414
42.041790666399194
55.66843807053139
59.617232065521165
38.40322060393761
92.33537554310114
49.733458424371754
42.956952617328724
10.96774963723961
25.028696593916912
32.84748285699865
57.57885375537537
22.138257303890896
12.07727535430525
6.725577975637154
74.41065984020987
96.59259339892641
45.27235552599513
72.66609550797803
43.56265730049975
28.245934297893193
17.454721125516315
12.400141192619053
41.72454313246157
50.67939131055341
68.21669275355933
90.70291829602542
52.760450270399
49.58987286461851
47.716480493760784
40.32786219276541
33.78928354851263
12.844288125512948
65.32402582347538
5.877999184701399
16.338270903215623
18.132951383519025
30.93174389167568
20.666021300328286
75.81366133353771
78.19870730703794
24.099979788284685
17.447981400773326
56.00318658083967
0.16577441731941978
12.142282141928163
47.61924201802026
22.984064461441946
96.44027998889852
14.463241391108772
66.25906507964909
21.824112538254028
76.74516967624116
81.44265782737921
34.01592322193285
70.78543635253914
80.15480915065277
40.849777178565795
72.85223093836122
62.34002109832784
18.368172043653487
40.64239542789818
1.1227799179722942
73.39062052840933
66.28382469510746
8.312342876805111
46.510884641519134
70.67665970888622
96.24807420082473
39.33896116001645
87.30016078495994
66.77266006807992
59.059699941083466
49.28553861109815
86.81649899159596
11.97938044925202
11.427982847623387
80.55245051694502
1.198516222843815
40.86386601202332
83.9998240404566
80.96333183876247
30.156709233180212
72.95771819121492
34.03734355195505
28.751793566812722
45.1412134170649
97.36619289613901
46.868481361246126
96.4595347197772
76.13958099450319
4.865711221942481
51.696737764995106
18.50000939144949
92.96759026425991
54.93061443886178
77.70760844187244
1.0902936389360907
40.35639061752527
72.22951826295912
47.20740664003975
85.74100701968273
10.08287103406409
53.62596205148229
57.765124724640614
66.59015352035391
96.09227069918667
94.58275473454125
57.64983438458196
57.91898052069402
78.12728245609244
73.17846600388822
12.166102444518057
22.515431588585844
88.9113397018821
46.29811541996749
12.500606482420661
10.118334925049899
40.99759356748252
19.76456584826827
20.733261278505722
92.71514857705436
48.37802440811816
37.253552711214446
33.95282540625957
86.44389641931842
45.93136314723232
38.11449800358866
14.474469394669075
1.1998833355220562
25.03408744688469
40.139077182029006
Budget
3556.9334995854024
Profits
-2.251648895729459
-7.366281331616858
-6.889080462726116
-1.1329089232428302
-2.415610901392311
-3.5914815334202643
-7.636254881704522
-16.302076664967135
-4.844166496302278
-16.3955594080176
-13.398627903224327
-9.06116663904663
-16.880149591251815
-13.583797642298459
-14.504997810439608
-18.473520063128635
-1.3219606645626847
-19.98344436040363
-3.4330901401456826
-8.408358133279838
-11.133687614106277
-11.923446413104234
-7.680644120787522
-18.46707510862023
-9.94669168487435
-8.591390523465744
-2.193549927447922
-5.005739318783382
-6.56949657139973
-11.515770751075074
-4.427651460778179
-2.41545507086105
-1.3451155951274307
-14.882131968041975
-19.31851867978528
-9.054471105199026
-14.533219101595606
-8.71253146009995
-5.649186859578639
-3.490944225103263
-2.4800282385238104
-8.344908626492314
-10.135878262110683
-13.643338550711865
-18.140583659205085
-10.5520900540798
-9.917974572923702
-9.543296098752156
-8.065572438553081
-6.7578567097025255
-2.5688576251025896
-13.064805164695077
-1.1755998369402798
-3.2676541806431247
-3.626590276703805
-6.186348778335136
-4.133204260065657
-15.162732266707541
-15.639741461407587
-4.819995957656937
-3.4895962801546654
-11.200637316167933
-0.033154883463883955
-2.4284564283856325
-9.523848403604052
-4.596812892288389
-19.288055997779704
-2.8926482782217544
-13.251813015929818
-4.364822507650805
-15.349033935248233
-16.288531565475843
-6.803184644386571
-14.157087270507827
-16.030961830130554
-8.16995543571316
-14.570446187672243
-12.468004219665568
-3.6736344087306976
-8.128479085579636
-0.22455598359445883
-14.678124105681865
-13.25676493902149
-1.6624685753610222
-9.302176928303826
-14.135331941777244
-19.249614840164945
-7.867792232003291
-17.46003215699199
-13.354532013615984
-11.811939988216693
-9.857107722219629
-17.363299798319193
-2.395876089850404
-2.285596569524677
-16.110490103389004
-0.23970324456876302
-8.172773202404665
-16.79996480809132
-16.192666367752494
-6.0313418466360424
-14.591543638242985
-6.807468710391009
-5.7503587133625444
-9.02824268341298
-19.473238579227804
-9.373696272249225
-19.29190694395544
-15.227916198900639
-0.9731422443884963
-10.33934755299902
-3.7000018782898976
-18.593518052851984
-10.986122887772357
-15.541521688374488
-0.21805872778721813
-8.071278123505055
-14.445903652591824
-9.44148132800795
-17.148201403936547
-2.016574206812818
-10.725192410296458
-11.553024944928122
-13.318030704070782
-19.218454139837334
-18.916550946908252
-11.529966876916392
-11.583796104138804
-15.62545649121849
-14.635693200777643
-2.4332204889036113
-4.503086317717169
-17.78226794037642
-9.259623083993498
-2.5001212964841324
-2.0236669850099798
-8.199518713496504
-3.952913169653654
-4.146652255701144
-18.543029715410874
-9.67560488162363
-7.45071054224289
-6.7905650812519145
-17.288779283863683
-9.186272629446464
-7.622899600717732
-2.8948938789338152
-0.23997666710441123
-5.006817489376938
-8.0278154364058
FactorLoading_Φ
-0.14397833097309998	0.24851312134229686	-0.023274488455873765	-0.5842340592287294
0.3610163089975136	0.44116440084953945	0.16412145028304193	0.033697839869905044
0.03812404881092202	0.5149038629825688	0.1431142655329658	-0.30385782267354333
0.31010712352589387	-0.29196841577790145	-0.34246636125940855	-0.05545809943679614
0.02107466538900038	0.502944429659868	-0.3556615529848921	-0.12031935196623955
-0.008147854913458152	-0.6016224588192929	-0.3329632427986411	-0.057266443468607875
0.07748101037763622	0.5496324255107339	0.013322810674911034	0.35956375343671887
-0.015974547572104703	0.1399373865667244	-0.5785483234246411	-0.2655397424365298
0.6396915011826563	-0.09903163001596971	-0.028935436295595363	-0.23234143250577866
0.48579598099296706	0.19924317689148707	0.17456910217852384	0.14039173993702203
-0.11498113639325602	-0.562182283797886	-0.29655627612079405	-0.02628030368806389
0.03832194372381492	0.43519900497804653	-0.3818265999214736	0.14465245137666494
-0.5735415780383759	0.11601590871600131	-0.19804899804319742	0.11239351520242535
0.0025373484557056347	-0.17832751149897041	-0.44920523695279346	-0.3699299030925305
-0.20718876009749954	0.22486007501881322	-0.5436561360585836	-0.024295028825103593
0.635715424986814	-0.255008672274885	-0.09453195490491462	0.014743947833386395
-0.50054620202312	-0.0595319052010177	-0.192927543893872	-0.24699434888199034
0.005354457899294118	0.3746195410541384	0.39355527737165463	-0.22647072367491283
-0.5572700341021193	-0.08100461568766493	-0.33110870926051184	-0.030616640949703955
0.6016978424469002	0.04082640562664697	-0.20205469070464455	-0.15542106122180832
0.073128358178983	0.24234147228236602	-0.3232102065031883	-0.36131996303546265
-0.19808342358607467	-0.24961398111736033	0.3806589747777547	-0.17164362051881032
0.02698383872518728	-0.0562809440257146	-0.490342103676374	-0.42639311357272414
-0.14081156538070694	-0.3707651741891922	-0.09283333333773913	-0.39558992709236174
-0.10609918577728372	0.005522618175076044	0.18493486051073083	-0.7034433355369094
0.1115453292365558	0.22185922948179404	0.34970174195538517	0.316893699326265
-0.5319520536821511	0.007126091954885894	0.3939272567671741	-0.06699459759578885
-0.007688132163691019	0.6443386012815862	0.1379115932910011	0.21006167326372172
-0.21290307645531792	0.2957726132501475	-0.2119318501795342	0.2793924601150004
-0.10873552302077383	-0.642150220622665	0.02110729842848369	-0.22800695792807746
-0.09489087825724507	-0.02265674981134036	0.5232003405609329	0.3592520313704817
-0.24406819943378455	0.25747550951218656	0.419966142964443	-0.07849014808958588
0.006836377825554685	-0.41817199189415133	0.1381013944813272	0.4368902357989668
0.26005542331867315	-0.1281862187214471	0.19167402115265908	0.4200843368072207
0.3333092688096797	-0.27872591296758764	0.08522249903205803	-0.3027423191906746
-0.35007231618175516	-0.5091109787428989	0.003140688130267577	0.13767601694507836
-0.5888409649720434	-0.27924457120682544	-0.03808261857196671	0.09383184524916444
-0.04279226510973899	0.3926251894541324	0.36728646458656766	0.19729608084956096
0.0023678053729143667	0.7684591640403979	-0.005092992349317482	-0.22408003823737022
-0.022709031503612698	0.45419986889091013	-0.3220727891908104	-0.20101831041466678
0.22133121838583736	0.4625609919472633	0.2314108817329994	-0.08469690793389995
-0.23467675943161415	-0.11325807057905601	0.4911753743930416	-0.16088979559628824
0.40373991063770753	0.20582140497216028	0.03811294505333018	0.352325739336802
-0.2201124422531251	-0.043740488562530766	-0.29592770380315914	0.440219365381185
-0.6601952248185456	0.03069491028004423	-0.28615169317414857	0.022958171727261556
0.17555538249727376	0.04915068679093393	0.08496966905186176	-0.6903242616599305
0.26916259049258184	-0.44532961630700063	-0.01556707155459347	-0.26994072164582406
0.12419748404856001	-0.5835428977236954	-0.19439856743480566	-0.09786105079293894
-0.6964350902853633	-0.11128411969953644	0.18099133550207158	-0.011289454513028652
0.1733813990883324	0.5695294809599551	0.031892007814025014	-0.22519711213768745
0.3220821138077916	-0.5444530846638052	0.1095560770456836	-0.023908724482719634
-0.4079146930248445	0.1544319528583078	-0.08807391027272149	0.3495794438441262
-0.0518309896433633	-0.055607606309098445	0.27517528174156913	0.6173861223059691
-0.07111779464046175	0.1882364722001577	-0.05558260432633566	-0.6850631288330449
0.03904320774095438	-0.07188558682980029	0.4042549786376295	0.48481622679161585
-0.26057853467682013	0.28946470555479387	-0.27825257523742386	0.17170418453096215
0.3948193475497146	0.4988787138684916	-0.05076518972521793	-0.05553674885657589
-0.19061202536536737	-0.0029735408272708597	-0.6220968307841352	-0.18431760302322653
0.8301163901663602	0.11594507489583172	0.013056251745720004	0.04088228319208809
0.06803671464736238	-0.353066842061194	-0.5415034331267614	0.03739301016468222
-0.3503288736511514	-0.003142302582615164	0.6437685329568155	0.0027602908094179757
-0.568082187143073	0.20895856576058836	0.15202883178372817	-0.07093041531261046
-0.07209465159433526	0.09195347710859925	0.6751358115832298	0.16081605971383572
0.7138602684937025	0.05176361401944507	-0.003785226340199399	-0.230590891146653
0.055018083620302694	-0.3175104260041459	0.5697721560817424	-0.057699334293809024
0.23625036288999102	-0.3340644323595625	0.09438630874295795	-0.3352988960074885
-0.13529978704350754	-0.030024814008051015	-0.5422923813816145	0.29238301756682694
-0.1545285986445557	0.06481278715586702	0.10811376372366843	0.6725448504759088
-0.12880348748155135	0.34398240735494046	0.029644872705764325	0.49756923245774387
0.5703787991034637	0.09408768516056631	0.20698431670037687	-0.12854919903559314
-0.22540184007118813	0.05192423708483185	-0.46463356024155855	-0.25804036260242147
-0.449011668524111	0.22601341237396966	-0.1907340795726129	0.13424083952930643
-0.47358159745180517	0.03966560031383337	0.33590998067615097	0.1508428215582105
0.20494476471274248	-0.2904728399183125	-0.24896413307471255	-0.25561826229423246
-0.035461447102684174	0.40972439947491734	0.19287953679526693	0.36193461662713156
0.0409087524769991	0.0503825882166371	-0.5473644405300864	0.3613442187762774
-0.01691748164629714	0.3507548779881515	-0.4472163046409805	-0.18511133572457084
0.30615985215090635	-0.5626727878509541	-0.06518727889266662	-0.06598008110547293
-0.44251668293114554	0.23723224486918348	0.0738413527573143	-0.24640971944235668
-0.04109586102985818	-0.3208465500220328	-0.41275650280399234	-0.2253010861441167
0.8169420785623023	0.038254897891779605	-0.0689835292654819	0.07581949428043622
-0.01591033875789183	-0.3713233504299742	-0.0465728638376981	-0.5661934469744359
-0.4529599342447701	-0.31521246314087326	0.1838700784255769	0.04795752418877974
0.3670354954770827	-0.29978605092163013	-0.22269060293631293	0.11048785066497424
-0.1872828323515916	-0.10511667050068874	0.5411935891069681	-0.16640690804075153
-0.24991264793741208	0.15696067679965742	0.29480685697928233	0.2983198182836482
-0.22837778802815056	-0.06765016639382782	-0.006884461258403363	0.6970875843196183
0.34174868797781155	0.2323224170407472	0.06940292602728593	-0.35652596895415534
-0.4718247827967321	0.17941682541696236	-0.07878000663009899	-0.26997838515620654
0.03140141672508867	-0.4317972617370931	0.31617441199414253	0.2206269095436757
-0.486669528787798	-0.2595567105896468	-0.03704804784679827	0.21672571277575692
-0.12812067669830252	-0.14235089647005794	-0.22424921331245518	0.5052792135191844
-0.4801174369712995	-0.040796464122149656	-0.047132874801158575	-0.4319532241053923
-0.20285280549575813	-0.3518412858655662	0.07767995419548024	-0.36762595444319546
-0.349358322559399	0.43638321976777905	0.009672009417681426	-0.2045864482551405
0.45868972862144686	0.22192661073683162	-0.05020946103114876	0.26917419961057276
0.3187452660607164	-0.29607476264671173	-0.16661417775433174	-0.21856579353824013
0.16147156522443584	0.367332444357066	0.3503886098813498	0.12080738053714835
0.4987397024129294	-0.27130768532065463	0.17711305564091395	0.05283955662550199
-0.12474694151112198	-0.794994496182575	0.044561187344865694	0.03569737496143732
-0.129669560630721	0.1572847161292117	-0.25933307986565324	0.4537126433744141
-0.19963293384639957	0.3277659984315091	-0.21414882283467218	0.25845224488741914
-0.07523566359828604	0.1520462836581089	-0.3730910969988732	-0.39962695574473184
-0.028510965498612206	0.9007568811245001	0.010313954933114378	-0.060418198443773274
-0.08920106615160006	-0.14551516495383954	0.6692186662633919	-0.09606510263116852
-0.0030733937784879206	-0.4743502643975923	0.23331743881320732	0.28925890301071244
-0.1329074091678757	0.17316750862953767	0.38704625627679135	-0.3068788259257953
-0.46821740147375257	-0.27539885700670297	0.10207091321802264	0.15431282830152182
-0.00362067837789537	-0.1979072419891046	0.2634509266022629	-0.5350211530307372
-0.45546069706903247	-0.1218902914392328	-0.005142098313262844	-0.4175069131784719
-0.15763321814055797	0.10323181587065089	-0.5543522157776193	0.18478275021117185
0.2667726978827514	0.24692780900563016	0.34781890557943207	-0.1384805875321864
-0.503265719679246	-0.2657364341352457	-0.21057385623568825	0.020423989949819976
-0.05826894841169117	0.39642050159609643	0.09286603238200519	-0.4524445176102072
0.12419182711247134	-0.4775928874767572	-0.01745237022421975	-0.3807629151865517
0.5253472077919914	-0.25383043387710535	0.17586322116324937	-0.04495913716765387
-0.230608399026075	-0.2453382591650035	0.48013500298429057	0.04391833882463092
-0.3264316413877433	0.01456910031953873	0.36561482011075586	-0.29338443818196214
0.077063593104296	0.3111608858862882	-0.6017092551378744	-0.010066265871541358
0.8608911970943176	0.11777522412318886	-0.010114016252121605	0.01121956253037193
-0.4954696359723254	-0.15783250834684037	0.04035767068676033	-0.3063401849940739
-0.22478812863628206	-0.024542380703248545	0.7037197642287851	-0.04694972643168427
0.42859208721973086	-0.02688942145511053	0.42684925878925184	-0.11766923253590678
0.1888565065949772	0.26670650897502024	-0.24970506466573084	0.2947319197642717
0.5541646729955707	0.3505595230370797	0.0850623957023049	-0.010213408265044688
0.5274369564741492	0.24183061237779713	0.00016781111794506032	0.23056462003010858
0.7921422966765281	-0.043361216567441074	-0.023390365126896517	0.14110612162913427
-0.3757168095380956	-0.38458018164971586	-0.011458175220244726	-0.2282448335919438
-0.04701230242934229	0.3030248301137275	0.21238957701047334	0.4375732904464569
-0.420884504346861	0.34767285080748556	0.2152247076478666	0.016217937197786858
-0.05402303299324229	0.12860461751391838	-0.31232594768432964	0.5050464018085097
-0.021381048552999715	-0.02992581832023511	-0.0655370111842386	0.8831561219425266
0.21537571522386312	-0.047300320086056	0.2804174769453778	-0.4569064877447031
-0.29179569730868504	0.061133598666841316	-0.35486537424105724	-0.2922053297834164
0.2724792548040651	-0.060992909064874645	-0.05766241228190161	-0.6088654238491586
-0.19605410370232845	-0.0899277752666725	0.5351724257034578	-0.17884569532754124
-0.49597220866614955	0.08442282699244608	-0.3121054367415226	0.1074995275998818
-0.12992658324264017	-0.3053753468654421	-0.12815682366566294	0.4365412462262548
0.1726912059032617	0.08672393768635445	0.4223871240430057	0.31819773236737814
0.4887335894773934	0.07540720714508331	-0.1651829268017928	0.27067627657573046
-0.11943609614045747	-0.14720353146320964	-0.20468704321317688	0.528673329183156
0.32527092995014706	-0.14920045924534264	-0.45611205833923285	0.06941655246527745
0.2709805647008767	-0.32057561154906344	-0.2214223453261004	-0.18702147842395944
-0.025876214437882794	-0.7661476735315753	0.0995677716348855	0.10840834039565639
-0.1644227044722273	-0.19133923731879898	-0.02473244656148199	-0.6195056116474917
0.6509430558186033	0.23678710061044161	0.024666130538173014	0.08760371303278203
-0.15798001779283455	0.3000956713767273	0.5385713766291611	-0.0033529342012770247
0.226602387843009	-0.2926041478019259	-0.2730146214595641	0.20777884289550097
0.09826717549806663	0.46569806414599735	0.3004799891753269	0.1355547711806091
-0.009564429450583223	-0.10555484883644217	0.07736794086175869	-0.8075127808512159
FactorLoading_Ψ
-0.14397833097309998	0.24851312134229686	-0.023274488455873765	-0.5842340592287294
0.3610163089975136	0.44116440084953945	0.16412145028304193	0.033697839869905044
0.03812404881092202	0.5149038629825688	0.1431142655329658	-0.30385782267354333
0.31010712352589387	-0.29196841577790145	-0.34246636125940855	-0.05545809943679614
0.02107466538900038	0.502944429659868	-0.3556615529848921	-0.12031935196623955
-0.008147854913458152	-0.6016224588192929	-0.3329632427986411	-0.057266443468607875
0.07748101037763622	0.5496324255107339	0.013322810674911034	0.35956375343671887
-0.015974547572104703	0.1399373865667244	-0.5785483234246411	-0.2655397424365298
0.6396915011826563	-0.09903163001596971	-0.028935436295595363	-0.23234143250577866
0.48579598099296706	0.19924317689148707	0.17456910217852384	0.14039173993702203
-0.11498113639325602	-0.562182283797886	-0.29655627612079405	-0.02628030368806389
0.03832194372381492	0.43519900497804653	-0.3818265999214736	0.14465245137666494
-0.5735415780383759	0.11601590871600131	-0.19804899804319742	0.11239351520242535
0.0025373484557056347	-0.17832751149897041	-0.44920523695279346	-0.3699299030925305
-0.20718876009749954	0.22486007501881322	-0.5436561360585836	-0.024295028825103593
0.635715424986814	-0.255008672274885	-0.09453195490491462	0.014743947833386395
-0.50054620202312	-0.0595319052010177	-0.192927543893872	-0.24699434888199034
0.005354457899294118	0.3746195410541384	0.39355527737165463	-0.22647072367491283
-0.5572700341021193	-0.08100461568766493	-0.33110870926051184	-0.030616640949703955
0.6016978424469002	0.04082640562664697	-0.20205469070464455	-0.15542106122180832
0.073128358178983	0.24234147228236602	-0.3232102065031883	-0.36131996303546265
-0.19808342358607467	-0.24961398111736033	0.3806589747777547	-0.17164362051881032
0.02698383872518728	-0.0562809440257146	-0.490342103676374	-0.42639311357272414
-0.14081156538070694	-0.3707651741891922	-0.09283333333773913	-0.39558992709236174
-0.10609918577728372	0.005522618175076044	0.18493486051073083	-0.7034433355369094
0.1115453292365558	0.22185922948179404	0.34970174195538517	0.316893699326265
-0.5319520536821511	0.007126091954885894	0.3939272567671741	-0.06699459759578885
-0.007688132163691019	0.6443386012815862	0.1379115932910011	0.21006167326372172
-0.21290307645531792	0.2957726132501475	-0.2119318501795342	0.2793924601150004
-0.10873552302077383	-0.642150220622665	0.02110729842848369	-0.22800695792807746
-0.09489087825724507	-0.02265674981134036	0.5232003405609329	0.3592520313704817
-0.24406819943378455	0.25747550951218656	0.419966142964443	-0.07849014808958588
0.006836377825554685	-0.41817199189415133	0.1381013944813272	0.4368902357989668
0.26005542331867315	-0.1281862187214471	0.19167402115265908	0.4200843368072207
0.3333092688096797	-0.27872591296758764	0.08522249903205803	-0.3027423191906746
-0.35007231618175516	-0.5091109787428989	0.003140688130267577	0.13767601694507836
-0.5888409649720434	-0.27924457120682544	-0.03808261857196671	0.09383184524916444
-0.04279226510973899	0.3926251894541324	0.36728646458656766	0.19729608084956096
0.0023678053729143667	0.7684591640403979	-0.005092992349317482	-0.22408003823737022
-0.022709031503612698	0.45419986889091013	-0.3220727891908104	-0.20101831041466678
0.22133121838583736	0.4625609919472633	0.2314108817329994	-0.08469690793389995
-0.23467675943161415	-0.11325807057905601	0.4911753743930416	-0.16088979559628824
0.40373991063770753	0.20582140497216028	0.03811294505333018	0.352325739336802
-0.2201124422531251	-0.043740488562530766	-0.29592770380315914	0.440219365381185
-0.6601952248185456	0.03069491028004423	-0.28615169317414857	0.022958171727261556
0.17555538249727376	0.04915068679093393	0.08496966905186176	-0.6903242616599305
0.26916259049258184	-0.44532961630700063	-0.01556707155459347	-0.26994072164582406
0.12419748404856001	-0.5835428977236954	-0.19439856743480566	-0.09786105079293894
-0.6964350902853633	-0.11128411969953644	0.18099133550207158	-0.011289454513028652
0.1733813990883324	0.5695294809599551	0.031892007814025014	-0.22519711213768745
0.3220821138077916	-0.5444530846638052	0.1095560770456836	-0.023908724482719634
-0.4079146930248445	0.1544319528583078	-0.08807391027272149	0.3495794438441262
-0.0518309896433633	-0.055607606309098445	0.27517528174156913	0.6173861223059691
-0.07111779464046175	0.1882364722001577	-0.05558260432633566	-0.6850631288330449
0.03904320774095438	-0.07188558682980029	0.4042549786376295	0.48481622679161585
-0.26057853467682013	0.28946470555479387	-0.27825257523742386	0.17170418453096215
0.3948193475497146	0.4988787138684916	-0.05076518972521793	-0.05553674885657589
-0.19061202536536737	-0.0029735408272708597	-0.6220968307841352	-0.18431760302322653
0.8301163901663602	0.11594507489583172	0.013056251745720004	0.04088228319208809
0.06803671464736238	-0.353066842061194	-0.5415034331267614	0.03739301016468222
-0.3503288736511514	-0.003142302582615164	0.6437685329568155	0.0027602908094179757
-0.568082187143073	0.20895856576058836	0.15202883178372817	-0.07093041531261046
-0.07209465159433526	0.09195347710859925	0.6751358115832298	0.16081605971383572
0.7138602684937025	0.05176361401944507	-0.003785226340199399	-0.230590891146653
0.055018083620302694	-0.3175104260041459	0.5697721560817424	-0.057699334293809024
0.23625036288999102	-0.3340644323595625	0.09438630874295795	-0.3352988960074885
-0.13529978704350754	-0.030024814008051015	-0.5422923813816145	0.29238301756682694
-0.1545285986445557	0.06481278715586702	0.10811376372366843	0.6725448504759088
-0.12880348748155135	0.34398240735494046	0.029644872705764325	0.49756923245774387
0.5703787991034637	0.09408768516056631	0.20698431670037687	-0.12854919903559314
-0.22540184007118813	0.05192423708483185	-0.46463356024155855	-0.25804036260242147
-0.449011668524111	0.22601341237396966	-0.1907340795726129	0.13424083952930643
-0.47358159745180517	0.03966560031383337	0.33590998067615097	0.1508428215582105
0.20494476471274248	-0.2904728399183125	-0.24896413307471255	-0.25561826229423246
-0.035461447102684174	0.40972439947491734	0.19287953679526693	0.36193461662713156
0.0409087524769991	0.0503825882166371	-0.5473644405300864	0.3613442187762774
-0.01691748164629714	0.3507548779881515	-0.4472163046409805	-0.18511133572457084
0.30615985215090635	-0.5626727878509541	-0.06518727889266662	-0.06598008110547293
-0.44251668293114554	0.23723224486918348	0.0738413527573143	-0.24640971944235668
-0.04109586102985818	-0.3208465500220328	-0.41275650280399234	-0.2253010861441167
0.8169420785623023	0.038254897891779605	-0.0689835292654819	0.07581949428043622
-0.01591033875789183	-0.3713233504299742	-0.0465728638376981	-0.5661934469744359
-0.4529599342447701	-0.31521246314087326	0.1838700784255769	0.04795752418877974
0.3670354954770827	-0.29978605092163013	-0.22269060293631293	0.11048785066497424
-0.1872828323515916	-0.10511667050068874	0.5411935891069681	-0.16640690804075153
-0.24991264793741208	0.15696067679965742	0.29480685697928233	0.2983198182836482
-0.22837778802815056	-0.06765016639382782	-0.006884461258403363	0.6970875843196183
0.34174868797781155	0.2323224170407472	0.06940292602728593	-0.35652596895415534
-0.4718247827967321	0.17941682541696236	-0.07878000663009899	-0.26997838515620654
0.03140141672508867	-0.4317972617370931	0.31617441199414253	0.2206269095436757
-0.486669528787798	-0.2595567105896468	-0.03704804784679827	0.21672571277575692
-0.12812067669830252	-0.14235089647005794	-0.22424921331245518	0.5052792135191844
-0.4801174369712995	-0.040796464122149656	-0.047132874801158575	-0.4319532241053923
-0.20285280549575813	-0.3518412858655662	0.07767995419548024	-0.36762595444319546
-0.349358322559399	0.43638321976777905	0.009672009417681426	-0.2045864482551405
0.45868972862144686	0.22192661073683162	-0.05020946103114876	0.26917419961057276
0.3187452660607164	-0.29607476264671173	-0.16661417775433174	-0.21856579353824013
0.16147156522443584	0.367332444357066	0.3503886098813498	0.12080738053714835
0.4987397024129294	-0.27130768532065463	0.17711305564091395	0.05283955662550199
-0.12474694151112198	-0.794994496182575	0.044561187344865694	0.03569737496143732
-0.129669560630721	0.1572847161292117	-0.25933307986565324	0.4537126433744141
-0.19963293384639957	0.3277659984315091	-0.21414882283467218	0.25845224488741914
-0.07523566359828604	0.1520462836581089	-0.3730910969988732	-0.39962695574473184
-0.028510965498612206	0.9007568811245001	0.010313954933114378	-0.060418198443773274
-0.08920106615160006	-0.14551516495383954	0.6692186662633919	-0.09606510263116852
-0.0030733937784879206	-0.4743502643975923	0.23331743881320732	0.28925890301071244
-0.1329074091678757	0.17316750862953767	0.38704625627679135	-0.3068788259257953
-0.46821740147375257	-0.27539885700670297	0.10207091321802264	0.15431282830152182
-0.00362067837789537	-0.1979072419891046	0.2634509266022629	-0.5350211530307372
-0.45546069706903247	-0.1218902914392328	-0.005142098313262844	-0.4175069131784719
-0.15763321814055797	0.10323181587065089	-0.5543522157776193	0.18478275021117185
0.2667726978827514	0.24692780900563016	0.34781890557943207	-0.1384805875321864
-0.503265719679246	-0.2657364341352457	-0.21057385623568825	0.020423989949819976
-0.05826894841169117	0.39642050159609643	0.09286603238200519	-0.4524445176102072
0.12419182711247134	-0.4775928874767572	-0.01745237022421975	-0.3807629151865517
0.5253472077919914	-0.25383043387710535	0.17586322116324937	-0.04495913716765387
-0.230608399026075	-0.2453382591650035	0.48013500298429057	0.04391833882463092
-0.3264316413877433	0.01456910031953873	0.36561482011075586	-0.29338443818196214
0.077063593104296	0.3111608858862882	-0.6017092551378744	-0.010066265871541358
0.8608911970943176	0.11777522412318886	-0.010114016252121605	0.01121956253037193
-0.4954696359723254	-0.15783250834684037	0.04035767068676033	-0.3063401849940739
-0.22478812863628206	-0.024542380703248545	0.7037197642287851	-0.04694972643168427
0.42859208721973086	-0.02688942145511053	0.42684925878925184	-0.11766923253590678
0.1888565065949772	0.26670650897502024	-0.24970506466573084	0.2947319197642717
0.5541646729955707	0.3505595230370797	0.0850623957023049	-0.010213408265044688
0.5274369564741492	0.24183061237779713	0.00016781111794506032	0.23056462003010858
0.7921422966765281	-0.043361216567441074	-0.023390365126896517	0.14110612162913427
-0.3757168095380956	-0.38458018164971586	-0.011458175220244726	-0.2282448335919438
-0.04701230242934229	0.3030248301137275	0.21238957701047334	0.4375732904464569
-0.420884504346861	0.34767285080748556	0.2152247076478666	0.016217937197786858
-0.05402303299324229	0.12860461751391838	-0.31232594768432964	0.5050464018085097
-0.021381048552999715	-0.02992581832023511	-0.0655370111842386	0.8831561219425266
0.21537571522386312	-0.047300320086056	0.2804174769453778	-0.4569064877447031
-0.29179569730868504	0.061133598666841316	-0.35486537424105724	-0.2922053297834164
0.2724792548040651	-0.060992909064874645	-0.05766241228190161	-0.6088654238491586
-0.19605410370232845	-0.0899277752666725	0.5351724257034578	-0.17884569532754124
-0.49597220866614955	0.08442282699244608	-0.3121054367415226	0.1074995275998818
-0.12992658324264017	-0.3053753468654421	-0.12815682366566294	0.4365412462262548
0.1726912059032617	0.08672393768635445	0.4223871240430057	0.31819773236737814
0.4887335894773934	0.07540720714508331	-0.1651829268017928	0.27067627657573046
-0.11943609614045747	-0.14720353146320964	-0.20468704321317688	0.528673329183156
0.32527092995014706	-0.14920045924534264	-0.45611205833923285	0.06941655246527745
0.2709805647008767	-0.32057561154906344	-0.2214223453261004	-0.18702147842395944
-0.025876214437882794	-0.7661476735315753	0.0995677716348855	0.10840834039565639
-0.1644227044722273	-0.19133923731879898	-0.02473244656148199	-0.6195056116474917
0.6509430558186033	0.23678710061044161	0.024666130538173014	0.08760371303278203
-0.15798001779283455	0.3000956713767273	0.5385713766291611	-0.0033529342012770247
0.226602387843009	-0.2926041478019259	-0.2730146214595641	0.20777884289550097
0.09826717549806663	0.46569806414599735	0.3004799891753269	0.1355547711806091
-0.009564429450583223	-0.10555484883644217	0.07736794086175869	-0.8075127808512159
Conflicts
23 13
29 6
66 122
135 36
17 141
35 22
42 123
34 117
137 52
3 73
118 82
128 144
117 143
40 6
107 20
110 41
113 134
148 44
23 35
99 21
93 1
42 143
117 17
132 73
71 37
121 53
122 30
143 134
36 18
10 112
75 96
121 99
4 130
130 49
17 129
99 28
81 38
120 101
78 94
19 15
63 73
53 84
117 28
72 15
3 91
27 51
53 12
55 84
15 115
100 114
136 13
128 84
43 150
80 89
74 49
98 51
77 56
140 141
67 58
42 116
5 96
23 4
75 138
29 12
32 85
26 92
22 134
150 52
50 122
68 121
55 116
116 28
125 140
89 70
83 12
74 6
99 95
13 131
9 85
131 149
103 27
121 98
41 52
83 107
13 120
120 97
100 104
86 62
97 33
69 99
128 116
61 104
121 11
143 99
82 24
19 93
136 115
68 109
9 101
2 88
135 120
83 97
50 140
81 149
135 112
78 117
99 33
60 3
119 74
83 129
81 17
51 73
98 15
130 87
29 73
35 145
4 86
114 97
4 13
87 56
31 70
7 127
75 53
63 137
136 130
47 48
125 87
122 90
68 141
148 146
114 1
143 52
34 45
64 142
54 144
61 88
4 92
47 31
86 107
43 29
48 70
80 76
38 20
98 28
25 3
145 85
116 134
34 69
80 62
63 62
25 56
102 140
32 129
48 52
34 137
125 69
125 74
40 108
140 139
103 109
16 56
124 85
77 84
51 30
147 90
14 64
68 101
71 111
34 51
35 57
140 106
128 79
77 51
46 6
29 59
7 58
35 69
43 4
87 106
54 108
29 72
54 69
102 32
9 50
130 129
103 17
80 93
28 113
109 105
32 49
47 105
110 134
23 88
113 41
144 138
128 81
110 88
63 92
66 145
13 118
57 52
72 93
68 16
133 56
7 80
3 111
2 96
133 150
140 142
7 40
129 96
130 106
32 38
77 87
87 96
131 150
53 73
103 95
96 46
89 45
128 108
60 53
9 1
129 12
100 92
102 134
95 33
117 110
128 111
50 22
132 143
48 115
147 66
68 58
43 44
66 8
98 113
77 126
2 137
9 30
36 49
10 81
92 2
61 90
61 56
60 86
146 52
117 141
106 138
98 118
11 150
60 29
75 113
137 15
10 60
67 104
7 15
107 110
1 24
91 134
40 88
122 79
112 70
98 1
132 93
7 82
14 62
133 106
60 42
58 17
138 73
99 38
25 126
28 52
131 18
92 27
52 18
135 40
147 67
59 6
99 22
108 18
150 6
121 8
27 131
132 2
71 35
74 107
26 97
97 45
75 11
9 99
4 106
27 45
113 44
61 39
145 96
80 36
120 96
81 96
31 135
32 88
14 59
117 39
47 22
66 5
136 12
74 79
60 6
136 121
146 137
35 103
2 22
71 40
11 30
9 106
143 5
102 91
148 91
146 48
103 48
29 129
11 21
54 126
28 111
14 129
87 127
87 46
58 118
67 108
113 8
66 123
28 57
136 127
59 70
145 39
55 30
34 150
119 26
92 95
66 131
146 96
83 8
13 108
95 111
9 10
26 30
60 131
145 141
29 76
75 62
32 53
36 134
58 130
108 21
92 21
120 129
147 73
133 118
144 36
7 109
147 114
38 118
42 98
81 127
98 141
70 41
66 40
55 150
33 91
40 44
68 70
98 95
26 60
105 24
148 49
23 5
120 139
25 113
145 65
36 12
74 96
126 17
101 94
29 118
90 20
71 47
45 85
56 139
5 39
81 30
136 140
98 38
8 105
59 94
70 108
98 126
63 28
3 82
2 18
32 52
122 27
141 45
97 82
126 149
120 39
19 16
83 49
66 125
95 110
36 85
136 146
63 29
28 150
2 24
2 89
48 36
13 61
113 150
47 84
17 110
71 28
80 101
67 138
121 139
29 107
2 3
103 138
75 141
149 138
55 131
92 129
29 27
147 74
32 17
64 24
112 57
116 80
129 141
5 105
122 143
40 65
123 59
9 105
34 106
42 6
32 116
135 52
43 79
114 41
32 1
14 101
147 69
116 1
147 94
92 124
127 33
63 36
27 105
99 141
117 129
63 33
66 120
35 97
37 22
110 70
34 11
7 144
124 18
80 24
132 10
34 2
140 44
66 58
120 48
103 28
75 76
98 123
38 88
147 19
93 57
40 142
39 84
66 149
104 59
40 64
139 33
126 130
107 134
58 41
35 134
71 123
99 12
28 94
63 96
95 127
99 62
116 52
22 24
76 90
71 56
58 99
138 44
81 112
3 56
70 118
35 44
97 129
72 138
29 48
81 6
141 73
91 84
126 72
27 20
58 62
69 87
94 97
143 62
141 38
128 98
100 88
135 66
55 20
136 94
76 5
64 139
136 46
50 124
43 46
117 150
78 66
4 129
128 30
72 49
149 79
99 16
16 82
95 6
13 65
107 41
32 131
97 38
5 82
19 142
129 44
140 6
132 25
17 46
95 134
54 3
140 18
117 21
77 97
128 119
66 27
128 118
135 42
81 91
53 16
40 46
68 5
135 145
66 6
41 115
135 90
103 122
5 18
33 46
2 127
68 28
86 36
121 33
130 91
10 114
16 109
13 134
66 52
25 15
147 115
93 105
29 39
55 122
104 12
144 105
23 37
121 104
78 16
66 30
63 88
29 41
148 33
66 21
125 27
23 34
47 134
121 24
136 116
62 11
2 123
19 51
16 111
66 115
77 64
78 134
26 40
127 52
64 84
68 147
63 18
19 107
28 56
89 28
14 113
4 56
89 126
114 15
9 116
54 15
7 19
28 45
28 107
132 92
29 146
25 144
31 84
53 44
8 39
148 103
70 44
36 30
25 19
120 65
64 39
40 17
29 65
69 24
101 41
143 141
81 28
86 126
9 79
78 38
40 62
131 93
86 33
120 58
6 73
36 141
77 73
102 130
54 51
92 32
147 53
14 80
92 101
62 91
96 1
34 20
120 53
50 112
80 64
66 49
42 70
101 24
42 150
142 24
69 113
99 88
122 45
10 11
92 102
8 127
148 127
114 74
100 28
63 44
150 115
51 115
92 31
86 19
140 62
69 88
89 46
43 37
116 111
143 94
94 134
10 116
148 140
140 88
103 22
122 40
28 76
13 140
101 113
135 21
123 96
101 143
55 126
14 66
131 94
100 15
61 72
33 105
61 59
137 141
28 51
54 24
47 117
128 7
130 38
117 51
17 97
54 38
142 91
144 115
15 52
119 149
98 106
22 6
124 53
100 79
110 33
23 105
67 85
9 140
9 29
2 6
123 38
47 58
8 38
121 18
53 51
133 18
32 74
8 44
133 52
147 57
50 73
58 150
53 108
136 92
25 44
3 30
75 110
88 18
83 106
121 30
58 27
50 91
140 112
11 41
58 131
112 1
132 57
16 129
70 39
148 75
148 55
22 127
37 74
31 108
79 85
47 37
42 21
95 8
35 11
16 87
132 62
32 127
17 138
122 137
135 129
126 8
122 99
143 137
37 85
4 85
123 52
120 45
37 122
23 54
98 116
62 64
50 86
143 56
136 17
4 118
31 120
26 113
50 16
81 20
23 123
122 150
131 52
74 41
77 44
7 111
44 85
25 48
60 41
71 105
47 69
57 105
137 79
71 38
54 116
5 46
92 150
61 18
69 22
92 112
104 64
87 6
23 91
145 104
71 132
14 104
29 22
72 137
69 8
117 36
13 72
58 107
80 91
123 76
67 96
125 51
118 33
76 1
37 145
54 46
40 59
75 49
146 143
119 48
69 143
13 31
32 137
3 150
119 58
98 105
43 90
112 118
46 24
109 90
43 62
63 131
7 57
119 115
13 73
92 122
7 94
13 141
89 109
55 69
147 138
62 111
132 13
87 108
92 1
114 57
104 84
113 110
58 72
26 84
100 38
125 93
126 139
104 38
135 107
72 8
106 46
109 15
5 88
54 147
25 76
91 138
132 17
42 130
61 33
74 150
119 42
31 56
116 79
79 21
145 17
31 17
53 24
9 40
77 145
132 22
67 45
48 57
125 76
3 87
63 147
47 66
14 90
60 114
144 111
144 149
66 107
119 77
119 9
37 79
66 2
11 85
7 42
130 104
128 107
22 46
28 110
76 88
26 29
147 45
11 141
107 51
72 127
25 98
63 61
126 18
120 144
140 21
69 117
54 125
124 59
50 143
42 33
78 135
124 15
16 39
37 95
69 97
92 40
55 77
59 51
136 52
36 108
104 49
32 35
122 48
19 39
130 57
43 105
66 28
4 64
149 129
19 64
77 36
69 106
72 46
65 24
34 149
26 138
23 93
95 18
148 101
79 73
83 121
109 113
3 49
83 85
56 18
66 29
148 87
83 18
78 113
100 137
47 13
98 88
86 95
60 45
72 139
64 41
7 71
40 91
60 104
60 34
98 117
36 88
9 147
51 134
9 27
130 39
129 57
135 73
127 12
28 49
101 16
72 38
40 16
2 79
25 22
109 150
47 130
64 107
130 93
11 12
9 11
116 131
100 8
125 6
143 118
23 142
128 143
122 18
133 36
43 143
132 78
69 51
81 27
89 91
98 5
68 74
29 87
72 85
52 1
62 85
110 45
37 90
147 82
119 35
43 18
101 84
119 25
51 57
9 39
110 142
47 110
9 20
135 30
140 73
6 18
98 41
4 60
92 48
121 126
7 32
71 77
23 77
14 48
97 30
117 111
37 70
135 85
81 5
25 87
42 34
23 55
79 88
147 130
117 70
84 30
53 146
16 106
25 78
9 59
34 104
124 42
55 36
77 27
47 75
101 139
68 77
119 34
74 76
92 73
100 103
99 20
133 87
76 33
42 141
132 95
80 88
27 114
13 74
4 112
78 137
109 38
60 1
75 124
54 47
76 45
98 44
136 150
130 21
148 135
92 24
76 46
99 139
9 75
126 62
119 16
70 12
140 103
32 121
57 90
78 105
78 34
61 129
139 96
15 88
122 129
55 59
43 111
54 93
40 3
42 80
91 24
54 115
50 52
128 29
42 45
113 127
71 3
147 39
103 15
117 109
140 39
3 65
31 150
108 141
113 79
39 115
71 16
35 45
87 41
131 114
131 19
78 10
136 15
32 55
95 139
7 85
71 68
147 17
72 118
9 145
121 70
92 87
53 116
87 97
120 59
125 103
129 20
120 82
51 33
114 107
4 38
83 86
122 87
89 114
133 85
22 39
113 95
132 3
137 107
75 130
61 110
101 142
40 93
132 34
47 93
111 44
42 46
26 150
125 16
120 113
130 114
98 109
135 57
119 139
149 49
13 129
50 130
119 39
22 73
116 150
68 17
95 24
119 53
48 95
107 57
93 24
75 114
132 19
76 20
74 106
89 95
65 82
136 122
69 48
78 48
81 36
135 95
72 115
101 46
42 104
107 12
121 86
135 15
120 38
35 131
92 6
128 87
67 144
69 61
14 6
11 76
96 57
8 141
125 12
55 104
98 17
72 106
71 63
110 24
62 108
54 88
62 17
102 11
108 41
150 1
124 99
124 109
34 30
128 78
86 115
68 57
62 134
82 20
26 66
135 24
71 116
7 70
61 65
133 102
77 81
74 15
27 91
36 57
128 10
4 77
14 57
86 142
147 42
50 110
124 126
150 38
75 117
140 85
2 118
104 20
58 108
109 106
146 58
86 70
74 82
132 118
92 139
23 40
25 124
60 21
128 89
53 94
119 125
65 11
25 73
60 83
49 38
25 40
147 40
79 82
43 139
11 1
75 81
80 122
130 16
3 12
55 91
50 24
46 45
119 75
128 27
68 93
50 11
79 20
7 74
14 94
53 79
131 20
71 89
126 114
102 57
139 52
29 81
10 104
125 41
108 46
78 14
78 65
69 59
135 39
54 143
107 38
119 37
103 57
13 28
120 126
124 114
80 79
16 85
141 52
59 38
96 44
31 93
124 80
60 85
102 112
23 79
113 62
112 45
112 38
60 73
40 21
71 83
37 1
135 59
15 30
114 62
121 91
83 1
116 38
122 3
136 30
54 44
75 77
17 56
92 105
80 109
144 64
99 19
87 88
71 65
78 125
37 13
47 126
104 137
50 83
75 86
118 52
128 2
105 85
117 20
145 117
72 24
133 31
78 142
83 64
102 8
143 138
146 104
51 88
150 141
69 150
116 59
69 12
95 57
86 16
86 81
117 142
62 38
25 66
95 52
7 113
14 46
2 17
7 56
112 108
37 81
13 34
43 54
35 6
14 32
86 134
9 87
141 84
40 28
43 70
143 46
42 95
55 102
43 102
116 56
54 28
3 105
60 52
23 38
31 66
39 88
80 115
28 134
122 39
41 12
114 90
98 59
78 139
53 5
60 115
2 145
13 90
96 88
95 106
78 109
112 130
14 88
7 63
128 114
7 114
87 5
145 127
7 104
36 84
96 6
148 111
39 73
136 124
59 141
137 48
136 87
77 125
9 80
120 12
143 73
72 62
71 142
6 45
121 21
83 2
123 108
5 1
10 56
120 36
60 44
4 31
34 114
75 127
139 91
126 91
105 134
26 6
60 17
38 57
146 73
29 143
73 18
66 143
14 86
36 46
75 120
119 91
40 149
121 110
9 41
44 30
7 6
148 3
143 82
101 107
138 12
83 142
28 15
115 85
43 15
17 65
31 58
35 117
148 122
148 56
145 93
135 18
37 92
139 21
50 149
19 90
26 1
42 18
92 19
132 105
135 29
11 8
62 70
120 22
124 51
55 3
68 86
87 24
121 51
125 72
26 89
60 61
1 45
133 124
125 65
127 91
124 141
62 21
149 111
69 16
36 129
137 84
95 84
116 15
75 1
60 141
119 47
121 95
128 53
92 22
145 57
78 84
58 144
63 2
145 11
60 93
142 88
53 62
25 82
99 1
116 39
120 114
4 67
139 20
63 130
133 70
100 147
135 140
54 22
41 57
63 16
31 33
114 127
3 138
132 66
69 142
43 55
131 17
136 145
139 46
109 22
145 130
78 52
74 52
77 104
43 16
29 40
144 18
115 111
107 94
132 39
111 24
95 22
31 41
67 65
75 22
126 113
85 20
63 15
5 12
93 91
78 89
50 90
50 85
43 67
74 90
119 150
16 21
4 19
102 120
128 17
146 57
10 84
43 84
140 15
112 59
21 52
101 21
118 20
66 56
86 8
8 6
120 146
87 118
75 17
112 131
124 44
147 51
31 89
103 98
145 118
61 127
81 21
36 149
144 141
26 144
121 64
77 122
53 56
13 91
145 74
133 28
109 129
31 117
83 67
71 50
25 59
70 88
125 94
13 45
92 11
55 73
110 150
87 30
10 46
28 20
104 109
55 46
53 99
77 98
143 44
78 18
56 70
63 82
25 5
114 24
19 73
26 73
102 22
69 95
94 108
122 62
123 139
146 16
79 46
54 10
146 122
15 41
67 61
101 118
99 27
50 20
9 74
66 81
35 10
14 147
49 5
47 92
92 83
68 90
92 130
66 20
22 21
31 123
88 45
14 131
23 111
55 108
79 138
117 76
58 117
103 94
122 130
94 6
9 104
131 36
135 115
77 22
62 129
36 95
100 98
7 98
117 138
54 82
11 24
145 108
68 94
40 87
50 141
80 140
126 61
70 106
103 62
66 46
93 138
135 82
128 137
43 121
131 64
99 134
43 75
148 108
120 2
3 70
68 63
118 22
95 30
92 123
58 51
19 1
13 84
9 144
89 127
101 74
32 126
114 94
133 148
130 22
61 76
10 40
94 85
9 77
31 101
128 125
100 73
67 91
94 57
86 150
7 101
51 24
86 57
23 62
107 142
100 101
72 141
55 76
15 1
141 82
16 36
147 72
41 85
120 105
13 77
69 3
43 124
47 86
109 88
125 30
12 85
146 17
150 24
136 103
100 118
75 13
14 97
58 127
136 41
80 110
26 52
114 93
100 11
109 87
101 20
5 8
95 76
81 64
124 62
103 8
56 90
51 49
133 19
123 1
99 17
9 38
145 99
64 46
14 42
137 108
20 45
32 112
150 91
67 131
119 104
2 105
120 41
125 89
60 28
118 111
103 115
32 94
33 1
7 45
91 20
114 64
100 87
148 143
23 81
40 131
98 3
140 65
47 87
94 115
136 137
68 123
133 93
131 15
25 49
146 101
78 99
9 135
60 106
55 134
25 84
121 2
120 61
96 118
71 59
7 49
23 15
40 57
128 70
51 1
13 59
61 105
91 30
67 27
115 24
54 1
132 148
132 98
123 94
89 16
72 36
47 8
14 120
68 41
35 16
100 70
119 106
29 20
59 11
72 91
35 96
40 129
128 101
5 22
9 60
68 46
133 17
101 3
17 108
80 139
123 29
125 8
52 105
54 49
60 33
145 33
130 45
62 20
4 140
53 70
104 11
58 139
29 11
63 1
44 24
147 88
60 20
71 145
98 110
83 77
67 99
116 113
66 72
8 51
3 44
68 115
77 118
19 57
9 148
78 146
147 107
71 69
32 73
54 97
102 125
135 110
148 57
80 104
116 97
116 110
148 130
54 8
63 51
99 149
59 12
101 57
71 150
37 29
80 117
26 111
135 84
106 39
100 51
31 96
50 80
147 29
81 82
101 36
9 86
78 114
102 95
135 88
78 39
35 34
140 111
35 36
102 39
10 122
64 8
56 105
146 94
119 120
47 12
23 75
26 8
146 105
121 41
67 95
120 106
92 74
41 46
60 32
100 46
59 111
3 24
47 116
32 125
34 109
62 139
137 12
63 95
114 28
68 78
25 75
6 44
78 2
110 1
145 76
149 106
27 39
77 46
19 108
63 50
64 73
23 18
27 142
9 81
146 97
43 1
128 136
53 64
83 108
135 72
29 144
131 107
103 91
135 122
71 81
77 86
26 106
26 145
136 40
100 69
113 139
43 110
147 146
66 99
114 109
130 111
42 17
99 56
108 134
98 101
104 21
119 103
51 127
76 30
54 53
116 117
25 94
77 121
86 56
129 30
69 72
92 28
80 114
74 11
70 20
56 118
19 138
81 123
113 129
13 85
35 67
139 38
60 116
42 89
135 5
136 65
133 146
23 69
43 35
60 77
19 20
120 117
132 113
10 135
33 24
133 50
104 85
143 110
31 134
32 97
72 150
131 118
54 90
69 6
124 61
68 87
23 114
132 110
107 48
81 39
100 116
56 59
69 139
68 125
148 149
89 24
2 40
29 69
136 50
16 142
26 45
112 110
104 113
119 145
16 20
6 20
25 53
130 65
3 139
99 144
93 49
132 85
106 52
55 94
69 138
99 30
7 66
34 12
70 6
35 27
116 127
40 84
58 85
26 143
109 17
74 16
55 27
109 21
133 100
133 73
9 18
32 96
13 22
50 114
7 52
112 104
84 90
115 6
104 96
76 49
102 36
149 22
101 114
7 130
54 40
72 90
119 113
31 88
4 12
62 84
71 1
122 104
53 22
122 115
9 24
83 51
31 106
82 30
37 131
27 28
135 111
2 106
10 41
4 82
65 85
42 140
147 16
96 82
20 18
55 18
16 44
14 87
92 77
124 123
120 64
55 101
81 137
119 110
3 104
78 149
74 129
130 95
117 72
4 147
140 51
13 21
92 76
103 11
108 90
68 126
29 38
140 27
143 109
4 30
147 79
78 141
91 73
101 28
63 24
43 27
65 57
81 107
88 44
136 147
59 97
17 95
4 28
47 118
64 134
53 137
68 15
66 126
23 36
37 136
38 73
28 62
7 141
3 45
144 12
26 39
132 30
147 38
29 141
112 56
132 40
43 146
74 115
148 31
68 37
22 1
81 105
54 48
47 98
71 74
50 42
58 84
113 96
48 85
131 59
74 141
92 91
68 142
74 33
55 66
81 58
126 5
80 106
136 98
68 39
25 12
50 36
145 97
113 115
26 135
10 62
144 22
71 32
34 16
10 17
119 88
47 145
27 113
13 98
132 59
144 65
54 148
58 64
141 91
48 44
103 24
34 131
135 65
121 20
146 111
136 89
15 90
63 17
147 99
78 5
121 90
103 1
47 140
10 58
102 139
136 5
50 30
28 115
89 131
99 130
120 62
55 48
89 144
144 15
131 73
27 61
59 108
132 64
41 44
124 140
128 50
121 16
54 129
50 40
81 139
4 72
110 52
63 115
61 113
43 60
43 41
29 8
83 74
144 106
122 95
128 54
99 15
43 73
42 106
100 39
113 142
98 56
31 62
34 93
148 86
68 146
112 8
4 41
34 103
149 142
28 65
143 45
143 11
7 129
34 96
113 39
9 111
7 60
143 150
109 30
71 139
29 111
2 27
43 38
78 60
77 62
69 93
103 116
29 36
19 65
98 134
21 1
125 118
123 15
101 44
80 40
135 6
35 40
117 19
11 88
16 139
125 34
42 112
104 24
23 99
125 146
105 46
16 94
13 114
101 110
60 134
119 60
23 67
111 1
37 134
131 84
120 49
14 143
55 112
121 57
148 66
61 64
120 103
19 59
4 122
16 64
123 111
103 134
60 88
16 95
147 46
124 46
69 44
100 107
70 79
133 83
40 109
100 94
81 130
109 44
80 73
126 49
51 41
47 107
57 12
62 138
68 25
120 56
32 59
125 130
129 142
3 38
128 38
133 8
100 76
117 95
137 1
4 65
77 109
58 94
112 5
71 148
137 41
120 52
101 49
40 130
23 2
86 79
3 8
120 6
32 45
125 91
26 18
19 84
130 8
17 20
124 93
102 126
147 118
42 58
139 90
149 105
25 29
34 36
124 30
142 44
65 127
141 30
135 81
102 85
102 113
122 17
5 33
148 117
123 22
16 48
13 56
71 58
99 150
71 21
82 85
76 134
147 70
79 91
119 129
93 149
69 11
47 52
133 115
63 104
47 30
145 107
148 112
13 121
78 102
123 19
37 75
25 135
136 51
129 111
130 127
16 137
61 130
39 127
66 101
135 113
7 10
80 67
14 20
72 109
119 51
61 38
54 99
76 18
103 117
10 49
68 45
31 140
74 64
131 79
140 29
129 51
26 47
5 142
74 17
138 18
133 10
79 105
81 61
37 17
92 34
150 33
128 106
133 91
139 142
27 16
19 149
109 138
7 97
94 52
98 91
40 85
129 33
75 56
123 115
112 87
19 115
81 73
55 146
108 118
66 105
61 94
27 38
66 15
93 73
80 8
132 50
59 105
141 127
62 1
68 145
133 84
59 95
116 16
11 6
60 18
77 41
131 95
45 30
60 58
41 39
104 51
74 110
145 134
109 79
4 113
68 49
128 131
95 108
31 144
146 109
147 144
71 8
10 98
80 1
140 122
81 84
7 69
99 65
22 15
98 111
56 150
24 20
92 113
124 146
89 22
37 24
29 16
79 41
128 123
123 41
21 127
7 108
55 106
13 126
28 85
145 51
15 111
103 107
44 73
137 110
68 91
120 122
71 125
124 8
43 25
125 61
92 46
76 115
54 107
112 91
29 45
77 116
26 41
100 130
59 21
50 118
21 33
4 90
136 29
37 118
126 143
121 39
147 56
77 134
72 107
69 108
98 138
71 48
41 111
74 97
145 90
135 46
101 18
86 41
132 115
47 44
27 36
135 144
49 91
136 8
47 68
78 57
119 69
89 67
122 8
92 145
75 95
80 11
86 143
66 73
87 44
13 150
63 120
130 20
47 46
43 133
103 127
40 74
75 91
120 98
37 110
48 41
83 84
135 50
54 75
10 99
31 104
34 97
132 77
42 38
67 137
47 27
131 142
116 74
37 28
87 79
11 129
116 61
67 117
23 112
148 53
88 1
150 127
75 38
113 82
26 62
51 45
132 67
78 96
14 99
68 143
63 20
72 30
148 94
138 45
43 120
66 11
100 22
122 21
94 46
54 80
29 5
148 114
112 94
53 48
122 118
135 28
53 33
3 145
61 24
126 94
40 115
25 74
109 84
7 59
144 1
23 146
145 144
91 57
62 96
70 142
128 14
76 12
40 113
9 62
79 57
40 12
148 1
27 12
7 17
102 79
75 98
111 84
9 15
42 44
74 88
112 76
94 106
58 111
74 142
78 41
81 141
60 79
50 38
17 57
126 110
68 110
32 69
61 15
23 85
54 9
53 46
63 13
37 115
58 141
81 52
53 123
54 95
93 115
36 97
2 73
140 19
102 52
36 5
57 30
4 125
137 73
126 138
68 136
111 82
104 57
22 33
142 90
47 38
80 46
102 34
145 138
135 56
21 134
60 103
28 142
83 39
133 81
69 112
125 144
68 52
83 62
14 44
117 46
38 91
23 9
9 21
10 77
25 115
58 49
92 88
14 35
123 45
80 96
19 85
9 13
94 1
144 48
61 142
95 46
56 106
125 142
132 144
128 5
9 53
121 80
144 97
71 46
67 127
54 31
118 150
149 139
60 138
114 36
67 79
7 34
23 17
11 134
10 83
29 113
93 30
80 16
67 142
89 44
102 51
4 58
70 141
67 115
7 78
35 137
98 115
53 91
122 114
89 112
83 27
61 20
131 49
102 86
57 20
74 12
56 57
93 6
9 98
53 129
106 90
66 61
64 94
120 15
2 112
42 20
123 39
100 66
19 82
111 18
3 22
39 141
133 51
26 64
124 74
78 35
66 3
23 150
8 142
75 5
75 70
76 150
28 129
142 20
123 73
140 99
122 107
10 144
28 44
23 46
100 6
62 106
26 74
117 49
104 111
71 124
94 142
4 48
119 71
2 142
137 94
71 138
86 59
25 101
66 116
68 1
92 86
13 146
125 150
23 82
105 127
69 58
9 14
67 6
47 90
130 52
71 143
85 134
110 8
25 55
98 130
47 77
74 149
10 103
137 95
2 58
116 118
68 9
35 84
119 92
148 99
107 44
8 91
14 58
9 69
130 36
68 2
8 21
9 49
23 20
48 105
101 56
67 48
77 115
81 18
31 67
137 49
132 97
53 89
138 57
43 13
71 5
37 138
26 93
99 76
43 53
54 104
64 6
137 129
25 65
25 35
23 116
9 32
108 52
117 5
110 57
143 149
37 89
140 69
53 105
80 97
35 120
136 118
128 90
87 85
86 49
71 82
148 106
98 61
119 23
77 5
102 127
58 122
59 1
69 114
71 108
120 19
78 83
104 44
48 82
35 65
48 46
80 38
31 45
75 48
119 82
128 133
133 6
10 70
17 76
23 139
25 81
136 131
120 27
124 142
54 114
34 118
7 33
14 29
135 101
71 80
17 45
32 66
32 107
102 114
124 45
31 137
124 147
65 84
7 83
77 144
133 105
60 101
106 38
43 12
97 76
147 34
77 15
137 97
52 90
75 73
137 20
27 21
124 79
70 85
26 68
68 81
135 105
69 105
75 116
76 96
71 100
14 50
56 111
123 51
50 105
55 97
84 45
124 81
63 87
128 4
25 130
40 11
120 76
144 88
43 86
114 108
75 39
112 84
13 93
29 52
42 97
109 57
145 56
114 65
3 18
8 1
27 134
102 44
26 51
132 86
3 74
97 105
14 95
14 74
4 81
140 130
87 115
75 115
126 87
7 122
136 90
40 24
54 100
53 38
34 76
121 103
51 44
102 48
148 17
101 141
116 82
92 125
76 129
100 56
40 82
10 24
42 126
63 69
142 138
67 82
79 52
128 121
37 67
29 17
40 27
122 5
146 40
67 118
67 33
50 142
139 5
51 18
47 15
19 106
66 106
19 24
22 105
104 39
69 122
83 91
132 107
136 53
75 42
68 38
91 1
114 138
119 70
149 57
100 112
102 103
87 33
114 52
38 6
108 76
16 24
54 87
29 112
135 17
123 101
65 48
34 138
71 78
65 39
80 118
68 92
26 133
135 8
108 96
58 15
58 5
147 112
2 117
27 138
15 142
116 105
55 67
23 120
25 147
113 5
67 56
108 91
3 19
113 87
120 79
129 79
3 17
55 107
67 5
6 24
87 76
48 1
133 134
132 141
69 19
58 129
63 107
77 111
112 46
137 5
36 52
31 28
132 52
3 72
125 85
42 61
32 5
80 112
100 16
102 96
25 109
77 38
74 59
83 58
68 18
5 30
63 118
26 136
147 41
37 46
2 5
37 147
71 25
14 126
135 35
129 52
148 147
25 57
31 65
11 57
93 90
144 150
146 85
110 11
132 36
47 125
132 61
53 3
75 134
31 79
4 15
60 97
104 115
52 24
117 12
133 35
32 149
15 38
37 11
25 125
54 101
26 107
21 85
123 33
93 22
86 22
23 58
74 87
82 45
62 56
54 139
117 96
149 11
9 17
120 24
129 22
9 72
123 28
146 72
121 137
22 88
17 111
29 74
7 27
97 139
32 46
72 6
38 115
124 101
11 18
89 138
32 145
36 20
136 49
14 144
133 33
92 64
129 90
135 70
58 93
20 1
118 91
79 150
55 109
14 21
116 104
119 138
14 18
144 107
75 146
123 48
5 91
83 96
50 51
92 147
96 91
32 130
42 59
144 38
36 76
60 112
135 91
23 31
92 118
133 25
140 41
32 90
64 21
60 5
11 15
53 65
25 112
92 30
144 39
92 13
28 97
114 85
120 44
140 89
86 84
31 50
23 101
144 129
80 127
116 122
58 70
118 6
31 51
3 85
62 79
135 147
146 19
60 70
125 29
9 84
92 109
140 17
124 137
96 73
61 107
13 79
60 139
133 111
94 51
131 12
124 89
110 82
120 130
119 45
17 22
61 111
119 43
126 105
42 94
128 18
47 101
64 90
26 112
50 139
132 87
80 33
148 6
116 46
88 12
53 67
50 103
10 5
48 49
66 83
9 138
131 28
10 55
64 70
4 16
119 6
133 72
9 88
55 145
4 32
136 21
92 117
63 67
110 91
148 137
21 44
131 6
124 120
147 111
104 90
83 16
123 149
63 126
47 59
37 149
102 65
135 134
121 130
47 80
87 57
103 52
67 19
92 72
113 118
55 58
132 20
122 6
31 59
4 75
107 18
3 76
10 147
149 8
104 93
77 139
66 91
99 84
86 146
136 22
60 117
7 28
69 101
75 66
102 141
8 118
137 96
13 124
35 95
37 56
83 44
136 81
71 11
114 49
86 141
37 41
29 95
37 99
99 107
83 53
121 93
80 90
35 115
43 141
83 5
91 90
43 21
89 141
143 27
8 24
124 143
122 131
1 85
122 144
116 72
133 38
3 62
145 15
122 97
60 46
40 90
71 42
123 109
68 24
32 40
117 79
53 101
119 96
121 67
101 65
26 24
47 103
9 134
102 29
13 66
7 44
28 1
148 69
71 120
93 38
135 2
71 26
92 98
35 125
77 89
116 90
54 35
3 108
65 5
10 48
113 141
119 18
43 33
81 69
53 97
75 145
119 65
9 22
97 6
99 85
56 108
25 61
58 73
83 30
122 33
71 97
2 94
26 54
48 11
48 45
121 56
64 111
114 142
35 29
145 110
96 85
79 44
110 96
34 91
128 88
128 33
105 20
47 112
121 81
81 24
95 85
80 19
95 129
128 11
115 30
114 106
98 36
2 74
11 138
4 97
54 103
118 141
89 62
32 56
58 74
114 56
23 129
8 41
128 55
3 5
31 124
86 6
103 41
145 1
120 51
140 2
65 110
3 94
74 105
7 30
97 8
146 64
68 21
76 41
5 127
75 147
37 114
116 70
59 127
136 112
81 110
7 46
99 49
28 79
98 131
47 147
120 40
137 150
75 112
31 78
32 57
89 17
80 86
36 115
75 19
83 125
69 145
26 147
64 91
10 141
76 8
60 113
47 79
97 84
37 101
11 91
37 25
9 118
83 21
145 19
56 24
75 6
147 104
10 66
11 118
61 46
43 14
78 130
130 6
78 120
68 137
102 93
78 19
63 4
89 88
104 73
109 49
143 97
100 58
61 12
109 6
29 51
61 19
132 131
23 70
75 123
125 46
132 24
120 80
114 118
130 64
9 100
109 94
133 104
129 150
17 105
61 84
9 66
66 38
103 73
102 42
23 29
36 96
100 53
87 82
108 30
102 101
81 150
36 11
80 56
133 29
95 41
37 148
13 12
92 35
92 16
133 117
51 142
124 121
43 147
78 6
35 147
61 137
11 44
42 52
101 73
135 58
121 12
41 150
89 61
146 56
133 13
58 97
29 110
142 85
48 88
80 74
125 123
101 91
126 131
106 105
139 51
58 38
135 76
104 70
32 28
145 36
116 144
81 65
124 106
125 127
43 5
11 97
118 18
94 5
136 24
124 60
118 45
108 5
77 114
32 86
133 1
120 72
33 73
150 12
23 130
74 85
124 107
75 118
60 22
87 39
53 141
32 44
71 128
80 146
140 57
14 28
39 138
63 21
18 24
136 73
54 121
136 91
2 115
133 141
95 44
68 82
92 90
56 5
89 19
75 126
83 145
86 114
103 33
94 88
60 66
19 134
110 5
97 39
12 84
78 61
141 46
26 33
136 3
67 46
146 76
92 3
70 45
146 22
74 8
113 22
49 141
119 27
29 18
132 79
63 53
106 41
9 36
26 34
31 10
123 105
40 118
86 44
43 149
29 126
23 27
144 84
40 94
143 41
89 87
102 53
9 108
48 56
86 38
33 134
118 138
12 90
4 150
112 30
128 91
47 120
78 126
17 150
14 3
101 38
114 12
75 65
23 63
144 46
17 52
48 96
65 22
25 72
128 109
25 110
100 17
132 65
88 24
16 88
56 96
42 41
132 81
121 97
27 88
97 106
122 57
63 102
62 8
94 139
92 39
122 20
23 66
143 91
145 6
108 127
35 19
123 24
117 131
37 87
71 41
34 44
4 40
83 111
99 41
141 1
102 147
68 138
71 109
14 25
102 138
74 72
61 106
2 126
140 76
16 6
148 88
35 122
48 142
50 3
136 85
69 94
127 134
128 130
10 61
117 130
32 124
37 96
119 137
10 76
65 20
87 150
26 20
50 87
89 6
132 12
67 150
87 11
148 150
78 28
120 21
54 98
50 62
130 28
28 108
100 89
112 51
108 45
77 49
147 33
93 84
130 90
109 91
13 55
54 130
14 134
92 44
100 97
54 17
125 134
70 24
149 110
136 25
65 138
7 35
89 105
47 64
74 93
71 54
136 33
112 24
139 45
81 46
122 149
116 130
2 130
10 79
98 79
47 3
60 40
58 48
23 115
114 149
91 105
102 82
101 67
34 115
101 93
133 96
121 113
146 145
62 18
114 79
17 49
116 12
60 122
146 129
43 64
13 143
88 85
32 58
75 85
131 33
141 85
145 27
58 45
10 20
56 15
124 87
25 96
103 144
50 72
35 46
109 76
40 30
77 130
54 105
34 53
3 21
10 82
42 110
112 142
63 122
31 85
72 94
2 41
67 105
133 120
48 118
25 83
7 62
109 115
128 104
76 38
36 142
144 44
84 44
128 135
66 45
31 60
60 94
37 57
96 18
9 34
66 141
106 115
29 149
66 112
86 73
37 53
101 27
146 88
124 17
67 110
74 38
132 29
10 29
100 35
136 107
65 108
86 12
131 111
150 30
55 70
148 21
32 50
86 11
50 93
37 39
55 120
29 56
23 110
83 15
69 129
75 143
149 94
100 125
36 56
107 49
68 113
103 129
50 76
34 86
23 118
75 111
107 141
145 111
37 59
148 80
27 93
102 2
74 139
23 147
28 73
116 106
25 138
94 111
80 52
37 112
46 90
120 8
81 94
148 113
40 58
114 88
110 38
3 36
43 122
21 111
29 150
80 87
69 39
32 10
40 18
60 65
47 144
141 115
50 60
54 106
133 74
114 46
119 95
140 134
133 65
132 103
130 94
47 150
100 120
42 146
133 66
132 53
43 88
116 84
145 21
143 65
37 64
43 32
67 73
25 88
69 36
51 6
56 142
119 124
128 49
43 61
66 121
26 120
11 105
110 118
31 49
140 137
23 125
146 82
98 57
13 50
9 123
132 125
29 85
67 70
64 88
107 39
8 12
143 96
63 12
60 118
58 114
111 127
26 114
81 8
100 144
100 83
35 60
133 125
53 95
62 88
109 39
27 73
78 116
66 34
50 21
9 51
145 142
32 105
126 90
29 62
47 55
36 82
135 38
135 114
144 41
80 131
55 61
80 6
32 61
126 93
27 97
145 59
4 115
71 115
34 94
43 72
80 72
107 150
10 64
95 15
124 34
19 28
8 52
109 5
143 49
80 134
37 4
148 77
98 142
57 44
128 93
71 136
35 124
78 107
35 85
106 84
77 143
65 36
116 85
117 73
148 76
81 118
77 12
43 56
80 99
42 62
13 138
35 106
102 123
51 91
35 58
100 141
12 45
108 44
26 17
54 132
142 134
68 131
146 110
48 84
28 36
72 28
131 97
26 67
54 120
86 87
35 107
114 21
35 53
97 70
77 33
119 67
25 50
99 105
69 123
23 132
144 93
115 88
47 56
48 134
128 138
43 115
100 41
78 123
26 90
62 141
63 3
83 81
48 8
54 21
31 147
7 112
119 46
14 141
94 8
120 94
126 30
30 85
23 11
108 20
19 150
2 93
32 118
54 33
53 69
106 118
94 33
148 78
13 103
79 127
81 41
19 70
133 108
74 111
104 28
87 12
75 32
54 133
114 96
31 11
133 139
17 73
54 70
137 30
4 100
12 134
32 110
78 121
55 129
94 24
132 80
81 51
116 137
23 135
44 52
37 86
144 45
83 146
143 51
120 57
72 5
92 81
35 18
126 52
103 76
128 129
128 75
21 105
68 72
78 45
114 48
32 143
143 18
25 31
102 118
37 125
78 13
60 123
32 113
90 88
50 8
42 69
69 137
68 51
102 110
121 112
60 80
136 125
123 44
146 91
131 105
148 41
66 17
13 3
97 88
135 60
132 135
59 118
121 94
92 69
68 22
92 50
122 112
140 82
37 30
132 46
19 36
19 12
63 100
136 70
78 140
100 34
119 121
86 24
92 65
101 8
75 50
4 139
102 90
148 62
140 143
117 115
19 127
54 65
28 33
114 104
80 95
66 44
103 99
25 42
76 52
121 17
32 147
71 133
61 6
136 64
149 21
131 8
54 14
111 30
131 24
76 21
29 122
70 21
83 41
87 8
71 104
55 53
133 22
123 27
59 18
130 48
143 72
25 127
146 142
48 5
46 30
26 27
127 24
60 89
86 145
109 118
8 96
57 1
26 91
36 107
54 72
109 56
51 22
123 18
69 104
92 51
10 96
119 19
35 112
144 62
105 73
68 65
29 106
75 20
100 24
63 22
145 22
68 124
123 20
72 56
29 30
133 92
125 149
104 99
63 110
145 94
55 82
54 91
4 105
27 112
22 96
23 45
77 59
68 88
17 38
42 85
29 79
98 62
121 72
35 8
140 1
120 89
70 11
139 108
95 79
74 1
62 39
7 54
133 41
139 106
100 64
146 115
35 70
130 88
14 34
75 16
147 61
92 82
115 105
71 96
133 77
61 93
118 41
49 106
14 125
60 57
48 12
112 44
66 144
146 24
74 138
54 57
50 66
100 25
108 49
55 90
42 11
36 62
108 106
96 33
88 134
23 87
68 66
129 134
68 73
58 79
26 95
65 106
54 16
47 142
145 24
36 110
59 79
26 99
40 143
74 39
139 12
42 36
97 21
102 97
106 82
54 84
72 19
77 140
13 137
130 138
77 16
43 108
89 150
106 18
7 126
43 91
2 11
140 113
60 19
135 3
128 34
43 135
61 97
61 21
130 139
4 73
124 130
135 109
144 52
10 86
40 15
4 70
25 108
83 141
43 19
41 45
101 150
148 120
4 104
13 70
112 129
140 11
69 62
63 81
38 30
137 111
97 142
136 114
102 61
78 67
48 113
64 52
9 8
150 142
67 149
136 86
28 6
123 131
149 96
84 134
72 1
126 122
144 5
8 88
96 41
38 134
126 109
63 56
81 106
140 95
75 3
145 139
54 18
64 138
144 131
35 143
141 18
77 28
65 94
128 120
124 112
41 127
78 20
34 79
48 39
29 15
103 93
100 121
37 120
43 104
16 12
100 52
25 95
99 18
88 20
43 69
123 11
92 143
50 65
19 118
26 81
42 40
3 142
124 105
55 137
65 56
94 38
42 39
60 107
77 127
19 17
83 29
107 138
68 106
71 53
148 110
62 30
11 73
83 98
13 106
25 16
68 116
77 90
53 74
2 20
124 16
54 66
120 91
38 52
81 85
118 105
144 108
56 49
27 57
86 72
17 39
119 101
38 138
83 17
105 12
23 52
31 53
4 126
148 11
23 134
117 30
56 30
137 24
40 137
100 42
116 138
32 72
11 82
148 104
25 39
144 30
37 121
61 109
5 44
53 106
104 52
86 139
127 6
133 95
83 80
68 29
31 82
89 110
67 11
19 139
146 139
133 144
10 118
13 86
55 51
135 98
137 91
4 2
55 65
66 140
97 41
104 131
100 146
26 124
41 18
69 33
123 112
120 145
32 146
112 20
100 21
110 79
125 129
70 22
140 20
34 5
25 58
145 115
34 40
50 106
49 96
2 39
72 73
37 6
98 8
62 15
64 49
71 137
47 28
119 72
142 82
26 76
103 46
50 146
98 108
71 121
119 14
2 70
34 52
17 142
147 15
43 140
72 45
40 111
16 134
89 137
117 22
103 74
10 72
38 82
77 96
35 79
110 127
62 97
43 132
99 64
89 73
5 57
15 21
39 18
83 79
60 140
26 132
144 94
95 51
140 72
121 116
78 122
121 96
4 149
59 90
117 33
139 79
50 84
144 20
148 129
128 22
118 12
40 89
148 61
9 125
15 57
60 144
70 57
98 64
104 94
117 85
126 12
7 14
103 143
128 99
49 18
26 140
130 24
47 109
117 106
136 129
72 64
54 73
58 82
122 65
62 49
65 45
86 89
125 107
34 84
121 105
132 142
42 144
103 113
100 138
70 73
136 74
83 110
132 145
11 20
122 85
78 100
149 46
31 34
101 30
67 130
106 73
136 141
50 27
99 109
16 105
93 56
128 59
37 21
119 93
102 104
128 13
89 64
103 82
43 116
10 143
80 123
143 87
25 36
112 90
148 139
122 11
98 80
37 109
143 57
92 97
131 38
10 137
26 55
31 42
43 9
100 111
32 41
49 73
93 65
122 134
54 32
47 149
121 118
83 11
119 79
103 90
54 64
53 122
81 109
126 82
137 44
66 76
92 116
123 110
106 127
102 107
34 145
53 2
146 79
49 88
79 118
27 106
131 139
89 41
70 91
55 79
7 121
26 4
137 127
99 94
31 121
50 125
7 3
137 115
3 137
92 17
97 44
36 150
5 84
83 149
47 41
104 106
63 55
26 69
147 80
143 84
47 35
133 107
56 1
92 127
132 109
146 70
9 82
63 76
67 16
16 127
87 91
106 12
4 99
23 44
106 21
133 58
5 45
50 82
125 101
77 82
109 64
137 57
67 15
19 49
78 95
63 141
68 36
35 123
75 60
114 17
132 8
23 73
117 16
47 85
139 30
81 93
113 11
4 1
112 111
53 107
75 89
102 150
71 52
71 99
98 144
13 46
48 91
60 142
135 126
19 79
14 16
92 70
3 130
75 69
137 76
48 15
72 18
61 134
146 38
84 24
25 104
117 89
94 73
4 137
136 27
40 127
7 96
99 87
35 118
26 126
37 143
26 125
9 112
25 140
109 45
83 117
116 65
2 12
74 48
103 5
136 1
124 110
14 102
9 129
47 24
55 15
42 117
135 48
14 5
47 113
109 108
133 109
3 48
61 96
5 106
128 132
137 21
102 131
126 99
102 144
54 36
96 105
7 67
77 105
42 84
21 57
125 97
124 117
87 95
61 44
145 88
123 150
61 73
17 84
86 27
41 88
98 46
87 62
89 49
101 144
148 67
55 95
96 142
124 76
119 127
78 44
127 30
121 82
32 89
68 99
6 1
98 18
113 49
27 49
43 114
75 135
135 16
135 89
13 19
25 1
17 134
117 38
54 138
10 42
40 114
10 117
9 19
60 12
37 94
123 62
53 96
100 44
23 65
134 1
28 84
55 110
74 20
112 141
14 69
21 24
83 69
76 51
53 110
116 108
126 127
87 149
60 30
9 70
21 6
52 115
5 51
70 5
42 51
60 2
3 6
99 45
35 149
92 84
50 150
114 44
48 150
92 108
115 1
47 32
101 126
119 141
27 144
128 56
31 80
125 99
137 18
10 108
14 106
137 39
122 127
11 111
54 113
98 143
119 94
25 114
61 48
140 59
130 79
119 22
92 29
8 30
66 39
80 113
43 118
78 150
35 94
7 53
116 112
32 101
100 10
140 131
125 49
27 137
98 52
120 87
4 22
117 87
31 48
131 5
63 98
135 131
150 44
34 81
72 84
140 84
128 95
78 91
115 73
114 110
132 47
37 31
53 145
101 89
3 28
25 30
50 1
126 141
117 6
43 82
54 5
13 87
75 106
39 85
90 18
23 80
147 109
10 36
50 97
120 108
103 49
120 46
109 70
13 29
90 85
13 60
14 118
75 41
121 127
135 104
86 48
13 69
48 76
16 49
141 22
7 23
77 91
95 12
103 16
7 77
4 39
83 123
34 116
133 48
70 38
66 80
55 29
37 5
50 12
126 56
32 95
111 46
53 130
19 46
127 20
12 91
27 15
80 2
83 72
94 90
72 113
104 118
54 6
23 72
81 144
47 50
147 116
131 56
140 58
56 6
38 44
147 96
71 122
37 123
51 85
126 58
47 89
60 145
101 99
7 36
100 85
36 105
52 85
60 59
101 96
28 127
37 36
99 52
32 139
7 21
2 149
15 138
34 27
35 39
40 95
66 12
119 118
86 76
136 113
102 64
71 113
43 97
3 141
66 97
4 121
34 39
71 61
47 137
83 73
55 42
128 16
83 36
53 6
72 41
13 139
93 64
17 6
34 143
23 113
35 61
35 108
91 88
143 90
83 48
58 52
26 10
93 52
107 84
141 33
7 51
104 65
16 149
49 22
23 56
98 139
78 32
119 117
69 70
29 134
75 59
42 139
26 48
23 61
144 96
81 145
125 106
31 55
37 16
56 12
143 105
15 20
5 115
133 63
7 138
86 15
69 126
25 137
80 108
121 52
26 3
63 117
102 62
98 19
128 3
77 6
136 16
44 134
4 78
27 111
147 110
98 127
145 67
31 87
9 95
62 51
10 107
92 55
53 93
25 41
14 73
128 146
78 75
141 105
117 90
13 82
92 60
109 139
122 88
131 30
150 105
26 9
100 3
80 59
25 143
132 149
77 142
17 59
54 110
27 5
39 46
71 126
149 24
126 28
37 32
48 110
77 2
2 85
64 150
135 27
119 111
117 44
55 38
113 1
97 57
43 126
77 72
125 88
9 35
60 36
46 1
55 114
32 77
5 52
9 64
69 98
116 93
116 17
91 45
69 149
119 61
43 92
149 73
95 118
54 89
81 2
32 98
113 24
86 5
47 6
16 62
25 123
93 96
56 91
9 42
10 16
133 55
28 22
39 33
31 143
136 42
50 138
10 110
112 21
104 5
102 16
50 58
130 12
131 62
51 138
47 19
55 127
125 3
123 137
122 105
48 97
31 116
23 149
126 85
121 36
119 107
107 91
34 146
26 2
147 5
108 150
137 38
14 51
72 79
60 91
101 97
122 74
77 8
35 24
67 39
68 11
4 25
148 10
116 140
80 18
37 58
133 39
47 45
64 79
142 105
26 88
92 131
63 149
94 118
114 84
69 109
60 27
10 8
67 41
92 56
23 25
98 39
9 96
26 83
50 108
42 90
53 111
118 88
99 74
143 104
92 137
90 115
89 85
95 70
80 57
60 109
111 85
34 6
98 16
9 6
7 136
103 39
128 46
9 2
78 58
4 34
116 6
102 76
42 114
83 93
135 106
23 8
31 14
11 115
25 20
75 18
148 138
135 32
103 101
63 111
77 88
37 139
146 51
100 59
11 94
132 31
4 120
67 90
98 72
43 48
132 5
126 15
131 129
122 61
14 8
9 94
72 20
37 146
72 82
75 104
60 108
145 58
42 105
108 15
23 47
19 5
67 88
37 38
17 11
48 94
123 12
47 16
93 127
31 5
135 108
60 67
37 20
119 31
54 55
43 95
69 144
2 8
107 85
42 111
51 106
25 142
54 135
62 22
32 76
104 19
31 103
100 126
68 104
110 105
7 81
132 48
81 101
43 17
141 111
148 30
137 62
77 101
31 74
113 97
115 46
35 101
26 139
144 57
69 15
132 89
40 52
9 103
118 84
50 121
104 18
146 134
103 87
119 89
99 6
50 59
132 136
87 94
78 110
35 127
49 84
26 102
98 48
68 67
130 15
71 51
95 91
143 115
138 24
129 88
132 140
119 52
79 134
140 149
92 67
92 57
121 48
133 103
100 40
146 130
78 15
130 17
22 18
2 111
114 141
135 130
27 44
68 102
10 101
29 137
96 84
69 45
43 30
123 85
35 150
104 134
129 106
72 95
140 22
36 38
29 127
136 4
94 21
7 79
28 87
34 87
103 86
122 106
32 99
34 19
102 74
37 50
61 30
38 85
109 33
105 6
3 84
31 29
143 70
53 138
10 45
89 94
143 17
82 18
7 116
74 95
4 96
93 88
9 78
9 67
122 15
146 107
14 61
41 90
145 114
110 129
74 22
119 3
75 94
107 21
25 27
63 140
4 6
62 90
136 104
3 134
126 70
17 18
67 12
2 139
78 88
64 20
67 28
60 126
39 6
131 110
100 142
149 82
59 39
81 62
56 76
64 149
42 49
142 111
79 141
55 2
116 87
101 115
148 102
27 104
48 73
37 150
49 44
69 76
146 30
77 58
49 57
136 11
84 105
78 86
114 8
118 21
35 66
93 141
86 110
69 79
65 88
34 67
128 69
122 76
70 33
75 31
10 93
47 133
75 35
82 73
96 12
48 138
31 3
22 38
7 76
112 113
4 144
10 59
53 112
7 146
35 121
54 30
148 73
124 69
100 82
68 122
71 149
14 107
71 22
43 66
10 105
123 129
41 138
116 109
97 91
109 73
140 36
9 97
120 84
13 142
119 126
37 107
25 129
139 15
9 93
104 8
15 24
36 79
68 40
23 42
93 95
16 1
133 135
114 5
123 97
3 99
68 144
29 90
119 83
127 18
132 35
110 18
96 52
146 112
