InstanceID
10_100_4
NumObjects
100
NumFactors
4
Weights
11.258244478647295
36.83140665808429
34.44540231363058
5.664544616214151
12.078054506961555
17.95740766710132
38.18127440852261
81.51038332483567
24.22083248151139
81.977797040088
66.99313951612163
45.305833195233156
84.40074795625907
67.91898821149229
72.52498905219804
92.36760031564317
6.609803322813423
99.91722180201815
17.165450700728414
42.041790666399194
55.66843807053139
59.617232065521165
38.40322060393761
92.33537554310114
49.733458424371754
42.956952617328724
10.96774963723961
25.028696593916912
32.84748285699865
57.57885375537537
22.138257303890896
12.07727535430525
6.725577975637154
74.41065984020987
96.59259339892641
45.27235552599513
72.66609550797803
43.56265730049975
28.245934297893193
17.454721125516315
12.400141192619053
41.72454313246157
50.67939131055341
68.21669275355933
90.70291829602542
52.760450270399
49.58987286461851
47.716480493760784
40.32786219276541
33.78928354851263
12.844288125512948
65.32402582347538
5.877999184701399
16.338270903215623
18.132951383519025
30.93174389167568
20.666021300328286
75.81366133353771
78.19870730703794
24.099979788284685
17.447981400773326
56.00318658083967
0.16577441731941978
12.142282141928163
47.61924201802026
22.984064461441946
96.44027998889852
14.463241391108772
66.25906507964909
21.824112538254028
76.74516967624116
81.44265782737921
34.01592322193285
70.78543635253914
80.15480915065277
40.849777178565795
72.85223093836122
62.34002109832784
18.368172043653487
40.64239542789818
1.1227799179722942
73.39062052840933
66.28382469510746
8.312342876805111
46.510884641519134
70.67665970888622
96.24807420082473
39.33896116001645
87.30016078495994
66.77266006807992
59.059699941083466
49.28553861109815
86.81649899159596
11.97938044925202
11.427982847623387
80.55245051694502
1.198516222843815
40.86386601202332
83.9998240404566
80.96333183876247
Budget
2327.7198330591455
Profits
-2.251648895729459
-7.366281331616858
-6.889080462726116
-1.1329089232428302
-2.415610901392311
-3.5914815334202643
-7.636254881704522
-16.302076664967135
-4.844166496302278
-16.3955594080176
-13.398627903224327
-9.06116663904663
-16.880149591251815
-13.583797642298459
-14.504997810439608
-18.473520063128635
-1.3219606645626847
-19.98344436040363
-3.4330901401456826
-8.408358133279838
-11.133687614106277
-11.923446413104234
-7.680644120787522
-18.46707510862023
-9.94669168487435
-8.591390523465744
-2.193549927447922
-5.005739318783382
-6.56949657139973
-11.515770751075074
-4.427651460778179
-2.41545507086105
-1.3451155951274307
-14.882131968041975
-19.31851867978528
-9.054471105199026
-14.533219101595606
-8.71253146009995
-5.649186859578639
-3.490944225103263
-2.4800282385238104
-8.344908626492314
-10.135878262110683
-13.643338550711865
-18.140583659205085
-10.5520900540798
-9.917974572923702
-9.543296098752156
-8.065572438553081
-6.7578567097025255
-2.5688576251025896
-13.064805164695077
-1.1755998369402798
-3.2676541806431247
-3.626590276703805
-6.186348778335136
-4.133204260065657
-15.162732266707541
-15.639741461407587
-4.819995957656937
-3.4895962801546654
-11.200637316167933
-0.033154883463883955
-2.4284564283856325
-9.523848403604052
-4.596812892288389
-19.288055997779704
-2.8926482782217544
-13.251813015929818
-4.364822507650805
-15.349033935248233
-16.288531565475843
-6.803184644386571
-14.157087270507827
-16.030961830130554
-8.16995543571316
-14.570446187672243
-12.468004219665568
-3.6736344087306976
-8.128479085579636
-0.22455598359445883
-14.678124105681865
-13.25676493902149
-1.6624685753610222
-9.302176928303826
-14.135331941777244
-19.249614840164945
-7.867792232003291
-17.46003215699199
-13.354532013615984
-11.811939988216693
-9.857107722219629
-17.363299798319193
-2.395876089850404
-2.285596569524677
-16.110490103389004
-0.23970324456876302
-8.172773202404665
-16.79996480809132
-16.192666367752494
FactorLoading_Φ
-0.3015670923318021	-0.03880634318774834	0.3892037463925988	-0.27042281808785074
0.048657112219424814	-0.7127386977256072	0.20319953725273998	0.03540465280222804
0.010902936389360907	-0.3926609697858918	0.3735121782434716	-0.22292391558127567
0.5362596205148229	0.04139162673158325	0.08825028795713297	0.3340984647964609
-0.12166102444518057	0.6101236355937016	-0.04948816452204219	-0.2187271754390756
-0.10118334925049899	0.09646230923218369	-0.21233027719214248	-0.5900240643251748
-0.3395282540625957	-0.1197853774097275	-0.40512533272086104	-0.13556103580681578
-0.14397833097309998	-0.25741244084719006	0.014375168950980566	-0.5842340592287294
0.3610163089975136	0.13603306216440303	0.3051313386851364	0.19781929015294697
-0.5530279117934909	0.1102006795761381	0.032913585956827696	0.30385782267354333
0.31010712352589387	0.17428816085833598	-0.460146616178974	-0.05545809943679614
0.02107466538900038	0.39506523220730094	0.10787919745256702	-0.47598090495113166
0.008147854913458152	-0.3673987881080305	-0.5671869135099035	-0.057266443468607875
0.07748101037763622	0.09932025106735987	0.46363498511828505	0.35956375343671887
-0.015974547572104703	-0.5386479026412028	0.17983780735016275	-0.2655397424365298
0.4424314263603226	0.19726007482233365	-0.09903163001596971	-0.261276868801374
0.2707523488253487	0.21504363216761835	0.3738122790700109	0.14039173993702203
-0.6771634201911421	-0.20958127572840057	-0.08697500039239348	-0.02628030368806389
-0.03832194372381492	0.10237223466197953	0.7146533702375406	-0.14465245137666494
0.5735415780383759	-0.11601590871600131	0.11355124941777106	-0.19689126382785171
0.0025373484557056347	0.17832751149897041	-0.7239932370083386	-0.09514190303698533
-0.21270988005921931	-0.21933895505709344	0.5436561360585836	-0.024295028825103593
0.3435398148698705	0.2921756101169435	-0.255008672274885	-0.10927590273830101
0.50054620202312	-0.0595319052010177	-0.0956066225600769	-0.34431527021578545
-0.32591071753302936	0.054063281420403175	0.39355527737165463	0.22647072367491283
0.19833708097024272	-0.35893295313187656	-0.41211332494817676	-0.030616640949703955
0.11719455091210151	0.48450329153479865	0.04082640562664697	-0.35747575192645287
0.073128358178983	0.24234147228236602	0.124511451845567	-0.560018717693084
-0.4226468627290627	-0.025050541974372287	-0.3806589747777547	0.17164362051881032
0.02698383872518728	0.0562809440257146	-0.06411823674719175	-0.8526169805019064
0.14081156538070694	-0.2727286143051977	-0.09803655988399451	-0.48842326043010087
-0.0663244702392436	-0.03977471553804013	0.005522618175076044	0.8883781960476402
-0.11623123775124955	0.2171733209671003	0.34970174195538517	0.316893699326265
0.5319520536821511	-0.3500030084478849	0.0510503402741751	0.06699459759578885
-0.3239202830182384	-0.3281064504270388	0.1379115932910011	0.21006167326372172
-0.5086756897054654	-0.10865317927715257	0.10327867090238163	-0.2793924601150004
0.10873552302077383	-0.5492451334482025	-0.09290508717446255	0.24911425635656115
-0.09489087825724507	-0.1659582177308736	-0.37989887264139965	0.3592520313704817
0.24406819943378455	-0.6082123750899717	0.06922927738665785	0.07849014808958588
0.006836377825554685	0.41817199189415133	-0.06510016422347276	0.5098914660568212
-0.38824164204012024	0.19167402115265908	-0.38227065137728444	0.03781368542993624
0.3333092688096797	0.27872591296758764	-0.35898717490224685	0.028977643320485802
0.35007231618175516	-0.08710342318549413	-0.42514824368767234	0.13767601694507836
0.5888409649720434	-0.3027094845001326	-0.014617705278659576	-0.09383184524916444
0.04279226510973899	-0.3926251894541324	0.25837489284063064	0.306207652595498
-0.6541664839038899	0.11666048550942243	0.005092992349317482	-0.22408003823737022
0.022709031503612698	-0.3334786690183622	0.12072119987254792	-0.5230910996054772
0.02485687029934791	0.19647434808648945	0.6939718736802627	0.08469690793389995
0.012032624892775345	-0.2226441345388388	-0.11325807057905601	0.6520651699893298
-0.3701971890694882	0.23936412654037964	0.03811294505333018	0.352325739336802
0.2201124422531251	-0.043740488562530766	-0.5152687322711795	-0.2208783369131646
0.579947700398701	-0.08024752441984462	0.3168466034541928	-0.022958171727261556
-0.2247060692882077	0.08496966905186176	0.6545678638454226	0.0357563978145079
0.05783656014456984	0.211326030348012	-0.44532961630700063	-0.2855077932004175
-0.21472974456768612	0.4930106372045693	-0.19439856743480566	-0.09786105079293894
0.38060792699075385	-0.4271112829941459	-0.18099133550207158	0.011289454513028652
-0.29008292426310844	0.4528279557851791	0.031892007814025014	0.22519711213768745
0.0447461138805334	0.2773359999272582	-0.6540091617094888	0.023908724482719634
-0.4812370820955172	-0.08110956378763512	0.08807391027272149	-0.3495794438441262
-0.10743859595246175	-0.27517528174156913	-0.4116489540816164	0.20573716822435273
-0.07111779464046175	-0.1882364722001577	0.5887773780098133	-0.1518683551495672
0.03904320774095438	0.07188558682980029	-0.026895563729300465	0.8621756416999449
0.26057853467682013	-0.28946470555479387	0.3840027648448159	-0.06595399492357013
0.3948193475497146	0.21237930111183445	0.33726460248187506	-0.05553674885657589
0.19061202536536737	-0.0029735408272708597	-0.05826052010423721	-0.7481539137031246
0.04640982414715289	0.7837065660192073	0.12900132664155173	0.04088228319208809
0.06803671464736238	0.353066842061194	-0.2610613154417962	-0.3178351278496474
0.3503288736511514	-0.003142302582615164	-0.3032049985936369	0.3433238251725965
0.568082187143073	-0.09066225344568468	0.11829631231490367	0.22295924709633863
0.07209465159433526	-0.0007079169344208491	0.0912455601741784	0.8359518712970655
0.7090327604814655	0.05659112203168215	0.003785226340199399	-0.230590891146653
-0.055018083620302694	0.2510988478828524	-0.6361837342030359	0.057699334293809024
0.23625036288999102	0.26361316839693383	-0.16483757270558663	0.3352988960074885
0.01938821337388985	-0.11591157366961768	-0.030024814008051015	-0.8346753989484414
-0.1545285986445557	-0.17292655087953546	0.32595709520737115	0.3465877552685377
-0.12880348748155135	-0.3736272800607048	0.48345312390116146	0.014116108556582407
0.5703787991034637	0.0886945452400385	0.21237745662090468	0.12854919903559314
-0.22540184007118813	-0.20824446738030988	0.3083133299460805	-0.25804036260242147
0.2507615545053328	-0.19825011401877823	0.22601341237396966	-0.32497491910191934
0.47358159745180517	-0.03966560031383337	0.403502165619227	0.08325063661513443
-0.495417604631055	0.03750968447527492	-0.21145444859943763	-0.25561826229423246
-0.035461447102684174	-0.037370397258845944	0.5652335390113383	0.36193461662713156
-0.0409087524769991	0.4816901100009203	0.11605691874580315	-0.3613442187762774
-0.01691748164629714	-0.6820291441678232	0.1159420384613088	-0.18511133572457084
0.1481139945488572	0.15804585760204914	-0.6278600667436207	-0.06598008110547293
0.05148499689142838	-0.39103168603971716	0.3110735976264978	0.24640971944235668
-0.04109586102985818	-0.22687990753875398	-0.5067231452872711	-0.2253010861441167
0.3164006226178282	0.5005414559444741	0.1072384271572615	-0.07581949428043622
-0.01591033875789183	-0.4178962142676723	-0.38473681810182003	-0.18145662887261582
-0.16596941302427104	-0.6022029843613723	-0.1838700784255769	0.04795752418877974
0.3670354954770827	0.22759728334055507	-0.07218876758107506	-0.3331784536012872
0.1872828323515916	-0.10511667050068874	-0.6124855860045049	0.0951149111432148
-0.2065815522359309	-0.2002917725011386	0.29480685697928233	0.2983198182836482
-0.22837778802815056	-0.06765016639382782	-0.5532199826054487	-0.15075206297257293
0.34174868797781155	0.2323224170407472	0.2782598359833408	0.14766905899810046
-0.16924651787437717	-0.4819950903393173	0.07878000663009899	-0.26997838515620654
-0.03140141672508867	0.42715967875567706	-0.32081199497555857	0.2206269095436757
0.486669528787798	-0.2595567105896468	-0.055083720979751005	-0.19869003964280418
-0.12812067669830252	-0.3666001097825131	-0.44041751946116836	-0.064861694058016
0.4801174369712995	-0.040796464122149656	-0.3249140674745896	-0.15417203143196123
FactorLoading_Ψ
-0.3015670923318021	-0.03880634318774834	0.3892037463925988	-0.27042281808785074
0.048657112219424814	-0.7127386977256072	0.20319953725273998	0.03540465280222804
0.010902936389360907	-0.3926609697858918	0.3735121782434716	-0.22292391558127567
0.5362596205148229	0.04139162673158325	0.08825028795713297	0.3340984647964609
-0.12166102444518057	0.6101236355937016	-0.04948816452204219	-0.2187271754390756
-0.10118334925049899	0.09646230923218369	-0.21233027719214248	-0.5900240643251748
-0.3395282540625957	-0.1197853774097275	-0.40512533272086104	-0.13556103580681578
-0.14397833097309998	-0.25741244084719006	0.014375168950980566	-0.5842340592287294
0.3610163089975136	0.13603306216440303	0.3051313386851364	0.19781929015294697
-0.5530279117934909	0.1102006795761381	0.032913585956827696	0.30385782267354333
0.31010712352589387	0.17428816085833598	-0.460146616178974	-0.05545809943679614
0.02107466538900038	0.39506523220730094	0.10787919745256702	-0.47598090495113166
0.008147854913458152	-0.3673987881080305	-0.5671869135099035	-0.057266443468607875
0.07748101037763622	0.09932025106735987	0.46363498511828505	0.35956375343671887
-0.015974547572104703	-0.5386479026412028	0.17983780735016275	-0.2655397424365298
0.4424314263603226	0.19726007482233365	-0.09903163001596971	-0.261276868801374
0.2707523488253487	0.21504363216761835	0.3738122790700109	0.14039173993702203
-0.6771634201911421	-0.20958127572840057	-0.08697500039239348	-0.02628030368806389
-0.03832194372381492	0.10237223466197953	0.7146533702375406	-0.14465245137666494
0.5735415780383759	-0.11601590871600131	0.11355124941777106	-0.19689126382785171
0.0025373484557056347	0.17832751149897041	-0.7239932370083386	-0.09514190303698533
-0.21270988005921931	-0.21933895505709344	0.5436561360585836	-0.024295028825103593
0.3435398148698705	0.2921756101169435	-0.255008672274885	-0.10927590273830101
0.50054620202312	-0.0595319052010177	-0.0956066225600769	-0.34431527021578545
-0.32591071753302936	0.054063281420403175	0.39355527737165463	0.22647072367491283
0.19833708097024272	-0.35893295313187656	-0.41211332494817676	-0.030616640949703955
0.11719455091210151	0.48450329153479865	0.04082640562664697	-0.35747575192645287
0.073128358178983	0.24234147228236602	0.124511451845567	-0.560018717693084
-0.4226468627290627	-0.025050541974372287	-0.3806589747777547	0.17164362051881032
0.02698383872518728	0.0562809440257146	-0.06411823674719175	-0.8526169805019064
0.14081156538070694	-0.2727286143051977	-0.09803655988399451	-0.48842326043010087
-0.0663244702392436	-0.03977471553804013	0.005522618175076044	0.8883781960476402
-0.11623123775124955	0.2171733209671003	0.34970174195538517	0.316893699326265
0.5319520536821511	-0.3500030084478849	0.0510503402741751	0.06699459759578885
-0.3239202830182384	-0.3281064504270388	0.1379115932910011	0.21006167326372172
-0.5086756897054654	-0.10865317927715257	0.10327867090238163	-0.2793924601150004
0.10873552302077383	-0.5492451334482025	-0.09290508717446255	0.24911425635656115
-0.09489087825724507	-0.1659582177308736	-0.37989887264139965	0.3592520313704817
0.24406819943378455	-0.6082123750899717	0.06922927738665785	0.07849014808958588
0.006836377825554685	0.41817199189415133	-0.06510016422347276	0.5098914660568212
-0.38824164204012024	0.19167402115265908	-0.38227065137728444	0.03781368542993624
0.3333092688096797	0.27872591296758764	-0.35898717490224685	0.028977643320485802
0.35007231618175516	-0.08710342318549413	-0.42514824368767234	0.13767601694507836
0.5888409649720434	-0.3027094845001326	-0.014617705278659576	-0.09383184524916444
0.04279226510973899	-0.3926251894541324	0.25837489284063064	0.306207652595498
-0.6541664839038899	0.11666048550942243	0.005092992349317482	-0.22408003823737022
0.022709031503612698	-0.3334786690183622	0.12072119987254792	-0.5230910996054772
0.02485687029934791	0.19647434808648945	0.6939718736802627	0.08469690793389995
0.012032624892775345	-0.2226441345388388	-0.11325807057905601	0.6520651699893298
-0.3701971890694882	0.23936412654037964	0.03811294505333018	0.352325739336802
0.2201124422531251	-0.043740488562530766	-0.5152687322711795	-0.2208783369131646
0.579947700398701	-0.08024752441984462	0.3168466034541928	-0.022958171727261556
-0.2247060692882077	0.08496966905186176	0.6545678638454226	0.0357563978145079
0.05783656014456984	0.211326030348012	-0.44532961630700063	-0.2855077932004175
-0.21472974456768612	0.4930106372045693	-0.19439856743480566	-0.09786105079293894
0.38060792699075385	-0.4271112829941459	-0.18099133550207158	0.011289454513028652
-0.29008292426310844	0.4528279557851791	0.031892007814025014	0.22519711213768745
0.0447461138805334	0.2773359999272582	-0.6540091617094888	0.023908724482719634
-0.4812370820955172	-0.08110956378763512	0.08807391027272149	-0.3495794438441262
-0.10743859595246175	-0.27517528174156913	-0.4116489540816164	0.20573716822435273
-0.07111779464046175	-0.1882364722001577	0.5887773780098133	-0.1518683551495672
0.03904320774095438	0.07188558682980029	-0.026895563729300465	0.8621756416999449
0.26057853467682013	-0.28946470555479387	0.3840027648448159	-0.06595399492357013
0.3948193475497146	0.21237930111183445	0.33726460248187506	-0.05553674885657589
0.19061202536536737	-0.0029735408272708597	-0.05826052010423721	-0.7481539137031246
0.04640982414715289	0.7837065660192073	0.12900132664155173	0.04088228319208809
0.06803671464736238	0.353066842061194	-0.2610613154417962	-0.3178351278496474
0.3503288736511514	-0.003142302582615164	-0.3032049985936369	0.3433238251725965
0.568082187143073	-0.09066225344568468	0.11829631231490367	0.22295924709633863
0.07209465159433526	-0.0007079169344208491	0.0912455601741784	0.8359518712970655
0.7090327604814655	0.05659112203168215	0.003785226340199399	-0.230590891146653
-0.055018083620302694	0.2510988478828524	-0.6361837342030359	0.057699334293809024
0.23625036288999102	0.26361316839693383	-0.16483757270558663	0.3352988960074885
0.01938821337388985	-0.11591157366961768	-0.030024814008051015	-0.8346753989484414
-0.1545285986445557	-0.17292655087953546	0.32595709520737115	0.3465877552685377
-0.12880348748155135	-0.3736272800607048	0.48345312390116146	0.014116108556582407
0.5703787991034637	0.0886945452400385	0.21237745662090468	0.12854919903559314
-0.22540184007118813	-0.20824446738030988	0.3083133299460805	-0.25804036260242147
0.2507615545053328	-0.19825011401877823	0.22601341237396966	-0.32497491910191934
0.47358159745180517	-0.03966560031383337	0.403502165619227	0.08325063661513443
-0.495417604631055	0.03750968447527492	-0.21145444859943763	-0.25561826229423246
-0.035461447102684174	-0.037370397258845944	0.5652335390113383	0.36193461662713156
-0.0409087524769991	0.4816901100009203	0.11605691874580315	-0.3613442187762774
-0.01691748164629714	-0.6820291441678232	0.1159420384613088	-0.18511133572457084
0.1481139945488572	0.15804585760204914	-0.6278600667436207	-0.06598008110547293
0.05148499689142838	-0.39103168603971716	0.3110735976264978	0.24640971944235668
-0.04109586102985818	-0.22687990753875398	-0.5067231452872711	-0.2253010861441167
0.3164006226178282	0.5005414559444741	0.1072384271572615	-0.07581949428043622
-0.01591033875789183	-0.4178962142676723	-0.38473681810182003	-0.18145662887261582
-0.16596941302427104	-0.6022029843613723	-0.1838700784255769	0.04795752418877974
0.3670354954770827	0.22759728334055507	-0.07218876758107506	-0.3331784536012872
0.1872828323515916	-0.10511667050068874	-0.6124855860045049	0.0951149111432148
-0.2065815522359309	-0.2002917725011386	0.29480685697928233	0.2983198182836482
-0.22837778802815056	-0.06765016639382782	-0.5532199826054487	-0.15075206297257293
0.34174868797781155	0.2323224170407472	0.2782598359833408	0.14766905899810046
-0.16924651787437717	-0.4819950903393173	0.07878000663009899	-0.26997838515620654
-0.03140141672508867	0.42715967875567706	-0.32081199497555857	0.2206269095436757
0.486669528787798	-0.2595567105896468	-0.055083720979751005	-0.19869003964280418
-0.12812067669830252	-0.3666001097825131	-0.44041751946116836	-0.064861694058016
0.4801174369712995	-0.040796464122149656	-0.3249140674745896	-0.15417203143196123
Conflicts
13 46
3 49
63 95
38 57
67 56
67 70
62 18
32 8
71 7
63 21
4 31
35 27
56 95
43 37
59 8
50 44
23 50
26 58
34 58
51 45
43 51
47 73
34 90
26 84
64 52
31 32
99 94
96 24
16 51
64 96
50 3
51 30
78 46
55 95
19 79
34 11
42 41
50 87
26 82
21 85
69 99
84 30
74 85
25 85
17 12
94 1
42 65
48 96
42 49
43 81
49 46
48 94
66 91
86 95
31 64
47 91
63 46
50 5
63 31
48 45
43 96
54 10
48 30
78 94
4 40
68 22
83 45
7 31
36 44
92 1
43 67
14 98
85 24
58 38
77 24
32 61
55 17
72 52
92 45
56 33
78 72
44 20
88 46
4 99
17 11
84 45
36 65
3 70
35 49
79 24
14 99
27 62
23 46
55 99
7 74
15 85
32 77
10 90
92 15
68 58
34 62
34 73
23 66
63 78
32 12
50 12
67 89
14 38
53 40
47 52
36 33
61 24
95 91
83 98
77 61
60 49
53 48
57 88
77 64
93 65
59 30
19 15
75 61
94 49
75 12
4 36
92 2
47 51
25 96
62 5
68 70
58 19
23 85
10 59
71 30
15 22
3 20
53 58
66 30
22 88
63 34
86 17
50 82
61 20
59 46
10 45
71 86
37 13
53 67
86 19
80 99
63 80
70 96
67 61
80 19
4 48
75 39
34 36
53 27
47 49
71 84
95 41
75 49
64 33
10 16
43 17
93 46
76 91
42 69
76 84
77 82
7 43
46 1
83 76
47 2
23 100
69 3
97 15
98 84
81 45
92 77
81 72
65 88
89 44
54 42
83 65
43 11
43 45
23 25
71 81
10 91
31 38
13 33
2 65
28 1
13 56
85 73
77 20
87 6
80 30
54 29
31 45
27 48
99 62
39 20
3 22
78 52
51 1
88 24
50 46
58 27
36 15
25 48
7 13
81 94
7 37
61 65
78 91
9 66
54 90
23 31
75 88
69 44
58 36
3 73
49 91
91 82
61 90
42 5
100 88
26 28
42 53
14 72
55 40
26 95
98 48
13 85
16 82
50 56
55 90
100 21
75 42
17 15
43 68
79 18
83 44
27 30
36 41
53 51
87 82
75 10
98 95
54 31
78 67
26 40
54 34
16 90
78 39
60 8
28 52
31 53
23 36
75 29
36 24
4 92
77 57
4 10
4 24
97 21
13 90
23 6
50 29
83 27
42 66
7 36
13 17
35 22
60 34
9 52
88 73
3 59
48 82
16 62
66 15
6 85
40 44
88 20
60 41
6 44
23 20
66 69
35 79
99 21
47 65
93 1
42 15
4 17
71 73
37 53
78 30
75 6
94 18
60 10
100 45
75 95
99 96
4 62
2 49
2 1
99 17
37 34
54 28
81 85
76 79
78 59
19 94
63 15
92 73
100 53
53 84
28 70
72 87
3 15
98 91
27 51
12 84
55 15
83 28
13 8
29 84
43 34
47 22
80 89
43 49
74 84
69 40
98 51
77 94
56 59
76 12
13 74
67 58
42 30
55 30
81 5
41 96
23 4
75 99
10 89
29 12
64 84
47 85
54 32
26 92
22 6
41 22
100 52
60 50
68 75
55 24
69 61
28 12
89 70
83 70
94 12
65 6
74 44
99 95
13 3
9 85
3 21
27 39
98 99
41 52
13 28
71 96
47 97
100 60
34 86
62 97
69 33
99 65
65 33
61 11
32 99
32 24
42 82
19 93
71 46
75 8
68 57
9 88
69 2
7 33
95 94
83 97
92 81
7 21
72 38
78 28
43 99
3 33
60 24
74 1
40 73
47 82
83 81
17 48
51 73
98 15
2 87
29 73
35 17
4 86
72 97
4 13
87 56
98 70
53 89
54 80
63 36
9 2
93 8
54 47
48 90
87 62
68 90
71 13
18 20
62 1
99 97
15 46
52 46
78 34
14 45
54 64
61 16
69 88
92 93
47 27
92 86
26 29
43 48
75 70
80 90
76 38
58 20
98 28
78 3
25 81
34 45
17 85
59 24
34 69
68 62
80 62
63 77
56 44
25 80
68 65
12 52
50 32
31 1
48 52
9 34
69 56
42 74
40 46
98 12
56 11
16 85
27 65
77 29
51 90
19 30
27 64
68 14
71 79
35 34
57 12
31 79
77 51
46 6
29 59
7 58
35 69
4 94
43 87
95 88
54 72
29 69
9 55
50 81
80 17
90 30
42 93
32 28
32 84
47 36
33 6
84 88
23 41
82 33
16 52
10 97
81 79
63 92
54 17
66 84
57 52
72 93
68 16
74 5
80 56
7 3
2 96
5 22
14 12
40 96
59 1
2 24
98 65
32 38
92 87
77 96
3 87
35 81
22 33
68 73
53 76
68 31
95 90
96 46
89 38
60 45
53 1
9 24
77 1
38 41
100 12
92 6
95 33
83 52
50 22
93 15
19 82
66 52
54 58
8 44
66 98
77 2
9 95
80 27
9 37
72 30
10 36
81 99
61 56
86 30
60 18
39 52
13 10
7 40
98 79
61 87
69 22
25 11
60 90
29 49
9 75
10 15
60 40
62 12
7 67
15 33
62 39
47 40
1 24
50 91
40 6
59 88
79 84
98 1
47 93
4 82
7 34
55 62
36 39
14 5
60 42
93 17
58 33
87 73
10 99
50 38
25 28
47 38
52 18
26 61
92 3
27 52
70 18
40 33
58 44
40 67
19 49
71 6
59 22
100 99
47 18
8 88
3 27
4 67
71 2
26 35
86 74
97 39
79 33
26 45
34 97
75 97
99 11
9 83
29 3
60 70
4 32
27 45
61 44
34 39
65 17
36 96
80 44
32 53
55 96
77 81
7 96
31 36
81 74
32 88
14 59
66 5
97 12
8 79
74 82
60 89
8 6
38 18
40 11
9 15
34 5
91 73
60 20
48 91
31 18
28 48
56 41
29 1
9 69
57 30
21 52
35 11
54 63
28 33
32 1
83 82
92 57
58 46
67 79
83 51
40 91
66 8
28 57
70 8
23 59
17 39
34 79
22 84
26 78
92 95
66 85
96 18
83 8
13 95
10 35
9 82
26 30
60 3
29 76
75 62
63 89
36 6
2 58
92 21
67 21
58 94
36 73
5 57
16 48
19 38
48 51
92 98
81 87
26 98
13 41
70 84
66 40
55 22
47 50
31 94
33 91
65 46
96 44
40 70
68 98
35 95
81 38
60 86
26 56
98 24
99 49
87 20
77 5
26 66
23 11
25 30
81 65
68 69
23 74
75 32
94 52
32 29
93 90
78 20
71 47
79 85
56 45
67 11
98 5
39 30
35 73
98 81
8 46
65 12
98 8
59 94
100 76
28 82
2 3
69 27
32 18
13 45
97 82
21 39
19 16
83 30
92 49
66 95
36 85
8 18
71 29
63 22
80 46
28 24
2 85
26 85
89 48
74 36
61 48
13 32
64 22
47 84
98 17
65 39
71 28
35 56
80 64
10 67
84 24
60 95
25 2
10 84
77 89
75 78
10 21
47 75
55 3
29 27
74 19
23 17
32 74
64 24
99 57
32 57
80 52
26 1
63 13
5 15
40 65
64 46
36 59
26 38
9 39
34 84
42 6
70 79
32 89
7 68
43 84
79 41
32 65
14 1
19 51
69 1
86 94
66 19
78 53
92 40
26 33
59 51
54 55
13 27
99 1
63 33
61 91
47 66
35 97
58 22
37 48
63 70
7 39
71 68
90 73
80 18
29 24
2 44
66 12
58 99
55 48
47 76
75 57
98 38
25 88
34 93
37 60
40 57
14 65
39 84
66 21
40 87
2 11
41 6
58 88
35 83
99 12
80 94
28 85
63 96
54 95
86 62
26 74
22 24
76 90
56 70
79 91
89 58
23 44
23 81
100 66
3 89
32 56
37 93
35 70
97 44
10 1
72 84
29 6
81 96
33 73
13 52
76 46
35 91
69 84
79 39
23 72
27 20
58 62
69 87
86 97
62 15
13 38
98 29
96 88
62 73
7 100
55 66
94 20
8 76
5 90
64 11
36 8
94 46
37 50
81 53
47 100
43 46
78 22
37 98
4 1
50 76
49 30
32 72
27 28
50 28
21 90
29 79
54 59
99 91
23 82
95 6
72 65
32 3
97 38
5 82
28 91
14 19
44 1
12 6
25 15
79 46
39 6
3 30
100 18
23 77
26 27
7 16
7 42
81 16
53 95
68 5
7 17
54 66
6 73
41 73
7 45
33 18
2 46
58 28
68 36
68 51
86 33
2 91
10 28
9 16
13 6
54 70
19 91
29 93
55 39
48 12
29 82
16 36
37 35
10 73
78 73
58 30
63 66
25 94
29 88
7 41
76 20
96 21
61 62
66 33
68 27
35 44
23 58
34 6
47 24
8 24
2 62
16 39
66 77
64 6
78 48
26 91
100 40
23 52
84 57
68 64
19 18
63 19
28 56
28 96
100 39
14 89
27 56
4 56
89 15
7 54
19 45
4 83
92 18
29 64
16 57
25 33
67 59
31 81
53 44
40 85
8 39
70 20
72 44
93 36
25 65
39 45
64 85
40 17
54 65
29 52
69 65
38 24
55 50
41 82
13 15
81 28
78 86
40 79
78 57
62 38
40 93
86 3
75 33
92 24
29 58
59 6
13 73
36 62
77 73
56 97
54 2
94 51
92 32
53 19
14 80
68 86
92 58
70 6
72 62
88 1
35 96
34 44
83 24
37 61
80 20
50 80
43 64
66 49
70 30
42 24
47 87
79 22
14 69
32 2
90 18
99 88
40 45
100 94
50 11
92 10
8 20
23 80
38 96
48 46
74 28
63 100
22 44
92 31
83 19
29 86
70 12
80 57
69 62
89 79
37 45
43 94
53 15
94 6
10 70
12 85
84 20
88 12
100 64
81 22
40 49
28 76
2 27
53 33
31 12
55 21
93 96
55 72
14 66
3 94
81 59
100 15
61 46
29 91
72 82
16 33
60 64
61 59
9 13
80 51
54 19
47 16
47 30
7 92
2 38
64 51
97 90
17 38
14 91
65 15
71 21
50 85
32 98
67 45
53 79
100 69
33 57
67 12
9 27
9 67
29 97
2 6
47 8
32 5
74 93
8 73
5 44
19 59
50 73
89 52
25 53
89 22
92 44
25 73
75 35
42 88
83 18
71 61
39 46
96 30
54 41
11 8
3 41
58 1
97 57
4 16
61 1
70 39
99 20
75 55
29 20
62 22
37 74
94 24
31 85
58 79
47 37
23 42
34 21
19 76
7 95
8 91
71 87
62 64
4 81
32 10
9 17
7 44
100 50
67 99
37 96
4 52
59 45
37 64
54 37
23 93
98 86
50 86
56 15
77 17
4 8
87 57
25 31
26 39
16 59
20 45
23 86
27 22
52 24
74 97
77 95
32 97
44 85
60 30
71 37
47 69
9 41
48 79
71 38
78 98
76 41
54 76
5 46
94 22
92 88
54 18
35 61
95 22
89 72
67 64
23 91
71 14
60 84
34 49
29 22
72 28
69 70
72 36
13 30
83 48
58 85
80 91
23 98
96 45
86 67
99 38
33 1
1 45
42 1
37 76
98 87
17 46
68 54
86 84
40 59
97 49
75 18
83 15
69 15
9 28
76 30
56 84
98 58
90 46
29 81
90 24
43 76
63 62
3 57
7 73
54 92
47 94
7 82
89 74
69 48
10 41
19 62
13 51
54 4
63 47
92 99
48 57
25 82
72 70
84 46
100 38
60 93
7 38
72 41
40 8
46 30
48 15
67 5
74 88
86 40
10 17
4 42
2 39
61 33
74 24
86 22
82 85
42 94
56 24
79 21
17 73
31 24
13 53
9 12
23 40
81 17
4 77
72 22
62 48
76 57
87 88
63 3
35 19
14 90
60 16
81 41
61 73
16 87
56 21
66 90
54 77
9 57
37 95
43 79
66 2
86 11
72 95
56 85
2 22
28 46
76 88
26 11
72 57
25 98
66 61
66 96
23 63
56 18
92 16
21 12
54 69
69 30
58 59
79 15
50 33
26 76
100 42
55 89
72 8
78 50
7 15
92 97
55 77
25 59
51 8
36 79
32 42
100 35
19 48
43 57
60 28
66 64
4 64
77 21
19 1
64 36
77 74
69 72
69 46
93 24
34 65
21 46
78 62
43 10
26 89
54 30
2 93
48 95
79 20
65 73
83 94
83 85
67 18
66 29
87 70
83 20
78 18
100 13
53 57
47 88
98 97
69 95
86 44
48 11
7 64
71 63
91 90
60 83
63 86
36 88
9 19
83 6
7 57
59 84
71 12
16 49
38 88
16 41
2 79
46 82
55 80
25 22
64 95
74 11
9 40
3 11
100 86
81 70
77 8
15 6
23 89
14 32
15 18
36 5
43 42
26 4
78 51
69 28
86 81
44 90
89 91
69 24
68 87
5 38
100 70
78 100
55 98
29 85
52 1
100 62
45 85
37 90
89 82
69 19
35 18
100 8
51 57
14 24
47 25
9 20
12 73
98 6
4 41
92 48
29 67
55 28
100 32
71 93
77 45
14 86
25 52
53 85
7 5
25 42
39 82
23 55
2 88
99 19
76 82
92 84
92 96
25 16
9 78
26 42
58 49
27 36
75 27
77 11
68 37
34 95
74 76
26 54
100 20
99 5
87 76
4 95
77 88
27 44
4 78
9 25
38 45
60 62
60 1
54 75
47 92
76 45
98 44
2 8
7 20
38 85
9 65
41 39
75 40
59 70
72 12
32 82
57 90
78 31
71 67
11 96
23 88
15 1
55 59
32 64
43 65
42 57
93 59
40 3
42 29
54 12
63 14
68 42
97 45
71 3
99 79
19 39
15 12
65 22
13 88
63 72
39 44
71 23
35 85
87 41
3 19
10 3
54 78
8 15
32 55
95 11
7 28
68 85
71 25
98 40
92 94
42 34
19 17
86 70
87 91
97 52
59 18
52 20
43 82
67 27
37 27
78 61
51 33
66 38
83 86
69 97
25 97
47 89
5 85
68 39
3 95
9 92
75 98
61 85
4 47
93 48
44 46
36 30
42 28
26 22
89 16
7 98
11 57
55 44
49 21
13 1
75 2
50 39
81 73
22 96
68 17
95 24
53 73
74 46
93 57
75 24
89 88
48 70
74 20
95 57
89 41
65 82
27 8
81 69
89 28
81 36
72 49
25 60
42 87
19 65
71 82
12 24
7 86
15 38
92 35
67 38
16 76
81 1
86 99
61 39
14 6
96 73
63 76
98 57
75 16
87 94
55 12
17 90
71 83
34 24
62 88
54 62
50 45
97 73
34 41
99 52
34 30
86 46
62 6
41 20
26 24
7 55
49 41
71 62
7 70
5 45
81 56
27 15
37 91
94 57
68 35
77 65
14 57
86 24
14 55
48 85
42 90
22 85
75 38
55 58
77 18
42 58
86 41
46 24
47 70
62 76
92 11
25 27
69 45
60 21
60 53
89 64
53 41
94 8
80 11
83 49
40 38
25 76
32 11
11 1
32 59
75 51
47 80
26 31
2 16
23 3
91 24
50 77
33 46
36 45
7 75
26 47
50 93
11 20
54 79
14 79
60 94
3 99
71 89
23 49
75 59
29 11
10 81
41 46
78 85
14 78
65 62
59 39
57 44
37 57
13 94
80 49
63 85
69 58
13 58
59 38
31 96
80 93
60 85
92 80
25 79
23 62
38 73
83 21
37 40
70 1
7 59
15 30
62 91
91 84
38 1
3 8
33 30
54 51
43 41
75 93
92 56
67 16
99 72
72 19
48 88
87 65
71 9
36 49
50 99
78 15
37 41
47 9
50 83
75 72
51 52
66 20
92 46
17 70
63 29
78 95
72 24
49 38
31 5
78 42
14 87
83 64
71 52
28 73
29 8
64 15
10 80
51 18
13 69
69 12
16 95
86 65
25 62
40 95
7 50
14 2
89 45
78 56
7 69
37 81
34 94
13 86
43 54
35 6
69 76
69 86
32 27
40 84
43 28
31 42
32 70
15 73
50 95
92 12
32 69
55 74
93 45
56 82
60 52
23 38
31 66
39 88
80 95
28 6
12 90
68 59
94 38
100 92
78 11
53 5
59 73
65 96
58 65
53 39
93 79
47 95
72 90
78 76
37 88
63 28
7 29
87 5
36 84
96 33
6 20
54 21
60 82
63 45
39 73
31 8
13 59
9 48
87 8
26 77
83 79
68 83
48 73
72 15
14 62
71 40
6 45
47 96
89 21
63 2
99 46
31 57
5 1
10 56
4 60
23 90
36 21
75 34
11 91
93 44
13 31
26 17
60 61
81 18
70 46
31 40
89 36
73 18
66 62
86 15
36 46
89 95
75 91
9 58
41 30
3 84
15 82
39 91
10 20
80 12
92 14
54 83
28 15
43 15
17 30
31 73
35 20
56 20
61 18
37 92
11 21
44 82
50 21
19 90
47 42
19 87
92 67
61 82
7 4
62 70
96 52
51 22
51 24
35 33
38 82
42 72
60 27
61 93
74 45
65 70
69 91
13 97
64 82
51 21
62 44
26 21
69 20
92 36
9 84
95 15
14 40
41 88
75 1
13 48
47 60
87 44
71 39
31 34
31 35
53 22
92 59
17 57
78 84
58 16
37 2
63 69
14 88
60 69
43 88
53 62
54 25
50 67
4 20
68 97
70 52
5 24
100 19
31 65
22 57
41 24
50 2
63 16
63 74
31 33
3 24
4 66
43 55
3 17
63 8
79 52
11 46
37 94
75 17
2 52
14 46
74 49
43 77
43 16
40 18
32 94
4 39
42 33
31 22
41 44
65 11
80 67
95 73
72 20
84 85
78 12
5 91
78 93
78 89
63 49
81 90
43 31
67 36
68 74
16 21
4 19
86 76
34 82
49 44
77 86
79 12
59 15
76 21
20 24
23 92
66 56
35 53
86 8
6 18
77 3
66 87
51 44
89 19
83 67
31 90
67 24
50 98
92 61
81 21
13 16
26 16
77 44
53 56
13 60
34 91
74 17
28 5
94 39
27 12
30 85
31 67
31 83
13 57
98 62
68 56
62 59
70 88
13 24
55 11
70 73
70 22
87 46
26 25
81 88
28 20
55 46
70 49
53 99
31 77
98 56
45 24
62 94
11 18
16 46
45 73
100 79
50 52
10 11
42 12
61 36
98 67
99 70
50 27
33 20
9 74
66 81
10 19
49 5
77 99
83 80
29 72
87 90
22 21
14 96
3 52
55 10
28 51
99 93
89 94
2 33
50 24
25 40
86 2
9 36
67 22
7 53
10 98
54 82
11 24
50 34
31 11
77 80
77 12
23 95
61 70
62 56
66 46
7 66
93 87
10 93
71 59
80 82
9 89
43 70
5 33
27 6
43 75
92 20
3 46
95 30
58 51
77 33
19 88
16 84
43 32
55 5
2 76
61 76
10 79
67 85
94 33
9 77
31 48
55 76
72 73
25 87
56 57
22 39
66 86
100 24
61 51
25 39
86 57
14 84
27 95
100 72
31 55
76 15
19 85
41 57
13 77
60 91
47 86
43 62
99 30
12 18
75 13
70 97
75 58
37 97
70 44
8 41
9 80
26 93
100 11
42 97
56 5
26 8
60 81
42 62
28 8
9 11
56 90
51 49
17 45
60 5
81 19
1 73
78 38
9 99
17 94
68 3
9 42
13 18
32 39
32 91
3 67
81 33
2 29
53 52
66 41
75 53
2 48
89 96
68 28
53 45
34 20
64 87
100 95
63 81
40 20
81 15
3 93
68 29
98 3
70 94
9 8
93 5
15 88
77 38
26 18
78 99
78 69
60 33
55 6
34 67
25 84
2 61
81 62
100 96
7 49
23 15
40 27
70 57
53 12
92 66
54 1
4 98
54 20
16 91
89 59
25 41
14 41
68 52
35 16
59 11
63 60
96 1
40 82
9 60
78 16
16 20
48 5
89 17
31 17
79 88
89 8
49 52
54 91
100 73
60 88
55 33
17 33
2 45
81 48
58 96
4 51
70 11
58 11
63 67
68 88
71 66
98 72
77 67
61 99
47 62
66 51
63 44
13 99
83 57
19 57
53 87
67 62
54 88
97 20
53 2
80 87
46 20
54 8
63 51
87 21
99 33
58 12
71 77
29 80
98 74
26 7
98 39
26 99
81 82
9 35
7 79
78 82
72 46
10 24
94 76
49 45
75 3
17 8
41 18
67 95
83 74
32 46
100 59
47 3
32 87
62 57
61 12
25 75
78 44
66 82
76 1
17 96
27 21
77 27
50 19
64 73
34 18
14 49
9 61
97 18
34 28
37 55
84 1
43 8
86 64
29 16
7 91
67 96
26 59
26 69
97 8
69 67
100 97
11 79
43 21
68 99
98 52
17 56
98 21
67 97
40 51
32 76
54 48
53 94
25 77
86 36
63 56
92 52
32 80
72 11
74 52
34 64
67 49
32 81
47 1
32 85
13 35
81 30
11 38
78 60
69 89
65 8
5 18
23 69
35 99
77 52
60 80
19 20
10 27
7 72
33 24
63 88
52 85
68 15
37 87
100 6
58 64
54 3
74 39
90 6
61 64
23 64
81 39
51 38
69 11
25 86
68 33
81 89
89 24
2 40
87 38
50 8
63 82
14 16
55 45
80 53
89 27
16 17
75 20
2 30
65 45
51 6
86 93
46 85
10 88
27 94
66 34
33 12
71 51
80 6
63 53
34 40
26 15
77 16
74 21
89 11
100 5
40 5
74 18
9 98
70 91
31 99
32 96
13 22
7 52
62 20
96 6
76 49
36 22
71 57
71 27
2 41
7 76
54 40
35 65
4 55
71 91
62 84
22 30
32 79
31 30
3 44
2 28
4 91
65 57
98 80
96 82
28 18
36 70
16 44
37 30
48 39
55 94
13 91
25 29
37 3
78 21
26 12
4 59
89 12
13 96
11 76
11 33
40 61
68 38
4 15
61 79
48 38
13 78
99 28
63 24
78 27
88 44
19 8
63 97
58 70
59 95
96 85
47 57
95 82
9 53
37 31
8 30
62 24
16 12
26 6
4 100
13 29
65 97
75 56
55 82
43 40
71 58
74 59
31 20
1 20
54 98
47 68
63 87
71 74
92 42
58 52
96 84
3 38
