InstanceID
10_40_4
NumObjects
40
NumFactors
4
Weights
11.258244478647295
36.83140665808429
34.44540231363058
5.664544616214151
12.078054506961555
17.95740766710132
38.18127440852261
81.51038332483567
24.22083248151139
81.977797040088
66.99313951612163
45.305833195233156
84.40074795625907
67.91898821149229
72.52498905219804
92.36760031564317
6.609803322813423
99.91722180201815
17.165450700728414
42.041790666399194
55.66843807053139
59.617232065521165
38.40322060393761
92.33537554310114
49.733458424371754
42.956952617328724
10.96774963723961
25.028696593916912
32.84748285699865
57.57885375537537
22.138257303890896
12.07727535430525
6.725577975637154
74.41065984020987
96.59259339892641
45.27235552599513
72.66609550797803
43.56265730049975
28.245934297893193
17.454721125516315
Budget
911.8272500168389
Profits
-2.251648895729459
-7.366281331616858
-6.889080462726116
-1.1329089232428302
-2.415610901392311
-3.5914815334202643
-7.636254881704522
-16.302076664967135
-4.844166496302278
-16.3955594080176
-13.398627903224327
-9.06116663904663
-16.880149591251815
-13.583797642298459
-14.504997810439608
-18.473520063128635
-1.3219606645626847
-19.98344436040363
-3.4330901401456826
-8.408358133279838
-11.133687614106277
-11.923446413104234
-7.680644120787522
-18.46707510862023
-9.94669168487435
-8.591390523465744
-2.193549927447922
-5.005739318783382
-6.56949657139973
-11.515770751075074
-4.427651460778179
-2.41545507086105
-1.3451155951274307
-14.882131968041975
-19.31851867978528
-9.054471105199026
-14.533219101595606
-8.71253146009995
-5.649186859578639
-3.490944225103263
FactorLoading_Φ
0.12400141192619052	0.29324401939842515	0.08954848178091845	-0.4932060868944659
-0.3378928354851263	0.0653857864425278	-0.07388618300995375	-0.5228351950623922
0.18132951383519025	0.025330699168092607	-0.10265722591347393	-0.6906825610832432
-0.0016577441731941978	-0.11976507724608743	0.4386090443891151	-0.4399681341916033
0.21824112538254026	-0.4443495254139507	0.10486104596592072	0.23254830323758835
-0.40849777178565794	-0.21490243919762042	-0.10512209840033382	0.2714776906163878
0.08312342876805112	0.3819854176471402	-0.19772940053588317	0.3371617530489255
0.49285538611098145	-0.0977416132998532	-0.07712960126996449	0.33227339931920086
0.011985162228438151	-0.39665349789179505	0.43135958028433286	-0.16000175959543395
-0.2875179356681272	0.16389419850252174	0.5222497947907412	-0.026338071038609856
0.1850000939144949	0.33196728373545614	-0.4127085249926481	-0.07032409735740086
-0.4720740664003975	0.25022111622919363	0.1351148875672361	0.14258992980317275
0.5764983438458195	0.369329203499593	0.015095159646454137	-0.03907729300813334
-0.22515431588585844	-0.23782683831381646	-0.4261322428191461	-0.11088660298117903
-0.2073326127850572	-0.2764476312961244	0.44337124168936204	-0.07284851422945637
-0.011998833355220562	-0.1327458605914702	-0.23640028608919583	-0.6188550199641134
-0.27224468679171654	-0.1202467655236803	-0.5835994028311211	0.023909144853482056
0.510273009920307	0.4504500453939886	0.005579104815799374	0.033697839869905044
0.03812404881092202	-0.8568537128811848	-0.039849370183244526	0.06517286812464862
-0.08553782167018653	-0.5165377176336088	0.10680111652755131	-0.2911233441686534
-0.5462210812350328	-0.1368497200918224	-0.1966098467069053	0.12031935196623955
-0.20983260692891004	-0.21212736220990314	-0.18781034459393786	0.39022968626724897
0.6271134358883701	0.08359596781429479	0.07532801537628453	-0.21396258092105058
-0.1559119341388291	-0.17142855430347703	0.2343471274139084	0.4383123841437855
-0.18649839478081076	-0.5811601727134106	0.21482108882373852	-0.01752034368204014
0.6635133318677986	0.021525826016655536	0.2020748934533394	0.11288594866220647
-0.11498113639325602	-0.04625583505357067	-0.10848702116452325	0.7302760073886501
-0.47352094870186145	0.27162518220023646	0.10234151958519622	0.15251234951270587
-0.4956363607086587	0.05727763219215509	-0.33469249189676087	-0.11239351520242535
-0.10339082592941784	-0.5266792709780517	0.2632559858790551	-0.10667391721347541
-0.20718876009749954	-0.06898330678289111	0.7041457037838781	0.01968222933573127
-0.1606586352232675	0.6699862010554347	0.15461121588791138	0.014743947833386395
-0.3081276956939287	-0.0948904111349842	0.34998754428909673	-0.24699434888199034
0.005354457899294118	-0.5375389340423034	0.15647198574997856	0.30063462230842397
-0.21693408883418974	-0.2787606567944041	0.14257990416119037	0.3617253502102158
-0.7519782580699368	-0.09260068070825489	-0.15217914678935074	-0.003241914432457582
-0.6386800369645373	-0.005720476665041385	0.2130492326481115	-0.14255025372230978
0.03453288722104331	-0.16355053636503136	-0.1740151750184875	-0.6279014013954378
-0.01962832109869317	-0.5539785653285827	-0.1946645086850156	0.23172860488770852
-0.07480866164109612	-0.12835290128396037	-0.40124850998258177	-0.39558992709236174
FactorLoading_Ψ
0.12400141192619052	0.29324401939842515	0.08954848178091845	-0.4932060868944659
-0.3378928354851263	0.0653857864425278	-0.07388618300995375	-0.5228351950623922
0.18132951383519025	0.025330699168092607	-0.10265722591347393	-0.6906825610832432
-0.0016577441731941978	-0.11976507724608743	0.4386090443891151	-0.4399681341916033
0.21824112538254026	-0.4443495254139507	0.10486104596592072	0.23254830323758835
-0.40849777178565794	-0.21490243919762042	-0.10512209840033382	0.2714776906163878
0.08312342876805112	0.3819854176471402	-0.19772940053588317	0.3371617530489255
0.49285538611098145	-0.0977416132998532	-0.07712960126996449	0.33227339931920086
0.011985162228438151	-0.39665349789179505	0.43135958028433286	-0.16000175959543395
-0.2875179356681272	0.16389419850252174	0.5222497947907412	-0.026338071038609856
0.1850000939144949	0.33196728373545614	-0.4127085249926481	-0.07032409735740086
-0.4720740664003975	0.25022111622919363	0.1351148875672361	0.14258992980317275
0.5764983438458195	0.369329203499593	0.015095159646454137	-0.03907729300813334
-0.22515431588585844	-0.23782683831381646	-0.4261322428191461	-0.11088660298117903
-0.2073326127850572	-0.2764476312961244	0.44337124168936204	-0.07284851422945637
-0.011998833355220562	-0.1327458605914702	-0.23640028608919583	-0.6188550199641134
-0.27224468679171654	-0.1202467655236803	-0.5835994028311211	0.023909144853482056
0.510273009920307	0.4504500453939886	0.005579104815799374	0.033697839869905044
0.03812404881092202	-0.8568537128811848	-0.039849370183244526	0.06517286812464862
-0.08553782167018653	-0.5165377176336088	0.10680111652755131	-0.2911233441686534
-0.5462210812350328	-0.1368497200918224	-0.1966098467069053	0.12031935196623955
-0.20983260692891004	-0.21212736220990314	-0.18781034459393786	0.39022968626724897
0.6271134358883701	0.08359596781429479	0.07532801537628453	-0.21396258092105058
-0.1559119341388291	-0.17142855430347703	0.2343471274139084	0.4383123841437855
-0.18649839478081076	-0.5811601727134106	0.21482108882373852	-0.01752034368204014
0.6635133318677986	0.021525826016655536	0.2020748934533394	0.11288594866220647
-0.11498113639325602	-0.04625583505357067	-0.10848702116452325	0.7302760073886501
-0.47352094870186145	0.27162518220023646	0.10234151958519622	0.15251234951270587
-0.4956363607086587	0.05727763219215509	-0.33469249189676087	-0.11239351520242535
-0.10339082592941784	-0.5266792709780517	0.2632559858790551	-0.10667391721347541
-0.20718876009749954	-0.06898330678289111	0.7041457037838781	0.01968222933573127
-0.1606586352232675	0.6699862010554347	0.15461121588791138	0.014743947833386395
-0.3081276956939287	-0.0948904111349842	0.34998754428909673	-0.24699434888199034
0.005354457899294118	-0.5375389340423034	0.15647198574997856	0.30063462230842397
-0.21693408883418974	-0.2787606567944041	0.14257990416119037	0.3617253502102158
-0.7519782580699368	-0.09260068070825489	-0.15217914678935074	-0.003241914432457582
-0.6386800369645373	-0.005720476665041385	0.2130492326481115	-0.14255025372230978
0.03453288722104331	-0.16355053636503136	-0.1740151750184875	-0.6279014013954378
-0.01962832109869317	-0.5539785653285827	-0.1946645086850156	0.23172860488770852
-0.07480866164109612	-0.12835290128396037	-0.40124850998258177	-0.39558992709236174
Conflicts
27 18
14 24
5 8
32 15
34 1
11 12
32 30
17 6
16 11
26 4
37 20
5 24
27 22
7 12
36 6
4 34
23 8
26 16
32 40
10 35
4 18
26 21
10 34
12 18
32 38
2 36
13 14
19 22
19 30
40 1
25 39
37 30
3 24
16 24
35 5
37 28
35 32
37 9
3 5
2 38
11 5
18 1
22 18
26 32
17 22
32 17
19 20
24 30
31 30
25 1
21 20
3 18
11 1
32 5
9 39
31 21
36 15
11 39
37 4
40 17
7 32
5 39
15 33
29 18
37 12
23 9
24 18
10 12
23 25
4 17
1 30
19 39
21 18
2 15
10 17
2 27
22 20
31 11
26 2
11 20
40 20
35 17
25 20
16 22
11 21
39 33
4 33
25 28
10 18
39 24
7 40
9 30
14 28
19 24
7 28
16 5
16 38
13 36
36 18
27 11
25 30
38 24
7 39
17 33
19 12
38 15
15 24
7 38
35 36
27 5
8 38
9 18
37 11
14 18
7 37
33 24
14 35
2 20
9 14
21 12
31 5
34 21
10 3
34 18
10 8
3 38
10 22
25 8
34 24
2 5
40 24
23 11
35 12
19 8
19 15
37 3
9 17
23 34
2 29
8 30
5 1
31 39
25 5
31 24
31 20
23 6
13 18
11 15
2 21
4 2
26 12
5 22
32 11
4 36
9 2
33 18
7 18
11 22
2 40
32 27
29 19
10 11
2 8
3 27
40 39
33 30
10 5
17 1
9 27
35 6
19 18
13 5
14 39
4 1
34 22
32 8
7 1
17 18
27 8
37 31
26 3
26 27
25 24
9 35
19 33
31 16
31 34
10 36
15 18
13 39
17 36
14 6
25 33
23 5
14 19
25 19
37 39
40 5
33 6
10 15
29 17
28 24
31 15
35 21
23 29
8 21
31 29
29 5
29 6
10 6
7 20
31 19
40 19
18 20
5 38
19 38
25 11
37 16
13 40
40 21
27 36
26 28
17 21
13 30
40 18
34 11
34 16
34 39
16 21
32 33
32 6
7 24
32 36
22 15
13 3
31 38
6 18
37 40
4 21
31 35
31 27
37 8
23 40
26 34
9 34
26 20
32 3
14 30
23 18
26 39
21 39
5 21
35 20
10 30
25 21
2 30
31 22
31 32
4 40
4 22
32 19
7 36
28 1
34 3
21 38
13 24
28 8
14 33
8 20
4 35
17 11
36 20
6 1
35 3
14 34
23 27
13 35
7 10
21 15
13 32
26 10
28 15
14 2
32 12
38 12
25 3
14 38
40 33
37 36
37 27
29 1
15 30
19 11
11 30
4 12
28 36
32 2
25 38
4 5
19 6
23 21
10 38
4 30
7 15
3 22
22 30
37 22
40 22
35 19
3 19
4 16
16 33
29 27
39 12
16 20
7 13
12 1
2 19
23 36
34 20
13 17
28 17
8 24
19 1
7 25
13 38
2 33
9 13
23 13
29 16
35 39
14 3
24 1
27 24
25 40
17 30
27 1
26 9
23 31
11 24
36 5
9 3
26 18
26 24
28 38
14 8
31 40
13 21
16 18
26 36
17 15
4 15
27 30
28 18
23 10
26 40
34 27
31 28
29 11
4 13
4 10
4 32
21 24
13 33
26 23
27 19
35 34
9 24
21 6
6 20
23 20
35 15
15 1
7 9
37 38
39 30
14 11
38 6
30 18
2 1
37 34
37 15
9 28
28 6
3 15
27 12
15 20
36 24
28 19
13 8
29 20
