InstanceID
10_80_4
NumObjects
80
NumFactors
4
Weights
11.258244478647295
36.83140665808429
34.44540231363058
5.664544616214151
12.078054506961555
17.95740766710132
38.18127440852261
81.51038332483567
24.22083248151139
81.977797040088
66.99313951612163
45.305833195233156
84.40074795625907
67.91898821149229
72.52498905219804
92.36760031564317
6.609803322813423
99.91722180201815
17.165450700728414
42.041790666399194
55.66843807053139
59.617232065521165
38.40322060393761
92.33537554310114
49.733458424371754
42.956952617328724
10.96774963723961
25.028696593916912
32.84748285699865
57.57885375537537
22.138257303890896
12.07727535430525
6.725577975637154
74.41065984020987
96.59259339892641
45.27235552599513
72.66609550797803
43.56265730049975
28.245934297893193
17.454721125516315
12.400141192619053
41.72454313246157
50.67939131055341
68.21669275355933
90.70291829602542
52.760450270399
49.58987286461851
47.716480493760784
40.32786219276541
33.78928354851263
12.844288125512948
65.32402582347538
5.877999184701399
16.338270903215623
18.132951383519025
30.93174389167568
20.666021300328286
75.81366133353771
78.19870730703794
24.099979788284685
17.447981400773326
56.00318658083967
0.16577441731941978
12.142282141928163
47.61924201802026
22.984064461441946
96.44027998889852
14.463241391108772
66.25906507964909
21.824112538254028
76.74516967624116
81.44265782737921
34.01592322193285
70.78543635253914
80.15480915065277
40.849777178565795
72.85223093836122
62.34002109832784
18.368172043653487
40.64239542789818
Budget
1796.667804032013
Profits
-2.251648895729459
-7.366281331616858
-6.889080462726116
-1.1329089232428302
-2.415610901392311
-3.5914815334202643
-7.636254881704522
-16.302076664967135
-4.844166496302278
-16.3955594080176
-13.398627903224327
-9.06116663904663
-16.880149591251815
-13.583797642298459
-14.504997810439608
-18.473520063128635
-1.3219606645626847
-19.98344436040363
-3.4330901401456826
-8.408358133279838
-11.133687614106277
-11.923446413104234
-7.680644120787522
-18.46707510862023
-9.94669168487435
-8.591390523465744
-2.193549927447922
-5.005739318783382
-6.56949657139973
-11.515770751075074
-4.427651460778179
-2.41545507086105
-1.3451155951274307
-14.882131968041975
-19.31851867978528
-9.054471105199026
-14.533219101595606
-8.71253146009995
-5.649186859578639
-3.490944225103263
-2.4800282385238104
-8.344908626492314
-10.135878262110683
-13.643338550711865
-18.140583659205085
-10.5520900540798
-9.917974572923702
-9.543296098752156
-8.065572438553081
-6.7578567097025255
-2.5688576251025896
-13.064805164695077
-1.1755998369402798
-3.2676541806431247
-3.626590276703805
-6.186348778335136
-4.133204260065657
-15.162732266707541
-15.639741461407587
-4.819995957656937
-3.4895962801546654
-11.200637316167933
-0.033154883463883955
-2.4284564283856325
-9.523848403604052
-4.596812892288389
-19.288055997779704
-2.8926482782217544
-13.251813015929818
-4.364822507650805
-15.349033935248233
-16.288531565475843
-6.803184644386571
-14.157087270507827
-16.030961830130554
-8.16995543571316
-14.570446187672243
-12.468004219665568
-3.6736344087306976
-8.128479085579636
FactorLoading_Φ
-0.011227799179722942	-0.6516104477713516	0.07106795833301871	0.2660937947159068
0.3933896116001645	-0.27433698908063464	0.20527500716880032	-0.12699839215040054
-0.011985162228438151	0.1022946662477957	0.6912446766932163	-0.19447549483054982
-0.2875179356681272	0.05285549985142324	-0.3892037463925988	0.27042281808785074
-0.048657112219424814	0.46831026543052623	0.24442843229508093	0.23860419005496802
-0.010902936389360907	0.3926609697858918	-0.3187312764543384	0.27770481737040886
0.5776512472464062	0.08825028795713297	0.29502117178832754	0.03907729300813334
0.12166102444518057	-0.10349329144067787	-0.5066303441530238	-0.2682153399611178
0.19764565848268267	-0.00968695430237454	-0.20264332288976794	-0.5900240643251748
-0.3811449800358866	-0.07816865143643659	-0.40512533272086104	-0.13556103580681578
-0.14397833097309998	0.24851312134229686	-0.023274488455873765	-0.5842340592287294
0.3610163089975136	0.44116440084953945	0.16412145028304193	0.033697839869905044
0.03812404881092202	0.5149038629825688	0.1431142655329658	-0.30385782267354333
0.31010712352589387	-0.29196841577790145	-0.34246636125940855	-0.05545809943679614
0.02107466538900038	0.502944429659868	-0.3556615529848921	-0.12031935196623955
-0.008147854913458152	-0.6016224588192929	-0.3329632427986411	-0.057266443468607875
0.07748101037763622	0.5496324255107339	0.013322810674911034	0.35956375343671887
-0.015974547572104703	0.1399373865667244	-0.5785483234246411	-0.2655397424365298
0.6396915011826563	-0.09903163001596971	-0.028935436295595363	-0.23234143250577866
0.48579598099296706	0.19924317689148707	0.17456910217852384	0.14039173993702203
-0.11498113639325602	-0.562182283797886	-0.29655627612079405	-0.02628030368806389
0.03832194372381492	0.43519900497804653	-0.3818265999214736	0.14465245137666494
-0.5735415780383759	0.11601590871600131	-0.19804899804319742	0.11239351520242535
0.0025373484557056347	-0.17832751149897041	-0.44920523695279346	-0.3699299030925305
-0.20718876009749954	0.22486007501881322	-0.5436561360585836	-0.024295028825103593
0.635715424986814	-0.255008672274885	-0.09453195490491462	0.014743947833386395
-0.50054620202312	-0.0595319052010177	-0.192927543893872	-0.24699434888199034
0.005354457899294118	0.3746195410541384	0.39355527737165463	-0.22647072367491283
-0.5572700341021193	-0.08100461568766493	-0.33110870926051184	-0.030616640949703955
0.6016978424469002	0.04082640562664697	-0.20205469070464455	-0.15542106122180832
0.073128358178983	0.24234147228236602	-0.3232102065031883	-0.36131996303546265
-0.19808342358607467	-0.24961398111736033	0.3806589747777547	-0.17164362051881032
0.02698383872518728	-0.0562809440257146	-0.490342103676374	-0.42639311357272414
-0.14081156538070694	-0.3707651741891922	-0.09283333333773913	-0.39558992709236174
-0.10609918577728372	0.005522618175076044	0.18493486051073083	-0.7034433355369094
0.1115453292365558	0.22185922948179404	0.34970174195538517	0.316893699326265
-0.5319520536821511	0.007126091954885894	0.3939272567671741	-0.06699459759578885
-0.007688132163691019	0.6443386012815862	0.1379115932910011	0.21006167326372172
-0.21290307645531792	0.2957726132501475	-0.2119318501795342	0.2793924601150004
-0.10873552302077383	-0.642150220622665	0.02110729842848369	-0.22800695792807746
-0.09489087825724507	-0.02265674981134036	0.5232003405609329	0.3592520313704817
-0.24406819943378455	0.25747550951218656	0.419966142964443	-0.07849014808958588
0.006836377825554685	-0.41817199189415133	0.1381013944813272	0.4368902357989668
0.26005542331867315	-0.1281862187214471	0.19167402115265908	0.4200843368072207
0.3333092688096797	-0.27872591296758764	0.08522249903205803	-0.3027423191906746
-0.35007231618175516	-0.5091109787428989	0.003140688130267577	0.13767601694507836
-0.5888409649720434	-0.27924457120682544	-0.03808261857196671	0.09383184524916444
-0.04279226510973899	0.3926251894541324	0.36728646458656766	0.19729608084956096
0.0023678053729143667	0.7684591640403979	-0.005092992349317482	-0.22408003823737022
-0.022709031503612698	0.45419986889091013	-0.3220727891908104	-0.20101831041466678
0.22133121838583736	0.4625609919472633	0.2314108817329994	-0.08469690793389995
-0.23467675943161415	-0.11325807057905601	0.4911753743930416	-0.16088979559628824
0.40373991063770753	0.20582140497216028	0.03811294505333018	0.352325739336802
-0.2201124422531251	-0.043740488562530766	-0.29592770380315914	0.440219365381185
-0.6601952248185456	0.03069491028004423	-0.28615169317414857	0.022958171727261556
0.17555538249727376	0.04915068679093393	0.08496966905186176	-0.6903242616599305
0.26916259049258184	-0.44532961630700063	-0.01556707155459347	-0.26994072164582406
0.12419748404856001	-0.5835428977236954	-0.19439856743480566	-0.09786105079293894
-0.6964350902853633	-0.11128411969953644	0.18099133550207158	-0.011289454513028652
0.1733813990883324	0.5695294809599551	0.031892007814025014	-0.22519711213768745
0.3220821138077916	-0.5444530846638052	0.1095560770456836	-0.023908724482719634
-0.4079146930248445	0.1544319528583078	-0.08807391027272149	0.3495794438441262
-0.0518309896433633	-0.055607606309098445	0.27517528174156913	0.6173861223059691
-0.07111779464046175	0.1882364722001577	-0.05558260432633566	-0.6850631288330449
0.03904320774095438	-0.07188558682980029	0.4042549786376295	0.48481622679161585
-0.26057853467682013	0.28946470555479387	-0.27825257523742386	0.17170418453096215
0.3948193475497146	0.4988787138684916	-0.05076518972521793	-0.05553674885657589
-0.19061202536536737	-0.0029735408272708597	-0.6220968307841352	-0.18431760302322653
0.8301163901663602	0.11594507489583172	0.013056251745720004	0.04088228319208809
0.06803671464736238	-0.353066842061194	-0.5415034331267614	0.03739301016468222
-0.3503288736511514	-0.003142302582615164	0.6437685329568155	0.0027602908094179757
-0.568082187143073	0.20895856576058836	0.15202883178372817	-0.07093041531261046
-0.07209465159433526	0.09195347710859925	0.6751358115832298	0.16081605971383572
0.7138602684937025	0.05176361401944507	-0.003785226340199399	-0.230590891146653
0.055018083620302694	-0.3175104260041459	0.5697721560817424	-0.057699334293809024
0.23625036288999102	-0.3340644323595625	0.09438630874295795	-0.3352988960074885
-0.13529978704350754	-0.030024814008051015	-0.5422923813816145	0.29238301756682694
-0.1545285986445557	0.06481278715586702	0.10811376372366843	0.6725448504759088
-0.12880348748155135	0.34398240735494046	0.029644872705764325	0.49756923245774387
0.5703787991034637	0.09408768516056631	0.20698431670037687	-0.12854919903559314
FactorLoading_Ψ
-0.011227799179722942	-0.6516104477713516	0.07106795833301871	0.2660937947159068
0.3933896116001645	-0.27433698908063464	0.20527500716880032	-0.12699839215040054
-0.011985162228438151	0.1022946662477957	0.6912446766932163	-0.19447549483054982
-0.2875179356681272	0.05285549985142324	-0.3892037463925988	0.27042281808785074
-0.048657112219424814	0.46831026543052623	0.24442843229508093	0.23860419005496802
-0.010902936389360907	0.3926609697858918	-0.3187312764543384	0.27770481737040886
0.5776512472464062	0.08825028795713297	0.29502117178832754	0.03907729300813334
0.12166102444518057	-0.10349329144067787	-0.5066303441530238	-0.2682153399611178
0.19764565848268267	-0.00968695430237454	-0.20264332288976794	-0.5900240643251748
-0.3811449800358866	-0.07816865143643659	-0.40512533272086104	-0.13556103580681578
-0.14397833097309998	0.24851312134229686	-0.023274488455873765	-0.5842340592287294
0.3610163089975136	0.44116440084953945	0.16412145028304193	0.033697839869905044
0.03812404881092202	0.5149038629825688	0.1431142655329658	-0.30385782267354333
0.31010712352589387	-0.29196841577790145	-0.34246636125940855	-0.05545809943679614
0.02107466538900038	0.502944429659868	-0.3556615529848921	-0.12031935196623955
-0.008147854913458152	-0.6016224588192929	-0.3329632427986411	-0.057266443468607875
0.07748101037763622	0.5496324255107339	0.013322810674911034	0.35956375343671887
-0.015974547572104703	0.1399373865667244	-0.5785483234246411	-0.2655397424365298
0.6396915011826563	-0.09903163001596971	-0.028935436295595363	-0.23234143250577866
0.48579598099296706	0.19924317689148707	0.17456910217852384	0.14039173993702203
-0.11498113639325602	-0.562182283797886	-0.29655627612079405	-0.02628030368806389
0.03832194372381492	0.43519900497804653	-0.3818265999214736	0.14465245137666494
-0.5735415780383759	0.11601590871600131	-0.19804899804319742	0.11239351520242535
0.0025373484557056347	-0.17832751149897041	-0.44920523695279346	-0.3699299030925305
-0.20718876009749954	0.22486007501881322	-0.5436561360585836	-0.024295028825103593
0.635715424986814	-0.255008672274885	-0.09453195490491462	0.014743947833386395
-0.50054620202312	-0.0595319052010177	-0.192927543893872	-0.24699434888199034
0.005354457899294118	0.3746195410541384	0.39355527737165463	-0.22647072367491283
-0.5572700341021193	-0.08100461568766493	-0.33110870926051184	-0.030616640949703955
0.6016978424469002	0.04082640562664697	-0.20205469070464455	-0.15542106122180832
0.073128358178983	0.24234147228236602	-0.3232102065031883	-0.36131996303546265
-0.19808342358607467	-0.24961398111736033	0.3806589747777547	-0.17164362051881032
0.02698383872518728	-0.0562809440257146	-0.490342103676374	-0.42639311357272414
-0.14081156538070694	-0.3707651741891922	-0.09283333333773913	-0.39558992709236174
-0.10609918577728372	0.005522618175076044	0.18493486051073083	-0.7034433355369094
0.1115453292365558	0.22185922948179404	0.34970174195538517	0.316893699326265
-0.5319520536821511	0.007126091954885894	0.3939272567671741	-0.06699459759578885
-0.007688132163691019	0.6443386012815862	0.1379115932910011	0.21006167326372172
-0.21290307645531792	0.2957726132501475	-0.2119318501795342	0.2793924601150004
-0.10873552302077383	-0.642150220622665	0.02110729842848369	-0.22800695792807746
-0.09489087825724507	-0.02265674981134036	0.5232003405609329	0.3592520313704817
-0.24406819943378455	0.25747550951218656	0.419966142964443	-0.07849014808958588
0.006836377825554685	-0.41817199189415133	0.1381013944813272	0.4368902357989668
0.26005542331867315	-0.1281862187214471	0.19167402115265908	0.4200843368072207
0.3333092688096797	-0.27872591296758764	0.08522249903205803	-0.3027423191906746
-0.35007231618175516	-0.5091109787428989	0.003140688130267577	0.13767601694507836
-0.5888409649720434	-0.27924457120682544	-0.03808261857196671	0.09383184524916444
-0.04279226510973899	0.3926251894541324	0.36728646458656766	0.19729608084956096
0.0023678053729143667	0.7684591640403979	-0.005092992349317482	-0.22408003823737022
-0.022709031503612698	0.45419986889091013	-0.3220727891908104	-0.20101831041466678
0.22133121838583736	0.4625609919472633	0.2314108817329994	-0.08469690793389995
-0.23467675943161415	-0.11325807057905601	0.4911753743930416	-0.16088979559628824
0.40373991063770753	0.20582140497216028	0.03811294505333018	0.352325739336802
-0.2201124422531251	-0.043740488562530766	-0.29592770380315914	0.440219365381185
-0.6601952248185456	0.03069491028004423	-0.28615169317414857	0.022958171727261556
0.17555538249727376	0.04915068679093393	0.08496966905186176	-0.6903242616599305
0.26916259049258184	-0.44532961630700063	-0.01556707155459347	-0.26994072164582406
0.12419748404856001	-0.5835428977236954	-0.19439856743480566	-0.09786105079293894
-0.6964350902853633	-0.11128411969953644	0.18099133550207158	-0.011289454513028652
0.1733813990883324	0.5695294809599551	0.031892007814025014	-0.22519711213768745
0.3220821138077916	-0.5444530846638052	0.1095560770456836	-0.023908724482719634
-0.4079146930248445	0.1544319528583078	-0.08807391027272149	0.3495794438441262
-0.0518309896433633	-0.055607606309098445	0.27517528174156913	0.6173861223059691
-0.07111779464046175	0.1882364722001577	-0.05558260432633566	-0.6850631288330449
0.03904320774095438	-0.07188558682980029	0.4042549786376295	0.48481622679161585
-0.26057853467682013	0.28946470555479387	-0.27825257523742386	0.17170418453096215
0.3948193475497146	0.4988787138684916	-0.05076518972521793	-0.05553674885657589
-0.19061202536536737	-0.0029735408272708597	-0.6220968307841352	-0.18431760302322653
0.8301163901663602	0.11594507489583172	0.013056251745720004	0.04088228319208809
0.06803671464736238	-0.353066842061194	-0.5415034331267614	0.03739301016468222
-0.3503288736511514	-0.003142302582615164	0.6437685329568155	0.0027602908094179757
-0.568082187143073	0.20895856576058836	0.15202883178372817	-0.07093041531261046
-0.07209465159433526	0.09195347710859925	0.6751358115832298	0.16081605971383572
0.7138602684937025	0.05176361401944507	-0.003785226340199399	-0.230590891146653
0.055018083620302694	-0.3175104260041459	0.5697721560817424	-0.057699334293809024
0.23625036288999102	-0.3340644323595625	0.09438630874295795	-0.3352988960074885
-0.13529978704350754	-0.030024814008051015	-0.5422923813816145	0.29238301756682694
-0.1545285986445557	0.06481278715586702	0.10811376372366843	0.6725448504759088
-0.12880348748155135	0.34398240735494046	0.029644872705764325	0.49756923245774387
0.5703787991034637	0.09408768516056631	0.20698431670037687	-0.12854919903559314
Conflicts
13 69
14 39
65 56
4 34
8 22
41 1
7 42
62 18
27 72
31 34
3 18
47 51
26 27
25 24
33 73
63 58
35 80
50 57
10 15
15 18
55 38
4 67
39 18
77 58
17 36
78 6
52 33
25 5
78 19
40 1
5 18
55 19
22 6
59 20
74 15
78 17
64 11
60 16
65 5
31 79
65 49
60 69
79 15
29 64
23 53
55 8
21 57
21 44
60 8
75 50
54 56
31 29
19 5
68 34
29 6
10 70
71 9
50 20
76 18
50 62
31 20
25 53
75 80
13 40
40 27
26 28
17 21
71 3
26 77
18 30
40 61
69 61
34 11
74 76
22 44
55 46
80 39
31 11
16 21
32 33
56 59
47 70
71 77
36 5
55 57
79 22
52 24
44 18
13 44
49 46
63 3
38 57
67 56
67 70
32 8
71 7
63 21
4 31
35 27
43 56
37 59
8 44
23 26
34 58
58 51
51 45
43 73
47 34
26 52
32 64
31 24
16 51
3 64
50 51
78 30
19 79
42 41
26 50
69 21
74 30
25 12
17 1
42 65
42 48
43 49
66 48
31 64
47 46
63 5
31 50
63 45
43 48
54 10
48 30
4 78
40 22
68 45
31 32
7 31
36 44
43 1
14 67
58 24
77 38
32 24
55 61
72 17
52 45
56 33
78 72
44 20
4 46
17 11
36 45
65 70
3 49
35 79
14 24
14 62
27 46
23 64
13 46
7 55
32 77
68 58
34 62
34 73
23 66
63 78
32 12
58 38
50 12
67 38
14 40
53 52
47 33
61 36
61 24
60 77
48 49
53 57
77 64
65 1
59 30
19 15
75 61
75 49
4 12
2 36
25 62
68 5
58 70
23 19
10 59
71 30
15 22
3 20
53 58
66 30
34 22
63 17
61 59
10 46
71 45
37 13
53 67
80 19
63 80
61 19
4 80
48 39
75 34
53 36
47 27
71 49
75 41
64 49
16 33
43 10
17 46
69 76
42 80
80 76
7 77
76 46
47 2
23 69
3 15
77 45
72 65
54 44
43 11
43 45
23 25
71 10
31 38
13 33
2 65
50 28
13 1
56 73
77 20
4 6
80 30
54 29
31 45
27 48
62 39
22 20
3 52
78 1
51 24
50 46
58 27
36 15
25 48
7 13
7 37
61 65
78 66
9 54
23 31
75 39
75 44
69 58
3 36
49 73
61 5
26 42
53 28
14 42
40 72
26 55
13 48
16 56
50 55
75 21
42 17
43 15
68 79
27 30
36 41
53 51
75 10
54 31
78 67
26 40
54 34
16 39
78 8
60 28
31 36
23 75
29 24
4 36
77 57
4 10
43 4
21 24
23 13
50 27
42 66
7 36
13 17
35 22
60 34
9 52
3 73
48 59
16 62
66 15
40 6
60 41
6 44
23 20
66 69
65 21
47 1
42 15
4 17
71 73
37 53
75 6
60 18
10 45
4 75
2 62
2 49
37 34
54 28
76 79
78 59
63 73
28 70
72 15
3 51
27 51
53 12
55 15
13 28
29 8
43 34
47 22
80 49
43 74
69 40
77 51
76 12
13 74
67 58
42 30
55 30
5 41
23 4
29 12
47 64
54 32
26 6
22 41
22 52
60 50
68 75
55 24
28 12
12 6
74 65
9 3
3 21
27 39
41 52
76 30
27 28
71 13
47 60
78 33
69 65
65 33
61 11
32 15
42 19
71 46
75 8
68 57
9 69
2 33
7 50
21 12
7 38
43 28
3 33
60 24
74 1
40 73
47 44
40 17
48 73
51 15
2 73
29 17
4 35
13 72
4 56
31 70
7 53
54 80
63 36
9 2
54 8
47 48
68 62
18 20
62 1
15 46
52 46
78 34
14 45
54 64
61 16
4 69
47 31
43 29
48 70
76 38
58 20
78 28
25 3
34 45
17 44
59 6
34 24
68 69
80 62
77 62
63 44
80 56
68 25
65 12
50 52
32 1
31 48
34 56
42 69
40 74
46 12
56 11
16 45
27 65
77 29
19 51
14 64
34 51
35 57
31 12
79 51
77 46
7 59
35 58
43 54
29 72
54 69
32 55
9 50
2 1
80 17
32 28
32 49
47 36
33 6
23 41
10 52
79 24
63 54
66 17
57 52
72 16
74 56
7 80
2 3
5 22
14 12
40 59
24 1
32 38
77 3
35 48
22 33
68 73
53 76
68 31
38 46
60 45
53 1
9 24
77 1
38 41
50 22
4 15
19 48
66 52
54 58
43 68
66 77
80 27
9 37
72 30
60 49
10 36
2 61
61 56
60 30
13 52
7 10
40 79
25 22
60 11
29 49
9 75
60 40
62 12
7 67
15 33
47 40
50 6
70 79
75 1
47 4
7 66
55 34
23 36
14 5
60 42
58 17
10 50
25 38
47 28
38 52
61 18
26 3
27 52
70 18
40 33
58 44
40 67
19 49
71 6
59 22
47 18
27 8
4 3
2 67
71 35
26 74
39 33
26 79
75 11
60 29
4 70
32 27
44 45
61 39
34 65
80 44
32 53
55 77
74 36
14 32
59 39
66 5
8 12
74 79
60 6
8 38
9 18
35 73
2 22
71 75
40 11
9 15
34 5
60 73
48 20
31 18
28 48
56 41
29 1
57 30
21 52
35 11
28 33
68 14
57 46
40 8
8 57
23 70
17 30
26 78
66 3
49 18
13 8
10 35
9 30
60 17
13 76
29 62
63 75
36 6
2 58
67 1
58 46
19 73
36 57
48 5
16 36
7 19
48 38
42 51
26 75
13 41
40 70
55 66
33 46
65 44
68 35
60 38
26 56
49 24
26 5
25 11
65 30
17 12
23 32
75 17
32 52
29 20
71 78
47 79
56 45
67 11
5 39
35 30
46 73
65 8
38 12
72 8
59 70
63 76
63 28
69 27
32 18
13 45
21 39
19 16
49 30
66 36
8 18
71 29
63 22
80 46
28 24
2 24
26 2
74 48
36 48
32 61
13 64
17 39
71 65
28 56
35 64
10 80
11 24
25 10
13 77
75 78
10 21
47 75
55 3
27 1
29 19
23 74
32 17
74 64
57 24
32 57
80 52
26 1
63 13
5 15
40 65
64 46
36 59
26 38
9 39
34 6
42 79
32 70
7 68
28 52
43 79
32 41
14 51
69 19
19 1
53 40
36 33
63 51
54 59
55 27
63 33
47 61
35 66
58 22
37 48
63 70
7 39
68 16
80 18
34 2
44 12
66 58
55 48
47 76
75 57
37 57
65 51
39 30
66 21
40 64
11 33
71 2
28 6
58 41
35 6
71 12
80 28
55 62
64 52
22 24
70 76
56 79
71 58
10 44
32 56
37 70
35 44
10 1
43 72
29 48
52 73
35 76
54 79
72 39
67 27
43 62
62 59
13 15
29 38
62 73
55 20
8 76
11 5
64 8
36 46
37 50
47 53
43 46
78 22
26 66
37 1
4 50
72 49
50 21
29 79
23 6
32 3
5 38
14 28
15 6
4 25
17 79
46 6
54 39
3 30
16 18
23 21
77 27
7 16
16 73
53 46
40 5
54 73
41 6
51 73
7 45
68 28
68 36
51 33
10 2
66 28
13 16
6 52
25 70
54 19
29 65
55 39
48 12
29 36
35 16
23 37
10 73
78 73
58 30
63 66
25 29
7 41
76 20
62 21
66 61
27 33
23 44
47 6
11 8
19 38
64 6
78 48
7 58
23 52
64 57
68 19
63 18
19 28
27 56
67 61
54 15
28 45
4 28
29 18
16 64
57 33
25 59
69 67
31 53
40 44
8 39
70 20
72 44
36 30
25 19
65 45
64 39
54 65
29 52
38 24
41 15
63 40
9 79
40 62
75 24
29 58
13 73
36 62
77 73
2 56
54 51
32 19
14 53
68 80
72 6
35 34
44 24
37 61
80 20
50 53
43 80
66 64
42 70
47 24
42 24
14 69
32 2
40 18
50 45
10 11
8 20
23 80
32 72
31 51
50 44
70 12
80 57
69 62
41 46
36 79
37 45
53 6
12 20
64 12
49 22
40 76
61 28
2 27
13 53
31 33
43 12
21 15
55 72
14 66
3 59
29 61
64 33
60 59
9 61
13 80
28 51
54 24
7 30
2 38
64 51
17 38
54 42
14 16
15 52
34 21
50 73
32 6
67 22
53 45
69 79
23 67
9 12
9 48
29 28
2 6
47 8
38 18
32 5
74 8
44 73
19 59
25 52
53 22
25 44
75 30
35 42
71 18
46 30
11 41
3 8
57 1
4 16
61 1
70 39
75 20
55 29
74 62
37 24
31 58
37 42
34 28
78 76
62 64
4 55
10 17
9 44
7 62
50 1
17 8
67 65
53 79
37 4
64 59
37 54
50 32
2 74
15 1
17 56
77 8
4 57
25 31
26 39
16 59
27 22
3 41
77 74
32 44
7 43
48 44
25 41
71 37
47 69
9 41
48 79
71 38
54 41
76 5
22 46
54 18
35 61
72 22
34 69
67 64
25 6
23 17
71 4
34 49
76 22
9 28
17 70
69 8
80 58
28 76
23 45
48 51
33 1
1 45
42 1
37 76
68 54
74 18
37 15
69 48
31 74
9 32
28 30
3 76
56 22
55 40
43 58
68 46
43 76
63 62
3 57
7 73
54 47
10 41
19 62
13 51
54 4
43 63
69 1
72 28
43 60
11 38
7 72
8 41
40 30
48 46
67 74
54 40
31 19
25 76
4 42
2 39
61 33
74 24
42 22
56 24
79 21
17 73
23 40
77 17
4 22
67 72
62 45
48 57
63 64
47 19
37 66
47 14
61 41
56 21
54 66
54 72
66 2
48 11
72 56
28 46
29 76
26 19
26 45
13 11
51 57
25 72
69 30
58 59
50 33
26 76
55 42
78 50
7 15
37 69
77 59
25 51
36 52
27 49
43 57
4 41
21 1
19 64
77 69
70 46
69 24
21 46
78 62
26 30
54 2
23 42
79 73
50 56
67 41
66 18
29 70
9 78
13 55
60 48
72 11
64 41
7 63
71 40
60 79
19 36
9 6
59 51
9 27
16 49
72 38
72 79
40 41
2 16
80 22
2 41
2 12
74 11
9 40
3 11
70 8
77 6
23 15
29 15
36 18
43 5
26 15
69 44
50 69
68 24
78 70
55 74
68 29
72 70
52 1
37 19
35 69
43 18
25 8
9 57
39 24
14 25
47 9
7 20
12 73
6 18
29 67
55 28
7 32
71 64
23 77
14 48
43 30
37 52
28 5
25 42
23 39
55 58
2 79
19 76
70 30
53 48
25 16
47 65
26 34
42 49
55 36
23 55
74 27
71 11
68 77
26 60
54 20
74 44
4 13
76 45
2 21
9 11
65 41
40 39
59 24
71 70
12 57
78 57
67 79
55 1
32 59
64 65
59 57
40 3
42 29
77 80
63 12
14 50
68 42
71 68
3 79
19 39
15 12
65 39
78 3
65 22
63 79
71 39
23 16
61 45
35 77
3 19
78 15
55 11
7 28
25 40
56 70
42 34
43 19
17 52
9 72
59 52
52 18
32 20
37 27
78 61
4 40
66 38
69 73
47 5
29 22
68 39
75 2
61 46
14 38
37 40
44 46
42 28
26 22
34 16
7 57
11 70
44 30
55 49
13 75
50 2
68 22
68 17
73 24
74 46
72 41
75 40
4 19
74 57
25 28
42 36
7 49
60 72
25 46
49 52
75 42
19 65
7 24
15 38
16 76
69 39
61 6
14 73
11 57
75 16
55 12
48 17
63 72
71 34
62 24
54 62
71 47
34 41
46 1
34 30
78 46
62 6
41 20
66 24
49 41
71 62
7 70
5 45
56 38
27 15
37 36
77 65
14 57
42 56
50 79
75 38
75 79
58 18
46 24
62 76
4 11
25 27
69 45
60 21
60 53
53 64
80 11
25 65
40 38
40 19
28 65
32 11
11 1
80 51
26 47
31 2
3 12
50 24
77 33
46 45
23 68
11 20
7 74
14 79
23 57
75 59
29 11
14 78
65 62
7 54
57 44
16 52
13 58
59 38
31 80
25 79
23 62
38 45
40 21
62 15
38 1
33 30
43 51
72 19
48 65
36 49
50 72
75 52
66 20
78 29
72 24
49 38
31 5
78 42
71 52
28 73
64 15
4 49
51 22
69 12
16 65
7 40
14 46
2 45
78 56
7 69
72 73
37 41
13 34
32 42
69 6
9 13
40 28
43 31
32 39
50 15
42 44
36 12
32 69
14 74
43 22
3 28
23 60
66 39
80 6
39 41
79 12
68 59
78 38
53 11
59 5
2 28
13 65
58 65
53 39
2 76
63 14
7 5
7 17
77 36
39 20
54 52
39 73
31 8
71 61
13 59
26 9
66 79
80 12
6 45
47 21
63 46
31 57
5 1
10 56
4 60
61 21
66 34
68 11
37 44
42 6
13 31
26 17
18 73
75 31
40 36
66 62
14 15
54 21
9 58
41 30
7 44
6 20
10 20
23 54
65 76
35 36
7 18
11 21
19 21
47 42
67 19
4 61
7 29
62 70
51 52
68 3
35 33
70 38
42 72
60 61
48 62
74 45
26 44
53 21
69 20
72 57
9 36
48 1
13 60
31 56
17 57
78 58
37 63
43 69
42 46
14 60
54 46
39 1
50 30
68 2
63 52
70 24
54 12
31 65
22 57
41 24
63 16
63 74
3 24
4 66
43 55
3 17
63 8
79 52
43 17
11 46
37 22
17 24
78 52
74 49
43 77
43 16
29 40
33 24
55 22
31 44
80 65
75 67
22 73
72 20
63 15
78 12
78 5
78 49
63 50
67 36
68 74
66 29
66 22
26 16
68 76
67 57
10 49
77 12
78 79
59 15
50 76
66 56
35 53
8 51
53 27
8 6
77 18
60 3
51 44
31 67
58 45
36 21
77 44
19 12
53 56
34 70
74 52
28 17
37 39
27 12
31 30
31 1
71 50
25 57
68 56
80 36
24 45
55 73
70 22
26 80
25 20
53 49
31 77
56 44
78 18
26 58
11 76
62 11
79 45
11 52
42 53
27 70
74 33
9 74
10 19
49 5
47 80
68 64
2 20
31 21
14 52
55 10
