InstanceID
1_100_4
NumObjects
100
NumFactors
4
Weights
23.603334566204694
34.651701419196044
31.27069683360675
0.790928339056074
48.86128300795012
21.096820215853597
95.1916339835734
99.99046588986135
25.166218303197184
98.66663668987997
55.57510873245724
43.71079746096251
42.471785049513144
77.3223048457377
28.11902322857298
20.947237319807076
25.137920979222493
2.037486871266725
28.77015122756894
85.9512136087661
7.695088688120899
64.03962459899388
87.35441302706855
27.85824200287785
75.13126327861701
64.4883353942093
7.782644396003469
84.81854810000327
8.56351682044918
55.32055454580578
46.33502459235987
18.582130997265377
11.198087695816717
97.6311881619359
5.161462067432709
53.80295812064833
45.56920516275036
27.93951106725605
17.824610354168602
54.89828719625274
37.097066286146884
89.41659192657593
64.80537482231894
41.70393538841062
14.456554241360564
62.24031828206811
87.23344353741976
52.49746566167794
24.159060827129643
88.48369255734127
44.08974233731111
40.467263869902006
73.67868019103597
95.38034231508577
9.518559239746228
51.967533179373014
1.3540332577443914
30.33988122056488
70.25571355154578
59.65370068827476
63.893483969362094
87.23474485143244
54.8635145519931
26.299203233756497
52.64433516590159
46.501931862871636
27.551933532993544
46.182259118045124
95.18613955904868
28.873732530669916
66.12321555087209
19.45678064479248
39.3193497656424
99.07406554003964
55.03342139580574
58.07816346526631
76.83586278313636
51.952465724186084
51.486297110544356
99.81360570779374
60.36816885930896
75.87747975618097
59.0953157912963
72.20856092527971
95.3207040651399
38.441136185217296
32.00111699127468
86.5624810646251
45.45697712730568
42.02865080388871
22.515104100350246
28.616914065436294
30.91439610705362
17.03908213526897
14.716190329632184
23.006281697084184
9.292924093459032
68.14146962328581
76.2276463170743
33.908123311767135
Budget
2434.134813817703
Profits
-4.7206669132409385
-6.930340283839209
-6.25413936672135
-0.1581856678112148
-9.772256601590025
-4.219364043170719
-19.038326796714678
-19.998093177972272
-5.033243660639437
-19.733327337975993
-11.115021746491447
-8.742159492192503
-8.494357009902629
-15.464460969147542
-5.623804645714596
-4.189447463961415
-5.027584195844499
-0.407497374253345
-5.754030245513788
-17.19024272175322
-1.5390177376241798
-12.807924919798776
-17.47088260541371
-5.571648400575571
-15.026252655723402
-12.89766707884186
-1.5565288792006937
-16.963709620000653
-1.7127033640898361
-11.064110909161155
-9.267004918471974
-3.7164261994530756
-2.2396175391633433
-19.52623763238718
-1.0322924134865419
-10.760591624129665
-9.113841032550072
-5.58790221345121
-3.5649220708337204
-10.979657439250548
-7.419413257229377
-17.883318385315185
-12.961074964463787
-8.340787077682124
-2.891310848272113
-12.448063656413622
-17.44668870748395
-10.499493132335589
-4.831812165425928
-17.696738511468254
-8.817948467462221
-8.0934527739804
-14.735736038207193
-19.076068463017155
-1.9037118479492456
-10.393506635874603
-0.2708066515488783
-6.067976244112976
-14.051142710309156
-11.930740137654952
-12.778696793872419
-17.44694897028649
-10.97270291039862
-5.259840646751299
-10.528867033180317
-9.300386372574327
-5.510386706598709
-9.236451823609025
-19.037227911809737
-5.774746506133983
-13.224643110174418
-3.8913561289584964
-7.86386995312848
-19.81481310800793
-11.006684279161147
-11.61563269305326
-15.367172556627272
-10.390493144837217
-10.297259422108871
-19.96272114155875
-12.073633771861791
-15.175495951236195
-11.81906315825926
-14.441712185055943
-19.064140813027983
-7.688227237043459
-6.400223398254935
-17.31249621292502
-9.091395425461135
-8.405730160777741
-4.5030208200700494
-5.723382813087259
-6.182879221410724
-3.407816427053794
-2.9432380659264368
-4.601256339416837
-1.8585848186918064
-13.628293924657163
-15.245529263414861
-6.781624662353427
FactorLoading_Φ
0.1387630205269108	-0.3176831289153339	0.28347202079364875	0.26008182976410654
-0.6631449677769361	0.23314577092372413	-0.03419032122136012	0.06951894007797965
-0.10403265240715243	-0.12081811558508537	0.06300675657890653	0.7121424754288557
0.10283157795639708	0.5675890046051004	0.0849946413851812	-0.2445847760533213
0.14164408841125242	-0.7282815446394288	0.10018139201390852	0.02989297493541021
0.4732302657566332	-0.07686746715223669	-0.21592731872147453	0.2339749483696556
-0.34388964778042985	-0.3280169398974475	0.31803599217281997	0.010057420149302665
-0.5255633522703727	-0.2736856382976516	0.17787329352336023	-0.022877715908615537
0.060839588162864056	0.27262729210308523	-0.30489569187497323	-0.3616374278590775
-0.47543896622338666	-0.3761772926423643	-0.04581741136306605	-0.10256632977118296
-0.07658013531798469	0.42801141722492697	-0.29497603989174315	-0.2004324075653452
0.1609952325109647	0.2831554986778797	0.10533577737125133	0.45051349143990427
-0.2064021511982954	0.027390466350412535	0.5290369451803063	0.23717043727098575
0.1498122904503374	0.3378545382046503	-0.4398541311146986	-0.07247904023031371
0.25866238457932944	0.21852620465052275	0.053206914347389	0.4696044964227588
-0.185426424532527	0.019961654796011974	-0.6074655424456814	0.18714637822577962
0.4314597241256688	0.46593572079531986	-0.03436032402640565	0.06824423105260569
0.3642844279626294	-0.5864347142293465	-0.0009864006717050788	-0.04829445713631908
-0.5641152342003677	-0.03567441860881981	0.13061015810639476	-0.26960018908441774
0.248941611204349	0.2698367929873291	-0.35497289580751756	0.12624870000080435
0.26826295612968565	-0.31474502983079344	-0.3533313121536876	0.06366070188583328
0.0992834999475467	-0.2801298660465952	-0.3203874932689623	-0.3001991407368958
-0.16828405178779438	-0.44161316418002383	-0.17937118506112926	-0.21073159897105254
0.40308331759870586	-0.10019855359866714	-0.043520334150069395	0.4531977946525576
-0.18490479945556437	0.008050316934795854	0.09123146774819868	-0.7158134158614411
-0.6937891386990618	-0.07373617472657146	0.13923765095082796	0.0932370356235388
-0.23349786159334274	0.006918047695714691	-0.2683702235370442	-0.49121386717389837
-0.13000446608849714	-0.7659053437558712	-0.09440910201609642	-0.009681088139535277
-0.10369066522262793	0.010906607019976589	-0.25689316775060966	0.6285095600067858
0.5727890180392909	-0.3389668728389259	-0.05193409592356124	0.03631001319822191
0.3827104494114293	0.10936034936317629	0.38573176967430234	0.12219743155109208
0.12447770039032235	-0.23616922552567488	0.6031181146314406	0.036234959452562165
0.08103682762762077	0.23042656059515476	-0.5589261227186368	0.12961048905858763
0.3515589128548322	-0.5839532132339658	0.06057801645376415	0.003909857457437882
0.3068748530690204	-0.1033218177516464	0.3505443923784344	-0.23925893680089882
-0.376502051100547	0.22947475273061735	0.15417927438604973	-0.2398439217827859
-0.21315739078814122	0.3406223578346046	0.06581469509143201	0.3804055562858222
-0.07028567817620557	-0.4821765544235783	0.393789232792112	-0.05374853460810414
-0.018869332122823712	-0.025766821936781037	0.2989263327184517	-0.6564375132219435
-0.002138132012198257	-0.16559704748135173	-0.6084950753533225	0.22376974515312753
-0.3719194515456201	-0.058350520131042805	-0.2826588057327488	0.28707122259058826
0.44507230875997705	-0.07571938814917534	0.25362013453626187	-0.22558816855458574
0.28140705823422874	-0.3991104321158536	0.1817579469993802	-0.13772456265053745
-0.5506578360472119	-0.37947441848526675	0.01338955645341433	-0.05647818901410706
-0.08045636959799074	0.4190427343186798	-0.3934738973436813	0.10702699873964816
0.11507656660606624	-0.3229133618762101	0.15189003876516072	-0.4101200327525629
-0.05345451468685436	0.08690343204466044	0.025547986048170657	-0.8340940672203145
-0.09898660447939789	-0.1551537742574154	-0.572668404832229	-0.1731912164309577
0.1251884614834997	0.2873783103869514	-0.4201871542127744	-0.16724607391677448
-0.17150091391191236	-0.35186912262529346	-0.07583635762280472	0.40079360583998946
-0.3142395112738543	-0.421862448596912	0.12928844236407544	0.13460959776515824
-0.37153281279682693	0.09652356753394109	-0.03722133878215028	0.4947222808870817
0.5336429080222036	0.3463909319177805	0.05125622147881659	-0.06870993858119934
-0.2772094440576365	0.09099397358387518	-0.2763056409692375	-0.35549094138925086
0.508905009018882	-0.03725506947849411	-0.06728666279948436	0.3865532587031395
0.6105567167544454	0.21530322700875604	-0.01950086662908257	0.15463918960771594
0.516493346753492	-0.37046425986309206	0.08834784640490567	0.024694546978510257
0.12682209451429638	0.3335447592131222	0.48009536723764334	0.059537779034938065
-0.3020568091171949	-0.4738129804509692	0.11913252446923672	0.10499768596259917
0.18109819974332408	-0.40794939304488476	-0.14272480723819037	-0.2682275999736008
-0.2927920602067655	0.2276929098053495	-0.2952252294188833	0.18428980056900168
-0.05745250987637229	-0.11315763489290909	-0.04210463268244524	-0.7872852225482734
0.14053166647904503	0.0718604632895985	0.6281156793682698	0.15949219086308664
0.3481862382428942	0.12718927658012102	-0.37746521658112897	-0.14715926859585582
-0.14274190775736728	0.2582264138624939	-0.40729034635022066	-0.19174133202991817
-0.027518326174445384	-0.31550336009687885	0.023622801355395406	-0.6333555123732804
0.3240794901291766	-0.31355168285571966	0.2087549992553579	0.15361382775974586
-0.08090641685855493	0.3281256259884988	0.07439335461426344	-0.5165746025386828
-0.19616197235595112	0.24446000991275585	0.2696473212890196	0.28973069644227345
0.10357566191590961	0.4153184330372943	-0.1730052568286169	-0.3081006482181792
-0.15317432929543684	-0.18149690688315956	-0.4921515925010802	-0.1731771713203234
0.014568551076061143	-0.0143719779097784	0.7169858550043282	-0.25407361600983225
-0.25024996693692647	0.29554534832847823	0.39681115855018234	0.05739352618441296
-0.1121202850195624	-0.20898315530090938	0.2202624194950249	-0.4586341401845033
0.0005760322037271504	-0.891347487874034	0.07409527268199279	-0.033981207240246114
0.28651699142603926	-0.06932990530032646	-0.34046122664906786	-0.3036918766245664
0.010670221735126217	-0.08580790130061522	-0.10499890680347668	0.7985229701607819
-0.41859894945662557	0.022234576755413515	0.4405776104177319	-0.118588863370229
0.01989304018092719	-0.6524973788345672	-0.2783403121232464	0.04926926886125926
0.041405716485422905	-0.1763806365026379	0.63388483628204	-0.14832881072989923
0.34362946064558564	0.13894001944551637	-0.12983126225308528	0.3875992576558127
-0.5006386513729755	0.18134924619232784	0.2567913675982574	0.061220734836439306
0.2860193288642383	0.16594176588007103	-0.41073394666734897	0.13730495858834169
0.046686893281368214	-0.8191211109581653	-0.007171347431433439	0.12702064832903304
-0.08284877495540299	0.4160461398132187	0.33922038925512643	-0.16188469597625188
-0.2255977731815595	0.06393942332409508	0.5874202013960859	-0.12304260209825957
0.013725712674562018	-0.09980750846928665	-0.278526549038175	-0.6079402298179764
-0.0008709636681438759	-0.29260988270793264	0.020733826019240675	0.6857853276046828
-0.27718391854311686	-0.34722578503005264	-0.225537211588825	0.1500530848380055
0.4399266322189266	-0.0018576160460337388	-0.2840643647608172	-0.2741513869742225
0.6839548994544633	0.10745813720988573	0.15860826309812115	-0.049978700237529816
-0.14082803787544784	0.38511982478131257	0.1979468780560818	0.2761052592871578
-0.40896529569783424	-0.07891471206483791	-0.16192741953937295	0.3501925726979549
0.3271227714776359	-0.27965973098574315	-0.19669679940894702	-0.19652069812767392
-0.18460536379869685	0.4000723972910418	0.36906121784740376	0.046261021062857566
0.3435235736911071	-0.009248581476974715	-0.40047204112880297	0.24675580370311523
0.3446930603384031	0.012524180203225432	-0.08245396247987058	0.5603287969785009
0.21817105279061222	-0.13005876664437377	-0.6384807307277256	0.013289449837288414
-0.10437484936161612	0.02238665539728446	-0.6799358274396978	0.1933026678014016
-0.20313237769071324	-0.6353720152877114	0.1570637554475378	0.004431851574037582
FactorLoading_Ψ
0.1387630205269108	-0.3176831289153339	0.28347202079364875	0.26008182976410654
-0.6631449677769361	0.23314577092372413	-0.03419032122136012	0.06951894007797965
-0.10403265240715243	-0.12081811558508537	0.06300675657890653	0.7121424754288557
0.10283157795639708	0.5675890046051004	0.0849946413851812	-0.2445847760533213
0.14164408841125242	-0.7282815446394288	0.10018139201390852	0.02989297493541021
0.4732302657566332	-0.07686746715223669	-0.21592731872147453	0.2339749483696556
-0.34388964778042985	-0.3280169398974475	0.31803599217281997	0.010057420149302665
-0.5255633522703727	-0.2736856382976516	0.17787329352336023	-0.022877715908615537
0.060839588162864056	0.27262729210308523	-0.30489569187497323	-0.3616374278590775
-0.47543896622338666	-0.3761772926423643	-0.04581741136306605	-0.10256632977118296
-0.07658013531798469	0.42801141722492697	-0.29497603989174315	-0.2004324075653452
0.1609952325109647	0.2831554986778797	0.10533577737125133	0.45051349143990427
-0.2064021511982954	0.027390466350412535	0.5290369451803063	0.23717043727098575
0.1498122904503374	0.3378545382046503	-0.4398541311146986	-0.07247904023031371
0.25866238457932944	0.21852620465052275	0.053206914347389	0.4696044964227588
-0.185426424532527	0.019961654796011974	-0.6074655424456814	0.18714637822577962
0.4314597241256688	0.46593572079531986	-0.03436032402640565	0.06824423105260569
0.3642844279626294	-0.5864347142293465	-0.0009864006717050788	-0.04829445713631908
-0.5641152342003677	-0.03567441860881981	0.13061015810639476	-0.26960018908441774
0.248941611204349	0.2698367929873291	-0.35497289580751756	0.12624870000080435
0.26826295612968565	-0.31474502983079344	-0.3533313121536876	0.06366070188583328
0.0992834999475467	-0.2801298660465952	-0.3203874932689623	-0.3001991407368958
-0.16828405178779438	-0.44161316418002383	-0.17937118506112926	-0.21073159897105254
0.40308331759870586	-0.10019855359866714	-0.043520334150069395	0.4531977946525576
-0.18490479945556437	0.008050316934795854	0.09123146774819868	-0.7158134158614411
-0.6937891386990618	-0.07373617472657146	0.13923765095082796	0.0932370356235388
-0.23349786159334274	0.006918047695714691	-0.2683702235370442	-0.49121386717389837
-0.13000446608849714	-0.7659053437558712	-0.09440910201609642	-0.009681088139535277
-0.10369066522262793	0.010906607019976589	-0.25689316775060966	0.6285095600067858
0.5727890180392909	-0.3389668728389259	-0.05193409592356124	0.03631001319822191
0.3827104494114293	0.10936034936317629	0.38573176967430234	0.12219743155109208
0.12447770039032235	-0.23616922552567488	0.6031181146314406	0.036234959452562165
0.08103682762762077	0.23042656059515476	-0.5589261227186368	0.12961048905858763
0.3515589128548322	-0.5839532132339658	0.06057801645376415	0.003909857457437882
0.3068748530690204	-0.1033218177516464	0.3505443923784344	-0.23925893680089882
-0.376502051100547	0.22947475273061735	0.15417927438604973	-0.2398439217827859
-0.21315739078814122	0.3406223578346046	0.06581469509143201	0.3804055562858222
-0.07028567817620557	-0.4821765544235783	0.393789232792112	-0.05374853460810414
-0.018869332122823712	-0.025766821936781037	0.2989263327184517	-0.6564375132219435
-0.002138132012198257	-0.16559704748135173	-0.6084950753533225	0.22376974515312753
-0.3719194515456201	-0.058350520131042805	-0.2826588057327488	0.28707122259058826
0.44507230875997705	-0.07571938814917534	0.25362013453626187	-0.22558816855458574
0.28140705823422874	-0.3991104321158536	0.1817579469993802	-0.13772456265053745
-0.5506578360472119	-0.37947441848526675	0.01338955645341433	-0.05647818901410706
-0.08045636959799074	0.4190427343186798	-0.3934738973436813	0.10702699873964816
0.11507656660606624	-0.3229133618762101	0.15189003876516072	-0.4101200327525629
-0.05345451468685436	0.08690343204466044	0.025547986048170657	-0.8340940672203145
-0.09898660447939789	-0.1551537742574154	-0.572668404832229	-0.1731912164309577
0.1251884614834997	0.2873783103869514	-0.4201871542127744	-0.16724607391677448
-0.17150091391191236	-0.35186912262529346	-0.07583635762280472	0.40079360583998946
-0.3142395112738543	-0.421862448596912	0.12928844236407544	0.13460959776515824
-0.37153281279682693	0.09652356753394109	-0.03722133878215028	0.4947222808870817
0.5336429080222036	0.3463909319177805	0.05125622147881659	-0.06870993858119934
-0.2772094440576365	0.09099397358387518	-0.2763056409692375	-0.35549094138925086
0.508905009018882	-0.03725506947849411	-0.06728666279948436	0.3865532587031395
0.6105567167544454	0.21530322700875604	-0.01950086662908257	0.15463918960771594
0.516493346753492	-0.37046425986309206	0.08834784640490567	0.024694546978510257
0.12682209451429638	0.3335447592131222	0.48009536723764334	0.059537779034938065
-0.3020568091171949	-0.4738129804509692	0.11913252446923672	0.10499768596259917
0.18109819974332408	-0.40794939304488476	-0.14272480723819037	-0.2682275999736008
-0.2927920602067655	0.2276929098053495	-0.2952252294188833	0.18428980056900168
-0.05745250987637229	-0.11315763489290909	-0.04210463268244524	-0.7872852225482734
0.14053166647904503	0.0718604632895985	0.6281156793682698	0.15949219086308664
0.3481862382428942	0.12718927658012102	-0.37746521658112897	-0.14715926859585582
-0.14274190775736728	0.2582264138624939	-0.40729034635022066	-0.19174133202991817
-0.027518326174445384	-0.31550336009687885	0.023622801355395406	-0.6333555123732804
0.3240794901291766	-0.31355168285571966	0.2087549992553579	0.15361382775974586
-0.08090641685855493	0.3281256259884988	0.07439335461426344	-0.5165746025386828
-0.19616197235595112	0.24446000991275585	0.2696473212890196	0.28973069644227345
0.10357566191590961	0.4153184330372943	-0.1730052568286169	-0.3081006482181792
-0.15317432929543684	-0.18149690688315956	-0.4921515925010802	-0.1731771713203234
0.014568551076061143	-0.0143719779097784	0.7169858550043282	-0.25407361600983225
-0.25024996693692647	0.29554534832847823	0.39681115855018234	0.05739352618441296
-0.1121202850195624	-0.20898315530090938	0.2202624194950249	-0.4586341401845033
0.0005760322037271504	-0.891347487874034	0.07409527268199279	-0.033981207240246114
0.28651699142603926	-0.06932990530032646	-0.34046122664906786	-0.3036918766245664
0.010670221735126217	-0.08580790130061522	-0.10499890680347668	0.7985229701607819
-0.41859894945662557	0.022234576755413515	0.4405776104177319	-0.118588863370229
0.01989304018092719	-0.6524973788345672	-0.2783403121232464	0.04926926886125926
0.041405716485422905	-0.1763806365026379	0.63388483628204	-0.14832881072989923
0.34362946064558564	0.13894001944551637	-0.12983126225308528	0.3875992576558127
-0.5006386513729755	0.18134924619232784	0.2567913675982574	0.061220734836439306
0.2860193288642383	0.16594176588007103	-0.41073394666734897	0.13730495858834169
0.046686893281368214	-0.8191211109581653	-0.007171347431433439	0.12702064832903304
-0.08284877495540299	0.4160461398132187	0.33922038925512643	-0.16188469597625188
-0.2255977731815595	0.06393942332409508	0.5874202013960859	-0.12304260209825957
0.013725712674562018	-0.09980750846928665	-0.278526549038175	-0.6079402298179764
-0.0008709636681438759	-0.29260988270793264	0.020733826019240675	0.6857853276046828
-0.27718391854311686	-0.34722578503005264	-0.225537211588825	0.1500530848380055
0.4399266322189266	-0.0018576160460337388	-0.2840643647608172	-0.2741513869742225
0.6839548994544633	0.10745813720988573	0.15860826309812115	-0.049978700237529816
-0.14082803787544784	0.38511982478131257	0.1979468780560818	0.2761052592871578
-0.40896529569783424	-0.07891471206483791	-0.16192741953937295	0.3501925726979549
0.3271227714776359	-0.27965973098574315	-0.19669679940894702	-0.19652069812767392
-0.18460536379869685	0.4000723972910418	0.36906121784740376	0.046261021062857566
0.3435235736911071	-0.009248581476974715	-0.40047204112880297	0.24675580370311523
0.3446930603384031	0.012524180203225432	-0.08245396247987058	0.5603287969785009
0.21817105279061222	-0.13005876664437377	-0.6384807307277256	0.013289449837288414
-0.10437484936161612	0.02238665539728446	-0.6799358274396978	0.1933026678014016
-0.20313237769071324	-0.6353720152877114	0.1570637554475378	0.004431851574037582
Conflicts
93 59
32 96
63 17
43 64
75 21
74 12
43 61
21 20
75 87
9 82
32 69
19 90
29 97
19 79
100 38
35 61
7 40
78 28
42 72
68 77
25 36
50 27
94 52
19 84
98 82
71 58
40 49
60 90
7 37
13 90
40 16
91 45
48 22
87 46
48 8
81 76
5 33
77 85
47 58
94 41
23 13
92 93
42 34
22 6
68 64
3 19
100 74
31 24
68 11
22 12
34 29
44 1
41 82
93 16
35 41
54 88
64 96
23 80
42 53
78 84
43 72
61 79
10 83
67 46
86 30
9 70
62 46
55 34
92 58
7 41
52 57
4 73
2 5
66 84
50 58
95 46
42 2
67 24
53 73
4 12
25 78
2 36
37 52
3 97
97 21
15 39
19 70
47 79
87 5
9 45
83 33
83 79
50 79
67 90
34 86
63 55
48 1
72 87
35 59
36 6
68 60
63 72
42 62
59 97
80 64
35 53
89 16
64 12
93 6
63 4
42 38
63 8
23 86
7 84
63 67
29 52
78 87
36 15
55 76
63 24
64 73
34 21
36 41
68 12
43 4
7 81
47 29
43 69
71 66
40 74
55 8
35 17
13 70
66 6
96 24
69 86
5 88
7 76
89 94
26 73
23 4
68 16
78 79
13 55
84 73
23 33
65 20
50 57
42 49
70 79
60 64
25 19
59 52
34 30
87 44
2 88
35 44
78 76
81 48
98 8
95 90
38 44
33 84
11 85
26 23
76 45
10 81
71 70
26 20
68 59
61 94
78 77
43 35
68 62
15 85
21 73
70 45
93 85
63 94
29 82
98 49
77 46
11 24
35 15
65 6
26 2
4 67
7 66
74 59
98 1
19 52
80 90
30 73
14 88
42 89
66 52
3 89
78 41
64 15
14 6
98 46
66 36
92 80
43 38
47 67
56 20
99 59
100 70
98 6
56 96
59 6
2 74
47 97
100 1
63 87
53 45
43 87
83 12
37 64
44 45
77 86
38 57
47 11
92 97
75 35
81 36
2 38
69 27
13 48
87 91
92 6
31 29
31 90
9 87
43 36
11 1
34 53
61 18
63 20
4 39
59 20
79 96
31 21
59 30
69 79
92 12
42 21
81 56
61 65
88 52
92 91
10 49
68 46
26 15
8 33
63 84
40 21
93 1
35 6
77 15
9 76
50 87
37 62
98 61
98 24
16 90
57 84
99 62
37 55
74 44
55 95
77 59
77 97
6 18
26 10
64 5
58 89
72 76
71 16
7 72
43 78
75 28
54 61
99 12
54 65
26 99
66 41
78 27
29 18
9 38
72 52
89 22
63 53
56 45
95 12
10 15
9 51
4 1
31 41
31 1
92 13
89 65
14 95
63 28
17 5
61 1
63 61
9 74
90 1
77 41
95 52
68 42
47 12
10 77
80 3
64 49
37 3
28 36
11 38
96 21
8 1
14 49
23 48
100 44
13 76
66 27
19 51
64 84
47 28
2 41
98 96
93 33
79 52
40 45
50 24
22 39
11 22
97 94
92 45
3 87
9 60
14 98
9 5
100 33
5 20
96 20
66 67
31 86
27 20
58 30
29 76
25 97
81 17
19 11
37 96
77 16
100 45
94 49
35 5
39 30
13 89
27 46
54 97
75 27
36 30
80 96
71 88
58 90
94 88
83 95
67 48
42 70
63 57
53 94
55 1
37 66
14 44
62 57
74 94
95 73
47 72
3 99
86 15
93 15
61 5
4 38
81 38
56 82
47 10
38 73
53 38
75 83
9 79
9 68
87 79
25 11
37 17
77 51
80 44
80 24
15 41
29 74
75 60
63 58
28 12
91 90
91 85
40 91
53 48
3 93
56 24
6 82
53 82
17 49
77 84
83 58
70 49
61 48
8 21
92 27
98 62
9 13
75 12
26 41
89 99
79 20
10 85
83 30
71 21
78 2
83 18
32 2
13 41
59 84
72 11
6 44
76 39
82 91
31 42
53 62
82 45
13 52
34 3
35 95
37 6
11 12
97 46
36 94
22 91
67 59
77 22
2 49
95 57
3 30
80 33
9 21
7 63
55 82
9 53
39 33
32 94
48 91
51 45
68 30
87 56
37 15
25 74
23 32
9 93
67 21
77 8
7 97
1 20
89 88
92 8
98 73
53 64
42 6
44 90
54 22
25 8
10 72
69 21
97 96
32 95
31 62
26 70
78 97
43 88
43 30
16 1
71 53
66 12
23 43
3 28
12 73
66 1
75 93
14 28
47 32
93 62
31 76
67 56
77 57
49 73
48 94
29 30
50 6
60 45
4 44
32 20
96 1
17 88
34 8
4 22
50 52
82 85
34 84
32 21
25 98
37 60
48 79
83 57
14 79
32 76
58 20
53 2
13 79
59 51
70 94
34 51
78 58
49 15
72 30
62 6
10 90
67 96
32 93
67 36
32 34
59 1
79 41
3 38
16 20
83 64
9 80
65 44
15 84
68 83
1 45
7 11
86 39
19 76
50 36
11 18
92 20
58 5
28 48
16 76
26 1
2 17
61 16
11 76
9 86
31 75
33 85
94 5
100 65
97 76
98 95
83 49
32 90
7 28
55 98
10 62
80 85
53 79
38 33
55 62
50 12
9 65
37 35
81 49
35 98
42 86
23 98
89 49
23 9
55 80
53 57
23 19
23 93
26 5
61 64
4 33
55 48
37 38
32 22
42 27
99 90
89 74
13 85
26 45
83 81
43 94
49 1
53 27
14 19
83 19
65 18
69 24
48 46
76 24
53 58
34 19
80 93
28 21
67 79
71 78
32 1
58 79
28 57
61 93
98 90
23 39
4 72
92 65
50 33
7 33
13 81
56 76
53 1
25 83
37 29
54 8
25 85
40 44
31 39
32 30
10 87
21 52
72 18
47 17
89 82
46 18
93 24
43 5
15 44
61 85
76 73
100 89
49 39
9 73
48 84
98 39
64 22
37 88
26 75
16 87
9 55
25 48
19 94
58 82
67 94
77 65
65 48
78 39
66 70
53 33
68 99
47 100
50 94
43 84
59 70
47 90
2 86
86 67
32 64
27 87
25 35
31 55
78 42
39 12
95 18
40 73
17 97
56 88
37 44
71 14
77 90
27 19
2 62
2 48
34 62
63 11
63 59
93 39
39 73
71 11
58 33
47 89
77 69
70 21
66 20
93 8
7 36
54 84
19 30
73 20
3 67
2 29
84 1
37 11
64 52
63 95
76 33
63 50
19 48
37 78
86 65
47 73
74 8
32 88
1 18
36 33
86 12
93 22
63 76
51 96
52 1
36 52
48 41
67 76
67 27
76 38
4 6
13 93
68 38
42 88
31 67
71 97
28 93
50 77
62 30
29 64
25 100
23 45
62 65
83 65
65 45
61 45
74 61
48 44
100 84
64 57
43 93
92 99
68 41
64 94
86 53
51 30
13 3
72 96
37 58
67 52
94 76
59 73
8 76
32 36
99 20
62 94
34 85
31 5
26 40
19 39
58 64
56 91
93 97
82 46
42 77
97 18
72 97
71 20
95 49
70 24
58 3
63 33
84 30
32 79
75 14
7 90
22 46
68 92
87 39
89 27
54 50
23 44
31 27
19 49
66 21
10 19
43 20
88 57
89 40
100 51
89 79
3 48
68 73
40 15
59 38
66 62
54 5
78 98
7 3
29 73
26 37
70 1
23 25
96 44
83 99
50 2
83 76
25 67
78 49
21 30
10 48
34 17
16 24
100 21
55 3
42 17
100 49
23 46
24 20
51 88
13 56
47 77
7 16
8 46
68 98
65 73
46 91
97 12
29 84
72 65
63 10
46 24
32 89
37 77
42 56
42 5
10 82
47 55
83 87
69 74
40 24
62 79
31 19
84 85
81 11
78 11
36 91
72 12
28 16
68 5
98 72
44 20
7 39
83 97
4 32
37 24
48 90
47 61
94 30
7 53
23 61
50 97
43 11
10 28
17 22
32 86
91 52
10 45
2 93
83 98
63 15
34 90
69 38
100 10
23 62
48 62
54 68
42 45
7 91
10 66
98 45
3 27
100 88
60 17
5 41
78 45
13 8
89 44
69 80
55 39
7 21
2 72
74 36
11 79
75 44
55 52
43 12
83 28
54 98
63 74
43 95
7 65
47 8
67 11
100 98
72 36
4 83
55 45
35 90
62 82
13 6
10 89
58 16
28 52
48 70
65 12
7 23
9 94
58 87
74 15
84 90
34 91
77 91
96 46
52 24
35 28
87 36
56 38
56 21
10 42
85 45
76 44
10 56
48 73
68 80
4 42
40 33
60 66
11 20
82 33
46 6
21 57
26 95
86 94
17 91
53 30
59 44
83 72
65 38
25 62
37 87
60 74
63 91
97 41
64 56
74 21
67 45
25 52
5 21
92 19
55 29
4 93
77 58
95 88
16 57
27 48
63 29
2 64
63 66
47 13
79 73
33 91
7 52
35 91
43 73
14 77
80 27
26 94
66 22
87 22
89 57
37 33
42 79
80 21
63 78
68 93
39 46
7 8
80 52
62 1
96 57
40 93
77 20
94 45
84 12
71 28
43 53
61 30
98 67
37 49
49 96
98 74
58 97
95 30
47 93
99 73
35 96
98 5
55 66
55 61
3 65
16 51
76 79
29 67
34 38
26 14
54 87
28 65
26 36
55 70
83 36
67 61
72 94
69 30
34 57
77 53
6 20
42 73
71 43
14 65
18 73
79 8
67 91
28 94
54 33
34 95
55 6
31 8
4 80
17 33
35 82
78 34
21 45
63 40
4 99
3 16
13 74
63 35
35 56
78 88
28 1
8 52
36 17
89 61
80 87
100 15
72 20
74 39
92 96
79 24
3 17
36 79
14 27
37 8
40 30
49 33
41 18
8 6
89 5
98 53
92 100
35 45
72 46
13 50
14 21
71 39
23 30
92 74
37 5
56 33
65 30
72 15
55 59
7 13
27 84
98 52
98 84
14 67
13 98
40 85
78 33
23 56
63 65
35 22
16 91
27 12
61 51
34 61
19 65
4 2
34 28
60 96
61 88
48 49
49 38
58 41
65 49
77 19
19 22
35 20
29 69
72 95
34 6
71 22
27 65
90 45
8 88
15 90
25 14
52 73
3 96
42 82
42 96
32 18
53 89
74 91
70 33
27 6
91 1
76 15
22 84
55 77
49 84
23 77
59 18
13 86
71 15
60 80
58 28
71 95
81 45
37 76
63 85
68 33
43 3
64 79
77 29
9 25
92 2
56 11
47 64
82 24
25 1
68 22
2 39
37 13
22 33
79 85
50 76
57 73
2 67
80 70
13 72
35 60
43 66
5 46
58 59
31 84
40 8
3 76
63 6
100 94
7 19
50 60
17 15
77 45
4 53
3 22
84 82
53 39
2 70
55 73
81 67
43 63
52 18
37 75
80 91
65 41
42 15
26 87
93 91
10 32
4 70
4 3
72 17
66 24
75 74
37 72
23 92
10 1
34 96
10 16
80 82
50 41
70 8
63 49
36 20
36 97
98 20
56 85
63 99
100 59
37 48
58 93
77 82
75 59
71 18
43 18
79 90
58 91
81 95
66 18
51 44
66 46
26 58
74 28
9 62
100 52
75 95
3 74
36 21
17 76
27 24
54 73
42 90
29 94
67 57
26 62
23 42
78 16
9 58
43 37
7 15
89 52
100 18
58 62
86 33
9 15
99 17
37 57
77 98
99 49
14 10
10 11
66 87
16 79
33 24
14 39
75 84
9 96
8 44
42 46
47 98
60 56
77 11
16 36
100 12
60 21
60 87
53 93
69 64
7 32
23 91
26 88
25 56
78 10
7 93
79 18
58 72
71 35
98 15
71 24
69 91
71 44
68 88
68 66
74 70
43 52
7 68
66 28
78 55
31 15
23 17
89 19
37 82
10 17
27 64
27 51
22 90
61 28
31 33
30 85
87 84
4 79
36 11
77 30
23 81
68 24
14 30
10 24
99 22
4 54
3 15
91 6
53 90
43 99
93 12
92 33
37 65
14 90
42 12
78 93
36 24
55 12
60 2
48 6
71 42
48 24
42 91
63 96
43 76
92 41
58 67
58 49
96 33
77 17
56 41
97 1
81 46
86 90
69 40
83 8
32 97
63 60
53 61
61 44
71 91
4 45
3 49
79 88
87 15
2 30
78 40
62 91
23 27
89 64
26 18
99 97
10 53
99 84
25 88
80 5
69 1
35 73
71 74
93 65
95 41
79 46
36 5
80 67
42 44
72 90
92 64
71 77
39 84
47 65
55 5
13 19
93 73
38 21
19 5
64 45
54 28
52 90
60 77
47 57
7 75
42 48
99 24
50 74
14 32
76 22
37 32
16 56
50 99
13 39
92 76
7 95
25 60
26 93
7 25
81 41
27 56
54 14
86 49
54 30
7 4
83 21
50 19
31 60
11 51
10 22
27 74
62 85
77 64
68 69
98 93
25 75
84 45
65 57
7 31
59 5
15 45
55 28
56 30
37 16
92 5
43 8
23 28
55 24
75 85
17 38
8 20
60 30
22 57
39 90
81 91
50 8
97 51
35 40
37 91
36 64
13 33
65 88
74 17
78 30
68 39
49 52
63 38
66 16
68 13
89 15
9 52
11 82
2 94
68 82
98 59
16 94
31 87
10 76
22 85
92 77
16 65
69 56
2 90
92 59
7 14
75 64
81 85
17 94
40 94
67 85
34 11
34 18
100 67
72 24
71 68
78 96
28 84
34 39
11 5
14 93
2 87
51 38
99 11
78 36
13 91
71 76
23 71
69 51
86 58
65 5
9 35
4 97
47 41
68 49
75 30
35 85
35 19
35 86
77 93
100 91
66 29
83 61
54 72
87 70
55 83
99 51
94 46
85 18
36 18
4 21
68 19
100 29
60 73
53 74
11 52
53 87
38 84
27 11
17 62
87 52
25 64
86 96
92 49
98 18
77 80
52 85
3 56
5 52
4 59
64 95
87 57
6 45
92 29
48 59
32 60
47 66
62 44
66 74
33 1
68 94
39 44
67 1
7 94
35 99
89 84
25 46
19 18
35 1
37 1
35 33
74 49
21 39
34 33
86 19
26 29
4 31
71 96
28 90
10 29
78 5
69 61
31 64
47 74
54 99
61 11
19 62
47 38
47 63
100 64
25 82
43 74
94 12
27 38
10 52
71 33
87 95
22 1
4 13
72 57
40 22
24 18
17 8
16 64
13 45
67 20
14 83
48 95
53 85
77 88
57 20
92 83
92 72
98 79
54 34
89 48
99 91
32 5
63 27
98 80
14 80
87 12
1 30
13 59
74 87
26 28
71 49
83 44
33 90
68 91
87 64
14 84
54 64
99 15
71 2
74 51
57 85
31 81
28 73
3 84
8 82
31 99
3 61
41 1
27 45
7 78
29 19
66 80
69 58
74 52
99 5
100 6
100 73
27 33
63 46
76 6
47 88
50 44
59 90
17 59
15 73
100 19
27 28
17 90
64 82
86 40
86 51
9 46
29 11
3 51
38 6
9 2
34 73
60 18
29 44
51 46
17 21
71 64
26 48
54 79
4 61
57 6
48 52
51 76
77 1
71 32
71 69
70 85
35 18
20 18
35 76
43 83
47 2
53 12
93 70
68 100
83 2
68 78
92 39
25 42
78 18
83 6
80 89
78 22
75 89
4 90
35 74
2 6
19 57
100 3
22 24
64 18
29 24
54 25
4 89
8 91
66 76
72 45
63 25
81 12
2 33
28 41
95 38
26 59
68 65
67 97
50 1
42 85
89 51
86 85
31 32
29 6
54 75
25 41
3 1
7 34
69 22
51 52
60 65
71 85
69 36
11 33
28 95
42 8
27 91
63 69
28 11
26 44
16 38
43 57
67 30
5 1
90 30
22 45
14 15
48 30
53 96
56 1
100 5
100 11
2 73
70 39
25 94
94 38
19 8
100 48
10 57
76 41
23 82
49 21
56 90
23 73
32 19
23 16
97 33
68 18
95 11
4 5
35 38
81 44
41 90
54 21
22 73
99 70
54 59
38 20
9 75
55 58
42 76
93 57
70 96
95 85
78 15
100 8
51 24
78 74
68 76
97 6
8 41
50 89
46 45
8 38
60 81
62 49
87 30
68 17
97 73
91 20
51 73
28 88
9 92
86 24
23 85
1 73
23 22
64 85
29 61
32 45
62 88
3 24
7 38
69 33
31 18
17 18
5 39
3 64
86 87
50 5
72 73
77 61
48 88
54 82
89 95
32 58
43 15
8 57
43 89
37 99
37 80
66 58
75 20
50 11
58 99
47 16
69 12
54 100
51 82
50 16
13 12
35 55
99 76
9 49
93 44
74 33
19 17
40 3
54 57
68 31
96 52
97 15
71 82
28 96
31 95
99 36
94 84
13 51
13 27
32 46
26 89
92 48
63 97
87 6
7 86
34 12
86 62
50 69
65 1
78 65
9 83
49 85
2 20
55 69
37 10
83 39
83 94
26 74
23 75
32 70
78 95
47 33
31 44
90 20
78 50
34 82
90 24
56 59
23 65
93 46
66 94
69 72
65 46
92 38
79 49
37 9
59 79
4 86
51 6
79 15
97 22
50 64
64 48
76 1
72 70
86 18
54 39
4 78
83 66
4 66
9 27
11 84
23 76
9 29
34 94
62 11
92 79
88 45
26 72
75 72
62 5
67 70
55 15
65 15
94 8
25 6
90 18
66 3
40 62
40 79
19 59
91 73
26 33
6 85
14 72
54 67
25 33
70 90
65 82
9 50
19 82
70 73
93 90
59 95
28 64
60 24
31 57
40 52
54 35
97 57
95 70
68 61
27 85
40 38
32 35
23 94
25 70
66 57
23 38
3 8
66 81
89 12
41 30
78 8
61 91
43 45
42 93
43 46
89 8
26 98
60 44
23 55
68 95
71 81
24 1
28 6
29 45
60 93
82 20
31 36
76 21
59 21
38 15
65 33
95 51
80 45
21 46
23 54
40 90
42 11
94 85
97 8
31 34
42 67
60 70
58 94
47 69
93 52
13 69
81 99
69 17
36 1
63 82
100 28
26 69
40 36
7 2
87 82
100 16
34 77
37 79
14 24
27 90
4 50
75 96
83 89
66 11
23 88
7 47
67 8
56 15
31 94
53 95
13 65
69 94
86 41
31 45
89 46
93 41
50 98
12 30
63 75
89 72
17 85
16 33
52 45
58 21
45 30
66 2
32 66
84 88
54 45
66 99
60 86
81 59
13 24
26 49
71 60
63 88
50 82
2 3
26 71
71 92
99 39
48 17
83 41
37 2
9 19
59 76
54 41
60 27
93 48
62 76
79 22
71 73
42 99
13 46
15 30
35 11
11 41
76 52
55 65
26 13
92 11
9 10
54 31
29 36
94 39
50 67
34 5
95 96
63 14
83 53
70 52
63 73
74 65
81 19
2 19
2 12
29 89
32 91
65 17
86 8
83 16
83 3
100 50
32 42
97 49
76 49
99 21
64 51
9 63
25 29
3 41
27 36
13 18
55 57
17 79
35 83
10 88
2 24
3 11
54 69
18 30
53 6
66 39
3 36
65 79
9 84
64 39
32 39
60 16
17 51
78 85
4 8
4 11
89 6
50 80
13 96
80 40
9 97
100 85
74 90
100 57
32 99
54 15
55 17
2 59
69 18
75 2
77 76
19 96
49 41
62 96
50 38
81 84
43 86
81 21
61 90
60 53
42 83
26 90
66 85
4 56
98 36
92 95
34 67
25 61
3 18
61 96
35 34
99 45
35 67
78 69
13 38
5 79
50 48
71 29
28 85
23 90
59 39
63 13
38 39
26 68
28 46
2 22
97 44
66 93
60 94
32 15
75 77
17 73
14 42
4 17
21 91
69 89
9 36
50 95
92 3
75 80
7 80
63 90
40 70
56 39
31 2
89 30
56 8
14 16
55 44
13 62
19 24
2 97
47 51
10 65
29 33
58 19
36 96
53 97
74 18
43 17
33 45
75 58
15 91
97 24
47 59
94 44
40 17
60 11
14 33
68 70
51 33
53 49
21 18
86 84
75 73
9 33
83 74
100 56
68 20
55 38
98 88
66 69
39 52
40 1
80 53
25 24
34 64
86 56
64 1
43 50
92 70
60 76
36 56
35 16
8 30
64 11
93 88
42 80
63 5
78 17
31 11
60 58
37 84
71 79
34 16
11 73
68 36
49 46
3 91
19 93
66 88
10 86
74 62
80 8
87 59
2 52
61 46
86 74
92 35
4 95
34 99
57 45
2 16
7 62
65 21
92 53
32 28
83 27
93 96
51 41
67 74
51 84
71 47
26 78
86 61
86 28
89 91
55 27
37 53
53 24
9 41
7 58
40 57
43 24
46 44
14 57
54 76
61 22
54 74
26 16
28 17
58 6
92 61
93 95
23 63
95 5
47 22
25 57
78 89
11 96
95 24
47 87
66 89
34 97
67 51
9 100
2 84
34 80
28 79
56 95
19 41
70 44
67 88
26 24
14 70
26 56
74 99
93 87
3 46
71 67
58 52
53 11
75 6
69 44
14 50
28 49
66 91
37 83
15 57
8 90
100 36
4 16
37 36
21 12
25 15
60 6
3 79
5 44
10 33
89 17
53 16
80 94
14 89
95 39
100 60
99 87
76 82
63 42
92 18
65 94
4 41
92 28
98 19
99 96
10 21
23 5
36 85
60 1
72 8
54 86
82 52
92 10
98 28
13 28
59 33
16 46
71 10
56 84
71 31
61 39
54 40
4 91
75 49
88 30
42 22
75 94
55 93
89 93
85 1
75 82
43 6
29 3
31 97
83 34
29 38
13 73
55 74
58 96
7 48
67 84
33 18
54 13
47 34
76 12
2 18
26 50
66 59
55 88
93 51
31 30
14 76
36 76
76 46
60 97
29 39
26 52
72 93
75 66
60 5
2 1
75 92
16 52
78 86
60 40
47 27
60 79
26 54
77 52
71 17
5 91
75 1
67 6
63 80
87 41
54 36
98 30
67 93
100 97
29 79
87 24
71 86
4 65
55 85
79 57
92 22
94 18
68 51
14 53
51 15
65 51
75 51
25 79
35 89
74 48
60 72
31 3
37 12
53 51
35 94
72 61
43 98
83 67
36 95
68 6
28 5
66 98
83 22
86 11
71 94
69 96
98 57
