InstanceID
1_60_4
NumObjects
60
NumFactors
4
Weights
23.603334566204694
34.651701419196044
31.27069683360675
0.790928339056074
48.86128300795012
21.096820215853597
95.1916339835734
99.99046588986135
25.166218303197184
98.66663668987997
55.57510873245724
43.71079746096251
42.471785049513144
77.3223048457377
28.11902322857298
20.947237319807076
25.137920979222493
2.037486871266725
28.77015122756894
85.9512136087661
7.695088688120899
64.03962459899388
87.35441302706855
27.85824200287785
75.13126327861701
64.4883353942093
7.782644396003469
84.81854810000327
8.56351682044918
55.32055454580578
46.33502459235987
18.582130997265377
11.198087695816717
97.6311881619359
5.161462067432709
53.80295812064833
45.56920516275036
27.93951106725605
17.824610354168602
54.89828719625274
37.097066286146884
89.41659192657593
64.80537482231894
41.70393538841062
14.456554241360564
62.24031828206811
87.23344353741976
52.49746566167794
24.159060827129643
88.48369255734127
44.08974233731111
40.467263869902006
73.67868019103597
95.38034231508577
9.518559239746228
51.967533179373014
1.3540332577443914
30.33988122056488
70.25571355154578
59.65370068827476
Budget
1395.0631991106623
Profits
-4.7206669132409385
-6.930340283839209
-6.25413936672135
-0.1581856678112148
-9.772256601590025
-4.219364043170719
-19.038326796714678
-19.998093177972272
-5.033243660639437
-19.733327337975993
-11.115021746491447
-8.742159492192503
-8.494357009902629
-15.464460969147542
-5.623804645714596
-4.189447463961415
-5.027584195844499
-0.407497374253345
-5.754030245513788
-17.19024272175322
-1.5390177376241798
-12.807924919798776
-17.47088260541371
-5.571648400575571
-15.026252655723402
-12.89766707884186
-1.5565288792006937
-16.963709620000653
-1.7127033640898361
-11.064110909161155
-9.267004918471974
-3.7164261994530756
-2.2396175391633433
-19.52623763238718
-1.0322924134865419
-10.760591624129665
-9.113841032550072
-5.58790221345121
-3.5649220708337204
-10.979657439250548
-7.419413257229377
-17.883318385315185
-12.961074964463787
-8.340787077682124
-2.891310848272113
-12.448063656413622
-17.44668870748395
-10.499493132335589
-4.831812165425928
-17.696738511468254
-8.817948467462221
-8.0934527739804
-14.735736038207193
-19.076068463017155
-1.9037118479492456
-10.393506635874603
-0.2708066515488783
-6.067976244112976
-14.051142710309156
-11.930740137654952
FactorLoading_Φ
-0.548635145519931	0.09029969417368999	-0.23341260882070336	-0.12765255148567567
0.28873732530669916	-0.17308526587375206	-0.49003880441003567	0.04813860440951312
0.5503342139580574	0.03044742069460571	0.18757699317870058	0.23164137216863634
0.590953157912963	-0.1311324513398342	-0.03668918830901258	0.24122520243819023
-0.22515104100350247	-0.19513546703538465	-0.034283263234169636	-0.5454302287269432
0.09292924093459032	-0.13713357603625154	-0.45135187926201636	-0.3185853037671418
0.11452851400716413	0.6253896562287293	0.0760856365591065	0.18399619320500005
-0.4727988856860361	0.19034608209089998	-0.21738025953522477	-0.11947477268783913
0.10403265240715243	0.31264808990239823	-0.05906805420618744	0.5242512034842619
0.6490562651461806	-0.011344060913761833	0.09501489788673623	-0.2445847760533213
0.23433763208045533	0.6388190562544587	0.09695033672967579	-0.02989297493541021
-0.47922174772835757	0.28680330390198683	0.10761292012949553	0.12636202824016007
0.07932544266802011	0.09465619742747489	0.16990800768493486	0.6561103522195701
0.14342678198362901	-0.08682329412224798	-0.5689989144621472	0.20075100943197577
-0.3334668802659493	-0.23333466302314276	0.1210169093220832	-0.31218154738882475
-0.0196910347806325	-0.07099309232405893	0.8067495431241256	0.10256632977118296
-0.07489366508266104	-0.001686470235323645	-0.5716055070030777	-0.35181435767893765
0.5209910188917961	0.028495489668299623	0.06490026338399346	-0.3856132280559108
0.23379261754870795	0.00472326647973631	-0.6934084810452372	0.06807563492631852
-0.1498122904503374	-0.46248391351925267	-0.16379818761242837	0.22390560841798157
0.4771885892298522	0.1603840264132339	0.09960626297976871	-0.2628211213771452
-0.08814371884969696	0.11724436047884201	-0.4690652508497475	0.32554666982171354
-0.5531580817936996	0.34423736312728903	0.09379271230464381	0.008811842774367529
-0.30131646896541975	-0.06296795899720964	0.13874110014003938	0.49697447189733124
0.26207837215495156	-0.20798907345066708	-0.09404778859474905	0.4358847657996323
-0.5187784041916781	0.15333042505639494	0.003752742983850199	-0.3241384277680768
-0.41291676539748745	0.15165800101401583	0.01843321954897581	-0.4169920140395209
-0.22942398956867383	-0.14998937642546806	-0.5732932461722879	0.04729338783357018
-0.04748253620274423	-0.14497185917250044	0.41744282059257354	-0.3901027840321818
-0.43492556851418906	0.11187663683325333	-0.44783590866159284	-0.005361885990964765
0.23283975024246018	-0.05134683389609873	0.5855361498200309	0.1302772660414102
0.010117762521448581	0.0017886539937457258	-0.7556188969104389	-0.23247468657436676
-0.18077869477928443	-0.3280074380468172	-0.3509207868665609	0.14029308030733745
-0.2702206829102025	-0.14072513168179257	-0.5793730972684696	-0.009681088139535277
-0.11459727224260452	0.17492131067231464	0.45521672010148295	0.2552646969835979
-0.1472248613938436	0.8164651254079345	-0.029274633706672493	-0.0070353794915494205
0.794672371628695	0.08313019682021294	-0.1181909711276965	-0.004006460423395586
0.23575508887341523	0.38739494216312687	-0.34061500951089574	-0.036234959452562165
-0.5006945287542528	0.36969498218715957	0.1116483926045555	-0.017962096454032128
0.1689491220420971	0.7384280510743615	-0.028134952972339367	-0.06448787391120203
0.32750222905990234	-0.43323883413919884	-0.23420502226196693	0.005053914538931892
0.33154753550474747	-0.4286085427124666	0.06407691510669888	-0.17576700667608702
0.14583848288175938	0.47375596083241844	0.2639996047560693	-0.11640595152975286
0.38631823418622857	-0.018967946320894047	-0.14717605209266127	-0.4475377674002161
0.04463615405960475	-0.19183010325423067	0.142214587077508	-0.6213191556086566
-0.002138132012198257	0.030298489211911805	-0.43494681151738956	0.5326165672585004
-0.20332901820866178	0.016646349148148554	-0.15194408418880978	0.6280805484543799
0.06787121630720594	-0.7065406151382083	0.027302568914780778	-0.19828559963980497
0.329019879767831	-0.5332555575816316	0.08013145253341825	0.057593110117119206
0.006617533175209189	-0.060847059999108666	-0.483193242872894	-0.44934216395278814
-0.30678076587215863	0.5160320944589465	-0.07016014092924672	-0.10702699873964816
0.02221083124361134	-0.5676691360038257	-0.29713375822264676	-0.11298627452991616
0.03817553408846597	-0.10218241264304884	-0.7777290414611078	0.08191301180737742
-0.051602866551024196	-0.20253751218578908	-0.03806367571197833	-0.7077959455512084
-0.8327539260832255	-0.15559740921218035	-0.004912853595127942	0.006735811109466194
-0.3111639550185994	0.03458305169861764	0.2534593874427935	0.40079360583998946
0.16744070186847004	0.03404929574284976	-0.1127495136625345	0.6857604887261457
-0.37153281279682693	0.10645956694118341	0.35868786515564244	0.16331975510634722
0.5336429080222036	-0.00867822685363806	-0.35922716879968	0.09845169632447837
-0.27553739810352784	-0.0016720459541086363	0.27345366034127183	0.4493368956010917
FactorLoading_Ψ
-0.548635145519931	0.09029969417368999	-0.23341260882070336	-0.12765255148567567
0.28873732530669916	-0.17308526587375206	-0.49003880441003567	0.04813860440951312
0.5503342139580574	0.03044742069460571	0.18757699317870058	0.23164137216863634
0.590953157912963	-0.1311324513398342	-0.03668918830901258	0.24122520243819023
-0.22515104100350247	-0.19513546703538465	-0.034283263234169636	-0.5454302287269432
0.09292924093459032	-0.13713357603625154	-0.45135187926201636	-0.3185853037671418
0.11452851400716413	0.6253896562287293	0.0760856365591065	0.18399619320500005
-0.4727988856860361	0.19034608209089998	-0.21738025953522477	-0.11947477268783913
0.10403265240715243	0.31264808990239823	-0.05906805420618744	0.5242512034842619
0.6490562651461806	-0.011344060913761833	0.09501489788673623	-0.2445847760533213
0.23433763208045533	0.6388190562544587	0.09695033672967579	-0.02989297493541021
-0.47922174772835757	0.28680330390198683	0.10761292012949553	0.12636202824016007
0.07932544266802011	0.09465619742747489	0.16990800768493486	0.6561103522195701
0.14342678198362901	-0.08682329412224798	-0.5689989144621472	0.20075100943197577
-0.3334668802659493	-0.23333466302314276	0.1210169093220832	-0.31218154738882475
-0.0196910347806325	-0.07099309232405893	0.8067495431241256	0.10256632977118296
-0.07489366508266104	-0.001686470235323645	-0.5716055070030777	-0.35181435767893765
0.5209910188917961	0.028495489668299623	0.06490026338399346	-0.3856132280559108
0.23379261754870795	0.00472326647973631	-0.6934084810452372	0.06807563492631852
-0.1498122904503374	-0.46248391351925267	-0.16379818761242837	0.22390560841798157
0.4771885892298522	0.1603840264132339	0.09960626297976871	-0.2628211213771452
-0.08814371884969696	0.11724436047884201	-0.4690652508497475	0.32554666982171354
-0.5531580817936996	0.34423736312728903	0.09379271230464381	0.008811842774367529
-0.30131646896541975	-0.06296795899720964	0.13874110014003938	0.49697447189733124
0.26207837215495156	-0.20798907345066708	-0.09404778859474905	0.4358847657996323
-0.5187784041916781	0.15333042505639494	0.003752742983850199	-0.3241384277680768
-0.41291676539748745	0.15165800101401583	0.01843321954897581	-0.4169920140395209
-0.22942398956867383	-0.14998937642546806	-0.5732932461722879	0.04729338783357018
-0.04748253620274423	-0.14497185917250044	0.41744282059257354	-0.3901027840321818
-0.43492556851418906	0.11187663683325333	-0.44783590866159284	-0.005361885990964765
0.23283975024246018	-0.05134683389609873	0.5855361498200309	0.1302772660414102
0.010117762521448581	0.0017886539937457258	-0.7556188969104389	-0.23247468657436676
-0.18077869477928443	-0.3280074380468172	-0.3509207868665609	0.14029308030733745
-0.2702206829102025	-0.14072513168179257	-0.5793730972684696	-0.009681088139535277
-0.11459727224260452	0.17492131067231464	0.45521672010148295	0.2552646969835979
-0.1472248613938436	0.8164651254079345	-0.029274633706672493	-0.0070353794915494205
0.794672371628695	0.08313019682021294	-0.1181909711276965	-0.004006460423395586
0.23575508887341523	0.38739494216312687	-0.34061500951089574	-0.036234959452562165
-0.5006945287542528	0.36969498218715957	0.1116483926045555	-0.017962096454032128
0.1689491220420971	0.7384280510743615	-0.028134952972339367	-0.06448787391120203
0.32750222905990234	-0.43323883413919884	-0.23420502226196693	0.005053914538931892
0.33154753550474747	-0.4286085427124666	0.06407691510669888	-0.17576700667608702
0.14583848288175938	0.47375596083241844	0.2639996047560693	-0.11640595152975286
0.38631823418622857	-0.018967946320894047	-0.14717605209266127	-0.4475377674002161
0.04463615405960475	-0.19183010325423067	0.142214587077508	-0.6213191556086566
-0.002138132012198257	0.030298489211911805	-0.43494681151738956	0.5326165672585004
-0.20332901820866178	0.016646349148148554	-0.15194408418880978	0.6280805484543799
0.06787121630720594	-0.7065406151382083	0.027302568914780778	-0.19828559963980497
0.329019879767831	-0.5332555575816316	0.08013145253341825	0.057593110117119206
0.006617533175209189	-0.060847059999108666	-0.483193242872894	-0.44934216395278814
-0.30678076587215863	0.5160320944589465	-0.07016014092924672	-0.10702699873964816
0.02221083124361134	-0.5676691360038257	-0.29713375822264676	-0.11298627452991616
0.03817553408846597	-0.10218241264304884	-0.7777290414611078	0.08191301180737742
-0.051602866551024196	-0.20253751218578908	-0.03806367571197833	-0.7077959455512084
-0.8327539260832255	-0.15559740921218035	-0.004912853595127942	0.006735811109466194
-0.3111639550185994	0.03458305169861764	0.2534593874427935	0.40079360583998946
0.16744070186847004	0.03404929574284976	-0.1127495136625345	0.6857604887261457
-0.37153281279682693	0.10645956694118341	0.35868786515564244	0.16331975510634722
0.5336429080222036	-0.00867822685363806	-0.35922716879968	0.09845169632447837
-0.27553739810352784	-0.0016720459541086363	0.27345366034127183	0.4493368956010917
Conflicts
8 5
56 20
25 21
31 13
29 58
25 39
47 37
23 43
14 30
23 6
4 44
16 30
56 8
54 16
42 2
5 46
47 25
21 6
3 15
14 33
27 38
14 18
26 37
4 11
54 57
31 57
28 59
19 17
53 46
26 4
38 41
53 11
13 56
54 60
23 10
23 1
28 16
53 48
60 49
29 46
3 44
28 46
37 30
36 51
32 12
56 21
2 15
49 18
58 8
34 11
50 10
43 57
48 15
56 5
3 28
56 18
42 41
30 24
55 57
49 51
58 41
47 6
23 57
27 49
53 38
26 44
37 31
34 52
35 11
16 49
43 5
26 2
43 24
10 57
59 38
56 57
7 41
25 28
4 5
27 6
49 41
35 3
25 20
31 36
55 33
41 6
12 1
48 45
59 30
37 28
29 24
12 18
23 54
26 15
2 17
13 34
14 10
36 21
59 41
3 40
37 25
37 19
41 1
26 3
32 39
55 60
34 15
41 18
51 44
9 49
50 3
37 57
54 46
60 41
55 48
10 58
37 21
33 30
54 50
4 13
56 44
4 33
15 6
27 57
29 57
53 51
50 52
3 33
40 52
9 34
21 46
55 42
28 44
13 10
42 18
42 11
42 27
7 8
7 29
36 45
26 59
43 29
27 11
23 15
60 18
54 38
13 40
9 27
23 49
3 56
39 21
16 20
9 41
23 34
55 24
35 50
31 3
47 14
14 40
34 51
60 51
2 18
49 57
40 51
29 39
4 53
29 1
44 45
60 16
15 30
46 1
54 17
37 18
49 12
32 48
37 27
51 30
37 1
14 56
60 44
28 48
23 45
58 49
60 35
23 19
54 15
31 22
23 14
9 42
53 8
53 57
58 12
43 46
21 18
5 33
31 56
13 8
54 58
32 6
35 12
26 13
59 11
54 11
2 12
39 6
9 51
42 30
14 48
10 16
7 23
31 39
32 49
13 21
40 27
12 46
23 29
9 30
5 15
40 16
42 22
23 60
47 38
47 31
29 40
14 57
11 51
48 52
22 6
59 45
31 12
2 41
16 12
43 8
28 57
26 5
35 41
43 58
48 41
31 19
31 27
10 60
48 22
26 28
8 57
35 44
31 50
28 52
33 24
50 27
54 51
5 41
60 30
2 40
7 37
10 19
15 57
33 1
9 31
59 22
54 29
32 53
32 17
43 11
21 12
43 10
55 20
11 21
23 18
9 32
19 33
29 59
19 51
36 15
35 38
40 59
7 14
28 49
42 8
36 44
25 50
27 30
52 20
34 19
58 18
7 49
37 40
26 60
7 54
37 60
13 60
27 45
23 46
48 8
44 12
17 33
5 21
47 13
58 30
23 41
13 58
42 28
42 34
56 22
40 6
4 19
10 3
51 57
36 24
4 31
43 22
29 12
34 38
44 1
29 16
54 24
23 32
37 16
54 53
14 42
8 20
43 15
3 46
22 30
9 6
55 46
34 58
28 41
7 50
52 57
9 45
2 20
50 2
31 58
48 46
3 24
9 53
4 12
25 14
2 36
37 52
21 33
15 39
19 6
47 15
54 5
23 40
60 45
9 58
42 33
53 15
19 45
55 15
26 22
55 34
48 1
23 8
35 59
58 6
37 36
4 55
60 8
50 59
35 16
53 44
25 16
12 6
4 29
55 38
22 39
23 20
7 46
3 52
58 52
29 44
36 12
47 9
42 21
34 41
36 39
41 45
43 4
7 17
29 51
43 47
7 5
47 10
35 8
13 17
48 6
59 6
2 53
32 42
60 24
42 49
5 22
5 24
7 59
25 30
26 9
23 4
4 16
14 15
55 52
9 13
33 20
23 13
36 41
42 6
60 15
25 19
59 52
34 30
23 44
43 60
2 24
14 12
48 17
34 8
26 31
42 44
38 33
21 20
11 39
23 12
17 45
7 10
6 20
4 60
46 30
14 13
35 53
21 15
49 21
29 6
21 30
54 18
34 39
13 49
11 46
15 24
35 29
26 1
2 3
4 48
7 60
10 2
34 59
38 1
44 52
26 19
9 16
25 24
47 52
25 3
14 41
9 38
23 9
14 46
34 6
58 36
2 28
43 38
47 3
56 38
57 20
36 6
32 56
40 57
47 33
57 1
23 36
53 45
44 46
19 12
13 41
22 45
50 38
50 60
28 5
35 24
36 11
43 52
53 17
2 38
27 5
50 48
27 28
31 6
26 29
23 31
9 40
43 36
11 1
34 53
20 18
4 39
59 20
32 15
31 21
37 5
28 15
42 56
17 1
52 24
10 52
49 46
4 15
26 6
15 44
8 33
40 20
29 21
39 1
35 6
13 15
9 12
9 60
23 50
7 45
34 24
34 16
26 50
35 55
37 10
55 44
31 59
23 33
13 6
26 10
5 52
58 56
25 8
41 12
7 16
8 39
28 11
54 49
59 33
54 12
35 1
37 54
26 55
35 2
14 27
29 18
8 52
25 22
56 12
31 10
42 15
4 51
31 1
31 41
28 1
13 48
25 1
31 14
55 17
59 1
9 48
13 52
47 42
43 12
37 3
28 36
60 11
37 32
21 1
8 38
14 49
23 48
13 12
2 27
37 35
19 41
43 20
47 48
32 34
29 33
38 52
40 15
24 45
50 22
42 45
23 28
60 3
9 44
14 34
9 5
36 33
37 20
32 20
49 20
27 52
53 40
49 30
58 19
12 33
19 11
54 13
16 36
49 45
44 30
59 5
35 30
13 39
25 60
27 41
46 33
60 36
32 24
7 58
26 40
3 6
42 57
55 30
55 53
2 1
37 14
44 57
31 8
47 35
3 22
53 29
2 59
59 51
53 56
11 38
19 15
25 15
32 11
37 17
13 51
16 44
16 24
15 41
10 11
60 42
40 58
28 12
27 59
26 21
40 39
29 48
56 6
53 18
17 49
45 20
13 19
48 49
8 21
53 28
34 27
11 12
56 41
26 38
35 48
53 41
10 30
19 20
7 13
21 52
14 2
59 18
55 19
50 40
32 57
59 8
11 6
39 18
52 18
3 51
53 19
31 35
37 58
6 52
50 36
3 27
13 59
2 58
31 49
3 30
16 33
14 39
9 37
7 21
55 18
39 33
32 30
27 48
55 45
56 30
37 59
43 49
25 10
9 29
3 59
48 44
53 33
53 20
53 24
28 8
53 52
38 44
54 25
10 8
32 21
31 33
26 33
43 14
1 30
43 16
7 53
23 52
43 28
7 3
2 45
29 11
14 28
47 32
3 57
48 30
29 30
50 57
42 48
6 45
32 52
4 8
9 52
38 18
34 20
25 34
50 1
50 19
14 20
14 53
2 39
38 39
37 51
60 34
14 58
8 15
6 30
26 32
29 3
32 3
32 36
34 1
59 15
3 49
19 39
15 20
44 20
4 45
7 1
11 41
38 12
19 36
50 18
11 20
47 57
58 28
40 48
47 60
25 11
2 16
9 11
58 22
31 11
37 33
36 30
49 52
7 32
34 28
37 55
16 21
50 12
9 56
35 34
25 49
58 16
55 49
10 53
41 57
23 59
51 24
37 48
58 38
32 58
27 22
42 52
35 51
25 40
13 46
51 45
19 46
25 17
43 30
27 1
60 53
14 19
19 8
19 1
5 18
48 24
46 24
53 12
50 29
14 3
53 1
15 52
58 57
34 56
23 39
7 28
50 33
7 33
3 36
53 58
51 39
29 19
54 8
21 44
41 44
10 20
21 38
17 8
47 18
25 46
25 12
36 49
9 39
9 20
48 39
37 24
26 11
23 16
9 55
3 18
47 30
13 1
60 6
2 46
57 33
53 49
7 4
35 17
47 51
50 8
43 25
36 59
26 56
9 2
22 46
40 22
43 27
25 35
31 55
9 21
39 12
31 18
40 33
17 24
26 14
13 27
58 33
42 5
60 21
29 8
7 36
54 20
9 3
3 39
2 57
29 20
52 1
37 39
11 52
50 58
19 48
14 22
47 1
9 8
10 24
32 18
36 1
