InstanceID
1_80_4
NumObjects
80
NumFactors
4
Weights
23.603334566204694
34.651701419196044
31.27069683360675
0.790928339056074
48.86128300795012
21.096820215853597
95.1916339835734
99.99046588986135
25.166218303197184
98.66663668987997
55.57510873245724
43.71079746096251
42.471785049513144
77.3223048457377
28.11902322857298
20.947237319807076
25.137920979222493
2.037486871266725
28.77015122756894
85.9512136087661
7.695088688120899
64.03962459899388
87.35441302706855
27.85824200287785
75.13126327861701
64.4883353942093
7.782644396003469
84.81854810000327
8.56351682044918
55.32055454580578
46.33502459235987
18.582130997265377
11.198087695816717
97.6311881619359
5.161462067432709
53.80295812064833
45.56920516275036
27.93951106725605
17.824610354168602
54.89828719625274
37.097066286146884
89.41659192657593
64.80537482231894
41.70393538841062
14.456554241360564
62.24031828206811
87.23344353741976
52.49746566167794
24.159060827129643
88.48369255734127
44.08974233731111
40.467263869902006
73.67868019103597
95.38034231508577
9.518559239746228
51.967533179373014
1.3540332577443914
30.33988122056488
70.25571355154578
59.65370068827476
63.893483969362094
87.23474485143244
54.8635145519931
26.299203233756497
52.64433516590159
46.501931862871636
27.551933532993544
46.182259118045124
95.18613955904868
28.873732530669916
66.12321555087209
19.45678064479248
39.3193497656424
99.07406554003964
55.03342139580574
58.07816346526631
76.83586278313636
51.952465724186084
51.486297110544356
99.81360570779374
Budget
1968.2654521427385
Profits
-4.7206669132409385
-6.930340283839209
-6.25413936672135
-0.1581856678112148
-9.772256601590025
-4.219364043170719
-19.038326796714678
-19.998093177972272
-5.033243660639437
-19.733327337975993
-11.115021746491447
-8.742159492192503
-8.494357009902629
-15.464460969147542
-5.623804645714596
-4.189447463961415
-5.027584195844499
-0.407497374253345
-5.754030245513788
-17.19024272175322
-1.5390177376241798
-12.807924919798776
-17.47088260541371
-5.571648400575571
-15.026252655723402
-12.89766707884186
-1.5565288792006937
-16.963709620000653
-1.7127033640898361
-11.064110909161155
-9.267004918471974
-3.7164261994530756
-2.2396175391633433
-19.52623763238718
-1.0322924134865419
-10.760591624129665
-9.113841032550072
-5.58790221345121
-3.5649220708337204
-10.979657439250548
-7.419413257229377
-17.883318385315185
-12.961074964463787
-8.340787077682124
-2.891310848272113
-12.448063656413622
-17.44668870748395
-10.499493132335589
-4.831812165425928
-17.696738511468254
-8.817948467462221
-8.0934527739804
-14.735736038207193
-19.076068463017155
-1.9037118479492456
-10.393506635874603
-0.2708066515488783
-6.067976244112976
-14.051142710309156
-11.930740137654952
-12.778696793872419
-17.44694897028649
-10.97270291039862
-5.259840646751299
-10.528867033180317
-9.300386372574327
-5.510386706598709
-9.236451823609025
-19.037227911809737
-5.774746506133983
-13.224643110174418
-3.8913561289584964
-7.86386995312848
-19.81481310800793
-11.006684279161147
-11.61563269305326
-15.367172556627272
-10.390493144837217
-10.297259422108871
-19.96272114155875
FactorLoading_Φ
0.590953157912963	0.012728530680126582	-0.1550931089687202	-0.24122520243819023
-0.4202865080388871	-0.034283263234169636	-0.4110550393731942	-0.13437518935374904
0.09292924093459032	0.05423266236173152	-0.08290091367452002	-0.7699371830291581
-0.4564461494422447	0.28347202079364875	0.0760856365591065	0.18399619320500005
0.4727988856860361	-0.19034608209089998	0.23314577092372413	-0.10370926129933977
-0.10403265240715243	0.1838248721639919	0.18789127194459376	-0.5242512034842619
0.6490562651461806	0.021364317415316858	-0.0849946413851812	0.2445847760533213
-0.14164408841125242	0.7315125999236616	0.09695033672967579	0.02989297493541021
-0.4732302657566332	-0.2927947858737112	0.10761292012949553	0.12636202824016007
-0.07932544266802011	0.26456420511240974	0.3280169398974475	0.32809341232212264
-0.14342678198362901	0.38213657028674364	-0.2736856382976516	-0.20075100943197577
0.3334668802659493	-0.23333466302314276	-0.07156102885183047	0.3616374278590775
-0.09068412710469143	-0.38475483911869524	-0.4219947040054304	0.10256632977118296
0.07489366508266104	-0.001686470235323645	-0.42801141722492697	-0.49540844745708834
0.1609952325109647	0.38849127604913103	0.06490026338399346	0.3856132280559108
0.2064021511982954	0.027390466350412535	0.00472326647973631	-0.7614841159715557
0.1498122904503374	-0.46248391351925267	-0.31522475580009623	-0.07247904023031371
0.4771885892298522	0.053206914347389	0.1071771120658449	0.3624273843569139
0.08814371884969696	-0.09728270568283004	0.019961654796011974	-0.794611920671461
0.5531580817936996	-0.34423736312728903	0.03436032402640565	0.06824423105260569
-0.3642844279626294	-0.13874110014003938	-0.4476936140893071	0.04928085780802416
-0.47006744560561864	0.09404778859474905	-0.03567441860881981	-0.4002103471908125
0.5187784041916781	-0.15708316804024514	0.19788972776727243	0.12624870000080435
-0.26826295612968565	-0.29631181028181763	0.01843321954897581	0.4169920140395209
-0.0992834999475467	-0.2801298660465952	-0.5732932461722879	-0.04729338783357018
-0.04748253620274423	-0.562414679765074	-0.17937118506112926	0.21073159897105254
-0.40308331759870586	-0.14371888774873653	0.44783590866159284	-0.005361885990964765
0.19295511639036023	0.03988463385209995	-0.05134683389609873	0.7158134158614411
-0.011906416515194307	0.6818827221838675	0.07373617472657146	-0.23247468657436676
0.18077869477928443	-0.052719166814058305	-0.2752882712327589	-0.49121386717389837
-0.2702206829102025	-0.6256891269341658	-0.09440910201609642	-0.009681088139535277
0.10369066522262793	-0.010906607019976589	0.17492131067231464	0.7104814170850808
-0.9117558908782168	-0.05193409592356124	0.029274633706672493	-0.0070353794915494205
0.4920707987746056	0.3026015728540894	0.08313019682021294	-0.12219743155109208
-0.12447770039032235	0.49867233064621974	0.34061500951089574	-0.036234959452562165
0.08103682762762077	-0.7893526833137916	0.1116483926045555	0.017962096454032128
-0.3515589128548322	0.5558182602616264	0.028134952972339367	-0.06448787391120203
-0.3068748530690204	0.45386621013008077	-0.23420502226196693	-0.005053914538931892
0.33154753550474747	0.2744292683264169	-0.15417927438604973	0.2398439217827859
0.14583848288175938	0.06731890790638184	0.4064370529260366	0.3804055562858222
-0.07028567817620557	0.316032556010023	-0.16614399841355532	-0.4475377674002161
-0.04463615405960475	0.19183010325423067	-0.10709622946422104	0.6564375132219435
-0.002138132012198257	-0.16559704748135173	0.29964825324794964	-0.5326165672585004
-0.20332901820866178	-0.16859043333695833	0.3410093258637916	-0.28707122259058826
-0.5207916969091524	0.25362013453626187	-0.027302568914780778	0.19828559963980497
-0.28140705823422874	0.5808683791152338	-0.08013145253341825	0.057593110117119206
-0.006617533175209189	0.5440403028720027	-0.37947441848526675	-0.06986774546752139
0.30678076587215863	-0.19271833804451188	0.3934738973436813	-0.10702699873964816
-0.43798992848227636	0.15189003876516072	-0.29713375822264676	-0.11298627452991616
0.03817553408846597	0.015278980598388392	-0.08690343204466044	-0.8596420532684852
-0.051602866551024196	-0.20253751218578908	-0.572668404832229	-0.1731912164309577
0.1251884614834997	-0.7075654645997258	-0.15559740921218035	-0.011648664704594136
-0.3111639550185994	-0.21220608151860643	0.07583635762280472	0.40079360583998946
-0.2014899976113198	0.1127495136625345	0.421862448596912	-0.2638980401292337
0.37153281279682693	-0.10645956694118341	0.027285339374907958	0.4947222808870817
0.5336429080222036	0.00867822685363806	-0.3377127050641424	-0.11996616006001593
0.27553739810352784	-0.0016720459541086363	-0.36729961455311266	0.35549094138925086
-0.508905009018882	-0.03725506947849411	0.2481934400719057	0.20564648143071818
0.5005030440446516	-0.11005367270979383	0.21530322700875604	0.1741400562367985
-0.516493346753492	0.15739788240056374	0.301414223867434	0.024694546978510257
0.12682209451429638	0.3335447592131222	0.3963949491727903	0.14323819709979113
-0.10047327958679597	0.20158352953039893	0.4738129804509692	-0.2241302104318359
-0.5890475927882088	-0.14272480723819037	-0.16504062677698905	0.10318697319661174
0.2927920602067655	-0.02194278503382452	0.205750124771525	-0.479515029987885
-0.17061014476928138	-0.003958939810561057	-0.038145692871884185	0.7872852225482734
0.14053166647904503	0.0718604632895985	0.2980977208558213	-0.48951014937553516
0.4753755148230152	-0.17949169629327444	-0.19797352028785453	-0.14715926859585582
0.14274190775736728	-0.18067383795345093	-0.4848429222592636	-0.19174133202991817
-0.11494446502637201	0.22807722124495222	-0.023622801355395406	-0.6333555123732804
-0.5327282827799431	0.10490289020495314	0.2087549992553579	-0.15361382775974586
0.24604431627956425	0.1629877265674895	-0.07439335461426344	-0.5165746025386828
0.03800123901405583	0.1581607333418953	0.5141073312017754	0.28973069644227345
0.10357566191590961	-0.5883236898659112	-0.08252048186554783	0.22558016635263134
-0.15317432929543684	-0.13806134813651805	-0.04343555874664151	-0.6653287638214036
-0.028940528985839542	0.7169858550043282	-0.21798453968991893	-0.036089076319913316
0.4326715861449224	0.1131237291204823	0.39681115855018234	0.05739352618441296
-0.1121202850195624	0.05683676356838485	-0.15214639173252453	0.6788965596795282
-0.0005760322037271504	0.6340297607431469	-0.2573177271308871	0.1080764799222389
-0.28651699142603926	-0.06932990530032646	-0.21736153977720885	-0.42679156349642544
-0.010670221735126217	-0.08580790130061522	0.605961834024975	0.2975600429392835
FactorLoading_Ψ
0.590953157912963	0.012728530680126582	-0.1550931089687202	-0.24122520243819023
-0.4202865080388871	-0.034283263234169636	-0.4110550393731942	-0.13437518935374904
0.09292924093459032	0.05423266236173152	-0.08290091367452002	-0.7699371830291581
-0.4564461494422447	0.28347202079364875	0.0760856365591065	0.18399619320500005
0.4727988856860361	-0.19034608209089998	0.23314577092372413	-0.10370926129933977
-0.10403265240715243	0.1838248721639919	0.18789127194459376	-0.5242512034842619
0.6490562651461806	0.021364317415316858	-0.0849946413851812	0.2445847760533213
-0.14164408841125242	0.7315125999236616	0.09695033672967579	0.02989297493541021
-0.4732302657566332	-0.2927947858737112	0.10761292012949553	0.12636202824016007
-0.07932544266802011	0.26456420511240974	0.3280169398974475	0.32809341232212264
-0.14342678198362901	0.38213657028674364	-0.2736856382976516	-0.20075100943197577
0.3334668802659493	-0.23333466302314276	-0.07156102885183047	0.3616374278590775
-0.09068412710469143	-0.38475483911869524	-0.4219947040054304	0.10256632977118296
0.07489366508266104	-0.001686470235323645	-0.42801141722492697	-0.49540844745708834
0.1609952325109647	0.38849127604913103	0.06490026338399346	0.3856132280559108
0.2064021511982954	0.027390466350412535	0.00472326647973631	-0.7614841159715557
0.1498122904503374	-0.46248391351925267	-0.31522475580009623	-0.07247904023031371
0.4771885892298522	0.053206914347389	0.1071771120658449	0.3624273843569139
0.08814371884969696	-0.09728270568283004	0.019961654796011974	-0.794611920671461
0.5531580817936996	-0.34423736312728903	0.03436032402640565	0.06824423105260569
-0.3642844279626294	-0.13874110014003938	-0.4476936140893071	0.04928085780802416
-0.47006744560561864	0.09404778859474905	-0.03567441860881981	-0.4002103471908125
0.5187784041916781	-0.15708316804024514	0.19788972776727243	0.12624870000080435
-0.26826295612968565	-0.29631181028181763	0.01843321954897581	0.4169920140395209
-0.0992834999475467	-0.2801298660465952	-0.5732932461722879	-0.04729338783357018
-0.04748253620274423	-0.562414679765074	-0.17937118506112926	0.21073159897105254
-0.40308331759870586	-0.14371888774873653	0.44783590866159284	-0.005361885990964765
0.19295511639036023	0.03988463385209995	-0.05134683389609873	0.7158134158614411
-0.011906416515194307	0.6818827221838675	0.07373617472657146	-0.23247468657436676
0.18077869477928443	-0.052719166814058305	-0.2752882712327589	-0.49121386717389837
-0.2702206829102025	-0.6256891269341658	-0.09440910201609642	-0.009681088139535277
0.10369066522262793	-0.010906607019976589	0.17492131067231464	0.7104814170850808
-0.9117558908782168	-0.05193409592356124	0.029274633706672493	-0.0070353794915494205
0.4920707987746056	0.3026015728540894	0.08313019682021294	-0.12219743155109208
-0.12447770039032235	0.49867233064621974	0.34061500951089574	-0.036234959452562165
0.08103682762762077	-0.7893526833137916	0.1116483926045555	0.017962096454032128
-0.3515589128548322	0.5558182602616264	0.028134952972339367	-0.06448787391120203
-0.3068748530690204	0.45386621013008077	-0.23420502226196693	-0.005053914538931892
0.33154753550474747	0.2744292683264169	-0.15417927438604973	0.2398439217827859
0.14583848288175938	0.06731890790638184	0.4064370529260366	0.3804055562858222
-0.07028567817620557	0.316032556010023	-0.16614399841355532	-0.4475377674002161
-0.04463615405960475	0.19183010325423067	-0.10709622946422104	0.6564375132219435
-0.002138132012198257	-0.16559704748135173	0.29964825324794964	-0.5326165672585004
-0.20332901820866178	-0.16859043333695833	0.3410093258637916	-0.28707122259058826
-0.5207916969091524	0.25362013453626187	-0.027302568914780778	0.19828559963980497
-0.28140705823422874	0.5808683791152338	-0.08013145253341825	0.057593110117119206
-0.006617533175209189	0.5440403028720027	-0.37947441848526675	-0.06986774546752139
0.30678076587215863	-0.19271833804451188	0.3934738973436813	-0.10702699873964816
-0.43798992848227636	0.15189003876516072	-0.29713375822264676	-0.11298627452991616
0.03817553408846597	0.015278980598388392	-0.08690343204466044	-0.8596420532684852
-0.051602866551024196	-0.20253751218578908	-0.572668404832229	-0.1731912164309577
0.1251884614834997	-0.7075654645997258	-0.15559740921218035	-0.011648664704594136
-0.3111639550185994	-0.21220608151860643	0.07583635762280472	0.40079360583998946
-0.2014899976113198	0.1127495136625345	0.421862448596912	-0.2638980401292337
0.37153281279682693	-0.10645956694118341	0.027285339374907958	0.4947222808870817
0.5336429080222036	0.00867822685363806	-0.3377127050641424	-0.11996616006001593
0.27553739810352784	-0.0016720459541086363	-0.36729961455311266	0.35549094138925086
-0.508905009018882	-0.03725506947849411	0.2481934400719057	0.20564648143071818
0.5005030440446516	-0.11005367270979383	0.21530322700875604	0.1741400562367985
-0.516493346753492	0.15739788240056374	0.301414223867434	0.024694546978510257
0.12682209451429638	0.3335447592131222	0.3963949491727903	0.14323819709979113
-0.10047327958679597	0.20158352953039893	0.4738129804509692	-0.2241302104318359
-0.5890475927882088	-0.14272480723819037	-0.16504062677698905	0.10318697319661174
0.2927920602067655	-0.02194278503382452	0.205750124771525	-0.479515029987885
-0.17061014476928138	-0.003958939810561057	-0.038145692871884185	0.7872852225482734
0.14053166647904503	0.0718604632895985	0.2980977208558213	-0.48951014937553516
0.4753755148230152	-0.17949169629327444	-0.19797352028785453	-0.14715926859585582
0.14274190775736728	-0.18067383795345093	-0.4848429222592636	-0.19174133202991817
-0.11494446502637201	0.22807722124495222	-0.023622801355395406	-0.6333555123732804
-0.5327282827799431	0.10490289020495314	0.2087549992553579	-0.15361382775974586
0.24604431627956425	0.1629877265674895	-0.07439335461426344	-0.5165746025386828
0.03800123901405583	0.1581607333418953	0.5141073312017754	0.28973069644227345
0.10357566191590961	-0.5883236898659112	-0.08252048186554783	0.22558016635263134
-0.15317432929543684	-0.13806134813651805	-0.04343555874664151	-0.6653287638214036
-0.028940528985839542	0.7169858550043282	-0.21798453968991893	-0.036089076319913316
0.4326715861449224	0.1131237291204823	0.39681115855018234	0.05739352618441296
-0.1121202850195624	0.05683676356838485	-0.15214639173252453	0.6788965596795282
-0.0005760322037271504	0.6340297607431469	-0.2573177271308871	0.1080764799222389
-0.28651699142603926	-0.06932990530032646	-0.21736153977720885	-0.42679156349642544
-0.010670221735126217	-0.08580790130061522	0.605961834024975	0.2975600429392835
Conflicts
77 74
27 11
7 8
71 45
75 27
4 15
69 40
13 27
23 73
3 49
80 39
41 73
35 50
31 3
34 51
77 34
66 18
49 41
40 51
64 21
4 39
53 65
44 45
80 79
65 30
54 46
37 76
27 48
51 30
37 65
78 56
60 49
60 58
53 15
23 78
68 53
8 73
53 76
43 46
69 33
61 27
31 56
77 72
58 6
61 76
26 35
77 21
8 18
54 12
66 39
6 73
14 51
80 61
74 62
34 11
71 23
31 39
32 49
74 57
12 46
63 5
16 79
23 38
47 60
29 16
14 75
48 52
71 41
7 40
6 45
31 12
66 16
72 76
43 69
58 48
27 74
26 60
35 8
31 44
50 69
66 30
7 74
15 57
37 33
9 1
32 59
63 17
43 64
75 21
74 12
43 61
21 20
9 75
32 69
29 19
19 79
35 38
40 61
7 78
42 28
68 36
25 50
27 52
58 19
71 49
60 40
7 37
13 40
16 45
48 22
48 46
8 76
5 33
47 77
58 41
23 13
42 34
22 6
68 64
3 19
74 24
68 31
43 11
43 22
29 12
34 1
41 44
16 41
54 35
23 64
80 53
78 42
43 72
61 79
10 67
46 30
9 70
62 46
55 34
7 52
57 73
4 5
66 2
50 58
2 46
42 67
73 24
53 12
4 25
78 36
2 52
37 3
21 15
70 39
47 5
9 45
79 33
50 79
34 67
63 55
48 1
35 72
59 6
63 60
42 72
62 59
80 64
35 53
16 64
12 6
63 4
42 38
63 8
23 7
63 67
29 52
78 15
36 76
34 41
36 12
68 4
43 7
47 29
71 66
40 74
55 8
35 17
13 70
66 6
42 53
69 24
7 5
76 73
26 4
23 16
68 79
78 55
13 73
23 33
65 20
36 41
50 57
42 49
70 79
60 64
25 19
59 52
34 30
2 44
35 44
78 76
48 8
38 44
11 33
26 23
76 45
71 10
70 20
26 59
68 61
78 77
43 35
68 62
45 73
63 70
29 49
77 46
11 24
35 15
65 6
26 2
4 67
7 66
74 59
52 1
80 19
30 73
14 42
66 52
78 3
41 15
64 73
46 73
14 6
36 46
66 80
43 38
47 67
56 20
59 70
56 6
2 74
47 1
63 45
43 53
37 12
64 45
77 44
38 57
47 11
35 5
75 36
2 38
69 27
13 48
31 6
31 29
9 36
43 1
53 61
20 18
63 39
4 59
79 20
31 21
59 30
69 79
21 12
42 56
61 65
10 52
49 46
68 15
26 70
40 21
35 1
15 6
9 77
64 76
50 73
37 62
61 24
16 57
55 62
37 74
55 44
77 59
23 4
77 6
11 18
10 1
26 5
58 64
71 16
7 72
43 78
75 28
54 61
59 12
54 65
26 66
78 41
29 27
38 18
9 72
78 52
76 22
63 53
56 45
10 12
9 15
4 51
31 1
31 41
13 1
14 65
63 28
17 5
61 1
63 61
9 74
41 1
77 52
68 42
47 12
10 77
80 3
64 49
28 36
11 38
21 1
14 8
48 49
23 44
13 76
66 27
19 51
47 64
2 28
41 33
79 52
40 45
50 24
22 39
11 22
3 45
9 60
9 14
5 20
67 20
31 66
27 20
58 30
29 33
25 76
17 11
37 19
77 16
49 45
39 30
36 30
71 80
9 58
9 48
67 70
42 57
55 1
37 66
14 44
62 57
74 73
47 72
3 15
5 15
4 61
2 56
47 2
10 73
53 38
75 38
9 79
9 68
25 79
56 11
37 17
77 51
80 44
80 24
29 74
75 60
63 58
28 12
53 40
3 48
56 24
53 6
17 49
77 48
58 70
61 49
48 21
27 8
13 62
9 12
75 41
26 21
42 79
10 20
77 30
71 21
78 2
21 18
31 32
2 41
13 59
72 11
6 44
76 39
31 42
53 62
52 45
13 34
3 79
37 35
11 6
36 22
67 59
77 22
2 58
49 57
3 30
80 33
9 21
7 63
9 55
53 39
32 33
48 45
68 51
56 30
37 15
25 74
23 32
9 67
8 21
7 77
1 20
53 64
42 6
22 44
54 25
10 8
69 72
32 21
31 62
43 30
16 1
71 53
66 12
23 43
3 28
12 73
66 1
47 14
32 62
31 76
67 56
77 57
49 73
48 30
50 29
60 6
4 45
32 44
77 17
34 8
4 22
50 52
9 38
34 40
37 25
60 65
48 57
14 79
32 76
58 20
53 2
13 79
59 51
60 70
37 51
34 58
78 49
72 15
6 30
10 62
32 67
67 36
32 34
59 1
79 41
3 38
16 20
9 65
15 44
68 45
7 1
11 39
19 76
50 36
58 28
16 48
76 1
26 11
25 17
2 16
9 11
31 75
65 76
7 28
55 48
25 8
62 33
55 12
50 65
9 37
35 49
35 42
23 49
23 9
55 80
10 49
53 57
23 19
23 17
61 64
4 33
37 38
32 22
42 27
13 74
26 45
25 78
43 49
27 1
14 53
72 19
19 65
69 18
48 24
46 24
19 12
50 80
28 21
67 79
71 78
32 1
58 79
28 57
23 61
28 39
7 4
72 65
50 33
7 33
13 38
67 73
36 56
25 1
25 29
37 54
40 44
32 30
21 52
72 18
47 17
46 18
5 24
43 15
61 44
49 39
9 73
48 39
64 22
37 36
75 66
26 16
25 48
77 67
78 48
39 21
31 70
66 33
7 68
47 76
50 8
43 34
47 51
9 2
27 64
25 35
31 55
78 73
42 39
12 18
40 73
17 56
37 44
71 14
77 27
2 19
2 62
48 62
63 59
39 73
2 5
71 11
58 33
47 69
77 70
66 8
7 36
54 30
19 20
3 73
2 67
29 1
37 11
64 52
63 76
63 19
37 48
78 65
47 73
74 8
32 18
36 1
33 12
63 22
76 51
36 52
48 41
67 76
67 27
76 38
4 6
13 72
68 10
31 33
71 67
77 28
50 62
64 30
29 72
72 16
23 45
62 65
61 45
74 45
61 48
65 44
9 57
40 64
43 74
68 41
13 3
58 72
37 52
59 73
32 36
48 20
62 44
34 66
71 31
40 5
26 19
58 39
64 56
42 46
77 18
71 72
49 20
70 24
58 3
63 33
4 79
75 44
7 14
22 46
68 39
50 27
23 54
27 44
31 72
10 19
66 21
43 20
40 57
51 79
68 73
40 15
59 38
66 62
54 5
29 3
26 73
37 70
23 1
25 44
50 2
43 76
67 5
49 30
10 34
17 12
16 24
3 21
25 55
42 17
46 20
51 46
13 56
34 29
7 16
8 46
68 38
61 11
65 73
19 30
10 65
63 24
32 46
37 77
42 5
10 55
47 36
9 56
70 21
71 69
62 24
31 79
19 11
78 11
72 36
22 12
28 16
68 5
72 20
44 20
26 39
37 32
7 24
40 48
47 61
53 30
50 61
10 28
17 22
32 52
10 45
2 15
63 34
69 38
23 48
54 62
7 42
10 66
3 27
60 17
5 41
78 45
13 8
16 44
69 80
55 39
7 21
2 72
74 36
11 79
55 52
43 12
54 28
43 63
7 65
47 8
67 11
4 55
35 45
10 6
58 16
7 11
28 52
48 70
65 12
74 15
46 52
35 24
56 38
56 21
10 42
56 76
80 8
42 33
66 40
60 12
28 20
46 6
21 57
26 17
39 15
59 44
62 38
60 74
63 3
56 41
74 64
21 45
25 67
19 5
31 27
31 10
56 5
55 24
4 29
77 58
63 29
2 64
63 66
47 13
79 73
33 52
7 35
43 73
75 12
14 77
80 27
26 22
66 22
57 33
37 42
78 21
63 68
39 46
80 52
62 1
77 20
12 45
71 28
61 30
67 49
37 49
74 49
58 21
57 30
55 66
55 61
3 65
16 51
76 79
29 67
34 38
26 14
26 28
55 36
36 70
67 61
37 72
69 30
37 34
6 20
42 73
71 43
18 73
79 8
67 28
54 33
17 70
35 19
78 34
63 40
4 3
74 16
13 35
37 28
35 28
56 49
78 17
28 1
13 52
36 8
7 17
77 61
80 15
26 36
74 39
79 24
3 17
36 79
14 27
37 8
40 30
49 33
41 18
8 6
5 76
72 46
13 50
14 21
71 39
23 30
74 1
79 5
65 56
15 30
55 72
7 59
67 52
14 13
78 40
56 33
23 65
35 16
50 70
35 57
27 12
61 51
34 61
61 19
4 65
60 34
58 38
65 41
19 49
77 19
22 20
35 29
34 6
71 22
27 65
11 8
25 15
14 52
53 74
70 33
27 6
15 22
55 77
49 1
71 15
60 28
71 58
37 63
68 33
43 3
77 64
29 79
25 24
22 1
68 2
37 39
13 22
50 76
63 74
80 70
43 60
66 46
75 5
58 59
31 8
40 76
7 6
50 19
60 15
4 78
53 22
53 3
61 39
70 5
2 22
55 3
52 18
37 75
80 65
13 42
26 13
10 32
4 70
72 17
23 75
4 72
23 37
34 16
10 80
50 41
70 8
63 49
36 20
56 51
48 59
75 59
71 18
43 18
40 79
58 45
51 44
48 79
53 45
66 15
58 46
26 67
74 76
9 28
62 52
75 74
14 3
36 21
17 76
27 24
54 42
38 73
29 58
42 45
60 16
47 78
43 37
7 15
77 65
43 47
17 52
62 18
17 57
14 10
66 11
14 24
7 39
75 33
9 44
42 8
47 46
60 56
36 11
16 12
74 21
53 69
32 64
26 56
7 10
79 18
60 35
65 15
40 24
74 79
69 61
71 44
68 66
68 70
43 52
66 28
31 15
26 75
32 19
37 79
10 17
62 64
43 27
51 22
61 28
24 30
66 36
68 11
66 41
23 77
68 24
14 30
10 24
54 24
56 15
3 6
36 24
60 2
48 6
71 42
32 48
42 65
10 58
67 58
77 33
46 1
32 8
63 13
49 79
78 62
23 27
26 64
17 18
10 53
25 70
80 5
69 1
35 73
71 74
79 46
67 45
36 5
80 67
42 44
72 79
64 6
71 77
47 39
55 6
38 21
3 76
60 57
7 47
75 48
42 24
50 74
23 46
14 32
37 16
50 56
13 39
73 20
7 76
60 79
26 25
7 46
25 41
27 56
54 14
27 49
21 30
31 60
11 51
10 22
77 62
69 64
68 25
75 45
65 57
7 31
59 5
15 45
55 28
67 74
2 8
4 37
23 8
28 24
75 55
17 38
8 20
60 30
22 33
39 57
8 15
50 51
35 40
36 64
7 49
13 66
17 33
2 65
74 17
78 30
49 52
63 38
68 13
64 15
57 52
2 59
68 65
76 24
31 16
10 76
5 22
69 16
14 56
63 2
10 59
14 46
7 64
75 17
40 67
34 18
67 72
71 35
78 28
34 39
11 5
14 2
74 51
7 38
58 11
14 41
78 19
13 36
71 76
69 51
58 5
4 35
47 41
68 49
75 30
35 76
13 77
66 29
61 38
68 72
54 70
14 25
55 51
31 67
36 18
21 6
4 27
19 48
68 29
60 73
11 52
11 20
27 17
25 64
72 12
49 18
77 80
56 52
3 5
4 52
64 59
27 51
57 45
29 6
32 60
47 66
66 74
33 1
68 76
39 1
7 67
35 46
25 18
37 1
35 33
34 33
71 4
10 15
29 46
78 5
63 35
31 64
47 74
47 31
19 62
37 55
47 38
63 10
37 64
27 38
40 16
71 33
4 13
72 57
40 22
32 27
14 18
8 24
13 17
14 33
13 45
48 51
66 61
33 45
53 21
54 79
78 33
14 80
12 30
44 33
63 14
54 64
2 51
31 50
28 73
3 8
31 5
35 55
61 6
3 33
4 42
27 45
39 33
69 52
74 5
27 33
63 46
63 50
76 6
47 45
78 64
50 44
61 59
19 15
27 28
80 40
4 2
9 46
53 20
3 11
53 52
25 38
17 6
9 34
34 2
60 29
21 46
71 17
64 48
26 42
57 6
77 1
71 32
70 18
35 18
76 20
46 45
23 2
78 6
78 80
75 22
4 74
35 2
19 6
3 57
22 24
64 18
29 24
25 56
54 4
76 46
62 76
14 72
25 45
68 21
2 33
28 41
26 80
68 59
67 65
50 1
42 51
26 1
28 30
29 73
54 6
75 62
25 42
27 41
25 30
72 51
3 1
7 34
69 22
51 52
19 18
71 47
69 36
28 8
63 80
55 69
25 73
75 8
28 11
26 44
16 38
43 57
67 30
5 1
22 45
14 15
53 56
11 1
43 5
11 73
2 39
26 38
10 57
76 41
23 80
9 22
59 22
49 21
23 56
23 62
78 58
68 18
4 38
41 45
54 21
22 73
70 41
36 59
54 49
3 59
55 58
42 76
13 57
47 50
72 45
56 70
78 16
51 24
78 74
41 6
8 38
26 9
60 42
62 49
68 30
32 17
4 14
55 20
51 73
32 73
28 17
78 24
79 1
53 16
23 22
29 64
32 61
3 62
31 18
5 39
3 22
3 64
50 5
58 44
72 22
77 40
54 66
32 58
8 57
37 80
66 58
65 49
75 20
50 11
47 58
19 17
69 12
54 51
50 16
13 12
76 49
74 33
53 17
13 19
40 3
68 57
31 52
31 28
16 36
3 51
58 27
13 32
26 46
23 63
34 12
65 1
72 5
64 65
9 78
2 69
10 39
9 5
26 74
75 32
68 16
13 78
47 33
72 30
78 20
50 34
23 59
65 79
4 32
72 52
69 65
38 46
68 37
9 35
59 79
4 75
50 15
79 22
50 64
72 70
2 73
39 18
4 66
9 27
4 11
23 76
9 29
34 69
61 62
77 45
26 33
55 70
65 8
63 6
25 6
16 18
40 62
19 59
33 6
54 67
25 33
36 73
43 28
69 74
19 73
28 64
60 24
71 57
40 46
28 56
57 24
71 70
68 78
14 38
75 79
23 40
27 79
40 38
70 52
32 35
23 70
63 25
23 57
55 38
66 3
41 12
74 19
78 8
72 61
43 45
43 19
60 72
71 55
67 64
58 1
6 24
29 28
60 45
31 20
76 44
55 59
65 33
42 11
67 17
75 15
34 48
31 25
42 41
13 69
17 79
63 36
69 28
