InstanceID
2_100_4
NumObjects
100
NumFactors
4
Weights
36.679641243992435
52.38785747844117
21.025643065331256
81.93381354589955
50.13711485175227
55.9355291249767
52.35591995602322
41.586956811060325
54.01515230225699
68.95665499806216
14.383562117576144
68.51373583088719
2.713772987044938
78.538308867304
68.92782419536385
24.225804087259807
71.13230268543043
40.345880506972186
75.17994681674702
15.166215690199358
13.843052661356104
21.669573401865083
92.13495071511821
2.2690854550639017
9.385894572668096
89.95211529739282
6.1337690573772585
17.946257567606196
97.13845566337673
22.085994733641634
39.265048411445555
63.59661113669155
93.08445570998553
37.291192773134
47.91296480401843
2.5347408581361863
11.688219699258529
57.96978492340894
42.756443606081305
2.540768597200427
5.158409677317399
94.06776283975509
7.837696073047118
41.89389417310612
95.07082819980961
10.431726968562272
66.47730781546122
87.67354360480456
85.06762172093167
64.95842702389199
59.126879041700775
39.407536499904474
9.096977800083605
79.37657730258303
21.155213366860238
77.74019547941657
4.55382335086707
35.396201651376536
73.29630988421407
3.3877450571498713
85.28440753574283
17.576462129106595
1.0085810462101996
35.25804949148086
80.00240373225871
61.56026913827775
40.01365328064066
28.575925075733966
80.82027526094929
80.3032063781114
25.792813596400045
70.07165119936212
35.636313320762625
53.67569544765212
65.99681815697221
99.07894811963483
88.75574765714786
41.53099480964308
49.75663989803623
19.58875154815949
82.35798370491891
15.855473154595877
12.876623229982398
94.39726053503676
36.519891168388966
77.43929062273051
98.88054979326108
64.23363358608687
66.19649448497138
48.71537654842457
5.665794565448223
5.474885329710499
71.64228360927574
56.05408530552087
92.9078904555952
21.537385849099877
49.56680986772679
14.09950507704063
26.69540618473778
44.66232957181617
Budget
2376.2911269024517
Profits
-7.335928248798487
-10.477571495688235
-4.205128613066251
-16.386762709179912
-10.027422970350454
-11.18710582499534
-10.471183991204644
-8.317391362212065
-10.8030304604514
-13.791330999612432
-2.8767124235152286
-13.702747166177437
-0.5427545974089876
-15.7076617734608
-13.785564839072771
-4.845160817451961
-14.226460537086087
-8.069176101394437
-15.035989363349405
-3.0332431380398717
-2.7686105322712207
-4.333914680373017
-18.42699014302364
-0.45381709101278034
-1.8771789145336193
-17.990423059478566
-1.2267538114754517
-3.5892515135212393
-19.427691132675346
-4.417198946728327
-7.853009682289111
-12.71932222733831
-18.616891141997108
-7.4582385546268
-9.582592960803686
-0.5069481716272373
-2.3376439398517057
-11.593956984681787
-8.551288721216261
-0.5081537194400854
-1.0316819354634799
-18.813552567951017
-1.5675392146094236
-8.378778834621224
-19.014165639961924
-2.0863453937124543
-13.295461563092243
-17.534708720960914
-17.013524344186333
-12.991685404778398
-11.825375808340155
-7.881507299980894
-1.819395560016721
-15.875315460516607
-4.231042673372047
-15.548039095883315
-0.910764670173414
-7.079240330275307
-14.659261976842814
-0.6775490114299743
-17.056881507148567
-3.515292425821319
-0.20171620924203992
-7.051609898296173
-16.000480746451743
-12.31205382765555
-8.002730656128133
-5.715185015146793
-16.16405505218986
-16.06064127562228
-5.158562719280009
-14.014330239872425
-7.127262664152525
-10.735139089530424
-13.199363631394442
-19.815789623926968
-17.751149531429572
-8.306198961928617
-9.951327979607246
-3.9177503096318977
-16.47159674098378
-3.1710946309191756
-2.5753246459964796
-18.879452107007353
-7.303978233677793
-15.487858124546102
-19.776109958652217
-12.846726717217374
-13.239298896994276
-9.743075309684915
-1.1331589130896447
-1.0949770659420999
-14.328456721855147
-11.210817061104175
-18.581578091119038
-4.307477169819975
-9.913361973545358
-2.819901015408126
-5.339081236947556
-8.932465914363235
FactorLoading_Φ
-0.051743335239632815	-0.2991610952281496	0.5035267665865577	0.14556880294565988
-0.06729931756664809	0.31450196310369916	-0.5180580054817077	-0.1001407138479451
0.0023931975517421655	0.18565806618599212	0.5566310682175093	-0.2553176680447564
0.14764028525784756	-0.10882717165749467	0.2946223184724934	0.44891022461216434
0.012160221223451506	0.729050046972888	0.2531002877322168	0.005689444071443672
-0.35263375297350197	0.054550063318734354	-0.5614906615661415	0.03132552214162221
-0.09361325416790733	0.003622731679997493	0.681994651292058	0.22076936286003712
-0.24038931884729053	-0.1463877384343102	-0.06808914180856629	-0.545133800909833
0.33522956572245755	-0.2101538699544474	-0.022559030225590693	-0.43205753409750436
-0.8264866793993799	0.13386350401497094	0.007645422279525027	0.03200439430612412
-0.41856030346978446	0.4774738168171595	-0.04567684294246033	0.058289036770595715
0.3292760024464658	-0.17560951569832994	-0.15772356322747538	0.33739091862772885
-0.10089024264110513	0.3332743455750473	0.3880602171427565	-0.17777519464109104
-0.16949627646984533	0.36198603659031114	-0.27456180056411794	-0.19395588637572558
-0.220993836130851	-0.1875285002509095	0.23651578465816225	-0.35496187896007725
-0.18831781620427446	-0.22613902483131842	-0.1288224709735517	-0.4567206879908554
-0.3288273624381992	0.10651656578842994	0.3456100745371393	-0.21904599723623153
0.16036082536737295	0.2758859934423188	-0.3950544330893633	-0.16869874810094498
-0.09242105390618227	-0.5550287475354894	0.188829088784503	0.16372110977382537
-0.169849000357712	0.05288368606036098	0.0951109010264688	0.6821564125554582
-0.2130766277741838	-0.20761867944374646	0.007450971050700694	-0.5718537217313691
0.06498151304617439	-0.46725537150943786	0.40240040196854054	0.06536271347584721
0.37249652714285264	0.5927741126387374	-0.029220216784586084	0.005509143433823915
-0.2926899205668241	-0.13366520518293767	-0.45966220093803933	-0.11398267331219891
0.06984308863371913	-0.00366850423579268	-0.27572679220773244	-0.6507616149227557
-0.024494135076497336	-0.17839299720153612	-0.43741941363400394	0.3596934540879626
0.2577401850462129	-0.09910484077172343	0.607152349964013	-0.03600262421805067
-0.22155424205075436	-0.43676124174553865	0.10644580082909916	0.23523871537460783
0.12175913407720729	-0.31862190367367793	0.4026464093220872	0.1569725529270276
-0.19980656168287592	0.20687192156250456	-0.31168769378643235	-0.2816338229681872
0.09510443553866499	0.02402960210413929	0.8507748121012846	0.030091150255911137
0.12233217116897688	-0.27695174171765213	-0.4917663691652965	0.10894971794807451
-0.2917843481722868	-0.19858844695530853	0.2255246858734663	0.28410251899893835
-0.5899111791381544	-0.09763538128211913	0.014700752928571426	-0.29775268665115506
-0.6108804482454162	0.07424693260966153	0.09769623609386957	-0.2171763830510527
0.25696242047625195	-0.10734153670778035	-0.32841031345736194	0.30728572935860576
-0.2041983344528473	0.11699362056391638	-0.08472018780839075	0.5940878571748456
-0.6004781894169704	-0.07916695306286559	-0.221476020835496	-0.09887883668466801
-0.013048476082891058	-0.15075317596061089	0.5017522436298048	-0.3344461043266933
0.5026773570289103	0.15161657266991813	-0.11822180286797268	0.22748426743319894
0.03741484983626364	0.2755079260463835	0.04570721527732036	0.6413700088400325
-0.15122842790871371	0.22500751815755105	-0.06498117427294092	0.5587828796607943
0.06424001647212596	-0.0016188141925816968	0.26053556799204314	-0.6736056013432492
0.16054913476555033	-0.2224265018615168	0.025226362963439275	0.5917980004094936
-0.2855769467717699	-0.6066328315963472	0.028945876693422967	0.07884434493845993
-0.19961580290503877	-0.4512871978849773	-0.10963716404010149	-0.23945983516988245
0.020871271609298248	0.6084524241461886	0.03491781891425361	0.33575848533025954
-0.45966562106591	0.0762287367589305	-0.14362937462270775	0.32047626755245173
0.059159346831775705	-0.48635606637779416	0.031305671604408	0.42317891518602213
0.3152817042508729	0.4541555599374727	0.2278103434839669	0.002752392327687536
0.20502949380878954	-0.36609145430839507	-0.36856972662724896	0.060309325255566426
0.09621438101474933	0.13669094078681354	-0.7528066877481494	-0.014287990450287724
-0.19058789092269612	0.28231974726309716	0.5030907293159739	-0.02400163249823284
-0.038398463309249564	-0.29237465884249025	0.20964371453422648	-0.4595831633140337
-0.3066965259169525	0.036045952457293584	0.5082917746177706	0.14896574700798326
0.28859214838884384	0.3893903587289411	-0.11055630718039589	-0.21146118570181915
-0.014967242536362058	-0.2516787625113479	0.3391801055141228	-0.3941738894381672
0.10939307887983718	0.3920987010251138	-0.28345281721294624	0.2150554028821028
-0.833730958597467	0.08192049959960745	-0.05982538782863567	0.024523153974289835
0.5040553122127336	-0.19395846311084153	-0.2948190545401226	-0.007167170136302303
-0.3038058786547626	-0.24862660761825017	0.03831438978152191	-0.4092531239454653
0.018007066945095573	0.5755161664225419	-0.09641400250682963	-0.3100627641255329
0.13792866952555172	0.29291027089311217	0.04644379961408007	0.522717259967256
0.0455532937433738	0.02419511221786741	0.335187284961989	-0.5950643090767698
0.5484905448036881	-0.35056176216317136	0.09831983319534965	0.0026278598377909024
-0.24127642514892966	0.14906359833025684	-0.4401908282258906	0.16946914829492288
-0.278592793060191	0.236859794818308	-0.3299103834402948	-0.1546370286812062
0.21759812560754055	0.6686511661181775	0.0010918843024911862	-0.11265882397179072
-0.5768366546930377	-0.18892006339601286	0.08754038563888811	-0.14670289627206134
0.1265130184442147	0.44313907897707683	0.4140354863046518	0.016312416274056663
0.13501210689885146	0.12391299439917458	0.5897751062280281	0.15129979247394587
-0.3235048444251212	-0.2771741755582866	0.2955045639872984	-0.10381641602929381
-0.11401001115375853	0.07321319440813956	-0.26889986820400247	0.5438769262340994
-0.6302761490379087	-0.05936598789142988	-0.22353763996026843	-0.08682022311039295
-0.28689645150191456	-0.3682264009867233	0.32194794994062415	0.02292919757073797
0.03458738446212628	-0.2981094980638277	0.5214547414223338	-0.1458483760517122
0.418527021936538	0.23786407434190848	-0.2703739848321747	-0.07323491888937883
-0.04496019522912098	0.44823352969799224	0.1254080941162785	-0.38139818095660827
-0.08093531822792044	-0.14725641546747603	0.46455489525249094	-0.3072533710521126
-0.5514354878971619	0.13313242488973942	-0.1689300131595064	-0.14650207405359228
0.5113276476456188	-0.16179713737270385	0.29040930179963653	-0.03646591318204084
-0.0017348797394172166	-0.12809942802149044	-0.6940872878852908	-0.1760784043538015
-0.22271518389524214	-0.24605707747955785	-0.39757968617864226	-0.13364805244655775
0.25672633015261015	0.11150692045086141	0.5570963680451577	-0.07467038135137072
-0.6069559794472836	-0.1287097573515028	0.2033840004033156	0.06095026279789795
0.5947536932185817	0.1449247435195058	-0.04522249165386527	-0.2150990716080472
0.11516150640019474	-0.4911102573416053	0.37582793963240446	-0.01790029662579551
-0.05186381723950251	-0.39289286150867486	0.43159765590935684	0.1236456653424658
-0.16472386431763653	0.3022335398924698	0.030716615357737842	-0.5023259804321558
0.07398234141088311	0.32138902781019096	0.289487291215238	-0.31514133956368795
0.1603276257796844	0.12571127225827583	0.008326261058321904	0.7056348409037179
0.044097632533942166	0.32577303261227275	-0.27988551872814904	-0.35024381612563604
-0.34927732782422516	-0.12425125670603454	-0.0038423658033071018	0.5226290496664332
0.1544175246173507	0.6072729711299785	-0.05521046328508161	0.18309904096758922
-0.08952663570408603	-0.5955053200770273	0.10191538803738243	-0.21305265618150426
-0.2997610464558642	-0.06613178757986504	-0.5564892658911653	0.07761790007310543
0.2134796802621879	-0.47173675188352493	-0.31083779682147794	-0.003945771032809242
-0.06760570980060931	-0.15190472203385363	0.10571817485324475	-0.6747713933122923
0.2699873074689687	-0.4262228958638592	0.2836333198955745	-0.020156476771597598
0.09796368553584833	0.21639506173800527	-0.02947447700932493	0.6561667757168215
FactorLoading_Ψ
-0.051743335239632815	-0.2991610952281496	0.5035267665865577	0.14556880294565988
-0.06729931756664809	0.31450196310369916	-0.5180580054817077	-0.1001407138479451
0.0023931975517421655	0.18565806618599212	0.5566310682175093	-0.2553176680447564
0.14764028525784756	-0.10882717165749467	0.2946223184724934	0.44891022461216434
0.012160221223451506	0.729050046972888	0.2531002877322168	0.005689444071443672
-0.35263375297350197	0.054550063318734354	-0.5614906615661415	0.03132552214162221
-0.09361325416790733	0.003622731679997493	0.681994651292058	0.22076936286003712
-0.24038931884729053	-0.1463877384343102	-0.06808914180856629	-0.545133800909833
0.33522956572245755	-0.2101538699544474	-0.022559030225590693	-0.43205753409750436
-0.8264866793993799	0.13386350401497094	0.007645422279525027	0.03200439430612412
-0.41856030346978446	0.4774738168171595	-0.04567684294246033	0.058289036770595715
0.3292760024464658	-0.17560951569832994	-0.15772356322747538	0.33739091862772885
-0.10089024264110513	0.3332743455750473	0.3880602171427565	-0.17777519464109104
-0.16949627646984533	0.36198603659031114	-0.27456180056411794	-0.19395588637572558
-0.220993836130851	-0.1875285002509095	0.23651578465816225	-0.35496187896007725
-0.18831781620427446	-0.22613902483131842	-0.1288224709735517	-0.4567206879908554
-0.3288273624381992	0.10651656578842994	0.3456100745371393	-0.21904599723623153
0.16036082536737295	0.2758859934423188	-0.3950544330893633	-0.16869874810094498
-0.09242105390618227	-0.5550287475354894	0.188829088784503	0.16372110977382537
-0.169849000357712	0.05288368606036098	0.0951109010264688	0.6821564125554582
-0.2130766277741838	-0.20761867944374646	0.007450971050700694	-0.5718537217313691
0.06498151304617439	-0.46725537150943786	0.40240040196854054	0.06536271347584721
0.37249652714285264	0.5927741126387374	-0.029220216784586084	0.005509143433823915
-0.2926899205668241	-0.13366520518293767	-0.45966220093803933	-0.11398267331219891
0.06984308863371913	-0.00366850423579268	-0.27572679220773244	-0.6507616149227557
-0.024494135076497336	-0.17839299720153612	-0.43741941363400394	0.3596934540879626
0.2577401850462129	-0.09910484077172343	0.607152349964013	-0.03600262421805067
-0.22155424205075436	-0.43676124174553865	0.10644580082909916	0.23523871537460783
0.12175913407720729	-0.31862190367367793	0.4026464093220872	0.1569725529270276
-0.19980656168287592	0.20687192156250456	-0.31168769378643235	-0.2816338229681872
0.09510443553866499	0.02402960210413929	0.8507748121012846	0.030091150255911137
0.12233217116897688	-0.27695174171765213	-0.4917663691652965	0.10894971794807451
-0.2917843481722868	-0.19858844695530853	0.2255246858734663	0.28410251899893835
-0.5899111791381544	-0.09763538128211913	0.014700752928571426	-0.29775268665115506
-0.6108804482454162	0.07424693260966153	0.09769623609386957	-0.2171763830510527
0.25696242047625195	-0.10734153670778035	-0.32841031345736194	0.30728572935860576
-0.2041983344528473	0.11699362056391638	-0.08472018780839075	0.5940878571748456
-0.6004781894169704	-0.07916695306286559	-0.221476020835496	-0.09887883668466801
-0.013048476082891058	-0.15075317596061089	0.5017522436298048	-0.3344461043266933
0.5026773570289103	0.15161657266991813	-0.11822180286797268	0.22748426743319894
0.03741484983626364	0.2755079260463835	0.04570721527732036	0.6413700088400325
-0.15122842790871371	0.22500751815755105	-0.06498117427294092	0.5587828796607943
0.06424001647212596	-0.0016188141925816968	0.26053556799204314	-0.6736056013432492
0.16054913476555033	-0.2224265018615168	0.025226362963439275	0.5917980004094936
-0.2855769467717699	-0.6066328315963472	0.028945876693422967	0.07884434493845993
-0.19961580290503877	-0.4512871978849773	-0.10963716404010149	-0.23945983516988245
0.020871271609298248	0.6084524241461886	0.03491781891425361	0.33575848533025954
-0.45966562106591	0.0762287367589305	-0.14362937462270775	0.32047626755245173
0.059159346831775705	-0.48635606637779416	0.031305671604408	0.42317891518602213
0.3152817042508729	0.4541555599374727	0.2278103434839669	0.002752392327687536
0.20502949380878954	-0.36609145430839507	-0.36856972662724896	0.060309325255566426
0.09621438101474933	0.13669094078681354	-0.7528066877481494	-0.014287990450287724
-0.19058789092269612	0.28231974726309716	0.5030907293159739	-0.02400163249823284
-0.038398463309249564	-0.29237465884249025	0.20964371453422648	-0.4595831633140337
-0.3066965259169525	0.036045952457293584	0.5082917746177706	0.14896574700798326
0.28859214838884384	0.3893903587289411	-0.11055630718039589	-0.21146118570181915
-0.014967242536362058	-0.2516787625113479	0.3391801055141228	-0.3941738894381672
0.10939307887983718	0.3920987010251138	-0.28345281721294624	0.2150554028821028
-0.833730958597467	0.08192049959960745	-0.05982538782863567	0.024523153974289835
0.5040553122127336	-0.19395846311084153	-0.2948190545401226	-0.007167170136302303
-0.3038058786547626	-0.24862660761825017	0.03831438978152191	-0.4092531239454653
0.018007066945095573	0.5755161664225419	-0.09641400250682963	-0.3100627641255329
0.13792866952555172	0.29291027089311217	0.04644379961408007	0.522717259967256
0.0455532937433738	0.02419511221786741	0.335187284961989	-0.5950643090767698
0.5484905448036881	-0.35056176216317136	0.09831983319534965	0.0026278598377909024
-0.24127642514892966	0.14906359833025684	-0.4401908282258906	0.16946914829492288
-0.278592793060191	0.236859794818308	-0.3299103834402948	-0.1546370286812062
0.21759812560754055	0.6686511661181775	0.0010918843024911862	-0.11265882397179072
-0.5768366546930377	-0.18892006339601286	0.08754038563888811	-0.14670289627206134
0.1265130184442147	0.44313907897707683	0.4140354863046518	0.016312416274056663
0.13501210689885146	0.12391299439917458	0.5897751062280281	0.15129979247394587
-0.3235048444251212	-0.2771741755582866	0.2955045639872984	-0.10381641602929381
-0.11401001115375853	0.07321319440813956	-0.26889986820400247	0.5438769262340994
-0.6302761490379087	-0.05936598789142988	-0.22353763996026843	-0.08682022311039295
-0.28689645150191456	-0.3682264009867233	0.32194794994062415	0.02292919757073797
0.03458738446212628	-0.2981094980638277	0.5214547414223338	-0.1458483760517122
0.418527021936538	0.23786407434190848	-0.2703739848321747	-0.07323491888937883
-0.04496019522912098	0.44823352969799224	0.1254080941162785	-0.38139818095660827
-0.08093531822792044	-0.14725641546747603	0.46455489525249094	-0.3072533710521126
-0.5514354878971619	0.13313242488973942	-0.1689300131595064	-0.14650207405359228
0.5113276476456188	-0.16179713737270385	0.29040930179963653	-0.03646591318204084
-0.0017348797394172166	-0.12809942802149044	-0.6940872878852908	-0.1760784043538015
-0.22271518389524214	-0.24605707747955785	-0.39757968617864226	-0.13364805244655775
0.25672633015261015	0.11150692045086141	0.5570963680451577	-0.07467038135137072
-0.6069559794472836	-0.1287097573515028	0.2033840004033156	0.06095026279789795
0.5947536932185817	0.1449247435195058	-0.04522249165386527	-0.2150990716080472
0.11516150640019474	-0.4911102573416053	0.37582793963240446	-0.01790029662579551
-0.05186381723950251	-0.39289286150867486	0.43159765590935684	0.1236456653424658
-0.16472386431763653	0.3022335398924698	0.030716615357737842	-0.5023259804321558
0.07398234141088311	0.32138902781019096	0.289487291215238	-0.31514133956368795
0.1603276257796844	0.12571127225827583	0.008326261058321904	0.7056348409037179
0.044097632533942166	0.32577303261227275	-0.27988551872814904	-0.35024381612563604
-0.34927732782422516	-0.12425125670603454	-0.0038423658033071018	0.5226290496664332
0.1544175246173507	0.6072729711299785	-0.05521046328508161	0.18309904096758922
-0.08952663570408603	-0.5955053200770273	0.10191538803738243	-0.21305265618150426
-0.2997610464558642	-0.06613178757986504	-0.5564892658911653	0.07761790007310543
0.2134796802621879	-0.47173675188352493	-0.31083779682147794	-0.003945771032809242
-0.06760570980060931	-0.15190472203385363	0.10571817485324475	-0.6747713933122923
0.2699873074689687	-0.4262228958638592	0.2836333198955745	-0.020156476771597598
0.09796368553584833	0.21639506173800527	-0.02947447700932493	0.6561667757168215
Conflicts
62 85
81 15
7 94
7 78
14 64
7 86
32 64
31 98
94 46
68 57
29 15
28 52
47 85
4 70
60 84
25 19
99 17
55 98
4 75
46 24
71 46
60 19
69 48
10 33
31 35
87 33
99 49
83 17
86 22
62 41
83 33
81 88
100 41
76 33
90 18
53 58
62 76
13 58
64 73
15 38
63 74
87 46
4 1
25 97
55 30
35 64
100 65
5 33
25 92
81 5
17 15
71 25
92 24
47 45
27 90
51 41
29 39
29 73
95 84
25 74
38 96
59 49
25 15
87 1
71 97
1 73
91 1
76 84
94 1
66 8
98 18
51 85
86 79
8 73
74 33
48 70
9 41
83 58
54 33
62 18
47 84
31 61
68 67
100 85
39 88
68 47
66 28
54 21
91 18
74 79
36 52
26 90
32 29
76 45
72 19
80 16
53 57
60 59
3 64
68 36
25 87
86 72
67 65
17 39
67 52
8 82
66 89
19 33
78 93
75 25
50 21
31 73
86 36
69 21
68 60
7 52
25 42
84 85
68 49
87 65
2 57
26 57
14 10
71 8
25 32
31 34
67 1
29 79
80 59
7 51
23 93
53 74
86 16
65 1
62 97
72 73
14 90
6 20
13 8
76 85
92 34
58 41
61 90
10 15
2 81
80 86
26 42
67 40
25 66
29 97
22 46
34 52
4 3
89 64
10 5
9 87
42 96
65 45
40 79
43 59
10 52
13 67
63 65
4 88
34 86
7 77
68 48
87 57
81 64
54 80
59 24
23 33
68 87
42 97
49 24
60 16
29 72
63 75
40 59
53 56
81 17
10 87
71 67
88 12
58 64
77 42
55 67
23 29
81 18
93 79
29 48
81 95
3 18
34 6
32 65
31 78
92 85
63 81
28 96
78 80
71 60
39 84
23 89
34 12
26 48
66 88
79 44
7 11
69 19
83 53
42 56
36 88
77 1
79 33
83 48
94 41
39 57
63 36
23 59
80 12
98 16
17 24
43 100
31 53
13 1
2 90
66 93
16 20
47 53
3 51
21 6
100 49
37 5
61 97
67 16
93 21
52 73
9 97
75 64
58 28
8 79
50 51
75 38
53 33
74 44
88 44
36 85
54 2
93 88
23 55
37 38
72 88
89 48
83 3
92 86
83 52
4 16
77 98
78 3
69 65
54 95
83 86
65 20
25 85
34 30
89 22
92 61
16 12
72 97
89 61
54 10
13 36
40 84
92 8
14 32
31 74
81 89
42 70
86 21
49 90
68 99
64 51
77 29
91 82
65 33
99 45
62 70
66 19
71 6
23 62
54 17
6 18
100 36
35 91
68 74
100 16
97 38
69 97
34 93
68 8
66 65
80 51
62 33
49 51
38 24
74 19
32 46
23 69
35 81
47 38
64 95
99 76
78 56
62 21
70 49
37 2
35 87
2 38
16 49
68 83
87 6
11 8
36 49
34 90
26 62
54 69
27 87
86 81
98 85
63 1
77 97
86 2
43 11
34 64
67 19
14 70
32 81
19 85
71 53
66 30
37 40
33 85
8 1
61 74
23 1
61 84
17 59
75 91
11 1
54 25
64 22
82 45
69 38
78 88
95 6
43 84
43 32
98 96
87 5
65 36
50 52
14 45
2 33
32 96
74 39
3 52
34 98
4 53
98 70
81 69
89 95
78 52
34 87
28 15
31 51
27 51
51 33
7 24
80 70
4 86
19 90
31 59
50 61
26 61
100 53
36 59
19 18
47 32
34 82
16 93
37 89
7 65
87 56
22 96
11 82
34 97
15 73
71 13
26 64
37 65
59 84
40 74
56 90
78 24
25 98
80 44
32 57
13 86
81 40
5 91
27 46
50 22
93 1
4 93
71 86
55 73
17 82
75 57
66 56
34 33
42 22
13 81
25 22
21 52
15 18
81 41
26 25
15 90
39 15
68 89
23 77
74 36
47 65
59 56
25 91
64 30
100 61
19 84
43 47
58 93
54 88
63 6
26 86
56 5
10 6
60 76
92 72
63 79
38 41
42 87
56 85
25 82
42 24
14 48
50 57
98 5
5 30
53 93
65 24
32 51
7 15
25 40
47 90
78 59
35 82
11 21
91 84
3 16
95 1
7 61
11 84
50 91
23 47
9 94
7 68
25 79
25 59
60 94
69 6
50 99
7 40
4 6
100 18
60 95
98 49
69 40
25 10
4 91
29 33
81 44
95 70
75 66
26 6
25 24
31 89
23 38
86 51
63 70
9 2
5 15
35 77
71 63
47 52
47 14
23 45
34 16
7 6
96 24
16 70
37 84
83 6
7 79
31 69
40 94
47 56
89 56
83 39
94 20
92 21
75 52
83 38
55 89
88 45
93 62
10 65
58 52
77 52
78 34
78 51
23 14
31 62
32 93
42 83
68 10
26 83
60 40
71 57
7 3
68 13
36 41
34 61
54 50
77 72
26 43
63 13
71 69
22 91
47 35
9 52
8 57
93 87
57 82
32 39
71 93
34 73
76 82
53 76
93 6
97 6
55 86
47 33
14 67
2 73
55 52
2 96
9 34
66 59
10 51
61 1
67 45
63 61
46 1
43 46
23 72
49 33
31 16
94 52
64 49
67 5
60 52
10 50
55 19
7 8
17 87
27 82
15 6
81 19
99 18
68 58
8 38
86 64
99 24
5 18
14 99
32 12
15 21
37 91
26 10
7 87
37 70
68 56
37 50
71 68
43 89
13 69
22 20
75 55
15 24
76 96
67 64
25 36
75 35
4 80
16 85
97 21
7 13
81 39
75 85
74 87
26 52
31 94
50 89
9 33
7 97
89 17
4 39
84 18
52 88
60 64
80 5
93 41
47 100
57 6
69 41
2 70
32 67
71 52
74 46
48 18
67 57
92 45
55 11
7 47
98 58
62 24
44 30
54 91
13 3
58 46
97 96
92 17
77 58
28 79
84 30
71 51
34 2
75 76
83 20
5 73
10 66
68 3
26 76
71 62
97 84
77 69
92 89
77 66
67 94
66 36
25 41
26 85
77 73
71 34
74 76
54 24
14 31
14 53
23 94
92 13
61 16
31 3
99 38
19 87
13 57
61 17
35 29
3 48
4 21
78 48
19 52
23 12
47 99
66 79
75 94
80 38
71 4
16 76
89 8
31 65
4 72
54 30
17 41
100 34
89 67
34 84
37 67
46 82
31 96
39 18
68 33
96 15
26 31
37 15
81 96
55 62
79 45
74 24
70 97
29 49
60 44
100 60
99 15
81 90
4 100
38 12
49 1
61 87
50 69
54 66
98 91
93 82
100 31
11 73
71 29
76 91
14 29
68 63
49 79
79 73
54 77
7 69
40 44
61 62
19 12
43 21
10 44
29 19
96 33
61 93
6 90
80 52
14 17
93 85
54 93
10 3
64 12
91 57
23 99
40 97
76 20
37 76
27 91
12 20
24 45
12 45
92 57
14 39
89 96
19 96
65 41
100 8
75 99
78 94
72 20
37 73
60 77
68 2
48 24
97 88
77 85
27 56
42 79
13 10
81 11
28 90
87 48
11 79
53 22
86 56
60 10
34 79
32 98
26 45
13 66
4 62
75 46
5 41
10 81
8 84
40 12
80 56
81 94
54 83
74 65
82 24
78 5
37 42
34 80
76 8
14 60
43 22
68 14
68 80
35 76
89 74
75 88
40 22
42 45
86 3
80 57
77 27
50 88
48 95
60 21
47 9
92 67
35 49
9 73
55 84
36 95
27 45
50 66
54 75
27 96
71 61
21 18
23 15
42 20
71 11
31 44
62 44
8 24
75 2
16 45
14 84
3 6
7 32
53 44
52 1
88 82
48 5
81 51
26 37
78 21
31 93
43 35
24 73
41 44
47 87
20 1
86 20
10 93
55 20
81 82
35 15
63 92
27 85
54 96
25 83
25 99
71 21
92 58
81 46
29 3
49 52
100 73
2 64
19 36
95 12
3 8
98 59
42 99
31 12
37 24
4 64
28 17
69 2
63 76
47 77
93 33
71 45
79 5
10 45
2 5
77 11
71 47
77 24
34 66
47 58
9 5
80 17
64 24
60 80
75 3
83 96
2 72
62 1
23 54
83 82
65 56
95 97
70 24
36 30
43 41
34 83
55 40
87 18
99 30
98 67
50 55
80 48
71 59
39 1
98 15
50 76
95 24
14 42
26 54
72 17
35 51
68 19
28 82
56 97
14 12
66 62
92 12
63 39
66 21
42 52
8 96
51 38
51 18
42 39
81 99
89 49
28 5
79 1
61 52
89 91
17 76
32 36
15 33
25 89
7 81
47 18
48 65
70 20
97 24
72 96
35 97
55 36
2 17
50 40
98 93
70 21
25 95
75 73
23 6
25 72
32 18
33 6
40 3
80 11
79 15
81 22
81 67
49 84
77 18
77 20
71 33
66 61
16 65
80 24
66 18
53 45
69 88
34 95
23 35
66 94
55 8
48 45
89 39
4 96
71 76
47 49
71 94
80 30
9 88
65 21
4 85
26 73
13 22
29 84
77 39
81 53
91 30
68 76
48 41
7 20
25 3
99 74
68 22
9 93
85 30
37 36
86 74
94 57
46 18
23 18
74 84
65 15
66 64
63 28
28 65
77 93
100 32
26 4
72 22
28 76
23 21
78 44
29 12
63 41
61 11
51 96
100 74
80 40
43 58
27 39
14 33
14 40
31 72
16 30
10 12
70 33
56 49
23 41
37 19
25 61
9 99
50 27
23 46
9 10
72 95
89 46
54 51
29 94
36 51
76 6
65 5
86 61
14 11
61 36
98 69
92 56
71 83
81 45
7 45
72 15
80 97
63 46
21 73
74 52
19 73
48 8
78 84
71 92
68 85
71 99
77 67
92 46
40 91
78 11
15 30
72 48
81 62
60 22
2 3
8 46
60 83
53 94
17 52
64 18
19 30
11 85
58 44
19 20
41 33
50 19
23 24
43 6
78 18
73 20
81 20
2 51
10 74
92 52
60 90
43 34
14 73
77 88
65 11
9 53
68 84
99 20
49 30
92 19
10 85
23 10
81 21
7 4
57 46
70 41
62 57
13 79
16 18
95 45
93 44
60 3
78 22
58 45
35 39
40 8
78 89
47 11
26 53
66 33
56 38
35 70
43 93
17 36
7 37
37 30
8 41
94 21
93 52
7 96
28 41
71 55
3 36
43 81
14 20
72 64
49 5
58 11
54 38
51 57
87 8
61 56
68 21
65 73
7 60
32 3
44 90
32 38
49 57
60 8
89 30
31 85
29 90
72 62
63 82
81 30
50 97
9 84
39 90
29 16
68 59
13 93
35 90
31 1
55 1
43 90
100 75
36 84
61 45
19 39
23 63
64 57
63 60
2 52
77 48
7 59
60 24
82 85
11 88
11 57
31 42
13 62
63 83
53 8
81 48
25 86
31 20
54 74
71 38
75 53
9 56
37 85
37 29
100 80
71 84
68 70
16 44
80 3
93 65
13 55
15 20
15 44
47 15
66 85
27 5
10 49
75 90
54 63
25 21
25 34
70 8
13 61
81 74
50 20
50 58
66 46
75 30
4 84
93 8
42 65
65 8
31 24
79 82
22 84
50 79
80 45
94 6
48 79
3 41
27 11
56 18
69 29
61 85
66 24
29 1
7 72
62 79
22 30
26 88
88 84
2 61
13 51
57 52
21 57
35 65
77 82
50 29
13 42
81 33
50 81
100 20
28 48
70 1
9 38
9 91
37 3
98 2
71 79
37 99
100 88
66 98
56 33
78 73
33 24
97 85
80 15
5 46
100 33
63 64
10 18
23 27
68 35
3 49
9 77
80 62
63 21
96 45
19 44
2 99
56 96
7 53
7 12
97 76
40 73
7 22
54 36
71 42
64 46
100 19
43 99
87 45
4 56
79 6
94 76
89 84
96 12
61 19
86 73
92 88
80 28
25 76
4 69
89 41
61 72
86 15
17 8
55 39
76 18
63 44
28 70
2 19
42 88
9 54
58 17
10 39
43 62
99 36
70 96
96 90
37 82
86 30
32 62
93 38
68 17
36 45
57 88
75 45
26 55
9 76
6 1
42 57
41 20
14 75
70 76
13 59
4 10
78 60
48 51
37 94
58 57
88 30
95 21
59 79
31 10
63 11
17 73
43 13
47 86
69 30
7 90
87 39
47 4
27 93
56 94
34 39
4 81
16 91
13 82
86 18
23 51
69 28
61 22
47 25
11 46
94 73
94 44
83 76
92 60
2 74
16 82
4 40
49 44
80 22
89 99
22 33
17 12
66 15
13 90
72 33
86 49
98 24
47 66
68 46
89 88
67 99
75 62
50 84
22 90
39 85
23 61
75 77
15 82
68 91
72 59
19 16
40 19
47 37
23 66
89 44
68 31
42 16
48 6
37 57
19 6
42 89
72 28
86 40
25 45
54 27
31 70
83 2
27 20
80 29
9 80
55 18
43 78
9 78
64 41
19 8
99 57
17 20
96 52
29 21
5 57
16 52
55 96
26 44
42 66
98 36
40 41
63 24
77 53
12 18
2 44
44 18
26 11
59 38
81 85
75 80
26 92
86 12
40 45
71 82
14 46
33 1
90 33
10 34
48 20
60 29
11 22
53 67
91 24
48 97
32 84
97 1
55 97
24 20
34 89
83 11
54 14
14 52
75 34
28 12
68 40
10 57
54 58
87 12
65 70
9 28
19 15
13 25
40 88
65 90
67 97
98 41
23 8
69 18
58 38
83 1
9 60
43 28
78 30
83 45
32 97
58 1
43 75
4 57
57 24
55 12
100 3
25 81
74 56
4 76
89 87
92 14
65 57
90 24
30 18
75 92
47 12
92 44
28 46
71 90
54 53
14 49
58 20
14 19
93 17
63 3
95 11
92 70
98 84
41 1
50 11
42 3
9 29
33 45
23 91
41 84
78 39
89 6
16 64
4 8
42 95
28 57
61 96
83 27
61 91
10 84
77 19
78 58
48 88
43 82
49 20
72 18
88 18
3 5
7 74
43 12
63 22
88 91
74 20
68 81
60 81
65 12
67 61
51 91
48 36
2 24
62 8
16 56
42 69
29 20
82 30
87 64
80 72
78 55
66 11
87 97
23 100
3 67
38 90
98 20
16 97
7 63
37 92
47 76
40 87
7 30
79 30
43 49
71 1
14 94
16 24
42 6
76 52
63 49
46 33
23 67
39 24
54 31
34 51
2 45
31 88
2 40
86 82
58 39
48 76
48 38
49 38
86 84
87 85
100 97
40 24
69 94
54 49
66 6
35 44
37 80
61 79
54 94
10 77
35 1
14 35
100 82
76 38
66 81
81 16
3 73
17 88
80 89
26 78
7 1
77 40
58 48
80 74
80 82
7 80
32 6
13 96
21 33
13 11
69 51
35 58
55 27
13 46
29 8
87 11
4 67
78 67
4 52
93 45
75 19
4 12
11 5
75 24
78 19
25 18
37 98
13 87
86 90
69 87
75 44
7 67
78 74
47 93
70 30
78 40
13 98
61 48
5 90
35 18
83 91
91 46
100 35
62 90
83 18
42 5
67 48
67 46
23 64
42 59
35 83
27 41
41 82
81 3
3 11
68 66
9 39
100 50
35 12
13 76
40 28
63 72
8 51
63 88
99 19
25 30
31 67
37 32
87 38
16 41
94 91
19 51
42 46
26 14
42 67
63 4
98 65
50 28
93 5
51 1
13 65
36 82
55 42
89 51
58 6
87 70
83 24
80 36
44 12
6 91
70 57
83 66
62 6
31 33
93 59
92 35
10 38
78 16
61 38
32 77
10 88
86 28
26 22
63 33
63 84
17 90
85 1
26 41
54 40
44 52
95 20
97 57
63 17
23 11
69 80
78 83
89 33
95 44
29 93
36 24
7 93
72 41
25 44
14 81
64 52
77 45
23 52
28 11
89 94
2 85
33 18
54 85
54 15
26 59
74 73
19 70
43 38
95 94
54 99
90 57
72 38
99 79
15 52
52 30
77 89
77 83
25 73
14 98
42 19
23 57
35 93
42 84
77 49
100 76
52 6
21 41
4 2
54 60
73 85
5 84
99 87
34 11
18 45
47 27
25 80
88 90
26 93
93 57
99 27
37 1
9 49
66 16
60 42
71 66
14 38
64 70
48 57
62 94
8 15
74 15
36 73
48 96
66 52
75 59
2 65
65 97
28 59
98 57
58 8
67 73
7 99
53 88
65 49
28 62
29 36
26 1
93 73
54 41
27 48
83 8
36 8
7 23
36 94
78 76
14 80
94 12
98 79
19 91
69 53
55 95
63 27
43 97
12 24
40 17
87 90
89 20
42 27
64 65
53 36
4 97
27 1
68 42
80 76
57 73
100 46
58 88
90 85
62 20
94 88
50 73
50 48
17 22
77 41
86 94
71 16
69 72
19 95
13 6
49 39
72 5
94 39
33 84
4 13
70 15
65 38
91 73
37 96
69 62
22 1
72 87
28 20
16 21
7 88
13 88
2 20
23 42
75 27
16 90
64 88
33 44
99 39
12 6
93 84
67 76
27 64
16 84
29 58
56 51
55 94
4 41
16 48
41 85
96 91
39 20
4 34
40 30
96 41
9 92
79 84
7 55
70 44
95 79
9 75
13 53
14 58
56 46
10 27
75 56
63 48
63 62
7 34
48 33
94 30
87 44
25 31
60 20
35 94
67 82
64 91
9 96
9 74
63 90
97 94
68 38
77 5
74 38
68 86
43 53
66 72
10 22
31 64
36 11
75 10
7 75
34 40
70 84
7 66
99 85
25 93
3 97
29 89
32 58
55 35
10 56
10 64
69 59
26 24
60 99
95 18
100 79
70 5
26 100
1 24
26 2
79 90
54 73
6 88
47 70
13 38
26 28
69 33
21 84
94 85
53 84
71 56
15 85
4 31
14 5
65 95
96 20
37 77
23 68
58 22
44 82
56 39
78 91
92 95
23 76
95 51
54 89
74 85
10 67
90 1
83 90
54 97
37 75
53 85
9 65
7 14
42 48
17 79
80 20
41 88
71 44
13 95
57 45
81 72
62 38
66 1
83 21
60 11
98 46
68 20
31 58
88 46
31 97
17 70
19 64
4 65
92 74
4 60
51 44
54 28
16 36
2 16
29 96
14 3
55 41
74 11
9 58
95 85
10 62
55 88
53 65
93 11
23 75
47 54
7 31
28 39
82 33
19 38
10 97
94 70
21 90
96 46
34 57
26 50
9 13
67 41
56 57
55 5
83 87
37 27
52 90
54 32
93 22
92 38
23 83
7 2
6 73
23 80
96 88
9 55
35 5
31 82
83 30
40 76
35 88
67 58
12 33
9 72
77 56
27 57
53 19
29 70
96 18
71 87
77 94
97 44
3 61
63 29
100 6
43 76
32 17
48 59
19 17
75 58
75 67
68 55
37 83
59 6
54 5
4 92
55 82
89 45
34 67
68 11
67 6
7 70
71 7
7 91
69 20
36 44
95 30
48 82
77 12
59 73
99 22
69 79
7 28
43 25
47 31
3 39
11 6
28 73
98 38
78 13
63 95
4 24
32 69
92 16
37 14
75 78
83 29
78 100
55 46
69 74
58 24
35 46
65 52
78 10
76 41
4 82
98 73
69 11
97 39
23 49
3 57
60 38
23 31
64 90
50 96
47 61
55 64
31 55
36 1
17 56
84 52
72 51
77 65
86 62
37 39
14 77
48 73
34 5
3 44
42 40
78 33
71 24
35 33
59 41
31 60
8 90
13 31
43 60
34 3
32 27
2 15
21 82
42 34
26 39
27 38
86 48
100 89
22 24
9 32
64 11
82 90
93 90
3 24
71 36
72 52
51 30
74 16
42 11
59 33
100 69
1 45
92 84
56 45
89 11
98 30
56 22
41 39
74 95
67 93
75 89
99 6
89 73
28 97
81 84
67 22
14 50
26 23
25 57
31 28
71 17
74 5
38 52
40 99
4 87
32 1
76 57
65 51
9 61
16 5
47 88
26 69
98 90
10 21
53 86
94 49
53 17
72 21
49 41
2 21
9 48
22 41
22 44
68 88
10 69
47 79
63 16
47 73
79 39
86 45
26 67
55 49
49 88
67 88
77 38
34 19
69 1
22 39
93 12
14 13
4 38
53 48
23 95
43 66
9 18
26 68
11 20
9 89
11 38
98 86
46 85
94 8
55 6
14 66
9 3
3 59
75 72
71 35
50 6
37 35
4 58
98 51
26 87
22 85
71 19
26 35
61 44
89 52
43 94
19 48
82 6
90 12
35 85
78 36
37 61
12 84
67 21
97 73
43 1
78 96
2 87
35 27
40 96
31 91
80 21
95 90
79 20
50 42
34 59
71 37
43 30
10 46
31 79
43 57
61 76
81 38
40 70
4 32
7 48
14 74
34 15
72 27
60 66
54 61
58 30
80 39
42 86
63 31
25 48
51 88
94 84
99 93
57 30
32 8
50 49
19 94
78 12
23 48
75 50
89 76
13 28
25 100
55 77
37 51
100 2
84 20
69 76
62 59
3 88
8 52
68 28
32 42
43 9
63 93
86 95
67 12
7 84
70 11
92 82
97 51
71 64
55 34
54 22
97 11
77 95
42 58
80 33
35 19
4 54
2 79
22 21
29 38
14 16
2 12
86 65
74 41
4 99
61 8
55 56
11 45
69 56
98 11
17 33
10 35
40 95
27 84
83 36
25 29
34 18
44 57
14 44
93 24
29 76
96 6
13 72
78 8
34 74
41 30
86 89
51 90
43 85
19 76
49 15
55 79
9 22
42 30
4 90
92 18
76 21
87 76
10 40
56 88
37 49
53 18
32 87
83 19
69 39
87 84
32 2
65 18
92 42
99 11
41 90
11 39
99 59
23 70
34 41
43 10
56 82
71 23
67 49
47 67
32 21
19 46
35 72
94 5
92 91
35 38
37 88
93 28
53 80
100 56
3 33
23 28
4 5
78 6
22 57
25 17
30 1
13 12
67 96
97 15
25 88
43 65
29 88
4 48
75 1
61 20
87 94
3 45
61 70
47 55
12 30
26 89
26 27
22 52
9 81
2 58
37 20
40 49
55 59
53 62
63 55
83 88
67 17
66 53
55 66
87 49
93 91
75 28
43 68
4 15
67 84
58 74
27 16
7 29
81 87
95 52
68 94
34 62
