InstanceID
2_150_4
NumObjects
150
NumFactors
4
Weights
36.679641243992435
52.38785747844117
21.025643065331256
81.93381354589955
50.13711485175227
55.9355291249767
52.35591995602322
41.586956811060325
54.01515230225699
68.95665499806216
14.383562117576144
68.51373583088719
2.713772987044938
78.538308867304
68.92782419536385
24.225804087259807
71.13230268543043
40.345880506972186
75.17994681674702
15.166215690199358
13.843052661356104
21.669573401865083
92.13495071511821
2.2690854550639017
9.385894572668096
89.95211529739282
6.1337690573772585
17.946257567606196
97.13845566337673
22.085994733641634
39.265048411445555
63.59661113669155
93.08445570998553
37.291192773134
47.91296480401843
2.5347408581361863
11.688219699258529
57.96978492340894
42.756443606081305
2.540768597200427
5.158409677317399
94.06776283975509
7.837696073047118
41.89389417310612
95.07082819980961
10.431726968562272
66.47730781546122
87.67354360480456
85.06762172093167
64.95842702389199
59.126879041700775
39.407536499904474
9.096977800083605
79.37657730258303
21.155213366860238
77.74019547941657
4.55382335086707
35.396201651376536
73.29630988421407
3.3877450571498713
85.28440753574283
17.576462129106595
1.0085810462101996
35.25804949148086
80.00240373225871
61.56026913827775
40.01365328064066
28.575925075733966
80.82027526094929
80.3032063781114
25.792813596400045
70.07165119936212
35.636313320762625
53.67569544765212
65.99681815697221
99.07894811963483
88.75574765714786
41.53099480964308
49.75663989803623
19.58875154815949
82.35798370491891
15.855473154595877
12.876623229982398
94.39726053503676
36.519891168388966
77.43929062273051
98.88054979326108
64.23363358608687
66.19649448497138
48.71537654842457
5.665794565448223
5.474885329710499
71.64228360927574
56.05408530552087
92.9078904555952
21.537385849099877
49.56680986772679
14.09950507704063
26.69540618473778
44.66232957181617
35.09044304677824
85.44311970543401
5.1743335239632815
12.237858256529698
3.3675508478897553
79.6688080700491
50.1391760392474
38.18012806703472
89.9859286152055
6.729931756664809
33.35668324800534
72.57205462206629
10.616672164265427
27.71652603765611
74.46823319552436
18.80512637377343
0.23931975517421655
87.0487567863361
97.56724678940658
77.87484636090112
22.84693358631087
55.10897753878356
25.64674569153422
14.764028525784756
82.46368380480118
5.225685685318604
68.94996374148292
55.4420585618008
1.2160221223451506
74.12102681963395
99.43105559285563
55.932148851167526
57.98387993059564
64.51216114108851
72.05610642446464
35.263375297350194
40.71838162922363
96.86744778583778
44.89163896782535
64.93414628424765
32.41339889614736
89.35467301780946
77.92306371399629
9.361325416790734
9.723598584790484
44.72952136694095
74.86954596902417
58.53275212983213
53.64351571360761
45.4866199090167
Budget
3596.6392398836083
Profits
-7.335928248798487
-10.477571495688235
-4.205128613066251
-16.386762709179912
-10.027422970350454
-11.18710582499534
-10.471183991204644
-8.317391362212065
-10.8030304604514
-13.791330999612432
-2.8767124235152286
-13.702747166177437
-0.5427545974089876
-15.7076617734608
-13.785564839072771
-4.845160817451961
-14.226460537086087
-8.069176101394437
-15.035989363349405
-3.0332431380398717
-2.7686105322712207
-4.333914680373017
-18.42699014302364
-0.45381709101278034
-1.8771789145336193
-17.990423059478566
-1.2267538114754517
-3.5892515135212393
-19.427691132675346
-4.417198946728327
-7.853009682289111
-12.71932222733831
-18.616891141997108
-7.4582385546268
-9.582592960803686
-0.5069481716272373
-2.3376439398517057
-11.593956984681787
-8.551288721216261
-0.5081537194400854
-1.0316819354634799
-18.813552567951017
-1.5675392146094236
-8.378778834621224
-19.014165639961924
-2.0863453937124543
-13.295461563092243
-17.534708720960914
-17.013524344186333
-12.991685404778398
-11.825375808340155
-7.881507299980894
-1.819395560016721
-15.875315460516607
-4.231042673372047
-15.548039095883315
-0.910764670173414
-7.079240330275307
-14.659261976842814
-0.6775490114299743
-17.056881507148567
-3.515292425821319
-0.20171620924203992
-7.051609898296173
-16.000480746451743
-12.31205382765555
-8.002730656128133
-5.715185015146793
-16.16405505218986
-16.06064127562228
-5.158562719280009
-14.014330239872425
-7.127262664152525
-10.735139089530424
-13.199363631394442
-19.815789623926968
-17.751149531429572
-8.306198961928617
-9.951327979607246
-3.9177503096318977
-16.47159674098378
-3.1710946309191756
-2.5753246459964796
-18.879452107007353
-7.303978233677793
-15.487858124546102
-19.776109958652217
-12.846726717217374
-13.239298896994276
-9.743075309684915
-1.1331589130896447
-1.0949770659420999
-14.328456721855147
-11.210817061104175
-18.581578091119038
-4.307477169819975
-9.913361973545358
-2.819901015408126
-5.339081236947556
-8.932465914363235
-7.018088609355648
-17.0886239410868
-1.0348667047926563
-2.44757165130594
-0.6735101695779511
-15.93376161400982
-10.027835207849481
-7.636025613406945
-17.9971857230411
-1.3459863513329617
-6.671336649601068
-14.514410924413259
-2.1233344328530857
-5.543305207531222
-14.893646639104873
-3.7610252747546857
-0.04786395103484331
-17.40975135726722
-19.513449357881317
-15.574969272180223
-4.569386717262174
-11.021795507756712
-5.129349138306845
-2.952805705156951
-16.492736760960234
-1.0451371370637208
-13.789992748296584
-11.088411712360159
-0.24320442446903012
-14.82420536392679
-19.886211118571126
-11.186429770233506
-11.596775986119129
-12.902432228217702
-14.411221284892928
-7.0526750594700385
-8.143676325844726
-19.373489557167556
-8.97832779356507
-12.986829256849528
-6.482679779229473
-17.870934603561892
-15.584612742799257
-1.872265083358147
-1.9447197169580968
-8.94590427338819
-14.973909193804834
-11.706550425966427
-10.728703142721523
-9.09732398180334
FactorLoading_Φ
-0.24038931884729053	-0.0027297801923542586	-0.14365795824195593	0.6132229427183993
-0.33522956572245755	-0.2327129001800381	-0.2506849259097521	0.18137260818775225
0.16787533308293145	0.6586113463164485	0.14150892629449596	-0.03200439430612412
0.4932405632730714	-0.40279355701387254	0.04567684294246033	0.058289036770595715
-0.3292760024464658	-0.17560951569832994	0.35327237157026636	0.14184211028493787
0.10089024264110513	0.3332743455750473	-0.044055711566604705	-0.5217797002172428
0.4310155118947723	-0.1004668011653842	-0.27456180056411794	0.19395588637572558
-0.220993836130851	0.1369671626566833	-0.05056133759422621	-0.5914776636182395
-0.005503741997503031	-0.40895309903808985	-0.1288224709735517	0.4567206879908554
0.2974035932986896	0.031423769139509616	-0.10651656578842994	0.5646560717733708
0.16036082536737295	-0.2758859934423188	-0.11627592019147603	0.4474772609988322
-0.09242105390618227	0.2332009815469056	0.5106568547730868	-0.16372110977382537
0.09646433866558346	0.07338466169212854	0.05288368606036098	-0.777267313581927
-0.2130766277741838	0.158540984738325	-0.04907769470542145	-0.5793046927820698
-0.5322368845556122	0.26935269473355405	0.1330477072349865	0.06536271347584721
0.37249652714285264	-0.34486847616638117	0.2771258532569423	0.005509143433823915
-0.2766382722576757	-0.016051648309148403	-0.13366520518293767	-0.5736448742502382
-0.06984308863371913	-0.00366850423579268	-0.7435410986149888	-0.18294730851549934
-0.024494135076497336	-0.38302490457591487	0.2327875062596252	-0.3596934540879626
-0.3568450258179363	0.3516838191529459	-0.25546853081106713	0.03600262421805067
-0.16962893667890788	0.051925305371846475	0.5432070425746378	0.23523871537460783
-0.12175913407720729	0.31862190367367793	0.07570942280352311	-0.4839095394455917
0.19956376460542313	-0.00024279707745278323	-0.5185596153489369	-0.2816338229681872
0.11913403764280428	0.5232761768317964	0.3274986352694882	0.030091150255911137
-0.12233217116897688	-0.27695174171765213	0.4040787948078264	0.1966372923055446
-0.2917843481722868	0.12851862053820273	0.0700698264171058	0.5096272048724046
-0.08538344728819092	0.5045277318499635	-0.11233613421069055	0.29775268665115506
0.4634370671314578	0.14744338111395838	-0.1719431687035311	-0.2171763830510527
-0.3643039571840323	-0.32841031345736194	0.22299223696156623	-0.08429349239703954
0.15852935297320703	-0.04566898147964027	0.20171380837230712	0.5940878571748456
-0.44525120713699984	-0.15522698227997056	-0.07916695306286559	-0.320354857520164
-0.16380165204350194	0.2904228710996093	-0.21132937253019546	0.3344461043266933
0.6542939296988284	-0.11822180286797268	0.09604183292744017	-0.13144243450575877
0.03741484983626364	0.2755079260463835	0.2479821079497908	-0.439095116167562
0.15122842790871371	-0.1768779058270744	0.048129612330476634	-0.6237640539337352
-0.06424001647212596	0.0016188141925816968	-0.8566223272228597	-0.07751884211243265
-0.38297563662706713	0.025226362963439275	0.3025537884516656	0.289244211957828
-0.21052023264844988	0.07505671412332005	0.6066328315963472	0.1077902216318829
-0.18831584259986833	-0.011299960305170442	-0.5609243619250788	-0.23945983516988245
0.6201535839185117	0.009170111836975137	0.03491781891425361	0.33575848533025954
0.3404665673590317	-0.11919905370687833	0.21985811138163824	-0.32047626755245173
-0.5224284025881807	0.02308701062138918	0.031305671604408	0.42317891518602213
0.3152817042508729	0.429862144578395	0.024293415359077697	0.23056273581165443
-0.20502949380878954	-0.36609145430839507	0.2428821545248976	0.1859968973579178
0.09621438101474933	-0.13669094078681354	-0.40223057087685965	-0.3648641073215775
0.3780529347497834	0.09485470343600988	-0.5030907293159739	0.02400163249823284
-0.038398463309249564	0.29237465884249025	-0.05312284961231217	-0.616104028235948
0.1774396026535534	0.1653028757206927	0.5082917746177706	0.14896574700798326
0.28859214838884384	-0.3893903587289411	-0.06615164041072275	-0.2558658524714923
-0.26664600504770997	0.1305780934738261	-0.2086020120402967	0.3941738894381672
0.10939307887983718	-0.3920987010251138	0.2546288775463055	0.24387934254874355
0.2116377144672359	-0.6220932441302311	0.08192049959960745	0.0843485418029255
-0.5040553122127336	-0.031598110441329874	-0.45717940720963424	0.007167170136302303
-0.08827463452620754	0.21553124412855507	-0.2869409973997721	0.4092531239454653
0.018007066945095573	-0.5755161664225419	-0.2713103369337466	-0.13516642969861592
0.13792866952555172	0.29291027089311217	0.24949210775711328	-0.31966895182422284
0.0455532937433738	0.3593823971798564	-0.09865474550108666	0.4964095635756831
-0.5484905448036881	0.14610444762175057	0.2044573145414208	-0.10094769303314055
0.24127642514892966	-0.23343554007366385	0.3558188864824836	0.16946914829492288
0.278592793060191	-0.003961972431674621	-0.23289782238663337	0.484547412121501
0.21759812560754055	0.6697430504206687	-0.0883766177237324	0.024282206248058325
-0.16170031008124064	0.41513634461179705	-0.18892006339601286	-0.23424328191094945
0.5696520974212915	0.3568949847710057	0.05714050153364614	0.016312416274056663
0.13501210689885146	0.12391299439917458	0.39908493181676663	0.34198996688520733
-0.13142572539754194	0.19207911902757924	-0.2771741755582866	-0.3993209800165922
0.11401001115375853	-0.11943859676073365	0.22267446585140838	0.5438769262340994
-0.353286093199803	-0.27699005583810576	-0.2829036278516983	0.08682022311039295
-0.03852592248025699	0.24837052902165757	0.3682264009867233	-0.3448771475113621
-0.332696882525954	0.3728039856913419	-0.14865075573099196	0.1458483760517122
0.418527021936538	-0.23786407434190848	-0.1436347829763267	-0.1999741207452268
0.04496019522912098	0.22300384318553945	-0.3506377806287313	-0.38139818095660827
-0.08093531822792044	0.1701625675922287	-0.4416487431277383	0.3072533710521126
0.3722130768180911	-0.17922241107907078	-0.13313242488973942	0.3154320872130987
-0.5113276476456188	0.02393840929326707	-0.4282680298790733	-0.03646591318204084
-0.0017348797394172166	-0.4034969811323479	-0.4186897347744334	-0.1760784043538015
-0.23813578682415648	-0.2306364745506435	-0.39757968617864226	-0.13364805244655775
0.36823325060347156	0.4420347580122299	-0.11506161003292781	0.07467038135137072
-0.38516396855230073	0.2217920108949829	0.1287097573515028	0.26433426320121356
0.5947536932185817	-0.1449247435195058	-0.24500120108591616	0.015320362175996305
-0.11516150640019474	0.4911102573416053	-0.1287037147277481	0.26502452153045186
-0.026831228111361405	0.025032589128141103	0.39289286150867486	-0.5552433212518226
0.39590454093712113	0.07105286327298521	-0.030716615357737842	0.5023259804321558
0.07398234141088311	0.32138902781019096	-0.35566299762290465	-0.24896563315602127
0.1603276257796844	0.12571127225827583	0.6363454610030022	-0.07761564095903761
0.044097632533942166	-0.6056585513404218	-0.2159678919042476	-0.13427592422138845
-0.08327757050086237	-0.2659997573233628	0.12425125670603454	0.5264714154697403
0.1544175246173507	-0.6031796199147073	0.059303814500352825	-0.18309904096758922
-0.25288523855453193	0.4321467172265814	-0.10191538803738243	0.21305265618150426
-0.11128394145724929	-0.18847710499861492	0.06613178757986504	0.6341071659642707
-0.2134796802621879	-0.47173675188352493	-0.26434895939686487	-0.050434608457422314
-0.21951043183446295	0.04451167596653205	-0.0612064988867127	0.6747713933122923
-0.2699873074689687	0.49861030766013026	-0.21124590809930344	-0.020156476771597598
0.3143587472738536	-0.02947447700932493	0.5018689644783956	0.1542978112384259
0.1751178980623056	0.32800605040846165	-0.021953496825879215	0.47492255470335354
0.061796104785837525	0.6548227120220662	-0.2613212708620134	-0.022059912330082865
0.6175909002211124	-0.16627696012667692	-0.1752876276453772	-0.04084451200683348
-0.026176982521358028	0.632593497467955	-0.1516148808041602	-0.18961463920652677
-0.18970573304638938	-0.012942572392734997	-0.3724275682080389	0.4249241263528367
0.17772166252002708	0.544510779158887	-0.07374152440285386	-0.20402603391823204
-0.8206349712304861	0.08550130975127024	0.00994056208425742	0.08392315693398622
0.4724009618213696	-0.013214187899553753	0.16675600246056432	-0.34762884781851233
-0.21483881133111304	-0.09810599275856902	-0.017458871165759948	-0.669596324744558
-0.010942516817613157	-0.643235040952918	-0.17069387173078177	0.17512857049868713
-0.09382524965417738	-0.18503153082575574	0.3871175061101739	-0.33402571340989295
-0.1049237200655353	0.7321630744652305	0.13681980961366902	-0.026093395855565138
0.09229133381558552	-0.17961514968971848	0.3307799339386761	-0.3973135825560199
0.20452327948425553	0.012278893379497502	0.08528484294169347	0.6979129841945535
0.2396743308085254	0.1326419953877811	0.22158188867799034	0.40610178512570316
0.19822309481913813	0.060566732700946035	0.70020019221182	0.04100998026809588
-0.1431149342940634	0.25173864822002834	0.2950788771558446	0.3100675403300637
-0.26257497677461106	0.5122428549044502	0.06353103292405149	0.16165113539688725
0.09253797456762003	-0.07805037500858258	-0.6752421938991353	-0.15416945652466207
-0.022946677666651816	0.3718871570915707	-0.1254109809903925	-0.47975518425138497
0.1792730971354879	0.6725026557430245	0.04955230747649941	0.09867193964498822
0.05857844826977576	-0.017947769360210142	-0.9032690061228923	0.020204776247121803
-0.12880009228357392	-0.7679642140450098	0.10036304213279101	-0.0028726515386252593
-0.05485216520082048	0.25188364835412136	0.6893546744006838	0.003909512044374397
-0.12242426751386826	-0.3374781686776338	0.31412450005844517	-0.22597306375005277
0.5198898609413831	-0.02332532130518228	-0.1977478347031525	-0.2590369830502821
-0.4544446271092246	-0.06684130730562177	-0.34287954439326174	0.13583452119189188
-0.10789154353839892	0.28265944563806555	0.24071143901367464	-0.3687375718098609
-0.36693994791860307	-0.07752378124690096	-0.4676106956913928	-0.08792557514310317
-0.270717654605128	0.2257615069800587	0.2486993497542982	0.2548214886605151
-0.09468194354692172	-0.5630069939892672	0.04091371780578901	-0.30139734465802204
-0.20214327811347	-0.2169584221037293	-0.36761913681092406	-0.21327916297187666
-0.48038031585423546	-0.2743773728656167	0.14021700476645815	-0.10502530651368969
-0.351346552206085	0.4221483488461062	-0.07091280004039491	-0.15559229890741388
-0.25793461699898446	0.1074064352349764	0.5717095745135252	0.06294937325251393
-0.4166096082830768	-0.4345348064103911	-0.07938845534257366	-0.06946712996395843
0.012531164761481861	-0.05124087265698796	0.6316411644789546	-0.3045867981025756
-0.6840268445699802	-0.03359569674622498	-0.022681169167032778	-0.25969628951676205
0.14703466714299562	-0.2075079296854343	-0.49049868478521175	-0.15495871838635833
-0.0026336941096243294	-0.19325912700435133	0.12752163756858503	-0.6765855413174393
0.04856268286201959	0.6576468550986545	0.11482638487985719	-0.17896407715946872
0.25332699029783257	-0.014816054592938332	0.6348986377756574	-0.09695831733357174
-0.3629728484195802	0.3221450591112045	-0.006736845826033067	0.3081452466431822
0.12194851804684448	0.3175832141279986	0.11447331007963091	0.445994957745526
-0.11347475449074484	0.1878398889615207	0.49802720865545824	0.2006581478922762
-0.5473889717667149	-0.2589365419682115	0.16708884849076222	-0.026585637774311444
-0.10623981715130437	0.2645042619995628	-0.528965807335879	-0.1002901135132539
0.17309686013004932	-0.28406141897284765	0.1553658383719836	0.38747588252511944
-0.22701373974957728	0.0007343358804670075	-0.6574755447813831	-0.11477637958857256
0.01674695765140677	-0.22532493134814247	-0.2406950711909639	-0.5172330398094869
-0.023639375493959225	-0.5766603030080673	-0.17079498603653942	0.2289053354614341
-0.13347554134570827	0.5762850215613471	-0.11026637990291555	0.1799730571900291
-0.0411305103774493	0.09186166901227466	0.8424933350838932	-0.0245144855263828
-0.6952599341528909	-0.1473821159392128	-0.11311466864411024	-0.04424328126378607
-0.08011104794172264	0.37638688898802575	-0.013708489982487304	-0.5297935730877643
0.11325330187972726	0.270844819615899	-0.03961387916028469	-0.576287999344089
0.3515270531820831	0.09244083983615803	-0.38077834157386237	0.1752537654078965
FactorLoading_Ψ
-0.24038931884729053	-0.0027297801923542586	-0.14365795824195593	0.6132229427183993
-0.33522956572245755	-0.2327129001800381	-0.2506849259097521	0.18137260818775225
0.16787533308293145	0.6586113463164485	0.14150892629449596	-0.03200439430612412
0.4932405632730714	-0.40279355701387254	0.04567684294246033	0.058289036770595715
-0.3292760024464658	-0.17560951569832994	0.35327237157026636	0.14184211028493787
0.10089024264110513	0.3332743455750473	-0.044055711566604705	-0.5217797002172428
0.4310155118947723	-0.1004668011653842	-0.27456180056411794	0.19395588637572558
-0.220993836130851	0.1369671626566833	-0.05056133759422621	-0.5914776636182395
-0.005503741997503031	-0.40895309903808985	-0.1288224709735517	0.4567206879908554
0.2974035932986896	0.031423769139509616	-0.10651656578842994	0.5646560717733708
0.16036082536737295	-0.2758859934423188	-0.11627592019147603	0.4474772609988322
-0.09242105390618227	0.2332009815469056	0.5106568547730868	-0.16372110977382537
0.09646433866558346	0.07338466169212854	0.05288368606036098	-0.777267313581927
-0.2130766277741838	0.158540984738325	-0.04907769470542145	-0.5793046927820698
-0.5322368845556122	0.26935269473355405	0.1330477072349865	0.06536271347584721
0.37249652714285264	-0.34486847616638117	0.2771258532569423	0.005509143433823915
-0.2766382722576757	-0.016051648309148403	-0.13366520518293767	-0.5736448742502382
-0.06984308863371913	-0.00366850423579268	-0.7435410986149888	-0.18294730851549934
-0.024494135076497336	-0.38302490457591487	0.2327875062596252	-0.3596934540879626
-0.3568450258179363	0.3516838191529459	-0.25546853081106713	0.03600262421805067
-0.16962893667890788	0.051925305371846475	0.5432070425746378	0.23523871537460783
-0.12175913407720729	0.31862190367367793	0.07570942280352311	-0.4839095394455917
0.19956376460542313	-0.00024279707745278323	-0.5185596153489369	-0.2816338229681872
0.11913403764280428	0.5232761768317964	0.3274986352694882	0.030091150255911137
-0.12233217116897688	-0.27695174171765213	0.4040787948078264	0.1966372923055446
-0.2917843481722868	0.12851862053820273	0.0700698264171058	0.5096272048724046
-0.08538344728819092	0.5045277318499635	-0.11233613421069055	0.29775268665115506
0.4634370671314578	0.14744338111395838	-0.1719431687035311	-0.2171763830510527
-0.3643039571840323	-0.32841031345736194	0.22299223696156623	-0.08429349239703954
0.15852935297320703	-0.04566898147964027	0.20171380837230712	0.5940878571748456
-0.44525120713699984	-0.15522698227997056	-0.07916695306286559	-0.320354857520164
-0.16380165204350194	0.2904228710996093	-0.21132937253019546	0.3344461043266933
0.6542939296988284	-0.11822180286797268	0.09604183292744017	-0.13144243450575877
0.03741484983626364	0.2755079260463835	0.2479821079497908	-0.439095116167562
0.15122842790871371	-0.1768779058270744	0.048129612330476634	-0.6237640539337352
-0.06424001647212596	0.0016188141925816968	-0.8566223272228597	-0.07751884211243265
-0.38297563662706713	0.025226362963439275	0.3025537884516656	0.289244211957828
-0.21052023264844988	0.07505671412332005	0.6066328315963472	0.1077902216318829
-0.18831584259986833	-0.011299960305170442	-0.5609243619250788	-0.23945983516988245
0.6201535839185117	0.009170111836975137	0.03491781891425361	0.33575848533025954
0.3404665673590317	-0.11919905370687833	0.21985811138163824	-0.32047626755245173
-0.5224284025881807	0.02308701062138918	0.031305671604408	0.42317891518602213
0.3152817042508729	0.429862144578395	0.024293415359077697	0.23056273581165443
-0.20502949380878954	-0.36609145430839507	0.2428821545248976	0.1859968973579178
0.09621438101474933	-0.13669094078681354	-0.40223057087685965	-0.3648641073215775
0.3780529347497834	0.09485470343600988	-0.5030907293159739	0.02400163249823284
-0.038398463309249564	0.29237465884249025	-0.05312284961231217	-0.616104028235948
0.1774396026535534	0.1653028757206927	0.5082917746177706	0.14896574700798326
0.28859214838884384	-0.3893903587289411	-0.06615164041072275	-0.2558658524714923
-0.26664600504770997	0.1305780934738261	-0.2086020120402967	0.3941738894381672
0.10939307887983718	-0.3920987010251138	0.2546288775463055	0.24387934254874355
0.2116377144672359	-0.6220932441302311	0.08192049959960745	0.0843485418029255
-0.5040553122127336	-0.031598110441329874	-0.45717940720963424	0.007167170136302303
-0.08827463452620754	0.21553124412855507	-0.2869409973997721	0.4092531239454653
0.018007066945095573	-0.5755161664225419	-0.2713103369337466	-0.13516642969861592
0.13792866952555172	0.29291027089311217	0.24949210775711328	-0.31966895182422284
0.0455532937433738	0.3593823971798564	-0.09865474550108666	0.4964095635756831
-0.5484905448036881	0.14610444762175057	0.2044573145414208	-0.10094769303314055
0.24127642514892966	-0.23343554007366385	0.3558188864824836	0.16946914829492288
0.278592793060191	-0.003961972431674621	-0.23289782238663337	0.484547412121501
0.21759812560754055	0.6697430504206687	-0.0883766177237324	0.024282206248058325
-0.16170031008124064	0.41513634461179705	-0.18892006339601286	-0.23424328191094945
0.5696520974212915	0.3568949847710057	0.05714050153364614	0.016312416274056663
0.13501210689885146	0.12391299439917458	0.39908493181676663	0.34198996688520733
-0.13142572539754194	0.19207911902757924	-0.2771741755582866	-0.3993209800165922
0.11401001115375853	-0.11943859676073365	0.22267446585140838	0.5438769262340994
-0.353286093199803	-0.27699005583810576	-0.2829036278516983	0.08682022311039295
-0.03852592248025699	0.24837052902165757	0.3682264009867233	-0.3448771475113621
-0.332696882525954	0.3728039856913419	-0.14865075573099196	0.1458483760517122
0.418527021936538	-0.23786407434190848	-0.1436347829763267	-0.1999741207452268
0.04496019522912098	0.22300384318553945	-0.3506377806287313	-0.38139818095660827
-0.08093531822792044	0.1701625675922287	-0.4416487431277383	0.3072533710521126
0.3722130768180911	-0.17922241107907078	-0.13313242488973942	0.3154320872130987
-0.5113276476456188	0.02393840929326707	-0.4282680298790733	-0.03646591318204084
-0.0017348797394172166	-0.4034969811323479	-0.4186897347744334	-0.1760784043538015
-0.23813578682415648	-0.2306364745506435	-0.39757968617864226	-0.13364805244655775
0.36823325060347156	0.4420347580122299	-0.11506161003292781	0.07467038135137072
-0.38516396855230073	0.2217920108949829	0.1287097573515028	0.26433426320121356
0.5947536932185817	-0.1449247435195058	-0.24500120108591616	0.015320362175996305
-0.11516150640019474	0.4911102573416053	-0.1287037147277481	0.26502452153045186
-0.026831228111361405	0.025032589128141103	0.39289286150867486	-0.5552433212518226
0.39590454093712113	0.07105286327298521	-0.030716615357737842	0.5023259804321558
0.07398234141088311	0.32138902781019096	-0.35566299762290465	-0.24896563315602127
0.1603276257796844	0.12571127225827583	0.6363454610030022	-0.07761564095903761
0.044097632533942166	-0.6056585513404218	-0.2159678919042476	-0.13427592422138845
-0.08327757050086237	-0.2659997573233628	0.12425125670603454	0.5264714154697403
0.1544175246173507	-0.6031796199147073	0.059303814500352825	-0.18309904096758922
-0.25288523855453193	0.4321467172265814	-0.10191538803738243	0.21305265618150426
-0.11128394145724929	-0.18847710499861492	0.06613178757986504	0.6341071659642707
-0.2134796802621879	-0.47173675188352493	-0.26434895939686487	-0.050434608457422314
-0.21951043183446295	0.04451167596653205	-0.0612064988867127	0.6747713933122923
-0.2699873074689687	0.49861030766013026	-0.21124590809930344	-0.020156476771597598
0.3143587472738536	-0.02947447700932493	0.5018689644783956	0.1542978112384259
0.1751178980623056	0.32800605040846165	-0.021953496825879215	0.47492255470335354
0.061796104785837525	0.6548227120220662	-0.2613212708620134	-0.022059912330082865
0.6175909002211124	-0.16627696012667692	-0.1752876276453772	-0.04084451200683348
-0.026176982521358028	0.632593497467955	-0.1516148808041602	-0.18961463920652677
-0.18970573304638938	-0.012942572392734997	-0.3724275682080389	0.4249241263528367
0.17772166252002708	0.544510779158887	-0.07374152440285386	-0.20402603391823204
-0.8206349712304861	0.08550130975127024	0.00994056208425742	0.08392315693398622
0.4724009618213696	-0.013214187899553753	0.16675600246056432	-0.34762884781851233
-0.21483881133111304	-0.09810599275856902	-0.017458871165759948	-0.669596324744558
-0.010942516817613157	-0.643235040952918	-0.17069387173078177	0.17512857049868713
-0.09382524965417738	-0.18503153082575574	0.3871175061101739	-0.33402571340989295
-0.1049237200655353	0.7321630744652305	0.13681980961366902	-0.026093395855565138
0.09229133381558552	-0.17961514968971848	0.3307799339386761	-0.3973135825560199
0.20452327948425553	0.012278893379497502	0.08528484294169347	0.6979129841945535
0.2396743308085254	0.1326419953877811	0.22158188867799034	0.40610178512570316
0.19822309481913813	0.060566732700946035	0.70020019221182	0.04100998026809588
-0.1431149342940634	0.25173864822002834	0.2950788771558446	0.3100675403300637
-0.26257497677461106	0.5122428549044502	0.06353103292405149	0.16165113539688725
0.09253797456762003	-0.07805037500858258	-0.6752421938991353	-0.15416945652466207
-0.022946677666651816	0.3718871570915707	-0.1254109809903925	-0.47975518425138497
0.1792730971354879	0.6725026557430245	0.04955230747649941	0.09867193964498822
0.05857844826977576	-0.017947769360210142	-0.9032690061228923	0.020204776247121803
-0.12880009228357392	-0.7679642140450098	0.10036304213279101	-0.0028726515386252593
-0.05485216520082048	0.25188364835412136	0.6893546744006838	0.003909512044374397
-0.12242426751386826	-0.3374781686776338	0.31412450005844517	-0.22597306375005277
0.5198898609413831	-0.02332532130518228	-0.1977478347031525	-0.2590369830502821
-0.4544446271092246	-0.06684130730562177	-0.34287954439326174	0.13583452119189188
-0.10789154353839892	0.28265944563806555	0.24071143901367464	-0.3687375718098609
-0.36693994791860307	-0.07752378124690096	-0.4676106956913928	-0.08792557514310317
-0.270717654605128	0.2257615069800587	0.2486993497542982	0.2548214886605151
-0.09468194354692172	-0.5630069939892672	0.04091371780578901	-0.30139734465802204
-0.20214327811347	-0.2169584221037293	-0.36761913681092406	-0.21327916297187666
-0.48038031585423546	-0.2743773728656167	0.14021700476645815	-0.10502530651368969
-0.351346552206085	0.4221483488461062	-0.07091280004039491	-0.15559229890741388
-0.25793461699898446	0.1074064352349764	0.5717095745135252	0.06294937325251393
-0.4166096082830768	-0.4345348064103911	-0.07938845534257366	-0.06946712996395843
0.012531164761481861	-0.05124087265698796	0.6316411644789546	-0.3045867981025756
-0.6840268445699802	-0.03359569674622498	-0.022681169167032778	-0.25969628951676205
0.14703466714299562	-0.2075079296854343	-0.49049868478521175	-0.15495871838635833
-0.0026336941096243294	-0.19325912700435133	0.12752163756858503	-0.6765855413174393
0.04856268286201959	0.6576468550986545	0.11482638487985719	-0.17896407715946872
0.25332699029783257	-0.014816054592938332	0.6348986377756574	-0.09695831733357174
-0.3629728484195802	0.3221450591112045	-0.006736845826033067	0.3081452466431822
0.12194851804684448	0.3175832141279986	0.11447331007963091	0.445994957745526
-0.11347475449074484	0.1878398889615207	0.49802720865545824	0.2006581478922762
-0.5473889717667149	-0.2589365419682115	0.16708884849076222	-0.026585637774311444
-0.10623981715130437	0.2645042619995628	-0.528965807335879	-0.1002901135132539
0.17309686013004932	-0.28406141897284765	0.1553658383719836	0.38747588252511944
-0.22701373974957728	0.0007343358804670075	-0.6574755447813831	-0.11477637958857256
0.01674695765140677	-0.22532493134814247	-0.2406950711909639	-0.5172330398094869
-0.023639375493959225	-0.5766603030080673	-0.17079498603653942	0.2289053354614341
-0.13347554134570827	0.5762850215613471	-0.11026637990291555	0.1799730571900291
-0.0411305103774493	0.09186166901227466	0.8424933350838932	-0.0245144855263828
-0.6952599341528909	-0.1473821159392128	-0.11311466864411024	-0.04424328126378607
-0.08011104794172264	0.37638688898802575	-0.013708489982487304	-0.5297935730877643
0.11325330187972726	0.270844819615899	-0.03961387916028469	-0.576287999344089
0.3515270531820831	0.09244083983615803	-0.38077834157386237	0.1752537654078965
Conflicts
36 84
136 92
74 142
89 90
42 27
49 21
99 51
29 65
109 33
125 45
66 62
71 147
62 134
23 17
6 18
100 91
68 109
144 38
68 8
125 106
49 51
74 38
126 19
23 81
60 147
99 115
128 78
112 21
122 49
2 70
37 109
130 38
125 144
102 105
68 83
66 87
8 6
102 116
11 49
117 36
34 117
116 112
27 110
98 108
63 1
77 130
34 139
147 67
14 70
53 19
71 30
40 85
136 33
103 129
112 61
107 115
84 1
145 44
104 91
42 139
16 129
113 64
22 38
78 6
43 95
32 107
43 96
128 133
65 52
122 45
2 142
32 96
131 39
132 53
98 81
139 1
58 41
118 52
123 15
27 28
135 86
132 126
31 19
125 53
36 59
146 19
34 144
121 93
37 89
135 87
22 96
11 15
62 73
13 64
37 65
59 24
78 98
25 115
80 44
13 86
89 117
81 40
128 5
108 46
50 27
150 1
119 104
132 93
71 110
55 73
145 82
106 57
66 56
34 51
122 33
42 22
13 81
150 106
21 18
143 41
25 106
120 15
108 15
23 68
47 74
65 59
25 56
64 30
61 19
47 84
43 122
93 115
54 116
88 115
47 126
110 6
26 101
102 86
108 5
10 6
76 79
63 87
56 82
42 142
119 118
133 109
93 5
32 51
25 135
119 87
65 90
35 98
11 21
3 91
114 110
16 95
7 1
124 11
84 91
47 111
103 122
137 106
7 68
59 45
120 94
69 134
7 40
4 6
100 146
60 95
98 49
69 40
25 83
10 110
103 91
4 33
29 109
81 44
95 70
66 120
126 134
25 24
63 89
9 124
133 2
86 143
35 52
47 142
23 53
34 16
135 6
29 24
16 70
84 6
31 135
69 94
47 56
104 114
83 39
148 123
92 149
52 45
19 62
65 138
77 58
78 110
78 142
23 32
42 83
10 97
114 113
71 57
135 131
113 141
114 61
26 54
63 13
128 69
22 91
47 35
131 51
137 8
101 57
102 87
71 82
34 73
76 82
120 76
97 6
26 6
55 86
14 33
55 2
2 127
9 34
10 59
87 57
61 129
136 101
92 45
63 129
43 46
23 11
16 64
5 52
10 55
103 19
136 135
17 87
82 6
121 15
7 147
81 146
68 99
100 8
53 104
86 64
113 24
99 18
133 67
14 141
32 12
110 15
37 149
110 91
26 113
7 10
37 70
117 56
71 141
69 57
126 20
22 15
34 88
67 97
64 95
75 35
132 144
149 85
124 97
135 141
124 103
77 98
26 116
77 110
50 89
9 97
135 17
4 39
52 18
60 104
5 41
47 93
57 6
69 111
67 130
67 1
99 74
48 18
67 57
119 139
55 135
58 113
128 106
54 30
13 3
58 145
92 124
58 28
107 79
71 51
130 104
121 103
148 86
5 138
9 131
93 87
26 97
126 28
92 69
67 82
25 102
110 85
71 105
116 142
104 106
14 53
13 94
61 16
131 70
19 141
61 17
35 131
28 149
4 104
41 134
146 48
126 52
119 147
47 12
94 79
71 124
132 123
144 76
89 8
31 105
132 118
34 17
100 89
34 67
67 84
82 115
103 39
120 146
96 33
143 130
96 57
26 136
31 111
15 96
81 79
115 45
97 24
119 115
29 49
100 44
60 143
81 99
132 100
38 12
129 49
50 69
66 93
107 82
121 139
76 127
63 142
49 73
79 105
7 54
40 61
19 12
149 138
147 96
61 93
52 134
17 142
73 1
54 10
131 127
140 114
75 57
124 104
40 20
37 148
140 105
60 24
100 140
14 57
39 96
19 96
104 41
94 8
78 148
83 73
68 77
130 48
23 129
27 88
56 141
10 105
28 139
101 114
48 79
139 108
126 150
108 115
60 127
10 122
34 79
103 127
66 141
4 62
133 75
128 41
138 45
79 84
149 8
6 12
80 40
81 103
94 115
83 74
104 65
104 110
126 110
82 24
133 115
101 126
34 110
101 112
102 80
136 76
14 22
43 14
68 80
35 88
75 22
42 45
86 3
80 57
77 144
16 97
50 88
128 93
95 106
60 149
9 49
124 137
11 84
123 81
36 95
50 66
54 50
27 113
21 127
103 146
143 112
133 103
133 148
71 139
62 8
2 24
75 125
98 149
112 5
125 16
120 108
3 142
124 110
14 134
7 53
129 44
113 52
128 48
133 81
119 125
26 34
106 21
78 81
43 44
47 41
148 129
148 93
120 138
148 115
14 39
81 118
92 143
83 143
145 149
104 107
3 73
100 130
109 64
140 19
74 46
131 8
119 113
98 109
42 99
110 12
37 24
4 145
69 2
140 93
4 149
79 5
10 45
102 2
133 11
47 102
71 77
108 24
9 5
80 145
80 64
75 3
83 104
130 72
54 1
23 83
65 82
103 70
36 41
113 118
128 55
29 146
87 30
48 39
98 1
15 115
95 24
14 42
35 17
19 51
140 142
62 12
114 118
92 105
63 39
149 127
66 52
31 35
37 146
136 42
71 97
117 99
133 89
129 91
89 76
145 109
36 33
102 15
25 125
135 109
119 18
101 70
63 65
148 96
114 72
55 116
123 145
50 2
40 70
149 115
3 107
25 77
75 66
6 73
119 25
146 106
33 134
123 40
80 3
143 139
81 150
81 84
63 146
71 31
77 20
71 33
61 65
16 24
80 18
53 88
34 95
35 66
136 94
55 99
48 45
119 39
132 96
35 76
145 49
71 59
80 123
109 30
137 24
149 88
4 65
26 109
141 150
29 84
39 30
76 91
7 20
3 106
68 22
137 93
118 30
128 105
37 116
86 74
94 57
38 15
34 61
146 46
23 18
66 105
104 93
106 82
15 84
128 116
66 64
31 6
31 112
63 53
68 28
63 28
77 93
4 130
128 54
28 22
53 58
23 149
81 53
78 44
140 126
128 122
63 123
139 51
100 53
107 118
58 39
14 107
14 40
31 72
112 16
111 30
12 138
70 33
23 19
9 14
10 137
80 150
29 122
36 51
133 134
86 139
14 36
98 122
71 81
135 143
63 97
104 73
74 149
116 73
101 19
113 8
92 48
71 68
50 105
37 118
71 99
83 127
67 17
92 46
39 91
17 118
117 11
103 110
81 62
120 150
60 3
31 130
136 31
60 46
53 17
64 52
123 18
19 139
58 85
44 1
11 20
147 33
19 41
116 59
23 114
43 134
78 116
146 20
148 2
128 103
133 10
92 52
60 90
43 34
14 65
137 139
53 112
99 84
148 49
147 111
29 143
138 85
116 79
124 10
81 21
32 146
7 132
83 57
67 89
70 57
13 57
16 18
7 112
44 45
3 93
78 150
58 107
39 45
11 8
34 2
78 103
139 111
61 33
135 117
32 35
43 135
145 36
135 118
8 30
93 52
7 22
55 28
126 36
119 3
81 117
14 20
133 72
49 33
11 5
54 58
51 57
136 87
145 56
99 21
118 73
116 65
60 135
16 20
32 3
32 126
31 82
121 81
50 114
97 8
41 84
116 90
120 140
29 16
68 134
86 150
141 111
90 1
31 129
90 84
100 36
147 61
112 105
63 57
60 52
77 2
7 59
98 85
58 11
11 141
117 49
129 106
63 136
112 48
25 20
31 122
103 74
102 117
122 137
37 56
102 118
29 85
100 84
71 66
110 44
125 3
80 106
13 112
15 33
15 20
47 143
133 85
10 2
75 25
149 20
25 147
136 70
142 33
13 61
81 74
58 20
95 30
126 84
132 136
42 93
65 8
3 24
119 130
150 45
79 6
131 115
42 150
27 11
69 18
132 85
121 24
110 129
7 30
22 88
26 19
47 33
13 48
119 57
149 52
43 65
13 35
40 150
100 30
108 20
28 5
56 111
107 70
115 73
137 38
9 116
7 3
37 131
98 2
109 111
77 79
98 88
55 40
24 73
97 85
80 143
143 15
133 106
9 100
63 130
128 18
10 35
68 131
80 137
98 58
119 63
149 111
86 118
83 101
109 45
19 52
2 99
56 96
144 18
135 140
60 118
41 105
97 76
40 95
7 150
93 106
13 108
26 133
36 88
54 36
71 42
119 64
19 46
100 99
43 45
4 87
123 6
124 6
89 107
126 61
147 86
119 73
78 88
83 17
121 80
28 76
4 135
69 89
72 15
17 108
136 91
121 39
146 76
63 41
123 76
2 19
9 88
10 145
43 36
70 96
117 96
103 30
32 102
93 38
68 145
36 57
75 116
26 9
6 1
42 57
124 74
103 105
96 20
41 142
110 141
37 124
128 4
78 138
60 48
98 51
58 30
43 6
149 59
31 138
63 109
126 139
13 17
47 138
135 59
119 126
55 50
71 98
132 104
27 106
93 94
56 12
34 48
81 104
13 82
146 51
23 69
61 28
150 84
68 103
17 139
36 73
94 76
92 113
60 2
48 82
16 5
4 40
49 85
102 150
22 33
140 106
145 143
13 90
107 108
106 33
117 72
86 29
66 24
71 135
122 88
96 45
37 99
75 112
113 84
22 39
100 67
75 103
104 82
15 91
72 118
19 59
16 46
147 120
66 46
125 79
68 31
66 28
42 16
48 105
75 6
147 107
32 134
72 28
110 5
86 40
103 144
25 45
36 17
92 127
54 4
130 56
109 108
43 29
9 80
43 18
9 64
19 8
99 82
57 20
124 17
101 21
5 57
101 16
104 52
36 45
26 44
66 114
98 36
104 113
102 53
77 6
140 146
130 44
34 80
146 44
68 17
31 139
38 118
7 6
75 62
92 44
26 1
140 40
71 54
82 46
14 1
90 33
28 138
34 111
16 48
29 20
11 150
53 122
91 24
108 129
148 97
116 139
54 33
54 142
148 48
142 52
75 28
124 12
57 138
140 70
9 15
147 141
25 90
63 134
123 114
124 41
125 8
116 18
58 38
19 1
9 60
32 99
116 28
78 97
43 1
4 44
55 16
140 131
122 111
74 76
80 56
29 76
58 142
4 57
65 24
75 146
100 101
100 104
140 107
47 46
71 90
54 99
14 85
122 58
145 20
19 142
112 142
145 3
95 90
116 129
124 50
3 139
42 115
117 137
33 91
78 41
16 6
4 8
41 57
27 91
10 123
147 82
116 122
43 78
49 20
146 114
146 88
123 3
135 5
43 112
63 140
150 115
74 88
148 103
68 24
65 115
140 101
67 108
126 48
114 64
58 105
130 24
136 47
69 84
102 142
31 148
64 82
80 114
124 98
55 146
92 72
66 11
87 97
23 131
148 67
135 98
7 16
63 102
47 76
116 40
123 87
135 30
68 56
8 41
27 30
77 49
71 108
127 1
14 94
42 111
107 134
63 49
67 33
54 107
31 104
19 45
2 105
40 130
140 145
38 46
38 105
111 85
122 146
14 88
120 125
43 21
66 6
35 80
116 19
77 67
138 115
35 129
14 82
76 38
66 16
144 127
3 109
80 17
26 7
91 1
77 64
135 74
54 80
80 82
135 32
84 134
132 13
121 69
148 81
13 139
69 11
58 21
68 55
66 103
13 46
136 139
67 87
132 78
132 67
124 24
75 102
147 12
132 87
11 57
147 57
90 18
37 13
54 149
86 72
124 44
135 67
93 142
114 129
102 141
61 48
133 90
35 146
54 66
100 46
62 90
83 18
124 45
119 102
68 48
64 108
81 112
60 141
63 106
35 83
41 115
27 82
40 94
4 131
3 11
68 125
137 39
4 12
4 50
100 105
140 118
116 141
122 48
136 129
147 99
67 30
32 38
16 110
101 72
63 27
147 104
63 67
4 98
119 50
114 28
133 18
123 104
136 65
103 1
123 73
141 52
28 36
55 42
119 51
109 6
94 20
80 104
104 12
44 134
119 99
9 103
77 82
83 66
74 134
124 52
31 33
59 18
92 35
144 138
77 88
10 28
63 118
145 30
85 1
54 102
44 52
26 18
148 95
121 106
39 57
63 145
23 139
69 80
78 102
42 89
29 33
132 86
19 97
36 49
133 135
25 141
125 142
126 40
25 89
120 115
136 108
132 77
88 45
23 57
77 52
9 135
28 11
124 89
130 94
119 41
127 18
120 56
54 85
143 59
26 120
125 91
122 46
19 70
43 103
101 107
94 138
54 52
99 57
11 18
140 72
21 57
79 52
132 15
73 85
25 142
147 70
35 42
13 121
42 62
119 96
110 90
77 76
119 146
10 62
115 6
149 41
102 64
25 22
71 109
23 112
54 60
5 85
99 11
18 45
124 106
27 104
47 25
117 88
41 1
112 1
26 57
129 24
99 27
81 95
37 1
9 38
71 16
14 66
116 38
143 8
104 143
74 73
119 112
48 96
148 22
66 85
13 110
63 75
2 65
119 19
98 101
71 58
136 73
7 88
62 49
75 110
93 129
74 108
19 49
144 27
83 114
120 8
36 8
71 25
135 120
36 94
14 76
108 12
53 27
140 24
131 90
119 16
9 130
119 127
53 36
4 97
80 1
78 101
137 73
58 88
90 85
107 20
94 88
50 73
31 65
50 48
17 76
150 41
86 105
118 24
16 111
113 142
19 95
26 107
50 130
13 6
35 116
72 95
120 121
35 39
118 33
141 84
132 143
65 108
53 126
26 73
22 1
72 127
114 87
28 20
16 149
40 141
127 20
2 17
75 39
27 49
16 90
123 33
99 44
32 34
125 111
67 149
122 64
27 84
116 16
58 56
51 41
4 48
144 41
96 85
100 122
101 65
4 148
34 30
121 40
122 96
9 106
92 118
7 84
116 70
9 75
53 141
121 56
27 138
144 48
80 126
75 56
7 62
93 6
10 130
37 48
2 104
62 1
87 94
43 20
35 138
62 94
116 82
23 91
63 124
124 57
75 74
14 148
66 38
75 61
77 56
133 38
53 74
102 22
10 64
75 138
135 116
105 84
101 113
121 129
135 66
99 127
116 3
97 110
29 89
32 58
55 35
47 60
56 138
138 105
69 114
97 108
26 144
119 101
70 21
60 99
102 146
40 79
119 70
139 5
26 85
26 129
130 79
90 134
88 1
116 84
68 5
129 38
110 1
149 33
71 94
113 56
125 85
143 114
132 31
66 36
14 5
65 96
23 148
58 150
28 56
116 104
78 19
92 97
95 15
100 17
54 126
74 28
10 67
93 11
129 141
83 90
37 53
65 85
9 142
7 42
116 145
80 20
102 114
71 44
75 94
72 141
149 1
71 29
89 139
139 46
103 20
121 88
69 17
7 66
122 19
132 64
92 65
86 16
81 28
4 118
113 44
122 16
101 36
128 2
121 114
119 121
42 123
8 142
55 131
123 74
11 73
9 138
98 113
4 53
119 93
75 114
28 21
82 33
147 118
21 138
81 17
34 46
26 50
13 137
67 41
101 105
133 117
83 126
66 127
37 101
101 52
145 138
54 32
36 150
9 144
23 141
83 48
86 116
150 15
135 24
2 130
73 134
25 80
55 79
122 18
83 21
99 88
63 137
5 15
31 115
121 30
101 40
125 88
96 106
12 33
130 137
16 107
147 29
87 70
146 96
68 122
77 44
61 131
63 100
31 76
43 17
32 57
140 20
132 10
145 19
75 58
123 67
55 83
83 34
122 134
102 97
104 142
78 14
98 142
132 55
55 88
10 22
89 113
9 74
92 111
11 115
67 134
110 134
71 7
148 135
135 48
66 101
26 3
118 12
77 59
114 150
35 99
53 111
117 79
102 113
69 116
135 28
47 3
34 116
11 106
114 134
72 38
4 142
37 66
32 69
144 12
142 12
37 78
100 114
55 74
69 58
114 106
21 41
4 82
27 1
98 111
69 109
139 97
113 39
94 127
34 101
31 36
25 28
38 138
64 45
128 96
47 61
31 64
26 55
119 129
17 56
106 84
62 51
75 86
102 77
14 117
54 17
136 111
117 5
3 44
42 40
144 113
78 21
71 24
35 103
41 33
58 59
31 60
136 118
43 141
60 114
34 3
32 15
2 149
42 84
136 145
122 110
128 3
26 40
27 39
86 104
29 150
132 24
120 88
116 109
35 2
107 90
122 3
110 24
71 36
108 49
43 52
51 30
101 8
74 16
42 29
113 11
145 104
89 33
118 20
129 127
104 57
53 145
68 113
105 45
56 150
139 138
101 30
128 56
10 150
43 146
39 6
74 95
67 20
22 134
41 106
28 113
97 111
150 142
25 31
68 59
25 57
31 28
89 61
84 20
145 39
126 106
145 88
133 74
7 55
108 52
132 40
32 36
32 1
68 58
128 74
119 140
61 137
144 5
69 90
123 94
102 149
117 19
9 22
150 44
69 126
63 138
63 73
102 79
120 39
60 89
112 90
55 112
49 84
141 88
19 38
39 1
140 11
122 79
74 56
122 142
13 109
132 38
136 131
123 144
23 64
43 66
137 18
68 12
137 20
89 38
98 11
86 112
137 97
50 85
116 85
8 46
94 134
131 137
65 57
3 59
72 87
35 121
80 134
58 57
132 114
78 114
26 102
147 150
89 94
43 101
147 109
10 134
48 12
8 85
117 113
148 36
61 118
12 84
110 73
43 119
147 129
47 130
143 70
103 57
37 2
27 87
35 96
50 113
89 73
54 91
80 149
133 114
48 20
50 79
123 130
114 149
121 33
124 19
148 138
31 79
9 33
120 61
132 122
129 142
143 105
27 62
26 25
60 108
56 49
58 91
31 80
63 120
101 48
116 108
141 142
109 51
88 84
99 93
32 50
25 72
99 76
49 115
78 140
40 137
49 88
145 12
67 88
120 93
142 45
141 45
25 100
55 77
37 115
100 51
148 130
62 88
136 3
74 33
42 105
140 137
67 122
128 86
128 140
136 82
107 106
135 84
102 107
137 70
11 94
71 64
108 111
34 106
55 8
129 150
43 11
117 95
56 45
58 110
42 33
109 19
119 35
132 109
54 2
150 21
16 38
36 48
140 2
39 88
47 79
74 41
34 109
132 8
55 137
11 110
56 139
98 126
67 22
145 33
86 70
10 80
35 135
61 90
132 75
40 27
83 111
34 104
118 18
111 44
125 67
14 24
93 110
23 76
28 90
78 134
146 91
13 118
130 8
56 52
114 48
112 30
110 45
116 89
95 85
43 90
10 85
19 21
143 49
43 54
137 150
9 42
46 30
120 90
132 89
78 146
125 76
149 142
114 76
37 10
53 146
32 121
83 22
69 87
53 84
32 88
146 130
92 42
102 131
92 57
104 11
139 41
67 73
34 99
41 138
43 82
71 46
23 128
32 120
147 72
133 54
91 105
86 144
51 88
61 39
53 28
109 56
131 108
23 101
133 132
22 57
54 83
25 145
86 1
141 12
15 21
88 52
29 88
131 134
132 103
143 28
122 94
124 94
112 79
131 45
126 70
47 55
140 89
133 70
66 144
26 103
86 146
42 112
53 99
125 137
27 93
26 22
113 18
9 81
130 107
60 76
67 49
62 105
53 69
55 111
4 106
69 137
81 48
62 44
101 87
34 28
43 114
132 50
58 74
144 110
7 96
29 87
68 121
34 93
119 28
132 30
71 100
120 113
147 115
9 111
148 66
135 121
47 30
68 143
80 73
119 103
126 96
103 115
150 88
109 21
89 62
100 97
3 110
113 110
42 52
29 112
132 44
10 88
10 111
103 89
126 76
77 146
67 141
60 150
16 76
54 8
58 114
35 107
3 52
48 85
99 65
100 138
28 59
124 3
102 69
126 5
42 79
9 52
124 72
119 45
7 32
133 61
13 74
89 79
51 18
135 150
4 124
93 76
110 51
80 62
10 99
4 134
101 145
40 122
7 127
50 135
35 62
58 93
80 79
27 21
37 64
135 97
109 91
83 82
68 105
16 138
135 94
132 2
103 107
49 90
100 95
62 76
115 18
35 53
27 46
146 40
91 111
28 52
38 1
32 24
60 36
12 1
107 44
58 130
61 38
86 38
131 104
132 107
42 94
149 90
34 84
43 88
17 115
128 109
132 22
71 53
23 133
143 90
118 141
133 142
147 134
75 67
71 102
145 5
135 20
25 114
11 52
55 134
9 45
9 127
34 140
77 150
62 115
25 53
119 34
74 64
10 143
136 29
50 111
108 90
67 72
54 89
47 145
37 138
102 3
125 74
117 39
92 123
42 5
2 72
62 59
92 107
54 73
43 48
4 13
103 73
34 89
53 91
144 139
22 12
2 88
35 101
17 94
69 122
72 62
58 79
147 89
52 115
120 98
65 15
116 24
128 68
49 79
28 79
31 69
53 40
83 141
135 137
14 149
43 40
87 22
106 118
10 90
13 144
61 134
101 49
136 88
78 8
2 87
71 15
62 95
63 141
29 72
119 94
25 95
133 12
141 105
117 126
77 5
118 150
90 105
113 115
137 113
4 15
31 27
117 130
37 32
86 41
95 79
114 33
98 114
9 94
141 33
29 138
7 57
145 67
27 118
63 59
95 142
60 105
124 76
108 41
123 61
131 36
100 93
60 110
97 12
60 106
116 62
55 95
50 126
141 134
126 11
48 84
75 80
42 64
102 72
100 73
47 95
80 52
7 25
26 79
143 17
10 18
147 53
102 126
128 119
32 142
47 134
75 10
132 16
120 87
31 61
116 118
47 70
2 106
116 113
52 73
75 17
121 147
145 114
114 73
135 76
98 16
50 58
96 127
117 129
137 142
142 91
62 48
133 146
92 15
6 44
47 116
80 108
2 90
128 123
69 118
60 88
36 79
82 45
87 76
133 58
95 73
122 20
145 134
61 142
115 90
49 46
42 143
143 20
4 76
125 134
43 42
28 118
78 64
23 74
147 76
97 45
77 38
65 118
8 111
135 62
78 38
47 87
74 107
40 143
7 104
126 118
53 49
39 111
100 41
3 70
143 137
121 17
72 48
114 16
60 117
23 25
60 109
100 76
94 105
104 112
9 72
22 105
145 15
35 27
78 109
118 6
20 1
37 55
55 41
50 138
126 94
105 115
135 89
100 94
117 44
119 15
37 15
71 62
9 41
67 93
125 123
124 33
68 63
31 107
122 11
50 6
104 56
86 96
95 108
43 123
16 139
26 115
4 103
23 117
101 3
92 24
146 149
23 111
25 5
42 101
7 24
26 111
31 22
92 18
16 94
61 138
54 125
141 30
72 45
139 22
148 109
92 138
132 20
60 35
79 138
100 150
31 137
13 111
104 72
77 140
42 103
125 138
130 82
47 148
130 87
25 15
59 108
62 56
31 118
130 95
66 69
119 136
2 56
66 90
4 20
7 95
51 129
124 16
133 139
34 36
78 34
32 82
3 48
75 5
132 58
102 127
37 85
7 48
100 62
43 150
54 16
88 24
83 116
136 112
112 65
60 65
138 44
35 87
133 33
123 5
7 106
83 2
25 124
141 138
117 22
37 102
86 73
116 53
57 73
21 33
43 12
98 93
132 120
132 124
81 6
56 39
132 106
16 73
89 58
71 52
139 142
26 94
37 68
97 44
10 76
77 145
10 34
61 44
129 22
50 101
10 147
139 141
70 115
65 73
26 52
83 112
101 99
145 73
81 140
93 12
136 143
80 94
34 86
9 89
58 134
126 24
93 111
15 90
32 144
136 39
47 67
98 3
131 46
66 122
137 46
27 15
60 73
112 15
130 90
37 105
61 110
13 66
78 144
68 90
144 36
78 113
25 66
145 17
125 84
52 111
132 95
119 68
96 115
37 137
4 84
103 24
25 108
124 84
31 85
50 56
23 16
124 85
128 113
118 105
27 5
83 65
16 39
54 40
131 64
87 139
128 57
37 25
130 110
146 15
35 130
119 27
69 95
72 33
16 91
16 15
54 96
143 142
66 73
54 38
124 70
92 58
23 77
106 115
54 11
16 134
146 52
78 42
69 146
25 140
14 45
4 116
50 134
74 127
19 17
60 55
49 45
139 76
125 147
10 24
34 134
141 24
40 129
86 69
133 41
130 150
9 39
63 47
42 73
43 130
96 30
109 115
49 142
60 16
26 12
60 86
70 44
133 36
39 21
89 27
95 20
82 20
148 60
35 125
50 121
61 46
120 33
14 146
80 12
50 33
32 53
136 52
125 5
93 44
70 76
23 5
125 41
119 38
125 83
95 1
44 84
28 106
26 89
64 12
100 52
133 82
94 22
107 39
116 138
7 137
124 59
124 150
66 40
67 138
150 91
34 125
116 27
123 106
13 146
49 134
61 22
53 1
73 45
21 134
10 15
100 18
50 144
51 52
140 45
145 95
87 52
99 15
105 33
4 77
131 5
139 70
127 138
143 33
132 113
117 144
42 46
130 97
103 142
120 38
135 53
26 74
116 51
74 97
83 130
81 115
98 80
43 25
68 101
14 86
145 150
98 76
124 40
94 1
53 38
28 96
132 148
116 134
126 72
63 35
77 111
14 95
92 112
148 53
92 103
120 62
135 18
93 65
17 59
64 48
128 118
122 108
103 93
58 36
146 87
2 82
143 93
7 114
32 65
62 111
3 41
121 111
32 114
75 83
129 118
53 113
26 61
19 118
32 11
97 82
135 69
60 29
29 6
86 111
63 147
104 111
130 52
136 53
141 115
60 142
9 73
66 2
63 135
142 20
128 22
148 98
104 16
146 134
35 139
35 149
14 62
136 25
75 100
72 91
77 117
91 52
104 49
122 106
132 3
114 107
102 18
147 65
23 115
2 5
125 80
135 65
5 82
31 1
93 39
67 109
2 108
53 118
102 20
119 54
113 79
37 134
130 74
29 17
116 52
52 33
17 45
13 142
131 62
86 141
91 20
29 130
40 91
63 96
94 38
147 1
140 110
92 96
140 12
42 1
103 90
78 95
99 56
136 80
93 21
70 127
108 134
47 106
10 33
42 113
128 149
133 6
79 118
37 141
42 145
17 1
34 21
64 6
60 107
127 24
148 25
41 46
137 110
83 67
136 41
124 79
77 21
75 41
116 114
92 10
55 107
100 107
51 45
78 70
146 139
35 70
146 108
80 115
149 11
133 147
14 73
29 107
28 127
49 57
46 20
108 44
100 74
71 115
68 69
4 144
2 144
100 112
89 144
23 80
48 15
60 40
121 64
50 116
69 139
25 60
20 73
21 105
10 126
141 91
66 109
26 43
35 40
51 5
87 62
148 82
112 49
94 85
35 84
26 100
29 74
146 90
57 46
75 82
140 3
115 46
55 118
130 149
83 46
136 55
143 52
110 127
3 72
147 8
128 101
108 70
125 77
77 46
117 27
132 19
121 72
144 84
123 138
136 117
37 4
48 127
149 18
148 13
68 34
50 81
122 82
10 21
75 117
101 130
69 20
7 18
125 27
43 89
5 33
55 66
86 94
87 108
77 113
23 97
17 127
143 6
25 73
147 143
61 84
94 142
100 106
43 58
4 3
135 81
63 11
27 95
93 113
54 148
41 6
81 130
129 20
64 138
119 58
36 44
128 79
107 30
89 64
54 76
50 40
63 25
133 49
128 36
65 22
16 17
59 11
5 39
126 27
40 88
13 100
146 84
80 59
4 99
54 55
109 150
26 140
83 134
31 56
32 137
119 1
35 69
55 67
63 104
77 84
89 91
92 1
100 123
43 28
120 6
31 114
116 30
78 20
109 52
74 138
11 142
49 118
2 74
143 24
131 91
98 59
64 36
53 117
62 79
71 43
114 130
87 48
26 123
123 20
144 93
125 89
50 150
37 139
25 62
121 67
7 107
57 18
143 57
136 130
47 77
130 19
50 61
48 115
58 138
14 144
5 24
35 19
77 120
139 82
50 64
50 10
122 114
124 140
15 118
149 105
103 52
25 49
23 98
103 118
140 6
128 100
47 105
86 87
96 6
68 32
31 66
40 59
121 112
100 49
94 12
57 88
91 88
50 5
29 11
92 100
146 45
86 110
76 141
126 22
46 105
69 12
72 17
119 135
23 39
35 61
19 138
9 107
17 49
131 118
148 59
128 130
128 114
97 96
123 105
121 144
121 137
32 113
54 106
116 76
75 131
67 65
98 116
11 138
55 69
40 72
10 138
2 112
14 11
92 73
21 45
43 92
26 98
17 24
133 150
147 5
80 95
76 15
78 93
57 1
27 129
126 107
23 142
72 51
120 40
90 138
39 12
128 45
74 96
136 35
78 66
93 20
2 12
13 52
140 53
148 149
75 121
149 22
145 108
23 86
13 38
101 38
13 84
71 4
35 58
100 60
126 88
36 5
75 104
131 76
23 102
74 112
125 72
142 127
71 73
99 36
60 62
116 6
115 1
71 134
34 19
132 142
9 99
47 18
86 98
71 70
135 40
83 138
23 47
102 34
66 150
25 6
47 123
25 59
10 19
145 131
116 117
70 49
125 146
34 114
149 51
62 113
63 14
145 87
77 90
62 52
89 104
146 49
67 21
63 19
76 142
129 138
11 22
25 51
54 27
111 12
137 115
113 6
3 74
122 1
51 82
145 51
111 1
102 38
122 105
63 58
68 62
17 64
21 44
9 139
135 139
82 30
39 90
99 105
28 57
13 62
124 121
64 97
102 16
131 12
148 126
66 44
60 103
37 107
99 24
68 15
92 77
3 137
37 145
34 96
22 18
107 110
10 93
131 85
136 28
78 121
70 1
86 2
14 35
35 109
77 30
147 95
106 6
4 45
99 97
87 38
104 61
149 6
43 102
110 106
12 73
140 84
89 44
50 46
128 13
99 111
49 24
124 116
124 62
103 95
121 79
6 134
129 12
128 88
72 57
110 150
112 27
74 20
116 106
124 39
84 18
128 27
14 30
47 144
148 73
26 110
3 39
125 114
23 130
3 104
16 82
99 19
118 1
75 12
123 64
23 95
143 134
26 138
95 8
148 27
136 146
47 82
114 85
47 109
55 82
7 145
9 57
50 108
128 65
71 111
62 39
93 127
4 107
77 83
34 76
92 53
56 44
106 20
70 15
75 46
81 49
131 106
106 12
9 126
37 75
49 39
9 92
55 22
59 118
89 96
55 103
27 143
42 72
44 24
43 115
145 84
114 138
43 61
86 33
102 66
81 145
71 95
77 142
17 149
100 102
29 144
27 22
37 12
108 38
54 137
96 24
138 18
110 142
32 93
66 41
68 100
135 34
119 132
130 106
54 100
41 24
26 64
52 82
64 150
107 45
60 21
95 139
131 74
98 19
54 51
3 51
125 56
11 41
7 74
7 94
32 46
78 52
125 143
75 87
117 59
31 86
101 44
58 109
79 57
77 99
26 16
2 8
19 57
103 18
100 83
7 46
92 101
81 97
60 67
131 24
59 115
75 126
116 74
132 41
78 117
137 48
100 139
77 89
6 24
43 125
71 86
75 19
12 85
67 38
103 46
35 38
132 74
26 92
56 41
97 52
125 70
108 138
25 44
8 39
48 5
13 18
136 123
66 111
2 11
105 18
74 62
65 97
25 84
40 73
121 53
125 127
113 107
75 135
23 85
54 64
87 51
112 20
81 142
75 16
47 62
102 121
17 46
13 79
63 91
82 138
132 62
123 62
69 129
140 62
138 88
149 39
128 131
47 16
17 88
74 18
42 88
98 29
126 104
51 141
37 51
13 19
124 143
92 6
56 88
126 131
22 115
81 65
57 33
50 107
122 62
122 39
148 140
146 73
87 127
61 109
122 129
119 110
58 18
71 55
98 140
75 134
76 44
143 118
102 139
117 146
14 129
101 24
145 113
133 52
10 141
4 42
28 64
92 55
117 51
114 15
47 96
123 101
19 129
54 78
102 137
144 114
51 33
23 140
132 79
146 72
23 49
63 107
54 147
129 57
34 8
133 116
31 97
113 30
116 127
100 39
133 77
15 85
42 30
92 66
45 24
136 124
56 142
16 11
42 74
76 88
35 143
10 103
40 107
61 111
71 116
87 106
30 45
148 90
124 134
145 90
101 61
55 142
41 73
37 133
111 24
65 46
81 30
35 30
137 65
7 49
78 112
149 56
30 20
75 30
31 38
7 134
121 130
130 85
14 77
125 51
60 17
3 18
32 76
7 43
17 22
60 28
114 5
27 64
80 103
114 111
145 8
80 84
100 11
103 112
88 127
38 141
102 90
26 81
60 44
27 17
53 67
66 51
93 24
2 62
102 83
89 19
130 65
31 75
12 127
114 12
42 12
132 34
49 111
78 123
106 52
22 30
119 40
114 11
126 108
113 127
50 122
128 51
8 150
147 112
59 111
136 93
31 121
78 12
60 79
83 28
136 79
70 150
4 22
119 82
86 15
117 48
32 77
66 86
19 20
35 118
132 49
83 12
2 97
75 69
69 36
40 139
101 96
72 111
50 139
43 68
10 32
126 130
36 39
124 109
61 59
10 77
4 18
61 20
86 127
13 41
100 40
16 41
133 34
3 56
136 74
80 127
60 59
7 116
68 94
10 144
109 96
65 111
125 121
89 59
66 134
36 6
92 21
103 59
99 17
146 59
92 90
47 2
103 86
103 38
144 107
120 70
43 121
81 51
83 93
62 36
119 81
103 8
83 150
66 12
102 45
123 57
75 15
77 45
10 118
14 143
125 81
140 97
40 45
140 5
55 53
98 118
34 137
82 1
91 30
92 34
149 24
116 97
60 94
7 60
120 99
10 116
119 78
56 5
113 41
31 131
81 39
39 20
37 91
67 126
8 52
58 45
133 29
72 56
32 29
72 108
23 121
25 1
3 115
125 52
117 61
8 45
121 28
42 80
83 49
131 48
63 34
123 19
107 36
138 30
114 95
140 22
35 74
132 98
89 143
38 85
119 145
132 112
81 64
14 48
104 6
13 1
86 93
60 123
68 85
112 150
103 62
49 141
128 50
58 6
8 57
74 93
72 79
121 98
129 115
3 21
95 138
60 96
125 130
55 150
42 120
55 59
130 36
124 147
49 91
72 105
77 61
93 48
42 118
100 65
7 67
83 123
33 24
69 67
68 60
63 17
7 87
14 51
72 6
43 4
59 38
140 15
100 82
133 96
117 12
50 129
66 123
143 64
14 125
21 46
148 143
13 44
48 51
34 143
122 99
69 61
147 144
63 70
13 127
97 1
2 28
42 41
55 145
59 1
15 1
4 61
100 134
72 30
47 1
31 20
112 131
74 19
53 52
119 17
23 147
58 16
50 41
78 85
63 74
91 18
14 138
19 64
7 108
83 44
60 8
70 134
29 129
58 46
2 52
125 112
117 82
92 76
41 85
7 79
22 52
63 44
132 35
86 53
124 126
42 18
29 126
128 99
79 85
121 20
2 91
93 84
26 60
66 131
133 8
43 60
133 3
49 138
71 14
69 21
98 28
95 46
35 24
47 118
26 15
108 105
68 138
31 84
34 127
66 22
83 115
104 44
76 138
104 76
38 57
122 93
68 72
16 33
43 132
136 8
34 38
29 118
87 56
125 6
43 124
116 67
10 5
32 48
9 104
43 116
149 110
133 94
126 82
67 56
104 39
16 65
120 72
7 136
2 15
148 122
42 3
131 17
40 113
93 64
62 41
72 97
49 150
125 38
10 82
103 97
145 94
55 94
54 130
128 121
63 69
128 17
125 15
146 57
55 21
98 73
14 19
27 52
125 113
9 20
28 87
81 58
121 41
135 105
54 87
133 108
126 149
26 30
75 129
130 138
92 74
74 82
7 138
128 31
53 142
126 114
116 22
140 103
112 33
111 105
93 97
107 127
40 115
110 70
119 105
132 60
66 61
129 111
56 106
80 38
28 8
139 24
121 2
137 12
9 98
31 8
108 11
68 61
93 107
133 76
50 149
63 76
102 60
32 52
67 52
63 50
148 3
80 146
58 115
39 138
109 90
132 12
71 121
27 73
120 17
65 110
47 8
63 95
54 105
91 73
107 17
100 6
56 84
83 142
3 99
131 82
9 96
95 97
53 107
67 16
47 39
75 124
72 99
66 65
116 81
2 38
148 112
128 15
6 45
81 1
144 94
91 82
7 15
55 20
27 70
104 150
109 113
29 39
125 117
112 87
3 5
50 12
4 25
147 145
63 84
130 12
28 1
80 49
26 68
38 134
144 46
31 45
34 130
34 118
68 81
83 38
71 63
136 4
120 137
147 44
47 65
124 145
78 99
8 134
120 19
81 134
55 29
14 75
144 115
23 27
28 108
87 65
119 8
64 15
147 131
143 150
59 15
68 89
78 27
92 126
54 62
37 62
115 84
109 44
31 10
121 22
68 25
69 130
144 15
71 144
140 88
123 150
64 129
86 59
135 56
55 101
148 150
148 111
100 14
130 109
63 33
4 60
34 120
7 78
120 2
14 145
94 51
4 11
122 6
120 141
117 8
7 69
137 91
116 1
23 42
26 83
31 62
31 88
29 142
48 108
32 122
23 72
13 27
59 150
27 90
78 16
130 5
102 5
147 6
86 65
68 132
133 87
31 142
148 141
120 96
133 100
8 127
77 74
31 87
132 17
40 36
77 73
76 129
136 90
41 91
58 12
121 42
98 137
129 41
23 44
120 117
135 73
99 129
78 1
87 11
144 79
84 45
131 33
140 27
59 8
4 59
51 90
119 74
60 85
50 95
109 59
42 109
137 94
114 56
142 106
86 108
112 72
25 93
78 35
121 87
37 27
102 76
122 22
9 29
124 66
43 27
43 143
130 91
92 122
35 77
38 82
58 87
105 73
17 111
80 93
104 109
34 103
101 134
104 1
35 115
98 87
19 85
68 106
71 12
123 59
133 98
8 1
147 122
67 79
10 40
23 51
58 44
48 49
69 74
132 63
92 36
149 94
128 102
47 22
101 93
78 77
103 139
10 108
136 19
54 104
32 49
26 27
61 149
11 38
63 92
77 131
89 49
78 55
101 127
135 41
21 115
114 97
122 127
50 146
29 104
117 110
43 3
26 77
37 114
133 118
14 80
132 134
87 6
121 1
3 108
86 44
121 134
95 57
13 138
17 33
7 80
55 144
120 16
109 94
10 11
123 142
128 141
77 11
26 17
98 94
26 137
131 22
32 101
54 45
121 82
36 21
145 64
40 15
54 136
107 22
93 108
84 127
119 114
47 52
125 131
71 22
143 84
100 48
28 141
53 57
40 1
140 17
36 106
68 40
63 8
66 107
7 124
119 85
120 109
43 98
31 81
124 8
47 127
27 134
53 93
54 144
35 82
13 58
86 17
79 20
39 52
6 90
80 129
3 15
63 32
13 97
16 105
149 139
140 51
53 110
16 30
37 130
128 44
26 35
126 39
65 139
130 144
25 10
36 56
26 49
117 57
147 91
67 62
94 15
101 12
54 140
9 78
52 1
11 33
78 53
100 10
37 87
122 74
69 38
55 51
119 20
57 85
48 149
147 51
78 65
87 105
135 19
81 96
37 18
23 119
131 111
112 110
131 20
130 45
5 38
99 149
14 89
135 126
71 78
14 139
9 146
60 74
53 18
24 18
90 91
92 102
145 99
149 76
27 115
107 76
47 5
61 27
23 58
101 141
74 87
119 53
102 44
27 108
69 149
148 8
95 45
117 150
4 24
117 139
132 6
105 1
53 76
75 143
103 48
77 8
97 141
42 58
43 76
96 41
132 146
131 88
29 108
148 120
101 45
54 74
65 79
77 103
134 1
7 31
133 105
45 1
69 48
104 15
63 108
13 116
79 45
146 85
5 150
131 97
16 84
15 52
71 1
9 95
74 48
4 114
26 142
2 49
99 73
80 33
63 46
108 21
64 20
12 105
31 91
86 106
10 42
92 38
23 65
136 57
80 67
47 21
54 31
133 95
63 81
116 12
92 104
14 58
114 139
88 44
78 3
100 56
40 110
9 129
110 33
27 51
34 74
47 104
140 87
116 72
103 44
150 20
136 12
71 50
135 123
148 28
99 22
118 88
127 73
106 46
4 21
71 130
89 142
114 96
50 70
35 73
100 34
3 49
28 94
104 85
75 1
116 96
74 44
123 91
140 111
55 121
60 64
66 21
40 109
36 24
48 106
145 41
112 8
125 103
128 145
148 127
101 104
107 56
115 44
113 51
103 64
133 27
86 142
35 1
71 37
62 149
4 90
125 58
100 118
100 145
23 106
114 88
148 107
143 87
55 123
89 70
107 46
81 82
71 49
82 90
56 38
32 66
63 101
104 90
65 134
87 90
40 18
98 79
37 19
101 129
84 82
42 61
23 92
139 11
34 72
112 76
55 105
7 130
7 5
40 108
40 28
54 118
109 18
28 93
99 141
19 48
29 114
117 62
133 39
9 53
16 96
121 145
47 150
86 36
67 110
77 51
9 101
136 62
128 58
83 19
135 144
109 12
100 147
128 92
140 58
148 70
136 99
146 111
148 62
55 36
9 102
95 129
54 67
34 45
23 90
100 85
136 58
105 88
61 105
47 59
142 85
77 36
130 115
7 133
77 141
122 115
68 44
102 73
42 20
56 97
62 96
101 139
135 146
117 87
150 6
31 100
14 17
102 55
124 82
137 15
102 115
112 93
71 80
24 30
56 79
25 121
28 12
74 24
43 86
71 143
70 142
135 1
55 5
59 70
120 107
77 34
61 79
102 6
143 108
133 141
77 48
85 30
147 87
117 85
50 127
143 91
55 147
108 141
42 67
53 30
128 82
54 93
2 80
131 113
7 13
83 105
13 24
98 112
9 115
51 12
120 106
147 137
26 99
123 131
98 96
142 73
128 91
63 55
119 83
25 109
2 131
132 141
102 24
71 120
130 33
13 42
135 107
63 21
61 1
128 81
50 106
4 17
40 46
13 140
83 53
135 114
14 87
71 145
29 117
25 98
47 75
97 150
66 99
81 72
3 138
31 124
4 79
9 82
98 141
23 124
140 56
14 113
128 87
97 138
60 49
75 91
149 82
146 8
77 70
83 8
11 46
43 105
102 103
28 46
5 105
16 127
37 31
56 115
42 108
132 140
68 38
100 59
128 84
16 44
87 88
2 57
54 101
37 135
117 114
129 84
75 36
99 6
130 131
123 65
121 138
50 137
121 48
133 101
61 6
133 55
31 21
145 144
27 114
89 36
123 36
34 20
47 139
89 108
78 86
143 85
13 49
2 146
32 91
13 131
47 149
140 48
49 127
23 146
86 8
135 115
13 16
131 15
56 95
23 73
121 101
69 44
114 46
7 12
77 66
119 6
66 57
3 12
70 8
67 91
47 99
120 105
108 45
89 51
90 30
92 85
133 32
4 5
149 84
124 86
11 129
148 21
23 30
11 91
84 85
126 115
130 62
47 19
64 84
28 62
117 90
28 41
133 47
136 81
57 30
28 39
29 140
92 3
9 70
113 36
68 1
122 107
86 24
87 142
2 134
101 89
83 81
28 65
63 10
14 34
102 62
137 87
113 22
9 141
47 125
130 108
140 49
132 45
53 82
7 72
107 21
128 11
55 19
7 37
136 37
29 134
102 99
124 35
37 123
34 98
112 73
97 70
10 51
7 120
120 123
103 143
104 46
96 18
71 103
112 137
132 90
59 142
3 20
74 129
136 97
62 22
135 51
69 82
94 21
19 87
7 39
120 48
132 61
37 95
125 28
68 50
136 46
4 19
28 45
86 81
125 101
50 147
29 48
89 6
136 69
68 14
109 73
61 113
122 30
69 112
3 58
3 82
112 39
133 145
67 139
62 129
129 88
35 81
99 113
25 87
123 86
42 98
89 95
124 127
121 127
65 70
60 101
109 36
9 122
125 59
37 129
56 21
25 18
99 28
68 30
75 130
43 24
2 22
119 67
88 12
61 30
98 84
78 5
107 51
81 101
103 56
13 107
72 12
126 62
75 49
26 53
26 106
137 30
38 45
65 11
75 51
141 46
148 131
44 127
69 62
148 55
139 91
109 87
46 127
35 86
54 90
77 116
2 73
102 35
103 11
112 118
99 46
37 22
70 106
69 39
76 134
114 8
132 39
4 109
34 6
47 32
10 48
113 90
49 52
40 96
4 32
137 62
9 17
68 130
4 121
13 53
67 44
147 103
54 69
38 88
112 45
145 110
137 36
125 107
145 137
22 150
43 148
144 149
124 58
125 94
78 11
124 139
144 6
12 24
128 135
35 22
98 146
55 30
109 82
5 20
120 29
25 149
79 73
124 64
40 17
140 141
51 111
40 30
58 97
83 76
144 39
25 94
86 84
122 57
76 33
55 91
100 120
29 145
80 24
128 38
67 48
128 137
107 18
14 142
92 67
121 91
126 85
59 79
16 87
93 51
37 34
132 135
142 18
136 68
13 55
109 85
37 125
116 149
61 24
5 111
27 16
14 150
136 67
137 141
58 131
55 1
37 117
78 56
75 38
46 88
60 32
86 62
46 18
3 33
37 39
10 39
55 45
116 17
55 24
119 37
90 45
135 57
49 41
34 108
147 40
7 109
54 121
53 150
43 84
147 108
140 21
77 95
121 5
26 2
100 117
131 109
54 35
48 46
120 59
116 126
143 16
120 97
116 115
127 115
64 111
25 33
133 107
78 62
113 12
121 131
26 124
48 6
72 8
59 96
9 2
60 120
81 93
55 48
125 69
34 39
11 134
3 129
81 110
31 49
26 47
6 88
126 56
60 19
34 44
89 141
77 12
124 146
14 28
62 138
146 118
9 133
140 59
51 96
136 115
124 22
15 46
13 129
94 52
81 33
34 115
101 6
149 38
116 11
69 110
116 91
59 49
25 131
83 97
25 19
133 60
34 129
71 61
22 20
71 79
131 144
145 93
2 122
125 62
96 105
64 21
29 12
26 121
61 88
108 150
62 106
28 70
41 12
93 141
69 22
89 105
34 65
69 59
149 97
119 59
71 23
33 20
50 94
122 91
145 129
91 12
78 69
36 30
59 85
137 84
79 88
150 111
86 45
133 97
71 2
59 91
133 62
139 8
29 57
146 38
149 79
101 122
95 149
70 41
37 3
83 95
83 64
21 30
3 16
56 105
47 28
92 62
103 108
37 42
83 79
43 144
121 12
38 84
50 60
126 15
139 85
112 149
43 56
128 35
80 130
8 88
87 12
147 19
101 28
55 149
9 10
10 69
75 8
123 117
95 94
37 147
140 1
116 49
67 107
10 30
136 134
75 99
63 112
78 45
29 52
48 30
14 69
60 5
55 141
77 127
40 65
121 116
130 64
92 25
115 30
148 146
56 18
81 139
37 38
35 142
104 48
79 127
87 73
136 149
103 49
95 127
78 80
95 5
75 142
104 74
26 63
147 139
102 123
34 49
11 51
63 90
58 8
43 142
147 64
94 49
72 88
77 143
128 33
119 107
42 28
72 22
48 141
2 126
148 116
71 118
9 76
148 145
25 12
71 85
104 70
119 141
71 69
66 115
25 65
13 36
97 15
107 38
147 28
37 9
146 137
101 137
25 120
3 30
81 41
116 150
23 104
14 41
83 113
21 142
43 49
98 33
37 29
54 82
55 81
72 24
53 61
129 21
100 38
68 21
93 96
39 85
107 84
39 38
43 63
43 39
148 1
4 88
99 45
117 145
67 129
36 134
48 11
5 141
116 140
147 48
69 70
101 22
123 82
102 140
13 5
123 79
55 129
120 51
119 29
103 41
89 65
37 73
132 83
60 45
122 113
126 18
117 111
117 33
133 46
117 6
129 39
118 134
43 9
81 109
9 117
64 39
64 33
132 28
53 79
2 114
108 51
54 131
3 149
66 130
48 70
35 6
70 129
14 99
108 57
140 139
95 82
148 142
146 145
48 94
48 38
9 8
139 127
142 134
99 110
132 65
128 83
93 62
145 48
93 73
146 79
3 112
52 20
108 6
124 48
103 67
112 24
148 38
69 91
119 31
62 38
136 121
80 48
112 106
53 139
79 22
17 82
77 137
119 111
124 117
125 140
25 32
132 97
148 50
142 138
118 44
72 16
32 22
121 19
144 72
144 62
7 83
72 150
140 112
97 41
37 120
77 108
121 76
98 90
13 93
69 15
98 138
14 135
69 127
143 61
63 6
107 41
29 103
27 24
107 6
65 6
36 90
63 5
39 15
75 20
128 21
68 78
62 30
34 56
50 24
149 30
148 29
128 10
58 72
13 39
74 90
128 1
42 104
55 3
72 18
80 76
7 121
23 116
51 20
105 20
35 41
13 88
135 39
66 8
88 82
121 11
112 94
32 149
80 117
90 52
124 135
116 41
124 88
80 99
2 137
102 28
68 142
133 149
43 104
51 85
5 106
68 141
43 33
128 138
143 109
2 48
98 45
86 115
99 8
68 98
103 33
50 57
117 41
48 59
103 123
126 79
101 39
89 21
130 18
78 40
130 41
103 16
117 115
94 30
87 15
86 80
53 105
116 131
29 62
137 96
98 144
144 118
55 110
68 86
147 3
29 27
128 47
57 24
37 74
43 100
100 21
121 89
63 117
147 140
46 45
146 129
26 71
6 52
57 91
26 117
63 139
60 58
2 46
61 141
14 108
3 62
68 111
47 50
132 70
126 109
78 29
82 85
143 73
95 111
47 11
98 117
7 119
105 85
27 79
71 75
25 126
47 27
54 88
77 126
120 44
77 109
96 134
120 112
25 36
146 18
131 52
75 21
113 70
78 141
83 84
147 127
9 50
81 16
92 29
46 33
67 12
92 56
43 127
61 57
31 99
117 141
74 49
69 113
25 137
35 106
83 61
31 83
140 122
95 44
26 96
78 94
86 149
139 110
128 43
136 96
138 6
14 98
123 110
124 99
87 59
140 85
79 96
92 41
71 136
25 110
4 125
107 15
112 28
5 91
89 48
25 85
25 79
133 57
63 144
148 76
5 118
19 111
86 140
54 103
74 12
80 21
32 117
4 120
9 18
27 131
121 96
34 12
60 131
68 149
54 14
83 51
144 143
89 130
132 36
37 92
42 81
68 27
9 46
132 59
80 45
2 16
72 90
78 89
72 138
104 19
121 142
147 142
119 108
68 110
60 129
43 55
25 116
51 24
63 88
116 20
83 91
100 61
41 90
112 84
13 21
65 141
51 142
76 6
120 85
39 118
69 3
65 149
41 18
72 129
26 90
4 14
31 2
65 20
102 143
97 21
74 11
23 56
9 25
42 134
44 73
61 94
78 106
135 2
4 66
102 93
124 36
2 109
5 127
123 107
49 106
58 24
113 138
43 113
70 11
67 45
76 96
71 123
121 94
2 143
43 139
67 90
19 150
132 32
104 22
