InstanceID
2_20_4
NumObjects
20
NumFactors
4
Weights
36.679641243992435
52.38785747844117
21.025643065331256
81.93381354589955
50.13711485175227
55.9355291249767
52.35591995602322
41.586956811060325
54.01515230225699
68.95665499806216
14.383562117576144
68.51373583088719
2.713772987044938
78.538308867304
68.92782419536385
24.225804087259807
71.13230268543043
40.345880506972186
75.17994681674702
15.166215690199358
Budget
487.07081858129055
Profits
-7.335928248798487
-10.477571495688235
-4.205128613066251
-16.386762709179912
-10.027422970350454
-11.18710582499534
-10.471183991204644
-8.317391362212065
-10.8030304604514
-13.791330999612432
-2.8767124235152286
-13.702747166177437
-0.5427545974089876
-15.7076617734608
-13.785564839072771
-4.845160817451961
-14.226460537086087
-8.069176101394437
-15.035989363349405
-3.0332431380398717
FactorLoading_Φ
-0.13843052661356103	-0.0782652074050898	0.7046537731325313	-0.07865049284881787
-0.17946257567606194	0.0413973716603544	0.750524609297351	-0.028615443366232673
0.025347408581361863	-0.09153478841122342	-0.36224745104759903	-0.5208703519598157
0.07837696073047118	-0.34056198100059	0.5217386866664897	0.05932237160244913
-0.5912687904170078	-0.0583154798219121	0.2010919469703969	-0.14932378279068326
0.0455382335086707	-0.30842378300509465	0.4234399382804004	-0.22259804520583426
0.010085810462101996	-0.3424946844527066	-0.4474435424077785	0.1999759626774129
-0.25792813596400044	0.44278837602962073	0.10231555178749274	0.19696793621888609
-0.41530994809643085	0.08225645088393141	-0.3899910775911164	-0.11244252342852135
0.3651989116838896	0.40919399454341554	0.16957969912306248	-0.056027394649632356
0.054748853297104993	0.00190909235737724	-0.6597648904382751	-0.28357716390724264
-0.1409950507704063	0.1259590110769715	-0.17966923387078393	-0.5533767042818383
-0.03367550847889755	0.46771625191357646	-0.295296320308017	-0.20331191929950898
0.10616672164265428	-0.1709985387339068	-0.44855528584410176	0.27427945377933716
0.2284693358631087	-0.5502791277459025	-0.19692400428505463	0.02432753210593419
-0.05225685685318604	0.502163728764822	0.13507905179682123	0.3105003625851708
-0.5798387993059564	-0.0652828121049287	0.07543945283376141	-0.2794389357553535
0.3241339889614736	-0.3252074738810029	-0.2442052673356181	-0.1064532698219054
-0.5364351571360761	-0.04889236416224518	-0.16336793839192043	-0.25130454030975824
0.06584411364315668	-0.2982653071718535	0.04585737846992077	0.590033200715069
FactorLoading_Ψ
-0.13843052661356103	-0.0782652074050898	0.7046537731325313	-0.07865049284881787
-0.17946257567606194	0.0413973716603544	0.750524609297351	-0.028615443366232673
0.025347408581361863	-0.09153478841122342	-0.36224745104759903	-0.5208703519598157
0.07837696073047118	-0.34056198100059	0.5217386866664897	0.05932237160244913
-0.5912687904170078	-0.0583154798219121	0.2010919469703969	-0.14932378279068326
0.0455382335086707	-0.30842378300509465	0.4234399382804004	-0.22259804520583426
0.010085810462101996	-0.3424946844527066	-0.4474435424077785	0.1999759626774129
-0.25792813596400044	0.44278837602962073	0.10231555178749274	0.19696793621888609
-0.41530994809643085	0.08225645088393141	-0.3899910775911164	-0.11244252342852135
0.3651989116838896	0.40919399454341554	0.16957969912306248	-0.056027394649632356
0.054748853297104993	0.00190909235737724	-0.6597648904382751	-0.28357716390724264
-0.1409950507704063	0.1259590110769715	-0.17966923387078393	-0.5533767042818383
-0.03367550847889755	0.46771625191357646	-0.295296320308017	-0.20331191929950898
0.10616672164265428	-0.1709985387339068	-0.44855528584410176	0.27427945377933716
0.2284693358631087	-0.5502791277459025	-0.19692400428505463	0.02432753210593419
-0.05225685685318604	0.502163728764822	0.13507905179682123	0.3105003625851708
-0.5798387993059564	-0.0652828121049287	0.07543945283376141	-0.2794389357553535
0.3241339889614736	-0.3252074738810029	-0.2442052673356181	-0.1064532698219054
-0.5364351571360761	-0.04889236416224518	-0.16336793839192043	-0.25130454030975824
0.06584411364315668	-0.2982653071718535	0.04585737846992077	0.590033200715069
Conflicts
7 3
9 6
10 3
13 6
7 20
7 18
19 20
7 11
7 14
3 15
2 18
8 5
14 3
5 20
19 5
17 6
11 6
9 11
7 2
16 11
11 12
17 12
8 6
16 1
15 20
14 16
4 2
5 12
2 17
7 16
16 5
8 20
7 13
17 18
2 11
14 6
13 20
13 12
9 3
4 16
13 8
13 1
13 17
10 1
2 12
12 20
8 18
7 9
10 16
17 1
8 12
19 18
14 8
16 6
19 6
13 11
15 6
9 8
20 18
7 19
3 17
14 5
4 19
13 10
11 8
4 20
7 15
9 16
13 16
8 15
6 18
11 5
2 8
6 20
3 6
13 15
16 18
7 5
13 18
11 20
3 19
4 3
12 1
16 20
15 12
4 14
2 1
2 19
19 17
3 1
20 1
14 10
10 5
10 8
13 5
16 15
