InstanceID
2_60_4
NumObjects
60
NumFactors
4
Weights
36.679641243992435
52.38785747844117
21.025643065331256
81.93381354589955
50.13711485175227
55.9355291249767
52.35591995602322
41.586956811060325
54.01515230225699
68.95665499806216
14.383562117576144
68.51373583088719
2.713772987044938
78.538308867304
68.92782419536385
24.225804087259807
71.13230268543043
40.345880506972186
75.17994681674702
15.166215690199358
13.843052661356104
21.669573401865083
92.13495071511821
2.2690854550639017
9.385894572668096
89.95211529739282
6.1337690573772585
17.946257567606196
97.13845566337673
22.085994733641634
39.265048411445555
63.59661113669155
93.08445570998553
37.291192773134
47.91296480401843
2.5347408581361863
11.688219699258529
57.96978492340894
42.756443606081305
2.540768597200427
5.158409677317399
94.06776283975509
7.837696073047118
41.89389417310612
95.07082819980961
10.431726968562272
66.47730781546122
87.67354360480456
85.06762172093167
64.95842702389199
59.126879041700775
39.407536499904474
9.096977800083605
79.37657730258303
21.155213366860238
77.74019547941657
4.55382335086707
35.396201651376536
73.29630988421407
3.3877450571498713
Budget
1353.2578471691254
Profits
-7.335928248798487
-10.477571495688235
-4.205128613066251
-16.386762709179912
-10.027422970350454
-11.18710582499534
-10.471183991204644
-8.317391362212065
-10.8030304604514
-13.791330999612432
-2.8767124235152286
-13.702747166177437
-0.5427545974089876
-15.7076617734608
-13.785564839072771
-4.845160817451961
-14.226460537086087
-8.069176101394437
-15.035989363349405
-3.0332431380398717
-2.7686105322712207
-4.333914680373017
-18.42699014302364
-0.45381709101278034
-1.8771789145336193
-17.990423059478566
-1.2267538114754517
-3.5892515135212393
-19.427691132675346
-4.417198946728327
-7.853009682289111
-12.71932222733831
-18.616891141997108
-7.4582385546268
-9.582592960803686
-0.5069481716272373
-2.3376439398517057
-11.593956984681787
-8.551288721216261
-0.5081537194400854
-1.0316819354634799
-18.813552567951017
-1.5675392146094236
-8.378778834621224
-19.014165639961924
-2.0863453937124543
-13.295461563092243
-17.534708720960914
-17.013524344186333
-12.991685404778398
-11.825375808340155
-7.881507299980894
-1.819395560016721
-15.875315460516607
-4.231042673372047
-15.548039095883315
-0.910764670173414
-7.079240330275307
-14.659261976842814
-0.6775490114299743
FactorLoading_Φ
-0.010085810462101996	0.16567881082896396	0.6770794540663623	-0.14715592464257177
-0.28575925075733966	0.5172728130237743	-0.0051706888283789	0.1917972473905072
-0.659968181569722	-0.22758929500175662	-0.10323200462486959	0.009210518803651757
-0.12876623229982398	0.029788499246134803	0.7854178738044089	0.056027394649632356
-0.056657945654482234	0.4304958198297635	0.17481117936546808	0.3380350551502862
-0.1409950507704063	-0.07437880772059247	-0.28029424018626914	0.5043319013227321
0.03367550847889755	0.01806782676073526	-0.07063524732566417	0.877621417434703
-0.06729931756664809	-0.2662675149134053	0.3921537137406095	-0.27427945377933716
0.0023931975517421655	-0.8680943703116188	0.1051849000307048	-0.02432753210593419
0.05225685685318604	0.09538342840466152	-0.6769965527901642	0.1753631619519882
0.5593214885116753	0.020517310794281096	-0.41447175662259994	-0.005689444071443672
-0.44891638967825354	0.20042507316422298	0.3193330150159013	-0.03132552214162221
0.09723598584790483	0.35005922782150467	-0.30140024602083226	-0.25130454030975824
-0.2431190990396448	-0.1209903217753654	0.022667636466590535	-0.6132229427183993
-0.22098450781913903	-0.3469579580833566	0.2506849259097521	0.18137260818775225
0.16787533308293145	0.4000399040925189	-0.2585714422239296	0.17351332060062008
-0.4932405632730714	0.11202483386518658	0.3364455660911463	0.058289036770595715
-0.29885702273101633	0.03041897971544949	0.5288818872685963	-0.14184211028493787
0.10089024264110513	-0.377330057141652	-0.28978502644444326	0.2319946737727996
-0.4310155118947723	-0.1004668011653842	0.012593724389901029	-0.4559239625499425
0.14353660872008667	-0.07745722741076433	-0.1369671626566833	-0.6420390012124657
-0.005503741997503031	-0.32402597087944907	0.2137495991321925	-0.4567206879908554
0.2974035932986896	-0.031423769139509616	0.17132999429039275	-0.49984264327140804
-0.16036082536737295	-0.3921619136337948	0.42081671087709505	-0.02666055012173718
0.2802516840551814	0.04537035139790646	-0.5106568547730868	-0.16372110977382537
0.09646433866558346	0.12626834775248952	-0.39886993231008194	-0.3783973812718451
0.36404165433527114	-0.007575958177237663	-0.04907769470542145	0.5793046927820698
0.4398707935506847	0.09236609100492754	0.26935269473355405	0.1984104207108337
-0.37249652714285264	0.1867736069179251	0.15809486924845606	-0.2826349966907662
-0.2766382722576757	-0.008985136694290574	-0.007066511614857829	-0.7073100794331759
-0.06984308863371913	-0.18159322180214432	-0.5656163810486372	-0.18294730851549934
-0.22636432360284364	0.18115471604956856	-0.2327875062596252	0.3596934540879626
0.03497188015789732	-0.321873145660039	0.3516838191529459	-0.2914711550291178
0.16962893667890788	0.32650777818616517	0.2686245697603191	-0.23523871537460783
0.07464595096925408	0.047113183107953205	-0.39433132647720104	0.4839095394455917
-0.19956376460542313	-0.00024279707745278323	-0.47124975148563086	0.3289436868314932
0.11913403764280428	0.5232761768317964	0.1250006641846828	-0.23258912134071652
-0.399283912886629	0.01715200169041986	0.3869267931174065	-0.1966372923055446
0.007510239543222275	0.28427410862906455	0.12851862053820273	0.5796970312895104
0.06544868410116855	-0.019934763187022364	0.5045277318499635	0.4100888208618456
0.4634370671314578	-0.07918473004375115	-0.06825865107020723	-0.3891195517545838
-0.29999774166423565	0.3927165289771586	-0.22299223696156623	-0.08429349239703954
-0.15852935297320703	0.04566898147964027	0.6476198366750523	0.1481818288721004
-0.44525120713699984	-0.04236624219900209	-0.19202769314383406	-0.320354857520164
0.45422452314311124	-0.01897120236589478	0.19235817016430068	0.3344461043266933
-0.7068880386275642	0.06562769393923684	-0.09604183292744017	-0.13144243450575877
0.31292277588264716	0.2479821079497908	-0.232674113166488	-0.20642100300107402
-0.15122842790871371	0.1768779058270744	-0.33877221423361714	-0.33312145203059473
0.06424001647212596	-0.2821195312774487	-0.5761216101379927	-0.07751884211243265
0.03130831745623275	0.37689368213427366	0.3025537884516656	0.289244211957828
0.21052023264844988	0.07505671412332005	0.1574319902254644	0.5569910630027657
-0.18831584259986833	-0.011299960305170442	-0.005310933949429719	0.7950732631455315
0.6201535839185117	0.009170111836975137	0.22112807455226768	-0.14954822969224546
-0.3404665673590317	0.25296519202081447	-0.08609197306770211	0.32047626755245173
0.07270969207559963	0.44971871051258105	0.054392682225797184	0.42317891518602213
0.3152817042508729	0.429862144578395	0.15056175090696056	-0.10429440026377157
-0.4053029588645274	0.16581798925265723	0.2428821545248976	-0.1859968973579178
-0.09621438101474933	-0.5389215116636732	-0.11660902127380779	0.2482550860477697
0.3780529347497834	-0.09485470343600988	0.45297192089096616	-0.07412044092324055
0.038398463309249564	-0.08650730172021226	-0.25899020673459017	-0.616104028235948
FactorLoading_Ψ
-0.010085810462101996	0.16567881082896396	0.6770794540663623	-0.14715592464257177
-0.28575925075733966	0.5172728130237743	-0.0051706888283789	0.1917972473905072
-0.659968181569722	-0.22758929500175662	-0.10323200462486959	0.009210518803651757
-0.12876623229982398	0.029788499246134803	0.7854178738044089	0.056027394649632356
-0.056657945654482234	0.4304958198297635	0.17481117936546808	0.3380350551502862
-0.1409950507704063	-0.07437880772059247	-0.28029424018626914	0.5043319013227321
0.03367550847889755	0.01806782676073526	-0.07063524732566417	0.877621417434703
-0.06729931756664809	-0.2662675149134053	0.3921537137406095	-0.27427945377933716
0.0023931975517421655	-0.8680943703116188	0.1051849000307048	-0.02432753210593419
0.05225685685318604	0.09538342840466152	-0.6769965527901642	0.1753631619519882
0.5593214885116753	0.020517310794281096	-0.41447175662259994	-0.005689444071443672
-0.44891638967825354	0.20042507316422298	0.3193330150159013	-0.03132552214162221
0.09723598584790483	0.35005922782150467	-0.30140024602083226	-0.25130454030975824
-0.2431190990396448	-0.1209903217753654	0.022667636466590535	-0.6132229427183993
-0.22098450781913903	-0.3469579580833566	0.2506849259097521	0.18137260818775225
0.16787533308293145	0.4000399040925189	-0.2585714422239296	0.17351332060062008
-0.4932405632730714	0.11202483386518658	0.3364455660911463	0.058289036770595715
-0.29885702273101633	0.03041897971544949	0.5288818872685963	-0.14184211028493787
0.10089024264110513	-0.377330057141652	-0.28978502644444326	0.2319946737727996
-0.4310155118947723	-0.1004668011653842	0.012593724389901029	-0.4559239625499425
0.14353660872008667	-0.07745722741076433	-0.1369671626566833	-0.6420390012124657
-0.005503741997503031	-0.32402597087944907	0.2137495991321925	-0.4567206879908554
0.2974035932986896	-0.031423769139509616	0.17132999429039275	-0.49984264327140804
-0.16036082536737295	-0.3921619136337948	0.42081671087709505	-0.02666055012173718
0.2802516840551814	0.04537035139790646	-0.5106568547730868	-0.16372110977382537
0.09646433866558346	0.12626834775248952	-0.39886993231008194	-0.3783973812718451
0.36404165433527114	-0.007575958177237663	-0.04907769470542145	0.5793046927820698
0.4398707935506847	0.09236609100492754	0.26935269473355405	0.1984104207108337
-0.37249652714285264	0.1867736069179251	0.15809486924845606	-0.2826349966907662
-0.2766382722576757	-0.008985136694290574	-0.007066511614857829	-0.7073100794331759
-0.06984308863371913	-0.18159322180214432	-0.5656163810486372	-0.18294730851549934
-0.22636432360284364	0.18115471604956856	-0.2327875062596252	0.3596934540879626
0.03497188015789732	-0.321873145660039	0.3516838191529459	-0.2914711550291178
0.16962893667890788	0.32650777818616517	0.2686245697603191	-0.23523871537460783
0.07464595096925408	0.047113183107953205	-0.39433132647720104	0.4839095394455917
-0.19956376460542313	-0.00024279707745278323	-0.47124975148563086	0.3289436868314932
0.11913403764280428	0.5232761768317964	0.1250006641846828	-0.23258912134071652
-0.399283912886629	0.01715200169041986	0.3869267931174065	-0.1966372923055446
0.007510239543222275	0.28427410862906455	0.12851862053820273	0.5796970312895104
0.06544868410116855	-0.019934763187022364	0.5045277318499635	0.4100888208618456
0.4634370671314578	-0.07918473004375115	-0.06825865107020723	-0.3891195517545838
-0.29999774166423565	0.3927165289771586	-0.22299223696156623	-0.08429349239703954
-0.15852935297320703	0.04566898147964027	0.6476198366750523	0.1481818288721004
-0.44525120713699984	-0.04236624219900209	-0.19202769314383406	-0.320354857520164
0.45422452314311124	-0.01897120236589478	0.19235817016430068	0.3344461043266933
-0.7068880386275642	0.06562769393923684	-0.09604183292744017	-0.13144243450575877
0.31292277588264716	0.2479821079497908	-0.232674113166488	-0.20642100300107402
-0.15122842790871371	0.1768779058270744	-0.33877221423361714	-0.33312145203059473
0.06424001647212596	-0.2821195312774487	-0.5761216101379927	-0.07751884211243265
0.03130831745623275	0.37689368213427366	0.3025537884516656	0.289244211957828
0.21052023264844988	0.07505671412332005	0.1574319902254644	0.5569910630027657
-0.18831584259986833	-0.011299960305170442	-0.005310933949429719	0.7950732631455315
0.6201535839185117	0.009170111836975137	0.22112807455226768	-0.14954822969224546
-0.3404665673590317	0.25296519202081447	-0.08609197306770211	0.32047626755245173
0.07270969207559963	0.44971871051258105	0.054392682225797184	0.42317891518602213
0.3152817042508729	0.429862144578395	0.15056175090696056	-0.10429440026377157
-0.4053029588645274	0.16581798925265723	0.2428821545248976	-0.1859968973579178
-0.09621438101474933	-0.5389215116636732	-0.11660902127380779	0.2482550860477697
0.3780529347497834	-0.09485470343600988	0.45297192089096616	-0.07412044092324055
0.038398463309249564	-0.08650730172021226	-0.25899020673459017	-0.616104028235948
Conflicts
47 53
31 15
49 21
50 39
15 33
21 1
10 18
16 52
16 15
13 59
34 44
31 2
55 30
47 37
3 17
29 56
26 16
28 33
10 53
60 30
43 13
11 41
3 22
23 47
25 57
28 41
22 20
28 59
53 6
55 17
23 60
49 33
4 6
17 20
13 38
4 11
21 33
53 45
28 21
44 45
19 56
5 45
9 58
58 17
2 40
42 58
35 1
59 24
25 36
46 30
10 8
54 39
15 24
47 28
13 55
25 17
11 46
9 48
6 30
7 9
16 28
37 12
31 18
10 51
9 37
19 12
4 41
41 12
14 44
42 52
37 52
47 55
5 57
2 39
7 41
27 11
42 44
14 50
29 30
48 12
40 48
25 52
34 27
32 52
27 41
3 56
9 17
35 49
4 13
31 12
17 30
43 48
52 30
42 5
2 5
9 45
23 36
34 36
4 15
35 52
29 33
58 6
2 59
56 20
43 9
19 22
21 57
7 55
7 19
56 52
10 46
43 18
2 11
60 10
29 11
41 45
25 49
57 24
29 48
60 32
28 22
9 14
38 20
41 15
42 8
43 38
56 49
56 51
3 1
26 19
4 29
7 26
31 8
26 20
37 16
4 50
56 12
35 38
27 24
33 24
29 3
60 28
12 57
25 30
26 21
25 35
31 59
16 1
13 51
50 34
14 32
14 35
54 21
4 27
24 20
22 6
2 38
31 6
40 19
9 42
2 46
25 27
39 44
26 39
60 42
14 24
58 11
25 38
22 18
4 35
54 48
35 27
4 57
47 18
35 39
22 57
30 20
8 51
23 46
49 22
54 29
50 41
37 60
37 36
37 15
47 25
43 50
19 51
15 45
25 28
31 27
4 36
11 33
58 19
39 1
10 16
22 52
9 59
35 33
32 20
5 21
58 28
55 41
16 36
26 34
51 30
3 5
35 30
50 52
2 24
51 12
37 27
60 38
42 28
58 41
3 11
9 2
60 12
26 3
7 51
59 45
27 48
7 39
14 16
10 34
12 20
51 24
46 18
23 56
13 14
4 19
43 35
4 8
37 25
40 18
22 30
23 58
42 27
19 45
23 1
17 15
47 6
15 44
27 52
34 17
23 31
60 53
35 18
4 22
23 24
7 38
14 2
60 46
55 22
10 35
13 34
54 30
21 52
7 58
14 30
7 53
14 22
7 32
31 34
54 56
53 46
48 38
57 30
4 5
5 15
29 58
4 21
6 20
25 60
19 17
35 55
34 57
55 11
4 56
46 24
7 46
54 60
19 46
53 5
40 58
48 44
10 33
31 52
23 49
35 19
22 41
42 22
19 33
37 17
24 45
36 41
33 12
26 49
37 18
58 52
53 12
13 58
9 47
53 15
56 38
23 10
43 37
46 1
4 33
50 48
35 59
43 36
33 1
25 5
28 17
7 17
25 24
28 45
47 56
26 27
48 51
41 39
31 20
32 49
25 59
23 15
7 1
9 33
27 12
58 1
2 8
34 49
51 18
21 22
9 15
8 33
48 6
9 46
19 41
54 58
33 18
47 20
4 31
3 44
36 21
40 24
37 39
54 4
2 52
27 18
10 15
36 52
32 29
12 45
19 39
16 8
54 16
53 57
60 59
3 20
4 20
4 59
23 25
8 22
3 40
17 39
3 52
42 53
8 18
25 2
38 33
19 57
14 29
29 40
32 11
25 21
31 50
55 51
9 22
36 5
37 21
4 60
7 52
25 42
21 20
4 49
38 57
2 41
26 55
14 57
47 10
53 8
25 34
37 31
48 1
55 59
23 45
29 53
10 49
16 39
22 1
49 1
33 45
9 8
14 3
13 8
54 12
53 21
28 46
34 41
26 41
2 17
16 22
26 42
22 46
52 57
4 34
25 3
55 5
9 10
23 42
32 1
43 40
10 59
13 52
3 48
24 1
13 22
7 48
23 54
50 44
16 17
54 24
34 59
23 18
41 33
23 59
42 33
4 46
60 24
53 16
29 8
56 59
40 39
37 22
56 22
53 17
17 57
7 49
3 24
58 12
13 42
55 3
43 29
29 17
48 15
3 6
32 34
31 1
14 55
43 17
32 28
7 60
39 20
25 58
23 34
53 52
26 24
2 15
59 44
7 11
60 49
19 5
53 19
42 56
36 24
47 13
19 48
38 30
60 40
39 57
36 59
39 12
34 58
17 24
53 40
13 1
26 2
2 16
53 51
3 21
41 6
36 49
37 5
16 33
3 51
29 21
49 44
9 52
55 28
58 46
8 15
50 51
11 38
60 45
53 33
10 44
56 24
21 44
54 36
2 58
29 24
23 50
55 16
37 20
8 38
48 24
3 19
19 52
25 33
4 58
13 16
34 39
8 5
42 1
31 41
54 44
36 20
25 1
40 21
34 30
54 22
16 44
8 12
26 33
54 10
40 8
14 28
32 45
31 10
42 6
26 4
47 35
29 51
13 27
1 18
35 45
2 6
23 6
54 17
58 18
36 6
27 36
4 44
36 33
55 38
5 33
34 56
2 1
16 51
49 39
10 38
32 19
5 52
47 17
43 19
31 51
35 12
14 56
48 21
58 49
51 6
37 2
23 2
37 38
16 49
41 38
42 19
4 39
2 28
38 52
42 11
26 53
34 46
26 54
23 48
52 45
27 22
17 21
44 1
48 33
43 34
3 39
19 6
14 17
7 2
5 30
10 48
43 51
17 44
40 59
11 1
43 54
25 48
38 45
14 5
6 24
43 32
23 5
36 1
58 45
14 33
32 2
32 10
47 45
55 34
34 53
17 6
5 1
31 11
25 41
14 52
34 15
50 28
27 51
51 33
7 24
26 31
50 59
26 36
32 18
34 16
29 57
32 22
11 18
34 33
12 46
7 13
26 37
20 1
48 59
10 40
26 56
34 51
25 44
47 16
49 38
32 57
25 51
27 5
46 44
50 27
55 40
7 22
9 55
17 18
2 57
58 33
13 17
25 22
21 18
59 41
26 25
26 15
25 15
23 13
10 36
47 1
36 30
58 56
58 51
59 52
47 46
37 6
26 38
59 22
56 44
10 5
60 6
49 41
28 8
15 38
42 41
43 21
25 18
42 24
14 46
48 57
54 50
34 45
53 30
29 52
32 51
7 15
25 40
23 55
26 1
47 59
14 34
34 18
35 11
27 21
46 20
50 46
31 16
60 11
52 20
23 41
9 30
7 4
56 45
5 6
35 50
7 40
4 18
31 36
60 34
40 49
25 19
27 45
29 44
56 11
26 6
31 25
51 22
9 6
60 2
48 5
15 22
35 8
7 43
52 44
47 14
53 41
16 57
34 6
7 29
20 45
31 5
40 30
50 56
53 39
19 59
19 11
25 45
49 24
26 29
10 19
60 1
10 50
47 50
57 1
53 3
37 49
50 45
54 34
13 50
26 8
7 5
50 22
47 51
9 3
8 52
37 57
23 29
32 33
9 29
12 18
6 57
26 22
14 39
2 45
50 55
9 34
10 2
51 57
3 45
43 46
23 8
43 11
49 5
7 8
23 17
15 6
7 57
58 8
36 38
7 36
35 24
5 18
13 3
32 12
15 46
27 46
7 10
37 53
37 50
4 47
25 13
50 20
11 24
15 57
3 33
35 36
40 11
4 16
16 21
60 33
54 25
11 21
26 52
41 30
25 46
50 33
4 25
39 18
60 58
16 5
29 41
47 36
47 5
56 41
7 35
3 57
55 52
7 47
34 42
30 24
60 44
54 27
13 41
15 30
43 20
34 2
40 57
11 12
54 19
53 22
23 4
29 12
26 58
7 33
28 20
28 39
13 5
13 2
3 30
2 36
41 46
9 13
7 12
40 52
31 42
14 53
23 30
13 28
55 6
23 19
13 57
35 17
60 29
48 49
3 46
49 15
4 40
43 6
48 18
55 19
23 12
60 16
16 12
25 8
34 3
57 20
37 3
18 45
4 37
47 31
37 45
32 17
55 15
51 45
10 24
6 33
55 49
