InstanceID
3_100_4
NumObjects
100
NumFactors
4
Weights
81.16984049958616
98.84323655013432
80.76220876500786
97.00908450487537
14.006111319509863
50.94438024440222
5.869740597593154
0.4257960600515309
97.46379934512355
55.72251384524507
46.44219211852372
28.750905582916953
29.667422568049084
7.406140670186545
93.3822715119282
90.86247079387266
48.70178369398248
99.83365542219973
77.86784345523358
41.36363807491079
45.39047277606774
35.29550224135758
39.0673840146025
55.561284138980426
99.95078776658117
63.41548117024516
70.49372690283045
33.2357445964389
20.77455048550412
51.72703999377211
36.919136368796536
82.10130315255914
22.200300968290154
65.23099642029342
83.47008419211927
60.294851937842694
82.37081182259236
7.508171673301223
64.80468674119608
14.200619456349317
52.38606310706322
61.4037062877711
46.577560296931054
85.9138371612873
67.24265190607458
87.76539056979628
17.61588547250925
21.4903999903181
81.4266736759997
46.588502816506086
43.28910383035891
85.3442434417053
67.56362875342501
13.253287492426846
57.29564537432801
30.141651779469413
14.375710281694488
70.8855104425462
85.05110662921584
86.57568335290296
24.33719527390823
26.942116719892994
32.97546887834597
73.82966505980697
25.515777452374433
96.15322651992805
19.078313105885435
78.83723374408768
32.805904962218314
31.3879484342535
69.2984848190323
12.63986370880632
92.28889845744848
72.98781294761558
82.06148178751643
60.68752042248402
98.96835969933917
38.682369546247706
41.48337238375321
2.526738137602824
65.69926222171792
8.002174313155418
16.670654105889128
12.678774931938609
55.39627714445889
53.771870385342964
70.5091368568318
37.411769376383106
69.5401318194173
4.6016550918932975
12.56253308190216
30.176086799826862
93.85788520221281
47.58051909404397
22.496979486902013
71.46872407305258
18.523686142549245
58.69686816509849
86.78163945933584
86.46078997245579
Budget
2619.5346924451696
Profits
-16.23396809991723
-19.768647310026864
-16.152441753001572
-19.401816900975074
-2.8012222639019724
-10.188876048880443
-1.1739481195186308
-0.08515921201030618
-19.49275986902471
-11.144502769049014
-9.288438423704743
-5.7501811165833905
-5.933484513609817
-1.481228134037309
-18.67645430238564
-18.172494158774533
-9.740356738796496
-19.966731084439946
-15.573568691046717
-8.272727614982157
-9.078094555213548
-7.059100448271517
-7.8134768029205
-11.112256827796084
-19.990157553316234
-12.683096234049032
-14.09874538056609
-6.64714891928778
-4.1549100971008235
-10.345407998754421
-7.383827273759307
-16.420260630511827
-4.440060193658031
-13.046199284058684
-16.694016838423856
-12.05897038756854
-16.47416236451847
-1.5016343346602445
-12.960937348239217
-2.8401238912698634
-10.477212621412644
-12.28074125755422
-9.315512059386212
-17.18276743225746
-13.448530381214917
-17.553078113959256
-3.5231770945018503
-4.29807999806362
-16.28533473519994
-9.317700563301218
-8.657820766071783
-17.06884868834106
-13.512725750685002
-2.6506574984853692
-11.459129074865603
-6.028330355893883
-2.8751420563388974
-14.17710208850924
-17.01022132584317
-17.315136670580593
-4.867439054781646
-5.388423343978599
-6.595093775669194
-14.765933011961394
-5.103155490474887
-19.23064530398561
-3.815662621177087
-15.767446748817537
-6.561180992443663
-6.2775896868507
-13.85969696380646
-2.527972741761264
-18.457779691489698
-14.597562589523116
-16.412296357503287
-12.137504084496804
-19.793671939867835
-7.736473909249542
-8.296674476750642
-0.5053476275205648
-13.139852444343584
-1.6004348626310836
-3.3341308211778253
-2.5357549863877216
-11.079255428891779
-10.754374077068594
-14.10182737136636
-7.482353875276621
-13.90802636388346
-0.9203310183786595
-2.512506616380432
-6.0352173599653725
-18.771577040442562
-9.516103818808794
-4.499395897380403
-14.293744814610516
-3.704737228509849
-11.7393736330197
-17.356327891867167
-17.292157994491156
FactorLoading_Φ
-0.025055847328883996	0.8294868063442431	0.01606022937590046	0.12939711695097245
-0.7327516245131727	0.11924756576288487	-0.056665095767879814	0.09133571395606266
-0.2125692558465999	-0.5680900731409773	-0.13440959340542635	-0.08493107760699647
0.3298461010660396	0.02464005917397083	-0.09804463184277568	-0.5474692079172139
0.6203622646483067	-0.32904424895132767	0.028503629447692802	-0.02208985695267285
-0.33443961716454806	0.516901380408509	0.14667619027223	-0.001982812154712965
0.3453992329339579	0.6261169489396863	-2.545727562086597e-6	-0.028481272398793722
0.5361750228438464	-0.06321592265198195	-0.36882562643278205	0.03178342807138956
-0.1982592203665483	-0.4692595838840219	-0.3046423855311715	0.027838810218258292
0.2224360438951578	-0.38606988163796574	-0.17884818808327552	0.21264588638360093
-0.06692776122739752	-0.6887007750394971	0.19227326022302704	-0.05209820351007832
0.003628865909382828	0.685259331313878	0.2539978821753668	0.05711392060137244
-0.017259676620526854	0.7127288727810217	0.01686248061229345	-0.253148969986158
-0.054375189475874386	-0.22627668672904555	0.40080721967667543	-0.31854090411840463
-0.19606389047511508	-0.5896043321858502	0.13131725925412896	-0.08301451808490579
-0.21806358936200532	-0.055272867247218915	0.1729324627400366	-0.5537310806507392
-0.07021496172016084	0.24666347379368703	0.6342558601520527	-0.048865704334099425
0.3625065132252152	0.20810895629952708	0.053087968917238104	-0.3762965615580196
0.0967129099062618	0.45528339134401197	-0.439869784181276	-0.008133914568450251
0.16457683937009837	0.4356075331117646	-0.364349665815368	-0.035465961702769055
0.17690368007694435	0.11213316175675803	-0.056482120427002735	0.6544810377392949
0.1751708909345584	-0.74237165544325	-0.03691754377142131	0.04553990985077028
-0.5682015913982439	-0.2070151994428231	0.027949019798902297	0.19683418936003072
0.023811633676862565	-0.4472095745884117	0.15252269456647283	-0.3764560971682529
-0.12749546688077573	0.5664111241195258	-0.2926375398165155	-0.013455869183182978
-0.18324007967534017	-0.05704359015754723	0.21100810994654418	0.5487082202205684
-0.012066123268541062	0.6144599677472096	0.1811320577761404	0.19234185120810898
0.07991089938186069	0.06384761017369267	0.6689835162972664	-0.18725797414718026
-0.4363162857894778	0.1699318160424772	-0.3871069322019496	0.0066449659660954286
-0.0820927684686743	0.3514057002214428	0.33779137710548324	0.22871015420439966
0.5458354639890683	-0.004642202660729122	-0.3917899012969872	0.05773243205321532
-0.10531298603285344	-0.3960707118106641	-0.30174266884274337	0.19687363331373908
-0.14506812594260787	0.26308895817374367	-0.25806745822008037	-0.3337754576635681
0.2502301972109713	-0.11270463345587634	0.09993191389513267	-0.5371332554380197
0.3376999419933555	0.027614688972246393	0.05214152407597905	0.582543844958419
0.15816247187106036	-0.14817638400144784	-0.45747966368710213	0.23618148044038967
-0.05179363705746898	-0.11335310017019706	0.3451994682883788	0.4896537944839552
-0.06242492344119133	0.292430555243709	-0.2811983744588247	0.363946146856275
-0.13194029047551203	0.38942405698387694	0.12660873184954302	-0.352026920691068
-0.32271531592046765	0.09731923283647692	0.21446258487734005	-0.3655028663657154
-0.1360984758559094	0.22514002895765994	0.3569713861256878	0.28179010906074287
0.5011941609584958	-0.20794370041813925	-0.037609777144751	0.25325236147861396
-0.03502522248611495	0.03672127319926832	0.64181042162802	-0.2864430826865967
0.10433820316111242	-0.42715681095134084	0.46793744529468384	0.0005675405928629029
-0.0915992526158873	0.03940629611470947	0.2331409390857595	0.6358535121836437
0.12707724394193853	-0.6066794119447474	0.2239848903342614	-0.042258453779052685
0.5260142879992586	-0.02448070705167682	0.26342185344060653	-0.186083151508458
-0.12598885585726904	-0.6486051554325731	0.02254677235736402	0.2028592163527938
0.10450395764027265	0.027886352139646853	-0.15051213318177625	0.7170975570383042
-0.055853089593328464	0.5322626651859552	0.3477710803921885	0.0641131648285278
0.11493295486602007	0.23078312400784107	0.5902097263344357	-0.06407419479170318
-0.11806431579020105	0.2040615138353783	-0.6714423314982982	0.00643183887612242
-0.39016311614531185	0.1044510812303523	0.312839471895336	-0.19254633072899985
0.5328066181102167	-0.034769796646124895	-0.2964652326080177	0.1359583526356407
-0.16599421466954078	-0.34239446801981455	0.44609606640875343	-0.045515250901891235
-0.45525546779398085	-0.0020732676874191114	-0.02488861646420948	-0.5177826480543906
-0.5103882649725682	-0.12495982250526505	-0.1602634523404034	-0.20438846018176338
-0.01737197305636684	0.1941661548061433	0.11825864818400222	-0.6702032239534876
0.49770838392896666	0.14323613667706403	-0.18585135202080671	-0.1732041273731626
0.2770543499708673	-0.0577846090893821	-0.40676573805591043	0.25839530288384016
-0.06036704507470203	-0.5034363777708117	0.2629876723122664	0.17320890484221985
0.6287429263613444	0.06366389017951968	-0.2039157441495374	0.1036774393095985
0.27876712717333585	-0.48826804210998653	-0.06679239161320338	-0.16617243910347423
-0.039414487669822806	-0.4176719373464193	-0.04175461984497897	-0.501158955138779
-0.21059050191142603	0.39703309258607233	-0.3180814027593952	0.07429500274310641
-0.10388482781746577	-0.44025574401521084	0.21933048754919193	0.23652894061813146
-0.10978891537256263	-0.5016794899540102	-0.24765613308743717	0.14087546158598996
0.22601759169430435	0.04896077874546312	-0.4349345184478115	-0.290087111112421
-0.31366702286543124	0.029896949714954824	-0.06646509630371988	0.589970931115894
-0.07957147036633239	-0.26325275064388043	-0.5242597714033737	-0.13291600758641353
-0.06103943721948024	-0.6733504990318857	0.14465392512656838	-0.12095613862206567
0.12485569988251521	-0.08890288732417306	-0.3063225945136605	0.4799188182796512
-0.13826440629400105	0.5637253443569104	-0.2063964497268389	0.09161379962224969
0.20473206566276225	0.23394933420385433	-0.14396903522857674	-0.4173495649048067
-0.1903567673033879	0.3039508510346267	-0.2327239262635299	0.2729684553984555
-0.10581931775429654	0.08247898997804248	0.3060650189455576	-0.5056366733221034
0.09360953134951533	-0.34066147501538513	0.17183008409339995	0.3938989095416996
-0.47822157627705364	-0.1493201180300372	-0.25530297994419815	0.11715532574871101
-0.3808394235821022	-0.063259560915647	0.4792331090524389	0.07666790644981192
-0.022633870624036767	-0.26803871024102266	0.16724661327810342	0.5420808058568372
0.16572372088849163	0.5640177896650882	-0.2614743870269425	0.00878410241947769
-0.3482242828367683	-0.45120652543322826	-0.06297160813960012	0.1375975835904033
-0.07041378394142361	0.2913410473461773	0.003549361027222142	0.634695807685177
0.22376704346416032	-0.39297783967544864	-0.1337121191651851	0.24954299769520594
-0.255519827484628	-0.13544944457436614	-0.5472214594354639	0.061809268505542025
0.026156757508160267	-0.29780385697897027	0.24776976349998092	-0.42826962201288854
0.10789813159989592	-0.5980095610612524	0.11434021930406368	-0.17975208803478804
-0.31813864309420414	-0.3369292803817592	-0.2958823507401174	0.04904972578391931
-0.043709011403114895	-0.15864904778726596	-0.7912547449788849	-0.006387195830734216
0.2484052296597863	-0.10921364196615202	-0.32389211629060255	0.31848901208345914
-0.059172726911095985	-0.20042398252839488	-0.5714937987503699	0.16890949181013926
0.24179469955784194	0.5131981829723418	-0.1523632616360986	-0.0926438558337177
0.2456938835550857	0.6506468714130869	-0.09412239451061666	-0.009536850521210782
-0.18901456167641406	-0.28902477945390426	-0.39828240953282457	-0.12367824933685712
-0.10473815805692688	-0.09295660784218529	0.3851823618256578	0.41712287227523004
0.21298251889332764	0.6397008496192793	-0.024995529311693243	-0.1223211021756998
-0.1456005921341097	0.03135089748642805	0.4004106641560756	-0.4226378462233866
0.380731875425552	0.0356054960114911	-0.09186379075416151	-0.4917988378087954
-0.11832827154202774	-0.7743620444978168	-0.06492605131788243	-0.04238363264227307
-0.16050532450663257	-0.09697247430342903	0.5348894137240388	-0.20763278746589964
FactorLoading_Ψ
-0.025055847328883996	0.8294868063442431	0.01606022937590046	0.12939711695097245
-0.7327516245131727	0.11924756576288487	-0.056665095767879814	0.09133571395606266
-0.2125692558465999	-0.5680900731409773	-0.13440959340542635	-0.08493107760699647
0.3298461010660396	0.02464005917397083	-0.09804463184277568	-0.5474692079172139
0.6203622646483067	-0.32904424895132767	0.028503629447692802	-0.02208985695267285
-0.33443961716454806	0.516901380408509	0.14667619027223	-0.001982812154712965
0.3453992329339579	0.6261169489396863	-2.545727562086597e-6	-0.028481272398793722
0.5361750228438464	-0.06321592265198195	-0.36882562643278205	0.03178342807138956
-0.1982592203665483	-0.4692595838840219	-0.3046423855311715	0.027838810218258292
0.2224360438951578	-0.38606988163796574	-0.17884818808327552	0.21264588638360093
-0.06692776122739752	-0.6887007750394971	0.19227326022302704	-0.05209820351007832
0.003628865909382828	0.685259331313878	0.2539978821753668	0.05711392060137244
-0.017259676620526854	0.7127288727810217	0.01686248061229345	-0.253148969986158
-0.054375189475874386	-0.22627668672904555	0.40080721967667543	-0.31854090411840463
-0.19606389047511508	-0.5896043321858502	0.13131725925412896	-0.08301451808490579
-0.21806358936200532	-0.055272867247218915	0.1729324627400366	-0.5537310806507392
-0.07021496172016084	0.24666347379368703	0.6342558601520527	-0.048865704334099425
0.3625065132252152	0.20810895629952708	0.053087968917238104	-0.3762965615580196
0.0967129099062618	0.45528339134401197	-0.439869784181276	-0.008133914568450251
0.16457683937009837	0.4356075331117646	-0.364349665815368	-0.035465961702769055
0.17690368007694435	0.11213316175675803	-0.056482120427002735	0.6544810377392949
0.1751708909345584	-0.74237165544325	-0.03691754377142131	0.04553990985077028
-0.5682015913982439	-0.2070151994428231	0.027949019798902297	0.19683418936003072
0.023811633676862565	-0.4472095745884117	0.15252269456647283	-0.3764560971682529
-0.12749546688077573	0.5664111241195258	-0.2926375398165155	-0.013455869183182978
-0.18324007967534017	-0.05704359015754723	0.21100810994654418	0.5487082202205684
-0.012066123268541062	0.6144599677472096	0.1811320577761404	0.19234185120810898
0.07991089938186069	0.06384761017369267	0.6689835162972664	-0.18725797414718026
-0.4363162857894778	0.1699318160424772	-0.3871069322019496	0.0066449659660954286
-0.0820927684686743	0.3514057002214428	0.33779137710548324	0.22871015420439966
0.5458354639890683	-0.004642202660729122	-0.3917899012969872	0.05773243205321532
-0.10531298603285344	-0.3960707118106641	-0.30174266884274337	0.19687363331373908
-0.14506812594260787	0.26308895817374367	-0.25806745822008037	-0.3337754576635681
0.2502301972109713	-0.11270463345587634	0.09993191389513267	-0.5371332554380197
0.3376999419933555	0.027614688972246393	0.05214152407597905	0.582543844958419
0.15816247187106036	-0.14817638400144784	-0.45747966368710213	0.23618148044038967
-0.05179363705746898	-0.11335310017019706	0.3451994682883788	0.4896537944839552
-0.06242492344119133	0.292430555243709	-0.2811983744588247	0.363946146856275
-0.13194029047551203	0.38942405698387694	0.12660873184954302	-0.352026920691068
-0.32271531592046765	0.09731923283647692	0.21446258487734005	-0.3655028663657154
-0.1360984758559094	0.22514002895765994	0.3569713861256878	0.28179010906074287
0.5011941609584958	-0.20794370041813925	-0.037609777144751	0.25325236147861396
-0.03502522248611495	0.03672127319926832	0.64181042162802	-0.2864430826865967
0.10433820316111242	-0.42715681095134084	0.46793744529468384	0.0005675405928629029
-0.0915992526158873	0.03940629611470947	0.2331409390857595	0.6358535121836437
0.12707724394193853	-0.6066794119447474	0.2239848903342614	-0.042258453779052685
0.5260142879992586	-0.02448070705167682	0.26342185344060653	-0.186083151508458
-0.12598885585726904	-0.6486051554325731	0.02254677235736402	0.2028592163527938
0.10450395764027265	0.027886352139646853	-0.15051213318177625	0.7170975570383042
-0.055853089593328464	0.5322626651859552	0.3477710803921885	0.0641131648285278
0.11493295486602007	0.23078312400784107	0.5902097263344357	-0.06407419479170318
-0.11806431579020105	0.2040615138353783	-0.6714423314982982	0.00643183887612242
-0.39016311614531185	0.1044510812303523	0.312839471895336	-0.19254633072899985
0.5328066181102167	-0.034769796646124895	-0.2964652326080177	0.1359583526356407
-0.16599421466954078	-0.34239446801981455	0.44609606640875343	-0.045515250901891235
-0.45525546779398085	-0.0020732676874191114	-0.02488861646420948	-0.5177826480543906
-0.5103882649725682	-0.12495982250526505	-0.1602634523404034	-0.20438846018176338
-0.01737197305636684	0.1941661548061433	0.11825864818400222	-0.6702032239534876
0.49770838392896666	0.14323613667706403	-0.18585135202080671	-0.1732041273731626
0.2770543499708673	-0.0577846090893821	-0.40676573805591043	0.25839530288384016
-0.06036704507470203	-0.5034363777708117	0.2629876723122664	0.17320890484221985
0.6287429263613444	0.06366389017951968	-0.2039157441495374	0.1036774393095985
0.27876712717333585	-0.48826804210998653	-0.06679239161320338	-0.16617243910347423
-0.039414487669822806	-0.4176719373464193	-0.04175461984497897	-0.501158955138779
-0.21059050191142603	0.39703309258607233	-0.3180814027593952	0.07429500274310641
-0.10388482781746577	-0.44025574401521084	0.21933048754919193	0.23652894061813146
-0.10978891537256263	-0.5016794899540102	-0.24765613308743717	0.14087546158598996
0.22601759169430435	0.04896077874546312	-0.4349345184478115	-0.290087111112421
-0.31366702286543124	0.029896949714954824	-0.06646509630371988	0.589970931115894
-0.07957147036633239	-0.26325275064388043	-0.5242597714033737	-0.13291600758641353
-0.06103943721948024	-0.6733504990318857	0.14465392512656838	-0.12095613862206567
0.12485569988251521	-0.08890288732417306	-0.3063225945136605	0.4799188182796512
-0.13826440629400105	0.5637253443569104	-0.2063964497268389	0.09161379962224969
0.20473206566276225	0.23394933420385433	-0.14396903522857674	-0.4173495649048067
-0.1903567673033879	0.3039508510346267	-0.2327239262635299	0.2729684553984555
-0.10581931775429654	0.08247898997804248	0.3060650189455576	-0.5056366733221034
0.09360953134951533	-0.34066147501538513	0.17183008409339995	0.3938989095416996
-0.47822157627705364	-0.1493201180300372	-0.25530297994419815	0.11715532574871101
-0.3808394235821022	-0.063259560915647	0.4792331090524389	0.07666790644981192
-0.022633870624036767	-0.26803871024102266	0.16724661327810342	0.5420808058568372
0.16572372088849163	0.5640177896650882	-0.2614743870269425	0.00878410241947769
-0.3482242828367683	-0.45120652543322826	-0.06297160813960012	0.1375975835904033
-0.07041378394142361	0.2913410473461773	0.003549361027222142	0.634695807685177
0.22376704346416032	-0.39297783967544864	-0.1337121191651851	0.24954299769520594
-0.255519827484628	-0.13544944457436614	-0.5472214594354639	0.061809268505542025
0.026156757508160267	-0.29780385697897027	0.24776976349998092	-0.42826962201288854
0.10789813159989592	-0.5980095610612524	0.11434021930406368	-0.17975208803478804
-0.31813864309420414	-0.3369292803817592	-0.2958823507401174	0.04904972578391931
-0.043709011403114895	-0.15864904778726596	-0.7912547449788849	-0.006387195830734216
0.2484052296597863	-0.10921364196615202	-0.32389211629060255	0.31848901208345914
-0.059172726911095985	-0.20042398252839488	-0.5714937987503699	0.16890949181013926
0.24179469955784194	0.5131981829723418	-0.1523632616360986	-0.0926438558337177
0.2456938835550857	0.6506468714130869	-0.09412239451061666	-0.009536850521210782
-0.18901456167641406	-0.28902477945390426	-0.39828240953282457	-0.12367824933685712
-0.10473815805692688	-0.09295660784218529	0.3851823618256578	0.41712287227523004
0.21298251889332764	0.6397008496192793	-0.024995529311693243	-0.1223211021756998
-0.1456005921341097	0.03135089748642805	0.4004106641560756	-0.4226378462233866
0.380731875425552	0.0356054960114911	-0.09186379075416151	-0.4917988378087954
-0.11832827154202774	-0.7743620444978168	-0.06492605131788243	-0.04238363264227307
-0.16050532450663257	-0.09697247430342903	0.5348894137240388	-0.20763278746589964
Conflicts
34 3
55 51
14 84
92 59
3 18
51 30
78 45
68 54
79 96
32 66
53 11
34 81
53 59
69 17
23 51
26 7
99 30
51 12
36 39
9 34
11 85
31 11
65 73
55 46
89 44
64 52
28 6
54 87
8 90
71 89
62 6
14 62
61 95
7 79
70 52
65 70
19 12
13 97
29 27
63 77
80 62
46 6
15 88
69 80
2 74
11 97
80 5
69 88
34 19
43 52
19 95
65 82
94 24
70 46
71 98
7 23
9 65
52 1
99 5
16 28
74 46
68 27
13 33
29 86
25 32
16 49
15 90
100 99
80 67
8 44
27 87
63 17
47 64
58 84
78 18
9 11
55 60
31 70
68 42
91 45
42 3
47 85
37 85
11 94
7 8
75 17
65 85
42 2
90 18
26 41
26 72
27 18
7 99
71 9
67 74
60 87
11 90
68 60
75 72
94 41
47 73
89 52
51 22
88 84
35 79
86 95
54 57
4 76
86 41
93 88
72 65
72 39
89 85
71 3
60 19
53 20
86 76
47 30
77 70
52 90
23 94
34 41
63 92
72 93
13 99
28 84
67 27
60 28
6 12
16 70
25 58
10 36
92 72
74 93
89 94
77 56
92 90
64 21
25 97
13 41
37 34
72 15
78 24
66 48
26 33
67 1
50 18
94 90
13 38
3 38
61 51
51 73
36 84
76 15
32 5
48 84
3 56
71 28
77 65
42 69
78 53
31 45
40 1
34 61
81 17
22 1
92 73
27 73
19 1
43 20
59 5
74 38
60 40
32 29
66 59
44 73
100 29
70 85
86 69
29 17
29 57
21 15
63 98
100 61
54 97
55 38
42 21
11 33
72 59
50 90
66 81
41 21
72 12
90 33
60 36
43 54
60 93
66 40
56 96
83 51
43 94
27 8
31 25
67 87
32 88
42 62
31 72
16 48
37 39
87 97
77 86
40 3
60 65
72 52
95 79
80 19
35 40
23 81
7 100
47 81
25 48
77 53
71 22
47 5
87 36
60 69
72 46
31 8
83 97
13 86
80 61
38 24
9 93
78 90
42 17
37 12
4 55
89 45
29 45
27 59
95 6
2 91
42 16
22 85
32 15
47 31
51 38
34 65
37 9
68 18
14 60
5 57
67 8
19 33
38 91
44 20
28 95
4 17
92 85
81 57
88 45
78 12
74 1
48 95
11 51
98 72
27 12
86 56
89 59
2 20
25 27
32 45
25 14
81 27
26 54
43 15
83 72
93 85
35 18
48 85
70 33
87 49
40 84
54 53
93 76
25 36
21 85
16 39
11 8
8 52
13 31
66 90
38 82
28 73
78 58
25 49
26 39
64 48
54 3
99 27
47 44
49 6
75 20
50 53
9 94
93 96
74 96
25 17
90 30
3 24
98 62
77 85
66 44
2 82
64 97
14 29
39 85
47 92
53 73
69 74
13 56
41 85
70 18
10 45
8 20
19 51
59 11
39 24
16 19
79 1
54 19
25 100
75 10
79 24
22 44
83 21
43 32
4 67
97 90
98 76
69 5
75 29
10 64
7 2
49 45
13 69
78 57
64 49
35 42
13 93
27 38
9 83
99 91
11 5
11 30
5 41
98 30
61 94
76 8
8 21
60 45
98 44
49 18
26 57
63 14
93 79
57 90
31 76
92 91
34 74
9 22
26 45
98 6
53 19
16 24
100 11
97 41
42 48
93 6
8 82
28 12
63 80
71 83
68 5
62 64
76 88
50 98
75 74
34 6
31 69
99 17
92 2
51 88
37 35
7 63
2 64
75 39
50 48
77 62
2 86
55 41
63 90
5 38
38 1
34 24
32 48
35 90
17 85
81 16
43 62
37 50
68 50
2 21
43 10
29 89
3 36
50 80
35 61
37 45
64 65
89 24
83 85
71 46
59 12
3 52
40 49
63 75
99 52
9 70
59 73
11 44
61 15
47 3
53 97
80 53
43 50
92 87
50 40
89 28
96 45
4 87
35 72
92 69
43 67
31 91
34 96
86 38
43 27
60 15
96 33
56 18
92 99
26 93
41 57
71 72
54 52
42 87
94 38
34 69
47 77
51 45
80 59
23 31
14 77
62 94
7 44
99 79
58 5
53 6
46 45
25 89
34 72
50 16
70 15
2 98
7 1
9 62
71 11
47 1
49 57
89 73
43 36
4 39
55 58
61 52
58 59
69 40
24 45
67 39
9 85
13 29
61 30
37 53
47 78
4 36
54 78
89 20
72 87
26 70
100 53
43 97
89 76
72 90
63 65
91 30
25 38
99 51
50 28
10 96
99 49
39 30
4 54
24 30
78 29
74 91
87 46
71 35
7 25
54 99
55 27
23 96
68 28
100 81
100 65
14 19
80 49
83 38
14 97
61 16
63 12
80 82
10 89
81 45
94 21
66 93
8 88
83 94
43 29
26 10
8 33
47 29
97 73
19 46
54 83
93 84
94 57
16 62
27 82
62 84
71 53
7 6
26 16
17 90
46 88
80 94
27 20
94 45
72 48
72 99
97 46
56 41
40 65
97 8
81 30
58 8
84 24
42 95
63 93
92 77
95 73
53 57
75 95
69 6
36 79
14 61
53 94
49 76
23 61
14 76
55 64
40 11
50 56
64 90
23 2
9 16
89 49
100 79
14 87
13 19
93 56
31 41
7 19
9 82
92 56
77 42
100 6
54 5
100 30
80 74
69 30
55 77
94 91
7 74
68 14
63 9
71 20
54 55
53 17
17 91
48 5
43 49
95 88
37 66
13 80
25 88
3 44
7 48
78 35
78 95
76 38
43 31
40 73
63 18
14 46
15 1
61 96
93 20
19 20
64 41
62 18
2 19
19 79
96 91
14 95
48 38
68 46
37 31
42 97
4 25
26 79
87 6
75 61
43 68
60 61
5 6
86 93
71 29
77 1
14 41
13 88
100 24
31 85
2 84
74 5
43 9
13 82
92 33
91 57
48 76
31 34
72 22
23 44
2 46
2 61
62 5
26 83
47 76
40 57
31 51
4 15
40 21
35 49
37 65
23 64
80 44
92 79
31 10
81 38
61 33
96 46
13 74
66 16
21 20
11 49
94 49
33 57
37 100
71 43
34 22
58 21
15 82
35 58
66 64
44 30
87 90
60 39
83 80
69 24
94 88
55 24
63 39
60 41
99 94
100 55
92 78
4 20
64 44
82 85
4 74
9 28
43 21
35 50
80 17
40 15
64 91
9 75
75 13
53 46
32 34
19 45
47 97
26 74
36 90
55 74
4 93
66 70
93 19
60 17
94 6
63 6
82 33
100 38
54 74
37 51
89 19
81 74
71 80
9 73
65 33
14 40
62 76
64 57
17 70
23 74
41 84
42 88
100 91
75 70
28 44
26 53
40 38
80 70
54 31
63 13
19 94
10 87
9 38
39 46
97 6
7 83
4 81
35 83
35 44
93 82
26 85
66 45
92 49
7 92
80 46
9 13
40 76
58 87
70 44
60 24
25 81
42 58
43 77
55 76
37 84
95 90
10 77
54 79
60 72
76 24
37 38
60 18
87 84
63 83
74 12
77 97
78 61
68 100
47 58
72 33
9 97
54 100
56 97
4 48
81 84
77 16
78 49
29 15
60 88
13 1
100 70
7 36
5 20
16 36
60 97
39 88
54 9
42 74
26 36
40 87
17 79
13 83
16 11
26 64
75 35
92 40
81 62
38 84
26 48
59 56
19 44
35 55
75 76
68 15
42 41
67 93
25 44
78 72
44 85
43 90
68 44
94 5
53 1
78 96
66 46
14 52
42 20
19 15
2 12
16 6
80 56
53 87
98 70
28 1
97 82
23 92
43 88
8 12
9 59
56 5
25 72
63 61
86 5
62 88
29 64
11 84
78 3
75 73
96 84
23 3
39 44
7 27
51 41
26 38
68 35
12 20
71 45
60 38
74 33
19 62
84 45
80 57
77 81
47 69
100 18
2 72
13 46
18 85
23 79
9 24
41 46
63 35
26 35
12 1
75 38
14 85
32 81
56 57
34 64
83 44
89 27
31 99
83 67
32 69
92 13
14 5
53 5
67 20
15 57
55 90
72 8
54 11
16 8
14 81
66 57
78 55
56 12
51 57
75 28
68 33
29 76
69 19
14 92
53 79
66 20
78 99
68 57
80 22
86 80
58 6
9 2
59 84
19 6
36 12
49 20
15 44
81 70
40 85
31 64
66 24
56 70
42 28
49 24
3 12
68 74
86 8
77 94
60 57
27 15
66 8
75 40
98 59
76 84
63 21
9 45
54 20
40 93
60 84
2 79
35 46
83 93
75 2
53 93
87 70
17 73
90 45
26 96
4 49
3 96
10 65
78 36
81 95
69 70
17 20
92 36
2 36
43 28
47 34
62 30
9 99
65 45
98 18
32 22
19 59
4 100
8 38
54 45
66 52
12 84
50 2
42 49
99 64
98 88
78 89
55 59
100 40
47 12
13 35
17 41
43 38
36 94
9 3
7 5
68 89
10 99
71 91
37 28
42 61
13 3
80 84
98 12
99 1
13 81
36 73
71 60
2 52
94 85
96 44
71 26
92 10
41 88
80 3
54 42
10 21
7 70
10 98
53 74
47 91
80 15
92 67
52 6
31 27
21 82
58 73
67 38
63 20
71 49
77 19
28 79
43 11
23 76
39 15
66 51
2 81
86 97
41 18
56 21
9 1
77 36
80 87
7 81
100 49
10 30
77 82
65 90
40 24
81 1
26 98
26 56
50 5
75 88
71 47
53 85
2 40
70 88
37 56
66 76
48 49
69 98
31 59
92 60
42 34
19 18
4 22
31 86
28 70
54 75
32 39
14 74
74 18
68 99
9 78
92 5
11 41
42 76
51 1
35 29
2 90
75 62
75 66
61 44
25 8
25 53
52 12
35 56
14 45
95 97
67 99
100 44
58 22
37 32
63 15
68 10
55 5
69 94
27 74
86 73
63 33
55 93
75 48
31 56
67 44
50 86
31 79
61 39
97 94
83 98
95 12
9 67
66 42
47 52
27 22
42 46
47 32
17 5
7 66
42 33
2 5
74 15
41 6
13 2
35 86
5 30
25 29
23 69
19 76
92 81
59 52
29 1
69 48
35 65
94 96
63 60
32 33
15 96
75 89
42 91
76 39
4 78
78 38
97 96
34 83
42 52
23 77
53 76
86 65
31 66
98 21
68 39
16 56
32 65
13 55
56 15
7 32
75 32
19 5
81 97
14 99
34 8
37 83
82 20
74 17
56 22
63 70
100 16
32 3
51 6
16 96
87 73
67 85
81 6
42 67
10 95
75 27
63 30
23 35
68 55
78 5
11 21
8 51
43 64
29 40
7 67
92 66
69 79
28 21
87 88
40 74
87 33
50 1
75 94
66 6
37 1
79 39
10 27
97 91
9 49
37 4
4 46
12 85
89 64
67 46
61 21
67 30
71 62
31 92
77 40
100 46
96 21
61 57
63 48
10 84
50 46
3 17
75 19
17 76
50 91
63 76
62 49
44 82
6 90
56 24
92 53
78 98
21 12
31 39
26 68
60 66
7 85
29 18
32 27
91 1
23 20
43 8
48 41
80 64
58 1
92 35
71 90
65 46
50 69
89 67
68 87
100 48
100 85
29 61
87 44
86 74
68 4
70 84
36 44
27 51
47 45
92 39
100 59
15 52
27 24
5 15
63 55
32 51
69 46
35 12
26 31
81 61
7 40
23 41
60 77
81 48
23 68
44 52
47 25
16 41
71 36
3 30
67 62
94 12
96 1
43 37
31 17
50 58
4 66
63 81
50 34
47 89
93 5
67 51
48 30
8 39
41 90
66 18
47 99
27 11
99 21
89 96
77 27
31 33
50 27
53 45
22 82
34 97
72 41
92 11
54 29
5 79
67 90
89 56
79 44
4 13
47 46
65 1
15 91
54 59
43 92
43 45
36 5
42 44
69 93
61 27
13 91
13 39
76 20
87 11
56 1
48 52
29 65
28 64
97 18
100 64
71 58
68 82
43 24
70 39
74 84
14 39
60 22
78 21
14 3
34 18
89 57
99 46
24 18
22 46
31 61
16 15
63 99
14 75
17 45
47 56
56 82
55 96
19 41
11 15
2 57
99 33
54 66
4 58
27 56
54 84
71 34
10 39
98 99
9 35
69 76
69 97
31 15
54 88
22 24
3 61
92 16
5 39
89 16
23 25
51 44
95 1
94 79
54 30
50 52
25 5
10 81
40 22
43 75
2 44
31 67
43 86
7 93
29 59
9 90
7 98
16 1
23 10
78 82
16 64
51 15
14 93
26 47
25 22
14 12
37 88
26 63
5 22
7 31
69 2
55 12
62 1
77 49
38 46
78 81
75 42
32 99
72 88
64 5
52 73
37 25
72 30
60 8
50 49
48 39
37 81
55 34
22 84
53 29
63 94
79 20
55 2
43 53
80 38
67 36
92 88
65 94
62 57
13 21
79 12
2 11
78 74
67 45
32 67
27 97
49 82
87 59
2 56
69 56
16 52
27 84
77 33
100 51
92 30
36 57
12 57
76 5
32 94
56 11
53 12
13 36
98 74
40 70
99 85
66 49
42 89
56 33
23 52
89 1
75 49
81 82
78 48
50 67
71 75
22 12
99 84
91 18
32 17
80 95
51 79
51 39
67 95
34 82
7 88
58 65
86 21
86 89
8 45
53 22
66 79
35 10
3 19
9 76
78 64
7 33
26 67
83 99
32 44
25 91
55 79
50 44
47 90
37 30
55 28
67 79
97 30
33 88
65 57
18 73
77 58
26 14
60 64
37 87
64 79
41 15
72 11
23 5
47 28
65 41
68 88
67 88
4 85
93 36
68 61
41 1
79 15
64 33
92 3
21 30
74 90
10 20
17 96
54 63
70 45
31 74
97 84
35 98
50 38
64 88
9 30
8 15
28 52
95 8
61 18
2 16
71 42
68 17
100 83
39 91
78 20
81 99
54 85
76 96
44 18
27 39
66 53
70 24
71 79
47 88
42 84
25 75
81 89
28 56
63 69
10 59
56 90
77 76
5 45
10 93
10 46
94 76
4 42
26 25
77 52
4 1
91 52
51 84
83 39
84 6
83 40
81 20
63 10
11 76
4 14
42 64
71 48
71 65
32 50
94 18
23 48
83 3
95 82
7 89
25 64
74 87
21 88
13 51
11 22
10 42
13 87
26 88
97 24
36 59
99 18
44 1
60 33
4 90
40 96
7 78
54 92
49 96
10 8
68 63
4 60
12 88
63 88
10 79
63 51
25 19
71 24
86 12
74 73
57 84
36 91
55 81
7 69
53 40
74 76
41 45
9 12
31 82
8 30
76 12
58 94
64 36
51 90
55 62
80 41
17 33
26 65
78 30
68 91
35 30
42 40
94 51
7 60
31 16
37 52
35 93
69 91
72 45
14 27
47 80
23 9
40 82
76 90
13 94
37 24
16 57
9 25
86 40
37 78
95 45
13 89
25 76
16 91
69 59
54 60
47 95
43 58
42 57
98 11
63 8
66 19
3 8
71 23
71 73
51 21
34 67
53 56
93 33
14 13
78 40
29 28
69 28
69 58
3 87
53 89
25 87
15 12
95 57
7 12
23 6
96 6
75 84
14 8
58 79
64 1
98 49
13 62
61 64
54 80
27 48
4 61
23 36
43 51
74 82
10 86
23 47
42 39
68 56
47 2
60 86
5 96
25 77
93 59
93 41
98 61
11 1
58 88
55 20
36 8
93 17
95 59
29 38
63 58
71 52
35 85
9 95
77 69
47 57
34 1
69 65
71 64
54 21
81 18
37 49
89 8
68 30
75 30
25 1
25 24
86 64
5 88
86 87
3 93
58 85
27 45
87 91
44 45
86 11
40 20
11 57
19 82
67 28
32 49
65 51
35 8
12 44
34 93
9 19
74 20
7 84
57 6
9 88
62 17
60 67
19 73
47 13
81 3
9 17
25 20
10 28
68 2
43 41
80 97
78 91
14 15
92 93
43 85
29 95
47 17
95 94
43 7
23 89
32 82
35 5
99 6
10 3
50 66
61 90
100 17
13 96
31 96
16 45
71 82
86 70
35 57
59 96
29 30
33 45
49 84
64 17
96 82
43 14
13 44
27 28
26 94
68 59
63 44
28 97
7 10
49 21
47 24
37 69
47 94
34 85
34 86
59 30
28 93
34 40
81 56
31 57
23 57
3 15
75 87
50 42
9 84
36 82
27 91
53 49
63 59
54 46
29 52
25 6
90 82
7 65
4 29
20 73
83 33
7 45
29 3
67 24
13 76
14 96
23 72
27 17
40 41
83 88
58 67
4 89
55 33
60 59
34 79
43 35
71 77
61 41
80 52
26 23
54 94
2 80
4 73
54 56
60 90
37 98
72 21
53 82
53 64
47 20
18 20
10 72
47 36
3 59
47 70
34 87
31 83
16 38
11 20
34 52
100 41
80 11
88 85
63 25
63 24
25 60
10 88
78 44
47 65
38 73
50 82
47 38
53 21
49 15
34 44
88 20
71 2
69 89
29 87
63 85
50 30
9 89
42 81
56 51
2 30
92 74
34 29
95 30
9 32
89 72
23 98
7 46
19 38
81 12
40 30
67 22
63 28
81 93
77 51
37 41
34 91
56 38
29 5
100 76
10 6
9 91
76 21
25 74
98 27
26 4
3 62
9 52
34 56
95 5
42 12
31 100
84 20
60 29
42 82
78 10
4 38
59 39
28 90
53 3
87 45
72 51
52 88
72 96
27 88
4 82
48 82
70 6
43 93
23 29
2 51
68 94
8 73
14 42
26 44
78 52
56 73
98 79
32 97
100 69
61 88
27 96
15 73
14 16
80 24
71 41
98 20
77 73
49 91
66 28
3 45
17 52
63 5
47 15
77 6
97 85
29 82
8 85
66 21
47 6
10 24
27 33
84 30
10 61
48 90
86 24
4 77
13 90
90 24
72 95
43 25
36 96
66 97
54 38
37 61
10 82
13 32
78 19
51 33
71 67
19 70
8 18
60 6
69 1
61 17
77 96
73 24
62 46
69 33
23 28
22 96
55 53
95 96
31 18
83 74
10 80
60 58
5 33
40 99
26 95
17 59
37 29
97 15
31 93
37 46
68 6
81 8
95 51
55 89
60 44
94 20
26 30
96 57
26 1
36 85
8 1
71 66
54 93
28 41
47 49
100 22
55 57
98 57
80 99
56 95
63 91
28 5
71 14
2 1
14 32
2 99
58 36
89 95
12 30
72 91
13 50
59 70
63 86
87 20
43 81
2 58
33 84
71 94
37 40
87 41
37 18
35 48
78 93
38 90
4 96
31 12
32 58
68 93
53 70
60 91
36 56
32 83
28 94
26 60
72 17
53 33
59 97
88 6
35 22
57 85
58 61
77 21
76 73
37 13
16 44
25 57
25 52
14 86
65 96
9 79
81 65
31 2
27 95
35 62
16 20
59 45
31 24
50 76
78 51
97 21
26 29
58 11
36 51
62 39
58 27
89 5
72 62
47 11
42 85
6 18
14 58
23 13
79 57
4 64
77 59
36 22
74 39
5 8
99 36
47 10
28 17
58 76
59 79
53 38
100 45
52 45
89 97
17 12
72 82
58 90
5 52
34 36
19 30
99 12
75 99
69 22
80 20
55 97
48 11
54 98
60 79
47 39
92 55
100 28
25 79
75 67
23 14
100 52
58 46
35 11
28 20
60 5
94 46
64 70
100 60
72 79
88 90
54 13
81 91
14 64
59 38
56 46
32 62
37 76
7 53
86 19
60 46
82 30
100 27
87 96
9 60
98 52
64 24
95 91
68 80
81 67
26 59
58 45
19 56
47 55
52 85
80 39
26 81
59 44
22 20
77 93
23 66
69 3
92 8
92 22
66 80
19 88
20 1
37 70
83 46
10 5
71 63
25 70
89 87
52 33
65 20
36 52
67 96
27 30
43 5
77 88
75 45
83 65
35 66
64 84
50 79
25 61
83 62
37 8
26 61
98 95
9 21
37 67
74 97
19 24
48 91
86 94
60 11
9 55
59 6
5 24
34 73
83 86
19 21
26 100
78 34
13 42
26 51
4 69
54 8
5 51
31 60
23 95
50 21
63 62
83 29
43 34
37 2
11 6
70 41
13 27
68 85
87 62
54 89
32 8
32 89
21 39
80 73
47 96
66 58
7 41
3 6
98 1
92 50
14 69
75 22
75 52
100 82
64 18
78 79
71 85
54 51
91 85
86 57
69 53
7 68
25 93
99 61
85 30
67 48
61 73
50 8
89 21
50 51
50 88
80 30
23 93
19 85
93 24
26 90
71 31
75 18
93 30
25 65
92 64
80 33
54 72
77 64
68 16
23 63
2 6
100 77
69 51
21 24
67 82
83 70
32 79
7 16
3 90
89 18
9 29
92 17
63 72
84 85
76 41
27 52
35 41
77 22
53 36
7 80
4 32
14 79
7 22
31 62
54 15
29 72
71 96
89 84
36 33
79 45
92 86
5 44
98 97
43 72
31 81
32 72
88 18
35 89
77 95
89 36
63 40
75 3
2 3
48 12
40 58
23 59
14 38
10 12
58 74
16 79
43 66
28 57
85 73
11 73
61 84
40 28
77 87
31 46
37 14
39 52
100 34
76 46
63 29
47 8
23 4
87 17
92 41
71 16
68 51
9 87
72 84
43 33
19 49
23 46
92 51
55 83
69 45
27 46
41 44
61 79
29 73
59 22
26 11
76 85
98 89
75 64
14 55
81 72
7 42
61 85
75 55
80 90
26 55
39 6
87 18
52 18
60 32
23 82
59 57
78 70
75 34
60 62
65 38
43 17
25 12
15 18
46 33
62 85
88 1
50 85
72 61
43 99
35 53
25 73
71 17
46 85
76 82
83 6
56 79
84 73
16 59
34 90
13 22
63 64
41 82
60 51
37 79
56 94
86 49
42 65
97 57
47 35
34 62
43 79
98 96
3 1
31 98
74 44
23 99
26 22
72 1
51 24
94 73
43 100
4 72
26 77
37 64
68 49
50 36
98 40
28 38
4 41
9 72
40 97
19 84
37 72
23 12
71 56
68 75
77 44
13 49
50 39
12 24
98 19
90 84
48 46
77 29
23 80
80 85
22 90
93 73
87 22
93 91
32 70
46 30
23 19
