InstanceID
3_150_4
NumObjects
150
NumFactors
4
Weights
81.16984049958616
98.84323655013432
80.76220876500786
97.00908450487537
14.006111319509863
50.94438024440222
5.869740597593154
0.4257960600515309
97.46379934512355
55.72251384524507
46.44219211852372
28.750905582916953
29.667422568049084
7.406140670186545
93.3822715119282
90.86247079387266
48.70178369398248
99.83365542219973
77.86784345523358
41.36363807491079
45.39047277606774
35.29550224135758
39.0673840146025
55.561284138980426
99.95078776658117
63.41548117024516
70.49372690283045
33.2357445964389
20.77455048550412
51.72703999377211
36.919136368796536
82.10130315255914
22.200300968290154
65.23099642029342
83.47008419211927
60.294851937842694
82.37081182259236
7.508171673301223
64.80468674119608
14.200619456349317
52.38606310706322
61.4037062877711
46.577560296931054
85.9138371612873
67.24265190607458
87.76539056979628
17.61588547250925
21.4903999903181
81.4266736759997
46.588502816506086
43.28910383035891
85.3442434417053
67.56362875342501
13.253287492426846
57.29564537432801
30.141651779469413
14.375710281694488
70.8855104425462
85.05110662921584
86.57568335290296
24.33719527390823
26.942116719892994
32.97546887834597
73.82966505980697
25.515777452374433
96.15322651992805
19.078313105885435
78.83723374408768
32.805904962218314
31.3879484342535
69.2984848190323
12.63986370880632
92.28889845744848
72.98781294761558
82.06148178751643
60.68752042248402
98.96835969933917
38.682369546247706
41.48337238375321
2.526738137602824
65.69926222171792
8.002174313155418
16.670654105889128
12.678774931938609
55.39627714445889
53.771870385342964
70.5091368568318
37.411769376383106
69.5401318194173
4.6016550918932975
12.56253308190216
30.176086799826862
93.85788520221281
47.58051909404397
22.496979486902013
71.46872407305258
18.523686142549245
58.69686816509849
86.78163945933584
86.46078997245579
2.5055847328883996
85.45426536731271
87.06028830490276
22.98111787428434
54.224633747193906
75.24141081112936
52.053581279655646
90.86642860439373
73.27516245131727
85.19991902760576
4.489780148927691
91.9348709012197
21.419187217745716
81.17673753262802
21.256925584659992
91.50689223930036
78.06593289875772
3.785733087898069
17.60656691910283
30.732615094988923
43.950947989625114
35.44861602400105
45.25307920827861
32.98461010660396
98.6889533102092
65.08054643250007
34.11618150726421
47.164870204462204
97.79101430473271
94.94065135996344
62.03622646483067
85.2602023866042
28.30356442194768
54.45764862994853
20.63153520034595
99.8017187845287
85.1340997573057
33.44396171645481
0.48370662844030576
57.992593303693575
85.38296711119955
8.250784537986355
97.15187276012063
34.53992329339579
97.15161818736442
87.66479673021506
99.6059159068403
12.537235304424232
16.52900908162891
53.61750228438464
Budget
4012.6516858277755
Profits
-16.23396809991723
-19.768647310026864
-16.152441753001572
-19.401816900975074
-2.8012222639019724
-10.188876048880443
-1.1739481195186308
-0.08515921201030618
-19.49275986902471
-11.144502769049014
-9.288438423704743
-5.7501811165833905
-5.933484513609817
-1.481228134037309
-18.67645430238564
-18.172494158774533
-9.740356738796496
-19.966731084439946
-15.573568691046717
-8.272727614982157
-9.078094555213548
-7.059100448271517
-7.8134768029205
-11.112256827796084
-19.990157553316234
-12.683096234049032
-14.09874538056609
-6.64714891928778
-4.1549100971008235
-10.345407998754421
-7.383827273759307
-16.420260630511827
-4.440060193658031
-13.046199284058684
-16.694016838423856
-12.05897038756854
-16.47416236451847
-1.5016343346602445
-12.960937348239217
-2.8401238912698634
-10.477212621412644
-12.28074125755422
-9.315512059386212
-17.18276743225746
-13.448530381214917
-17.553078113959256
-3.5231770945018503
-4.29807999806362
-16.28533473519994
-9.317700563301218
-8.657820766071783
-17.06884868834106
-13.512725750685002
-2.6506574984853692
-11.459129074865603
-6.028330355893883
-2.8751420563388974
-14.17710208850924
-17.01022132584317
-17.315136670580593
-4.867439054781646
-5.388423343978599
-6.595093775669194
-14.765933011961394
-5.103155490474887
-19.23064530398561
-3.815662621177087
-15.767446748817537
-6.561180992443663
-6.2775896868507
-13.85969696380646
-2.527972741761264
-18.457779691489698
-14.597562589523116
-16.412296357503287
-12.137504084496804
-19.793671939867835
-7.736473909249542
-8.296674476750642
-0.5053476275205648
-13.139852444343584
-1.6004348626310836
-3.3341308211778253
-2.5357549863877216
-11.079255428891779
-10.754374077068594
-14.10182737136636
-7.482353875276621
-13.90802636388346
-0.9203310183786595
-2.512506616380432
-6.0352173599653725
-18.771577040442562
-9.516103818808794
-4.499395897380403
-14.293744814610516
-3.704737228509849
-11.7393736330197
-17.356327891867167
-17.292157994491156
-0.5011169465776799
-17.090853073462544
-17.41205766098055
-4.596223574856868
-10.84492674943878
-15.04828216222587
-10.41071625593113
-18.173285720878745
-14.655032490263455
-17.039983805521153
-0.8979560297855382
-18.38697418024394
-4.283837443549143
-16.235347506525606
-4.251385116931998
-18.30137844786007
-15.613186579751545
-0.7571466175796138
-3.5213133838205657
-6.146523018997785
-8.790189597925023
-7.08972320480021
-9.050615841655723
-6.5969220213207915
-19.73779066204184
-13.016109286500015
-6.823236301452842
-9.432974040892441
-19.558202860946544
-18.988130271992688
-12.407245292966135
-17.05204047732084
-5.660712884389536
-10.891529725989706
-4.12630704006919
-19.96034375690574
-17.026819951461142
-6.688792343290961
-0.09674132568806115
-11.598518660738716
-17.07659342223991
-1.650156907597271
-19.430374552024126
-6.907984658679157
-19.430323637472885
-17.53295934604301
-19.921183181368058
-2.5074470608848465
-3.305801816325782
-10.723500456876929
FactorLoading_Φ
-0.5993909454958284	-0.36882562643278205	0.004328605319732226	0.027454822751657337
-0.1982592203665483	-0.08364088242779633	0.38561870145622557	0.3324811957494298
-0.2224360438951578	-0.38606988163796574	0.2769488759862029	0.11454519848067357
-0.06692776122739752	0.04022549573827727	-0.8407485395242469	0.05209820351007832
0.003628865909382828	0.9392572134892447	0.05639267796911884	0.0007212426322535936
0.017259676620526854	0.08527573493911511	-0.6443156184542	-0.253148969986158
-0.28065187620491994	0.028252272712933957	-0.3725549469637415	-0.31854090411840463
-0.44975489644103095	0.3359133262199343	-0.13131725925412896	-0.08301451808490579
-0.1959702231026248	0.02209336625938052	-0.2282053299872555	-0.5537310806507392
0.07021496172016084	0.15268916527185206	-0.7282301686738877	-0.048865704334099425
0.5706154695247423	0.053087968917238104	-0.16719096456481242	-0.2091055969932072
0.5519963012502738	-0.25931241620365264	-0.18055736797762334	0.008133914568450251
0.16457683937009837	-0.4356075331117646	-0.0829211421678604	-0.31689448535027664
0.17690368007694435	-0.16861528218376076	0.6138471149048428	0.04063392283445211
-0.1751708909345584	-0.652054462115369	0.09031719332788102	0.08245745362219159
-0.04128476295611505	0.7339320278849519	0.027949019798902297	0.19683418936003072
-0.023811633676862565	0.4472095745884117	-0.3756188322183951	-0.15335995951633064
0.2943693885444403	-0.3995372024558612	-0.2926375398165155	-0.013455869183182978
-0.18324007967534017	0.016740580253181703	0.04030300990436553	0.7597163301671126
0.012066123268541062	0.2524889346091228	0.36197103313808676	-0.37347390898424937
0.07991089938186069	0.6071688865100346	-0.1256622399609244	0.18725797414718026
0.007652772345587033	-0.42866351344389075	0.5570387482444268	0.0066449659660954286
0.0820927684686743	0.10673808738385171	0.2446676128375911	0.5665015313098829
-0.5458354639890683	-0.2771128755275225	0.11931922843019382	0.05773243205321532
-0.10531298603285344	-0.11324325643622402	0.5845701242171835	-0.19687363331373908
0.02474428315279087	-0.3834128009635607	-0.25806745822008037	-0.3337754576635681
-0.2502301972109713	0.11270463345587634	-0.44628930575410997	-0.19077586357904242
0.3376999419933555	0.07975621304822544	0.5580834642001227	-0.024460380758296374
-0.3063388558725082	-0.2144753158295507	0.24300434785755143	-0.23618148044038967
-0.16514673722766604	0.12067033866235599	0.22452912962602278	-0.4896537944839552
0.186189850803973	-0.16866562788092732	0.2811983744588247	0.363946146856275
0.13194029047551203	0.054859095834972615	-0.46117369299844735	-0.352026920691068
0.12073972439977276	0.2992948243571718	-0.21446258487734005	-0.3655028663657154
0.1360984758559094	0.061573433839261504	0.5205379812440862	0.28179010906074287
-0.5011941609584958	-0.24555347756289025	0.17867515113746024	0.07457721034115372
0.03502522248611495	0.03672127319926832	-0.024501927556837444	0.9037515767577793
-0.10433820316111242	0.42715681095134084	0.13163788712984514	-0.3368670987577016
0.04390813114378256	0.04769112147210475	0.03940629611470947	0.8689944512694032
-0.12707724394193853	0.7941714608124146	-0.03649284146659415	0.042258453779052685
-0.5504949950509355	0.26342185344060653	-0.13041381474100833	0.05566933676744967
-0.037138584195816504	0.08885027166145254	0.6486051554325731	-0.22540598871015782
0.10450395764027265	-0.027886352139646853	0.5959176251103488	-0.27169206510973165
0.10230670661234553	0.48580904816693815	0.3477710803921885	0.0641131648285278
0.11493295486602007	0.23078312400784107	-0.18536378970418488	-0.468920131421954
0.11806431579020105	-0.3609583537958807	0.5145454915377958	-0.00643183887612242
0.10261189231238887	0.39200230506327527	-0.312839471895336	0.19254633072899985
-0.5675764147563416	-0.22657305203023492	0.06989218057778279	-0.1359583526356407
-0.1099333531612332	0.3984553295281221	-0.44609606640875343	-0.045515250901891235
-0.20444796253947484	-0.2528807729419251	-0.02488861646420948	0.5177826480543906
-0.42980763208341655	-0.20554045539441668	-0.1602634523404034	-0.20438846018176338
0.01737197305636684	0.061910403778346446	-0.2505143992117991	0.6702032239534876
0.49770838392896666	-0.0812140133427448	-0.062022123334319224	-0.3590554793939693
-0.3348389590602494	-0.3342711111103873	0.07249462694552311	0.25839530288384016
-0.06036704507470203	0.08931259310241146	0.6771114569806667	0.17320890484221985
0.6287429263613444	-0.06366389017951968	0.0830277220526674	0.2245654614064685
-0.27876712717333585	-0.4541064978245066	-0.10095393589868329	-0.16617243910347423
-0.039414487669822806	-0.17623760143592904	-0.2831889557554692	0.501158955138779
0.21059050191142603	-0.17055529330241392	0.5445592020430536	-0.07429500274310641
-0.4333878648915819	0.11075270694109474	0.21933048754919193	-0.23652894061813146
-0.20719250834560543	-0.40427589698096744	0.24765613308743717	-0.14087546158598996
0.27497837043976747	-0.4349345184478115	-0.008364626248622109	-0.2817224848637989
0.1799226259656328	-0.16364134661475327	0.06646509630371988	-0.589970931115894
-0.07957147036633239	-0.08018366578177871	-0.7073288562654754	-0.13291600758641353
-0.46141251871451394	0.272977417536852	-0.14465392512656838	-0.12095613862206567
-0.21375858720668828	-0.3063225945136605	0.13381156775462233	0.3461072505250289
0.12669580751673393	-0.011568598777267125	0.7701217940837493	0.09161379962224969
0.20473206566276225	-0.23394933420385433	-0.5118448246739922	-0.049473775459391245
0.190456640048009	-0.3038509782900056	0.2327239262635299	-0.2729684553984555
0.18829830773233902	0.10934774799744273	-0.19671727094811486	-0.5056366733221034
-0.09360953134951533	0.5124915591087851	0.05329846695737772	-0.34060044258432187
-0.03142474330315759	-0.5961169510039332	0.25530297994419815	-0.11715532574871101
-0.3391787891883835	0.1049201953093657	0.4792331090524389	-0.07666790644981192
-0.2906725808650594	0.16724661327810342	0.03904835593694589	0.5030324499198913
0.16572372088849163	-0.8183531380795552	0.007139038612475446	0.00878410241947769
-0.3482242828367683	-0.07579217219743795	0.3754143532357903	-0.20056919173000343
0.07041378394142361	0.09317672800100407	0.1981643193451732	-0.6382451687123991
-0.616744883139609	-0.1337121191651851	0.2474214741456111	-0.002121523549594828
-0.16826071101804718	-0.22270856104094694	0.5472214594354639	-0.061809268505542025
-0.026156757508160267	0.5455736204789512	-0.3402437164057943	-0.08802590560709422
-0.5601082171626075	0.14579947549854078	-0.11434021930406368	0.17975208803478804
-0.006698906028475005	-0.31143973706572914	0.6328116311218765	0.04904972578391931
-0.043709011403114895	-0.15864904778726596	-0.05825633269848973	0.7393856081111294
-0.2484052296597863	-0.10921364196615202	0.15836519323383813	0.48401593514022356
-0.059172726911095985	-0.20042398252839488	0.15083411388383428	0.5895691766766749
0.24179469955784194	-0.5131981829723418	-0.08572463078586567	0.15928248668395062
0.2456938835550857	-0.3525827571060227	-0.3921865088176808	-0.009536850521210782
-0.07322668991557957	-0.1157878717608345	-0.6873071889867288	-0.12367824933685712
-0.10473815805692688	0.10429752741221532	0.37384144225562776	0.41712287227523004
0.21298251889332764	-0.547769220133439	-0.09193162948584033	-0.14731663148739305
0.12451372078613798	0.05243776883439977	-0.4004106641560756	-0.4226378462233866
0.380731875425552	-0.1274692867656526	-0.3272165936177376	-0.16458224419105782
-0.4807696270506805	-0.411920688989164	-0.06492605131788243	0.04238363264227307
-0.16050532450663257	0.09697247430342903	-0.011749344888035473	0.7307728563019029
0.12281893441094471	0.3359650464788815	-0.40593468561580015	0.13528133349437366
0.060352844247546944	0.7606782581229121	0.09977335159557743	-0.0791955460339635
0.3743666263062777	-0.28872813317149393	0.09317906753967509	-0.24372617298255328
0.08390914280118622	0.41478424698893135	-0.04137422285735104	0.4599323873525314
-0.08607681583941451	0.5952023185574224	-0.25922930284101486	0.059491562762148176
-0.22340367868529953	0.2310432902858146	-0.21951425544206127	0.3260387755868246
0.04012973883794202	-0.4698603960268717	-0.0396585690489446	-0.4503512960862417
0.6353986878122215	-0.046397137962641555	-0.14266046517490927	0.17554370905022765
0.3468591140912003	-0.4900097868231992	-0.1320434043189782	-0.03108769476662232
-0.2080871486020872	-0.16425649969236766	0.16651895555406537	-0.46113739615147975
0.23148308078154112	0.27876673346040337	-0.0634255071802845	0.426324678577771
0.04235826660373365	0.03901496572743102	-0.7760319154668598	0.14259485220197554
-0.23948592233350907	0.5868259355389123	-0.01503169539809135	-0.1586564467294873
0.3232581926823215	0.1554272538000412	-0.20831733414929987	-0.31299721936833746
0.17828743257788582	0.251583062492281	0.3613413274810102	-0.20878817744882294
0.035930148271680507	0.6551019169403705	-0.2400157702924146	-0.06895216449553443
0.2993229886977262	0.4098125459159867	-0.18886223701699345	0.10200222836929362
0.05037538081476489	-0.1382954677758157	0.04903564855974163	-0.7622935028496778
0.42636554968694185	0.12405093022653757	0.07538456924792403	0.37419895083859656
-0.6582800710169192	-0.0681734362304085	-0.21570637877626186	-0.05784011397641042
-0.14969425803523184	0.08268561345304537	-0.2779507769917344	-0.48966935151998836
0.6358905275739093	-0.0854919985610485	0.07900256775794023	-0.19961490610710197
-0.11491786727798448	-0.030949514808971124	-0.4463770168628498	0.4077556010501946
0.05554804951398595	0.08074626012491914	-0.5372547722273828	0.3264509181337121
-0.11266769058055193	0.20769211114190123	-0.2964893187788473	-0.3831508794986995
-0.8059685874349751	-0.034431357370102944	-0.03480570789916171	0.12479434729576022
-0.3217232862154995	-0.4642065813498768	-0.1601462478058262	0.05392388462879749
0.27653444387945303	-0.134135946881766	-0.2119856843879815	0.3773439248507995
0.39123186613591465	-0.13077638585589213	-0.2703252630849653	-0.20766648492322792
0.045971169576079385	-0.17589118731012343	-0.48015386226448586	-0.2979837808493113
0.11881822359906957	0.12501315188221307	-0.6088782411996074	-0.14729038331910993
0.00058680600679617	-0.02722980440758782	0.570761009786293	-0.40142237979932305
-0.06325033514450928	0.4596764374657645	0.22312017080554547	-0.25395305658418077
-0.48745106249789516	-0.15474298813068055	0.11141252636191279	-0.2463934230095115
-0.06336497281780162	-0.18201937866447215	0.6362604636340394	0.11835518488368679
-0.2394986185870165	-0.3243722822974078	0.22718801083219153	-0.2089410882833842
0.22298028487712473	0.03994339047931561	0.443044715525005	-0.29403160911855464
-0.6658148615950239	-0.01570813350273581	-0.04552220095318682	-0.27295480394905347
-0.26998518254610726	0.09171704327200114	0.4379782397087362	-0.20031953447315543
-0.5203742935356641	-0.17827518956621602	0.044460488177040514	-0.25689002872107936
-0.04166736802712023	0.19023337459287082	0.5372258257106073	0.23087343166940166
-0.5840234953020953	0.09294181369702326	0.2110960108584552	0.11193868014242625
-0.11765374125079409	0.19855435896492502	0.630540896919259	0.053251002865021935
-0.5113310229641495	-0.003838052965271954	-0.28024406292006687	-0.20458686115051172
-0.008075006852956257	-0.3649609250284742	0.2767989159936244	-0.35016515212494514
-0.3132190764061171	0.10337556934680414	-0.18679635191593746	0.39660900233114127
-0.0370352197574908	-0.3810305872495636	-0.2698860288585603	-0.3120481641343853
-0.0650425191073083	-0.08371417777005674	0.5590079339671952	-0.2922353691554398
0.36562765738395187	0.03217182338826219	0.5298710506690201	-0.07232946855876587
-0.16296554155459964	0.1925875542194091	-0.36545501330968544	0.27899189091630583
0.21962849279659968	0.5292279576967931	-0.21766183714240261	0.03348171236420461
-0.8954183307965198	0.03962051999533456	-0.014641471457933264	0.0503196777502124
-0.0058674257132784735	0.7401985400622666	0.12775223694853532	0.1261817972759196
0.36195260944202134	0.21826349679779944	-0.3456100808422995	-0.07417381291787972
-0.2951454924379642	0.2848102207822307	0.030014691888293976	-0.3900295948915111
0.07455128369812569	-0.0835544540801072	-0.7873798043297093	0.05451445789205778
0.01991421129257298	0.03691920655093606	-0.8163137652896	-0.12685281686689098
FactorLoading_Ψ
-0.5993909454958284	-0.36882562643278205	0.004328605319732226	0.027454822751657337
-0.1982592203665483	-0.08364088242779633	0.38561870145622557	0.3324811957494298
-0.2224360438951578	-0.38606988163796574	0.2769488759862029	0.11454519848067357
-0.06692776122739752	0.04022549573827727	-0.8407485395242469	0.05209820351007832
0.003628865909382828	0.9392572134892447	0.05639267796911884	0.0007212426322535936
0.017259676620526854	0.08527573493911511	-0.6443156184542	-0.253148969986158
-0.28065187620491994	0.028252272712933957	-0.3725549469637415	-0.31854090411840463
-0.44975489644103095	0.3359133262199343	-0.13131725925412896	-0.08301451808490579
-0.1959702231026248	0.02209336625938052	-0.2282053299872555	-0.5537310806507392
0.07021496172016084	0.15268916527185206	-0.7282301686738877	-0.048865704334099425
0.5706154695247423	0.053087968917238104	-0.16719096456481242	-0.2091055969932072
0.5519963012502738	-0.25931241620365264	-0.18055736797762334	0.008133914568450251
0.16457683937009837	-0.4356075331117646	-0.0829211421678604	-0.31689448535027664
0.17690368007694435	-0.16861528218376076	0.6138471149048428	0.04063392283445211
-0.1751708909345584	-0.652054462115369	0.09031719332788102	0.08245745362219159
-0.04128476295611505	0.7339320278849519	0.027949019798902297	0.19683418936003072
-0.023811633676862565	0.4472095745884117	-0.3756188322183951	-0.15335995951633064
0.2943693885444403	-0.3995372024558612	-0.2926375398165155	-0.013455869183182978
-0.18324007967534017	0.016740580253181703	0.04030300990436553	0.7597163301671126
0.012066123268541062	0.2524889346091228	0.36197103313808676	-0.37347390898424937
0.07991089938186069	0.6071688865100346	-0.1256622399609244	0.18725797414718026
0.007652772345587033	-0.42866351344389075	0.5570387482444268	0.0066449659660954286
0.0820927684686743	0.10673808738385171	0.2446676128375911	0.5665015313098829
-0.5458354639890683	-0.2771128755275225	0.11931922843019382	0.05773243205321532
-0.10531298603285344	-0.11324325643622402	0.5845701242171835	-0.19687363331373908
0.02474428315279087	-0.3834128009635607	-0.25806745822008037	-0.3337754576635681
-0.2502301972109713	0.11270463345587634	-0.44628930575410997	-0.19077586357904242
0.3376999419933555	0.07975621304822544	0.5580834642001227	-0.024460380758296374
-0.3063388558725082	-0.2144753158295507	0.24300434785755143	-0.23618148044038967
-0.16514673722766604	0.12067033866235599	0.22452912962602278	-0.4896537944839552
0.186189850803973	-0.16866562788092732	0.2811983744588247	0.363946146856275
0.13194029047551203	0.054859095834972615	-0.46117369299844735	-0.352026920691068
0.12073972439977276	0.2992948243571718	-0.21446258487734005	-0.3655028663657154
0.1360984758559094	0.061573433839261504	0.5205379812440862	0.28179010906074287
-0.5011941609584958	-0.24555347756289025	0.17867515113746024	0.07457721034115372
0.03502522248611495	0.03672127319926832	-0.024501927556837444	0.9037515767577793
-0.10433820316111242	0.42715681095134084	0.13163788712984514	-0.3368670987577016
0.04390813114378256	0.04769112147210475	0.03940629611470947	0.8689944512694032
-0.12707724394193853	0.7941714608124146	-0.03649284146659415	0.042258453779052685
-0.5504949950509355	0.26342185344060653	-0.13041381474100833	0.05566933676744967
-0.037138584195816504	0.08885027166145254	0.6486051554325731	-0.22540598871015782
0.10450395764027265	-0.027886352139646853	0.5959176251103488	-0.27169206510973165
0.10230670661234553	0.48580904816693815	0.3477710803921885	0.0641131648285278
0.11493295486602007	0.23078312400784107	-0.18536378970418488	-0.468920131421954
0.11806431579020105	-0.3609583537958807	0.5145454915377958	-0.00643183887612242
0.10261189231238887	0.39200230506327527	-0.312839471895336	0.19254633072899985
-0.5675764147563416	-0.22657305203023492	0.06989218057778279	-0.1359583526356407
-0.1099333531612332	0.3984553295281221	-0.44609606640875343	-0.045515250901891235
-0.20444796253947484	-0.2528807729419251	-0.02488861646420948	0.5177826480543906
-0.42980763208341655	-0.20554045539441668	-0.1602634523404034	-0.20438846018176338
0.01737197305636684	0.061910403778346446	-0.2505143992117991	0.6702032239534876
0.49770838392896666	-0.0812140133427448	-0.062022123334319224	-0.3590554793939693
-0.3348389590602494	-0.3342711111103873	0.07249462694552311	0.25839530288384016
-0.06036704507470203	0.08931259310241146	0.6771114569806667	0.17320890484221985
0.6287429263613444	-0.06366389017951968	0.0830277220526674	0.2245654614064685
-0.27876712717333585	-0.4541064978245066	-0.10095393589868329	-0.16617243910347423
-0.039414487669822806	-0.17623760143592904	-0.2831889557554692	0.501158955138779
0.21059050191142603	-0.17055529330241392	0.5445592020430536	-0.07429500274310641
-0.4333878648915819	0.11075270694109474	0.21933048754919193	-0.23652894061813146
-0.20719250834560543	-0.40427589698096744	0.24765613308743717	-0.14087546158598996
0.27497837043976747	-0.4349345184478115	-0.008364626248622109	-0.2817224848637989
0.1799226259656328	-0.16364134661475327	0.06646509630371988	-0.589970931115894
-0.07957147036633239	-0.08018366578177871	-0.7073288562654754	-0.13291600758641353
-0.46141251871451394	0.272977417536852	-0.14465392512656838	-0.12095613862206567
-0.21375858720668828	-0.3063225945136605	0.13381156775462233	0.3461072505250289
0.12669580751673393	-0.011568598777267125	0.7701217940837493	0.09161379962224969
0.20473206566276225	-0.23394933420385433	-0.5118448246739922	-0.049473775459391245
0.190456640048009	-0.3038509782900056	0.2327239262635299	-0.2729684553984555
0.18829830773233902	0.10934774799744273	-0.19671727094811486	-0.5056366733221034
-0.09360953134951533	0.5124915591087851	0.05329846695737772	-0.34060044258432187
-0.03142474330315759	-0.5961169510039332	0.25530297994419815	-0.11715532574871101
-0.3391787891883835	0.1049201953093657	0.4792331090524389	-0.07666790644981192
-0.2906725808650594	0.16724661327810342	0.03904835593694589	0.5030324499198913
0.16572372088849163	-0.8183531380795552	0.007139038612475446	0.00878410241947769
-0.3482242828367683	-0.07579217219743795	0.3754143532357903	-0.20056919173000343
0.07041378394142361	0.09317672800100407	0.1981643193451732	-0.6382451687123991
-0.616744883139609	-0.1337121191651851	0.2474214741456111	-0.002121523549594828
-0.16826071101804718	-0.22270856104094694	0.5472214594354639	-0.061809268505542025
-0.026156757508160267	0.5455736204789512	-0.3402437164057943	-0.08802590560709422
-0.5601082171626075	0.14579947549854078	-0.11434021930406368	0.17975208803478804
-0.006698906028475005	-0.31143973706572914	0.6328116311218765	0.04904972578391931
-0.043709011403114895	-0.15864904778726596	-0.05825633269848973	0.7393856081111294
-0.2484052296597863	-0.10921364196615202	0.15836519323383813	0.48401593514022356
-0.059172726911095985	-0.20042398252839488	0.15083411388383428	0.5895691766766749
0.24179469955784194	-0.5131981829723418	-0.08572463078586567	0.15928248668395062
0.2456938835550857	-0.3525827571060227	-0.3921865088176808	-0.009536850521210782
-0.07322668991557957	-0.1157878717608345	-0.6873071889867288	-0.12367824933685712
-0.10473815805692688	0.10429752741221532	0.37384144225562776	0.41712287227523004
0.21298251889332764	-0.547769220133439	-0.09193162948584033	-0.14731663148739305
0.12451372078613798	0.05243776883439977	-0.4004106641560756	-0.4226378462233866
0.380731875425552	-0.1274692867656526	-0.3272165936177376	-0.16458224419105782
-0.4807696270506805	-0.411920688989164	-0.06492605131788243	0.04238363264227307
-0.16050532450663257	0.09697247430342903	-0.011749344888035473	0.7307728563019029
0.12281893441094471	0.3359650464788815	-0.40593468561580015	0.13528133349437366
0.060352844247546944	0.7606782581229121	0.09977335159557743	-0.0791955460339635
0.3743666263062777	-0.28872813317149393	0.09317906753967509	-0.24372617298255328
0.08390914280118622	0.41478424698893135	-0.04137422285735104	0.4599323873525314
-0.08607681583941451	0.5952023185574224	-0.25922930284101486	0.059491562762148176
-0.22340367868529953	0.2310432902858146	-0.21951425544206127	0.3260387755868246
0.04012973883794202	-0.4698603960268717	-0.0396585690489446	-0.4503512960862417
0.6353986878122215	-0.046397137962641555	-0.14266046517490927	0.17554370905022765
0.3468591140912003	-0.4900097868231992	-0.1320434043189782	-0.03108769476662232
-0.2080871486020872	-0.16425649969236766	0.16651895555406537	-0.46113739615147975
0.23148308078154112	0.27876673346040337	-0.0634255071802845	0.426324678577771
0.04235826660373365	0.03901496572743102	-0.7760319154668598	0.14259485220197554
-0.23948592233350907	0.5868259355389123	-0.01503169539809135	-0.1586564467294873
0.3232581926823215	0.1554272538000412	-0.20831733414929987	-0.31299721936833746
0.17828743257788582	0.251583062492281	0.3613413274810102	-0.20878817744882294
0.035930148271680507	0.6551019169403705	-0.2400157702924146	-0.06895216449553443
0.2993229886977262	0.4098125459159867	-0.18886223701699345	0.10200222836929362
0.05037538081476489	-0.1382954677758157	0.04903564855974163	-0.7622935028496778
0.42636554968694185	0.12405093022653757	0.07538456924792403	0.37419895083859656
-0.6582800710169192	-0.0681734362304085	-0.21570637877626186	-0.05784011397641042
-0.14969425803523184	0.08268561345304537	-0.2779507769917344	-0.48966935151998836
0.6358905275739093	-0.0854919985610485	0.07900256775794023	-0.19961490610710197
-0.11491786727798448	-0.030949514808971124	-0.4463770168628498	0.4077556010501946
0.05554804951398595	0.08074626012491914	-0.5372547722273828	0.3264509181337121
-0.11266769058055193	0.20769211114190123	-0.2964893187788473	-0.3831508794986995
-0.8059685874349751	-0.034431357370102944	-0.03480570789916171	0.12479434729576022
-0.3217232862154995	-0.4642065813498768	-0.1601462478058262	0.05392388462879749
0.27653444387945303	-0.134135946881766	-0.2119856843879815	0.3773439248507995
0.39123186613591465	-0.13077638585589213	-0.2703252630849653	-0.20766648492322792
0.045971169576079385	-0.17589118731012343	-0.48015386226448586	-0.2979837808493113
0.11881822359906957	0.12501315188221307	-0.6088782411996074	-0.14729038331910993
0.00058680600679617	-0.02722980440758782	0.570761009786293	-0.40142237979932305
-0.06325033514450928	0.4596764374657645	0.22312017080554547	-0.25395305658418077
-0.48745106249789516	-0.15474298813068055	0.11141252636191279	-0.2463934230095115
-0.06336497281780162	-0.18201937866447215	0.6362604636340394	0.11835518488368679
-0.2394986185870165	-0.3243722822974078	0.22718801083219153	-0.2089410882833842
0.22298028487712473	0.03994339047931561	0.443044715525005	-0.29403160911855464
-0.6658148615950239	-0.01570813350273581	-0.04552220095318682	-0.27295480394905347
-0.26998518254610726	0.09171704327200114	0.4379782397087362	-0.20031953447315543
-0.5203742935356641	-0.17827518956621602	0.044460488177040514	-0.25689002872107936
-0.04166736802712023	0.19023337459287082	0.5372258257106073	0.23087343166940166
-0.5840234953020953	0.09294181369702326	0.2110960108584552	0.11193868014242625
-0.11765374125079409	0.19855435896492502	0.630540896919259	0.053251002865021935
-0.5113310229641495	-0.003838052965271954	-0.28024406292006687	-0.20458686115051172
-0.008075006852956257	-0.3649609250284742	0.2767989159936244	-0.35016515212494514
-0.3132190764061171	0.10337556934680414	-0.18679635191593746	0.39660900233114127
-0.0370352197574908	-0.3810305872495636	-0.2698860288585603	-0.3120481641343853
-0.0650425191073083	-0.08371417777005674	0.5590079339671952	-0.2922353691554398
0.36562765738395187	0.03217182338826219	0.5298710506690201	-0.07232946855876587
-0.16296554155459964	0.1925875542194091	-0.36545501330968544	0.27899189091630583
0.21962849279659968	0.5292279576967931	-0.21766183714240261	0.03348171236420461
-0.8954183307965198	0.03962051999533456	-0.014641471457933264	0.0503196777502124
-0.0058674257132784735	0.7401985400622666	0.12775223694853532	0.1261817972759196
0.36195260944202134	0.21826349679779944	-0.3456100808422995	-0.07417381291787972
-0.2951454924379642	0.2848102207822307	0.030014691888293976	-0.3900295948915111
0.07455128369812569	-0.0835544540801072	-0.7873798043297093	0.05451445789205778
0.01991421129257298	0.03691920655093606	-0.8163137652896	-0.12685281686689098
Conflicts
93 85
35 18
127 85
124 70
110 111
54 40
53 76
93 105
149 138
144 138
136 11
13 8
118 90
120 66
82 73
25 28
54 3
40 129
47 118
49 6
42 16
148 108
53 94
9 124
25 17
102 90
47 3
98 62
2 97
29 142
74 73
37 109
34 122
13 56
119 113
47 120
138 18
20 45
136 147
123 11
147 144
128 1
102 147
54 60
25 10
107 150
43 149
4 67
121 98
133 22
75 150
64 108
7 10
130 109
101 45
13 69
78 118
35 42
13 93
97 38
83 137
99 91
139 5
11 30
101 41
133 76
125 8
8 21
60 45
98 44
135 18
14 57
106 115
93 79
92 91
101 74
9 150
102 123
128 49
112 6
147 6
144 90
11 45
100 41
42 97
136 134
28 12
71 80
64 5
50 88
34 74
69 134
31 17
99 130
35 88
135 105
130 39
50 48
2 62
63 86
133 90
123 129
34 38
48 24
35 85
81 145
144 108
43 62
119 37
130 149
43 114
29 138
3 36
35 80
37 45
89 46
140 59
3 131
54 131
68 40
126 105
63 75
122 51
99 111
17 11
123 116
124 117
47 15
104 131
42 69
53 104
92 50
50 40
103 112
89 96
111 20
136 87
132 115
69 105
43 125
31 107
34 120
38 115
119 86
43 105
114 15
11 33
146 96
56 94
128 26
103 70
71 70
101 52
42 38
98 94
98 69
47 77
117 45
80 51
31 59
23 14
103 101
135 44
123 5
58 64
46 134
25 45
89 72
120 16
143 15
32 130
135 129
104 137
126 62
139 1
113 49
89 73
43 39
4 55
69 45
125 24
23 127
9 67
141 85
107 64
37 30
47 4
128 36
54 5
32 20
112 90
25 72
126 38
51 115
109 21
10 8
99 96
132 111
29 103
53 116
93 134
74 46
37 87
71 113
25 115
7 109
54 99
120 101
100 81
14 147
80 64
83 62
14 97
61 16
123 12
10 89
149 45
66 93
136 88
29 94
10 33
120 8
29 107
147 46
54 8
125 93
94 84
62 57
16 82
62 84
135 53
123 134
26 16
145 117
112 88
80 20
94 45
99 97
40 8
81 8
58 104
42 93
118 111
92 96
101 73
69 95
36 6
94 142
103 76
14 64
56 139
115 90
64 113
23 130
146 16
137 49
100 89
14 79
13 147
117 118
117 93
26 106
31 115
7 147
9 82
92 42
101 6
100 5
73 30
122 74
55 30
135 142
68 104
63 137
71 20
54 145
17 91
133 49
43 95
13 25
3 44
135 81
35 95
63 40
146 142
143 46
116 129
61 127
148 114
147 20
146 41
147 62
2 6
56 49
50 16
120 19
79 106
106 142
48 38
68 115
31 121
42 145
132 122
26 6
75 87
68 61
5 134
71 93
120 29
77 1
14 13
100 114
131 84
133 2
120 74
137 107
43 82
112 141
25 145
92 115
48 57
34 22
72 46
133 62
26 47
89 112
74 91
103 15
132 149
37 40
65 64
116 44
138 33
23 135
96 46
141 115
148 144
11 21
37 57
119 100
43 22
143 21
128 64
87 44
60 122
113 24
94 88
39 41
99 118
92 78
125 20
4 64
102 44
102 82
4 97
28 137
43 21
35 50
145 143
75 64
9 75
53 141
32 45
47 147
55 90
74 93
132 70
93 110
147 17
6 134
101 82
54 33
37 124
147 89
81 104
116 137
89 65
14 20
62 76
83 17
74 41
42 88
100 91
75 3
126 28
26 80
54 31
13 106
63 147
94 105
9 138
38 46
97 39
117 134
92 77
7 105
4 35
35 93
108 85
7 108
80 30
118 24
9 13
58 87
60 24
61 15
25 42
55 58
13 99
37 84
10 109
54 77
72 79
111 24
37 38
127 18
60 84
126 36
25 83
140 115
77 74
78 100
68 58
47 105
9 72
56 97
4 116
119 16
77 49
78 126
29 143
88 1
70 141
7 36
148 5
144 36
60 97
137 46
26 74
87 11
17 79
141 21
128 149
37 144
14 139
121 123
40 85
81 62
38 85
120 48
59 56
147 44
55 76
75 22
68 34
118 15
42 103
112 127
104 72
126 90
103 44
5 129
121 66
46 52
148 142
42 15
147 130
140 16
56 134
80 53
87 1
97 82
92 106
23 43
8 12
150 52
137 59
133 116
61 45
112 107
62 5
64 11
78 131
75 110
70 73
96 84
3 5
23 44
135 39
51 41
140 101
148 118
60 107
147 80
77 114
102 57
26 72
47 69
100 146
13 2
46 85
146 79
9 36
63 41
26 17
35 122
129 12
128 61
75 15
142 85
81 56
44 105
27 115
89 99
67 107
119 69
92 141
133 14
133 53
109 20
143 12
120 127
147 90
136 112
11 8
16 108
14 81
66 140
135 79
117 33
108 127
117 76
19 142
92 79
148 104
66 99
68 150
80 134
9 2
19 134
116 140
126 108
125 49
103 20
123 53
143 44
94 6
81 126
64 94
56 24
70 82
42 49
108 24
3 12
116 74
86 8
77 94
128 60
123 143
66 8
126 84
25 5
103 118
125 21
9 104
148 93
60 2
103 93
125 108
145 70
74 82
80 90
26 101
49 96
4 70
120 118
121 118
16 96
3 138
16 95
120 73
119 111
123 145
92 20
130 28
47 122
101 62
9 116
101 99
65 18
35 150
32 59
132 147
136 38
11 44
35 118
140 84
130 49
99 57
116 64
78 55
100 105
128 47
141 12
35 117
145 41
76 38
89 94
3 85
9 123
7 133
71 10
37 91
42 28
61 115
13 103
120 131
140 99
141 1
92 81
78 69
37 53
130 94
101 97
71 44
26 138
92 41
3 88
80 115
112 131
54 42
21 138
135 127
70 105
98 138
40 115
47 126
80 15
128 127
119 137
6 24
27 6
149 52
117 82
67 20
71 128
147 49
19 79
72 139
23 76
116 39
125 143
66 130
128 81
76 18
41 21
102 56
9 129
75 80
135 104
100 102
10 49
77 33
122 90
107 24
81 40
26 129
114 108
26 56
133 101
93 96
71 88
53 2
59 88
67 70
76 127
69 48
92 60
146 19
4 120
86 22
70 127
75 135
130 85
32 142
126 106
122 18
99 105
78 121
133 137
92 139
124 107
128 41
76 141
42 129
75 130
75 62
66 126
136 61
25 120
53 140
109 62
110 142
100 45
58 150
102 15
68 124
10 112
55 5
13 1
60 123
106 33
93 84
75 1
50 107
121 79
98 112
81 12
9 145
42 67
9 52
150 105
27 107
47 42
133 17
100 135
2 33
124 5
122 143
145 134
5 141
35 130
61 142
5 30
25 106
23 124
19 76
34 52
29 1
35 138
65 96
126 94
60 33
7 112
5 15
125 96
54 11
92 105
91 85
4 41
38 96
146 127
77 76
104 65
66 103
68 21
16 39
32 55
124 12
143 84
7 32
75 28
133 147
103 81
8 142
34 109
37 83
148 17
101 126
56 22
136 70
137 45
16 45
32 3
16 6
104 87
81 6
129 106
42 104
110 127
26 105
10 95
27 118
43 116
63 62
23 35
61 30
15 141
55 1
68 5
139 127
136 21
102 51
29 122
135 67
92 66
61 149
147 87
50 87
147 107
80 1
103 94
37 1
10 79
9 112
37 132
104 46
132 140
115 85
9 65
89 64
77 88
100 40
149 96
61 57
50 138
145 131
112 64
19 118
50 145
63 118
120 62
138 44
82 134
90 24
78 41
140 21
31 39
26 123
119 60
7 69
27 18
32 104
91 1
43 148
136 41
92 129
102 35
69 89
128 87
124 15
27 48
29 61
86 44
68 116
132 123
84 44
27 45
62 59
43 122
120 134
143 52
122 27
102 115
122 114
55 51
97 46
35 82
26 140
23 106
126 41
77 101
23 68
25 52
47 144
140 52
71 42
123 36
3 111
67 73
147 145
15 12
34 8
113 1
37 129
31 145
50 58
4 81
50 34
123 6
93 44
67 5
107 51
123 8
107 39
66 18
47 37
102 39
77 96
31 33
50 53
150 82
123 41
13 19
133 67
89 56
79 44
4 13
47 129
15 127
54 59
43 92
43 45
133 36
69 94
117 61
61 27
42 17
141 91
123 39
13 141
76 106
87 20
112 139
51 8
129 118
28 33
100 18
71 58
82 24
120 39
104 70
26 38
74 127
14 60
150 21
78 14
3 146
9 37
99 18
46 24
113 150
87 139
31 81
14 144
75 108
120 145
121 19
23 81
11 15
2 110
97 33
66 70
54 58
132 22
107 56
71 84
35 116
9 25
69 142
143 94
124 108
54 122
150 88
117 131
117 16
133 39
144 5
95 51
13 129
103 1
120 79
94 30
68 137
81 5
25 150
31 75
130 108
31 122
135 86
116 79
9 59
135 90
144 129
23 138
86 5
78 3
144 64
143 51
93 142
109 1
109 150
125 113
14 146
61 12
37 15
63 88
128 22
133 104
31 135
90 105
55 140
119 1
119 77
32 46
75 81
99 127
64 88
119 133
99 27
91 73
37 25
136 30
60 127
113 48
77 112
132 144
123 81
150 85
34 114
113 84
2 22
58 82
148 73
55 2
53 110
80 38
142 91
67 94
14 141
130 62
13 57
140 149
139 79
130 104
102 67
103 27
2 56
69 16
122 57
114 84
11 127
126 57
133 12
32 110
53 11
19 12
54 13
74 36
98 70
99 149
101 85
99 49
89 33
117 56
23 89
129 49
75 103
48 127
129 91
106 24
25 49
113 41
22 12
99 84
80 104
32 146
120 17
103 74
112 142
7 82
65 88
89 21
86 111
8 45
53 150
66 79
10 147
9 3
78 103
7 115
3 27
83 99
55 101
25 91
55 110
50 79
68 44
128 37
109 118
28 79
97 30
58 109
42 109
14 41
37 60
118 41
143 109
104 108
13 131
72 11
23 5
102 28
103 41
4 104
101 88
86 149
4 124
112 12
61 107
71 115
143 107
104 79
53 3
92 120
110 21
74 90
148 138
17 96
69 80
54 63
36 73
124 45
94 79
74 96
31 97
35 98
119 129
50 38
4 141
102 137
121 112
97 105
143 115
28 115
75 8
61 95
125 18
2 16
71 126
83 91
116 20
54 81
76 85
118 18
98 109
115 24
128 111
71 94
35 97
8 106
120 90
75 89
63 52
106 138
59 90
98 5
138 45
37 102
43 104
149 111
10 127
106 105
70 94
4 65
26 103
4 1
120 115
37 51
83 39
84 6
31 123
148 83
63 138
126 11
4 14
42 64
71 8
71 48
117 5
61 112
103 33
146 139
80 17
3 70
7 95
89 108
149 88
47 99
13 53
104 22
10 11
13 42
87 36
26 88
36 24
129 18
125 106
100 134
4 90
135 40
78 94
61 111
10 101
136 114
32 44
132 60
12 88
138 73
25 19
120 6
128 139
69 122
140 126
86 73
104 84
135 36
124 53
12 45
31 118
136 140
94 76
50 64
83 90
80 62
41 33
78 30
42 106
47 40
4 117
107 76
143 87
109 90
7 60
128 16
120 91
72 45
14 116
121 52
47 131
23 80
40 137
23 105
103 59
115 52
66 144
76 90
13 124
57 24
25 144
86 101
78 120
116 95
13 89
25 14
16 137
78 38
47 72
92 95
42 142
136 139
136 19
124 3
71 130
23 149
34 51
93 33
14 108
13 28
68 3
83 53
116 114
64 87
140 15
114 57
86 19
135 3
140 134
23 96
63 6
136 75
132 1
66 127
117 111
126 49
62 141
14 76
143 8
61 64
54 80
74 15
102 60
27 150
4 77
10 15
51 127
10 86
23 113
128 42
75 66
102 114
120 112
102 88
133 96
148 98
11 1
119 93
107 41
88 6
136 20
36 17
59 38
58 52
123 85
103 98
62 108
71 137
77 69
47 1
64 111
47 149
130 114
7 12
124 21
81 146
37 49
47 64
136 89
75 102
25 95
129 24
34 64
68 86
5 106
3 93
45 85
60 145
148 10
12 57
86 139
148 40
58 59
60 41
9 95
120 11
147 57
67 109
114 28
65 49
136 97
147 93
148 137
74 84
7 57
55 134
148 115
137 88
26 45
53 145
121 67
147 73
125 89
31 105
13 27
47 81
125 131
137 17
25 20
10 28
102 121
68 130
80 24
15 91
142 105
93 95
17 15
121 95
135 94
120 89
60 76
89 27
103 137
109 127
43 5
35 99
3 6
10 66
61 17
100 109
141 96
68 108
124 145
81 41
29 45
16 118
96 57
29 59
93 30
82 45
145 49
14 44
13 142
28 106
11 115
63 105
28 97
104 106
49 21
98 140
14 124
123 114
37 94
35 83
135 59
28 30
131 56
15 38
42 87
9 50
47 56
110 91
54 127
109 46
132 6
135 82
65 105
13 38
4 22
148 127
95 39
7 83
29 131
120 67
13 76
142 96
54 87
23 72
131 17
102 30
145 27
135 118
126 40
121 144
64 52
98 6
83 88
23 60
4 34
43 18
61 91
80 36
112 109
26 23
4 130
137 141
54 98
37 56
48 149
76 118
122 109
18 20
119 138
3 59
47 35
7 110
31 108
41 38
136 144
148 90
34 139
80 11
25 88
78 44
119 35
136 33
121 73
50 114
47 117
149 38
119 101
104 15
34 20
2 88
80 3
11 57
121 69
29 6
63 99
30 85
63 70
82 30
64 1
26 81
147 27
89 111
42 137
81 51
130 30
92 118
67 64
35 94
95 30
9 143
89 3
50 42
23 46
135 84
12 30
63 150
132 93
13 137
77 51
124 115
121 91
47 114
95 149
133 28
29 116
10 126
91 134
9 115
67 21
28 105
63 129
54 46
128 98
113 5
123 64
26 132
144 91
3 62
31 117
34 137
101 95
42 140
100 84
29 20
63 90
123 118
125 82
132 138
38 39
53 131
115 45
51 150
115 88
72 96
144 88
132 82
48 82
124 134
102 93
29 2
81 129
68 94
109 113
8 73
114 106
21 44
3 122
52 73
32 117
126 12
69 88
61 96
143 73
14 16
148 139
120 114
121 127
10 129
42 1
131 105
145 52
133 105
132 15
77 134
82 85
136 85
109 44
103 8
144 21
66 5
47 6
15 138
33 84
10 30
48 110
86 40
52 44
132 77
128 141
68 24
120 61
104 112
25 36
119 96
10 82
136 14
32 141
78 138
147 33
67 19
146 111
112 8
1 134
121 90
9 57
47 34
17 113
77 61
121 113
73 24
86 76
62 127
16 33
23 28
114 22
55 114
53 95
97 96
122 141
42 57
125 141
31 10
108 18
146 131
137 127
83 80
80 138
60 86
58 19
137 33
101 5
121 40
26 59
145 112
50 59
147 15
7 66
59 46
37 131
54 106
19 6
136 81
19 141
55 103
60 44
119 88
148 94
51 12
8 85
71 129
47 49
3 72
150 45
80 56
114 95
133 121
124 142
71 107
122 150
71 2
50 101
130 1
82 115
14 150
29 24
58 118
116 108
89 109
95 12
126 72
129 141
88 52
99 137
59 105
112 62
84 20
2 109
72 33
39 84
37 20
87 41
37 18
42 127
38 90
58 93
23 70
32 96
122 94
32 101
124 83
125 138
116 21
28 94
26 142
112 17
53 33
59 115
113 6
29 40
22 85
70 57
77 5
102 53
133 118
61 21
76 138
37 73
144 141
26 44
23 94
99 6
63 58
114 79
53 130
80 116
102 49
27 95
62 142
16 20
146 76
58 65
97 24
78 102
35 101
71 27
133 58
89 105
47 62
11 85
6 127
146 27
14 22
78 48
13 79
100 16
132 139
123 108
131 24
77 103
36 150
74 39
136 5
60 99
102 10
29 38
126 18
28 85
17 97
25 109
100 117
50 49
69 5
9 73
4 132
38 111
100 53
93 52
102 42
35 143
115 127
125 67
97 118
123 15
12 115
145 72
128 5
42 149
148 19
89 97
47 91
75 123
150 41
122 117
55 102
7 80
115 20
55 115
48 11
116 105
64 79
92 55
100 28
60 108
7 25
67 16
75 115
101 17
126 142
94 51
35 58
11 20
140 28
150 134
7 5
144 139
94 46
60 64
100 137
68 82
60 110
103 108
110 73
118 12
81 91
102 2
59 141
56 46
32 62
41 106
37 107
7 53
113 12
121 88
60 46
124 30
47 36
47 45
60 137
98 64
81 24
147 8
56 127
47 55
3 15
59 39
64 44
22 20
23 66
101 141
131 113
69 8
60 28
23 22
66 19
129 88
121 150
148 92
83 46
119 10
109 5
65 59
2 36
25 117
126 137
67 96
32 30
43 133
75 83
66 65
139 20
64 84
50 150
9 79
25 61
136 62
26 61
67 137
147 86
60 11
55 95
10 137
81 74
130 88
121 120
23 59
103 134
133 73
86 117
9 19
126 149
26 100
34 40
42 141
26 4
136 107
119 5
43 60
50 149
83 15
43 34
37 130
11 6
70 41
98 59
128 85
35 105
87 90
63 130
116 142
32 8
21 39
54 79
80 96
7 58
54 102
57 134
102 108
3 1
86 130
50 115
142 22
52 45
127 111
27 137
71 78
55 130
39 127
53 85
16 52
132 142
117 51
118 57
135 69
99 93
99 85
117 48
78 122
61 73
50 8
2 30
121 11
89 48
119 149
129 45
42 56
97 79
50 51
80 123
123 131
80 106
19 85
26 24
100 125
120 110
75 67
93 18
25 65
112 108
92 64
64 33
13 104
51 38
54 2
43 86
69 51
113 149
67 51
37 70
135 16
68 16
91 84
142 90
131 18
9 29
145 44
125 88
98 1
75 105
27 106
22 84
116 72
34 97
132 79
142 115
7 150
62 15
54 52
71 96
54 100
37 118
35 45
26 52
72 90
50 81
31 64
146 88
2 89
43 8
95 52
102 48
27 36
2 40
125 3
75 112
114 131
140 130
48 52
38 142
10 12
58 74
43 16
126 73
11 73
40 45
28 108
23 142
100 52
34 126
11 38
76 6
63 117
9 136
4 115
23 17
108 51
71 16
68 51
68 6
9 87
72 142
43 7
147 126
133 126
120 150
23 120
29 112
105 46
98 141
55 69
27 141
133 20
123 44
135 150
104 139
135 76
72 22
14 131
71 60
81 72
135 42
55 22
26 134
146 87
82 52
121 18
4 69
103 40
9 147
60 106
32 82
78 70
68 59
123 74
35 107
62 65
2 38
146 143
117 137
43 44
62 12
126 65
94 85
43 77
35 53
130 70
69 101
120 103
25 69
71 17
131 90
23 134
51 46
97 85
128 69
2 27
68 121
56 79
84 73
60 90
144 111
34 86
141 150
114 64
47 44
113 79
147 103
144 46
118 96
126 6
65 106
139 8
35 62
43 124
98 79
54 19
115 1
13 115
77 44
23 50
86 99
28 95
28 111
129 150
51 24
117 130
43 100
4 72
2 129
26 14
37 5
95 49
102 116
136 98
120 70
46 73
4 91
28 107
41 46
4 56
75 124
120 84
126 19
49 118
5 12
71 103
68 139
75 96
44 18
23 13
49 141
60 39
12 24
140 64
43 123
28 39
34 18
71 118
128 108
121 84
101 48
119 147
34 72
77 29
114 87
2 85
80 94
150 73
87 22
91 30
81 117
37 36
29 118
70 138
86 57
68 110
99 79
54 30
92 147
40 112
11 39
23 31
135 30
76 41
9 77
147 1
125 39
143 82
10 35
63 78
65 44
37 138
42 48
32 115
128 53
10 103
108 73
126 122
146 74
66 143
42 98
114 36
96 105
13 22
76 46
29 33
112 45
64 95
4 3
131 93
100 55
4 37
71 86
34 81
139 6
56 1
3 11
97 51
103 95
14 50
133 79
9 149
140 107
23 91
92 110
89 88
107 97
128 35
143 48
72 141
13 135
72 48
80 2
148 91
43 30
136 15
119 28
34 142
56 70
37 100
102 101
134 45
25 141
7 92
81 49
23 79
89 22
111 45
25 34
145 39
4 40
95 70
34 28
127 105
131 5
87 88
25 134
112 18
75 35
100 79
32 61
75 36
67 108
131 88
31 51
136 22
131 142
22 118
77 130
79 1
48 141
124 81
43 9
92 39
69 56
60 117
105 33
7 70
145 48
31 106
68 20
147 2
78 91
47 97
104 110
71 23
10 145
33 1
128 134
7 75
63 39
70 108
92 150
40 96
66 74
93 6
48 139
60 40
123 21
122 76
35 12
62 134
43 96
68 67
36 76
132 114
67 90
63 48
107 84
77 118
59 127
35 127
99 106
77 110
72 15
43 68
143 88
81 86
59 73
56 96
31 85
19 137
119 71
10 42
43 46
31 89
114 91
150 44
67 95
40 48
32 58
49 52
146 112
143 30
58 51
133 97
133 40
47 109
13 126
107 57
112 33
69 29
92 97
55 145
31 125
62 106
66 48
34 67
145 94
149 6
29 126
16 12
136 122
7 51
100 101
50 57
147 79
61 59
63 28
47 111
123 93
87 134
144 44
66 81
110 76
136 105
94 38
32 93
78 32
55 82
8 134
136 91
26 29
126 109
33 30
88 105
89 45
60 116
32 40
121 12
128 94
16 62
121 30
47 89
37 12
9 118
100 94
33 88
55 79
25 80
117 87
94 52
10 5
54 86
3 30
36 111
119 75
62 111
29 51
43 48
60 16
21 22
78 80
83 142
27 149
66 15
117 97
63 53
42 27
59 41
31 87
150 12
70 129
91 127
7 94
145 99
92 88
66 139
126 118
119 22
34 101
133 83
5 24
64 21
148 58
106 6
79 118
119 6
143 62
133 33
63 57
136 96
2 46
103 144
103 11
26 10
147 112
69 130
132 101
63 15
43 136
75 11
147 115
2 3
9 34
9 78
135 93
65 52
77 107
125 99
121 3
123 1
140 139
76 15
53 39
97 18
67 105
54 143
16 44
50 12
116 101
42 19
65 21
4 29
15 85
107 45
25 142
145 144
104 105
9 148
35 61
63 14
4 99
131 59
132 116
19 21
43 113
75 107
145 139
49 127
140 144
25 60
34 105
103 73
37 50
143 65
43 73
25 51
39 52
31 77
32 106
50 140
71 142
16 15
51 44
95 38
43 94
53 5
60 79
70 24
75 120
75 141
132 25
26 139
135 35
101 20
141 134
7 86
7 1
51 22
86 131
103 57
101 67
25 11
50 76
112 79
75 40
81 76
135 17
9 142
83 101
98 36
140 45
102 22
120 53
22 82
47 33
43 59
117 142
68 127
14 120
41 105
56 95
68 84
147 97
31 109
139 118
101 117
17 51
106 111
9 108
74 113
135 77
142 57
37 24
3 49
68 8
4 142
66 94
89 19
80 72
14 62
2 64
83 108
34 77
100 59
59 45
132 36
32 126
90 57
98 19
3 19
70 111
102 20
32 120
34 58
11 52
37 142
130 41
19 38
41 73
50 27
54 50
10 84
98 118
97 88
122 24
64 106
1 85
43 132
148 121
54 150
47 8
83 127
32 50
109 106
5 82
93 51
53 143
28 17
135 125
121 53
13 149
138 115
47 57
4 53
54 28
23 100
125 122
60 105
50 121
63 27
141 20
26 75
120 58
100 104
28 139
27 94
126 74
86 62
47 110
148 80
7 137
100 1
74 59
71 127
146 65
78 79
103 24
89 82
116 131
109 149
59 15
4 78
2 130
133 1
8 20
10 2
106 82
95 84
3 20
82 18
55 83
14 5
79 57
29 96
80 140
13 102
123 28
17 38
68 90
29 85
43 12
34 140
51 6
92 127
4 61
48 17
67 91
66 87
2 11
42 146
66 36
92 48
64 15
104 20
14 17
150 20
63 87
9 49
7 113
132 46
80 95
140 46
96 30
51 82
81 98
144 73
121 104
38 45
42 117
101 19
5 8
76 45
139 41
68 145
137 52
139 15
49 22
100 73
31 92
67 27
137 18
37 33
116 2
8 57
100 144
71 1
119 59
140 90
35 125
60 36
66 46
66 116
147 138
26 40
17 129
62 22
128 82
112 72
43 17
23 2
69 15
125 16
136 66
10 117
107 82
23 69
108 105
9 126
35 55
148 22
145 91
3 117
31 139
107 6
75 51
114 107
146 150
54 38
9 127
34 85
35 1
11 46
103 130
53 36
56 110
63 107
113 21
130 51
7 13
92 137
37 61
101 65
36 115
23 52
25 107
127 12
78 51
102 139
27 8
71 108
98 2
123 113
17 139
106 15
113 97
126 3
7 41
109 64
51 84
114 6
2 111
39 88
36 51
102 41
4 85
131 39
112 138
104 85
55 52
64 105
147 98
55 27
121 27
64 82
47 93
75 82
86 65
69 91
61 129
71 25
25 104
148 20
14 94
101 21
49 51
33 52
29 98
1 18
112 113
92 36
31 116
25 94
106 96
37 101
31 25
135 88
124 65
32 134
40 105
124 73
26 84
60 101
124 96
89 144
131 73
87 150
142 150
114 88
8 79
94 97
121 48
83 3
3 17
34 123
65 149
93 22
28 76
146 21
41 1
146 17
34 30
21 82
138 30
26 43
36 79
117 113
54 25
103 45
37 35
117 143
87 149
110 141
35 76
64 59
131 118
112 84
124 1
136 132
68 135
79 115
17 22
130 129
14 34
59 110
77 145
126 58
37 55
128 75
107 70
128 4
55 62
113 134
75 69
53 118
63 2
9 1
25 30
63 97
32 77
27 79
66 95
112 94
13 90
137 90
92 103
135 72
122 85
43 83
23 95
122 56
9 96
119 146
93 1
111 134
62 91
10 40
37 127
36 84
34 6
4 114
72 38
93 45
8 90
110 90
128 33
36 94
65 84
13 108
27 96
89 106
67 130
120 111
53 101
81 96
123 17
89 127
13 87
42 105
140 81
117 106
13 55
126 30
74 106
37 108
95 5
149 127
148 39
98 110
69 93
132 88
86 90
14 110
17 105
93 36
71 143
145 138
21 111
55 118
7 14
7 102
50 96
82 20
121 21
120 129
135 137
56 39
31 55
109 84
80 142
95 115
144 150
31 30
140 57
40 38
114 105
117 114
63 106
80 27
48 106
35 27
7 146
47 66
124 94
95 11
69 59
68 66
101 24
147 56
128 122
43 120
25 56
38 127
26 117
135 85
87 84
116 22
106 91
70 21
113 91
117 99
7 144
146 94
131 46
61 24
72 134
128 92
32 1
26 62
148 64
77 65
92 15
23 62
99 113
129 142
139 150
13 74
77 46
130 22
123 105
15 20
16 111
68 25
98 49
103 64
148 97
148 134
128 77
19 30
72 39
125 5
81 113
104 143
95 139
9 38
128 147
14 8
75 139
148 76
123 3
97 84
131 76
97 141
46 18
93 11
126 59
65 97
9 10
133 109
27 52
60 73
7 103
92 114
143 18
126 138
92 122
26 86
74 130
55 144
14 80
140 87
89 5
60 144
28 52
2 19
107 15
78 72
67 17
120 49
142 33
2 99
78 33
124 144
41 30
149 82
78 111
61 105
125 36
102 27
124 49
119 143
140 72
61 84
128 11
83 41
77 90
29 99
42 76
137 91
42 41
9 107
122 46
132 87
148 2
25 146
138 46
133 55
98 15
58 134
60 67
77 131
42 125
132 52
63 12
23 126
121 34
132 118
136 40
109 6
146 38
60 38
4 24
74 137
16 127
136 100
7 68
2 58
108 45
54 21
75 138
43 41
68 138
8 49
112 134
10 51
132 84
101 76
121 93
23 115
10 131
32 36
4 52
93 57
117 62
29 82
133 38
68 126
147 81
71 34
4 8
34 80
16 105
54 137
78 129
50 66
101 131
89 142
60 150
13 107
2 39
86 17
128 3
64 8
95 85
7 40
126 39
68 87
130 65
124 125
133 19
14 109
120 137
131 110
124 77
38 6
31 138
147 95
66 131
32 51
3 139
54 112
112 87
117 84
47 95
119 46
26 9
19 49
2 84
72 56
26 110
86 59
55 84
32 52
132 58
123 139
10 22
66 6
143 45
3 24
65 38
52 91
150 24
48 84
36 138
78 20
103 122
74 64
2 105
130 6
109 57
109 129
141 88
48 45
50 147
63 45
68 13
61 97
32 150
9 5
55 108
100 96
35 72
61 109
119 131
78 52
81 3
2 127
103 96
41 88
3 141
27 1
10 3
123 110
68 93
78 1
56 51
147 140
124 50
119 130
54 22
32 111
66 114
128 28
17 134
27 142
42 40
131 28
145 122
114 94
146 56
47 125
99 62
147 146
25 75
26 108
148 116
15 6
50 95
9 94
125 74
93 111
13 5
26 34
147 141
49 20
37 75
136 143
50 33
89 139
107 129
147 114
9 93
78 67
31 52
78 27
23 51
118 20
127 73
68 12
54 139
12 1
13 70
104 64
83 76
141 33
120 96
124 2
89 62
122 142
108 20
92 38
132 24
71 47
92 126
77 141
109 30
75 99
92 131
52 85
150 30
149 97
35 66
103 62
128 9
116 111
99 33
77 40
136 99
31 79
18 45
141 127
98 129
124 106
143 5
19 22
11 97
77 22
102 146
55 6
27 97
47 85
10 116
130 97
133 52
70 20
62 110
100 58
72 109
102 33
148 141
23 39
109 139
86 3
56 44
26 12
55 146
136 149
18 24
100 70
40 36
69 106
99 16
60 130
47 5
54 44
16 11
43 36
68 17
71 135
66 145
7 35
29 11
104 138
78 57
2 141
7 3
67 141
54 16
46 57
87 12
131 107
66 96
144 38
25 58
12 6
130 143
92 16
17 52
7 55
143 113
3 22
6 18
47 100
98 11
26 57
9 21
32 69
67 113
81 87
2 112
104 107
9 8
100 49
10 32
53 64
144 24
92 135
66 109
90 127
14 70
23 85
140 40
40 64
64 115
133 10
104 27
80 65
112 82
53 15
7 122
80 118
125 110
86 46
69 111
50 56
121 80
119 92
138 111
140 95
26 39
55 143
2 87
71 147
35 56
64 127
37 123
92 125
66 30
60 48
57 30
89 129
16 134
63 55
48 15
133 98
148 86
56 118
50 83
132 51
58 110
72 138
16 97
137 87
123 111
76 57
132 45
62 11
27 112
55 67
61 150
81 53
65 111
149 22
63 126
4 12
53 91
117 49
114 93
92 121
81 93
66 104
101 51
83 105
61 118
43 6
56 111
70 115
84 46
81 73
89 84
121 134
104 118
62 96
34 129
106 44
109 70
10 67
128 99
137 36
37 95
68 33
124 127
69 44
47 52
128 51
137 129
98 57
50 90
71 98
66 41
125 123
27 108
80 44
139 115
95 24
136 109
67 58
123 2
23 139
100 60
13 31
14 115
13 94
34 117
102 17
87 70
47 58
92 18
74 28
67 118
26 70
69 21
64 17
19 5
67 24
7 50
54 97
124 8
95 57
34 29
63 125
80 18
59 8
77 36
9 84
16 17
148 52
37 122
78 39
147 48
29 93
50 129
43 3
19 18
140 39
79 45
81 141
54 140
66 117
118 1
43 101
53 16
83 74
2 21
9 134
93 90
107 106
122 17
117 107
23 98
128 70
109 138
35 17
109 36
80 131
102 142
128 83
7 106
70 6
39 12
75 91
72 87
61 110
43 145
65 90
107 49
105 24
77 24
100 39
107 20
13 51
128 46
79 21
98 99
93 49
64 97
74 114
31 110
118 45
29 8
94 49
108 30
68 100
114 44
148 75
63 5
48 138
148 65
66 112
34 95
114 90
123 130
19 149
147 67
107 33
7 38
146 18
136 142
50 72
61 44
60 113
11 82
13 48
145 67
63 4
3 134
13 91
140 89
147 69
81 2
119 62
147 72
31 84
62 64
114 134
139 52
96 24
53 103
77 123
102 122
116 70
43 52
100 65
10 56
72 24
9 141
74 5
120 45
37 77
78 45
68 99
140 94
35 96
65 94
43 130
121 107
143 59
116 52
25 85
2 74
128 145
65 115
128 143
7 141
26 49
133 95
87 115
145 59
26 67
116 130
43 87
111 85
104 97
131 87
148 95
27 16
78 109
60 52
126 131
65 87
113 142
103 21
120 12
31 140
103 38
3 114
75 149
44 57
87 6
8 105
32 85
118 150
120 140
63 111
126 141
83 109
32 33
14 2
126 33
49 115
147 150
69 33
147 83
69 144
94 18
133 146
118 38
83 52
37 139
60 56
135 34
13 85
95 97
5 88
107 113
54 10
99 48
51 57
116 126
38 24
62 113
4 15
35 33
103 65
144 109
32 11
97 1
131 150
43 4
128 107
2 20
139 76
32 5
136 116
66 21
51 90
14 74
32 15
112 144
121 137
102 140
75 84
108 111
94 22
68 98
131 45
148 107
90 85
78 145
144 72
133 123
98 82
3 8
98 30
22 24
28 38
31 1
53 24
98 48
92 74
16 87
87 38
48 49
146 113
124 40
92 108
138 105
23 24
136 83
41 45
124 143
131 48
125 85
14 126
2 114
26 8
42 118
140 20
58 90
5 115
25 55
60 22
102 105
119 104
50 146
58 95
11 106
61 62
69 97
121 59
23 75
135 27
54 117
117 15
34 88
51 111
76 24
50 125
98 116
19 20
103 142
92 46
122 16
69 20
125 41
63 66
11 118
128 150
53 22
78 107
149 57
114 46
97 111
32 49
7 99
78 110
56 21
8 91
149 108
60 51
43 121
34 15
121 8
110 33
94 127
31 62
7 64
16 22
32 84
89 41
25 111
99 36
80 16
48 95
128 6
130 36
83 44
29 104
25 38
111 18
80 146
14 84
34 2
65 70
101 130
74 20
71 54
93 56
135 5
110 5
119 15
106 118
147 59
116 28
148 6
67 56
68 81
131 49
136 12
37 67
121 103
10 38
118 46
112 16
81 21
136 111
130 90
116 65
144 51
72 113
59 142
135 41
70 110
100 149
122 91
19 107
108 38
75 79
144 97
50 142
135 130
69 149
146 109
81 111
131 65
130 91
126 15
98 108
4 27
31 60
69 19
99 56
68 89
63 21
27 64
54 78
103 109
126 79
133 50
55 121
53 82
77 19
14 98
136 90
47 21
68 147
129 105
144 94
37 76
32 29
63 72
29 21
22 33
60 147
103 18
23 67
76 1
4 113
102 6
104 28
50 74
62 33
78 99
130 138
54 123
75 125
36 59
118 134
2 134
80 93
36 46
7 123
148 82
71 62
140 22
54 61
81 116
14 49
43 19
29 56
63 148
142 1
43 10
80 105
84 18
148 149
78 34
51 76
103 107
83 29
83 38
125 103
53 70
10 52
43 78
125 30
69 38
47 106
40 12
128 130
124 103
35 77
12 46
86 126
14 56
83 130
124 6
113 45
7 84
107 127
63 145
128 90
123 127
78 146
79 12
78 35
92 76
148 146
43 50
94 15
29 145
90 6
86 110
54 129
74 17
92 28
23 123
99 17
65 110
141 105
130 27
83 61
109 94
149 139
49 30
71 77
69 1
69 82
132 8
89 114
39 44
74 149
77 125
120 97
117 141
46 6
7 79
7 98
129 84
7 56
125 109
42 70
44 73
89 138
147 109
55 117
31 130
144 8
42 6
149 76
125 129
131 138
100 66
31 142
67 115
87 110
40 30
92 80
43 61
71 112
49 105
93 107
66 40
99 59
7 6
132 33
14 122
136 27
13 59
147 127
117 72
28 65
19 46
36 8
23 25
10 41
65 11
129 39
112 52
2 138
42 126
94 57
39 73
2 122
64 134
19 139
124 118
10 115
101 107
86 140
35 90
25 33
50 30
137 97
43 81
47 98
3 28
2 65
87 56
13 113
89 76
33 18
40 17
132 150
21 91
9 18
117 105
113 106
56 38
123 84
37 31
40 1
35 86
28 73
43 53
83 48
124 112
32 21
89 44
87 30
126 130
19 36
89 6
66 110
144 96
29 117
87 91
69 64
102 107
26 150
23 12
80 46
31 131
68 143
148 81
93 91
145 46
55 8
43 111
40 97
121 122
99 82
9 24
80 143
132 53
4 39
80 8
94 1
40 94
92 29
62 129
75 117
75 73
22 134
119 67
116 15
19 17
103 39
126 8
129 15
132 13
68 105
32 86
14 118
41 142
133 69
48 59
34 39
89 12
114 51
22 115
40 51
133 120
28 90
83 146
109 76
119 144
32 2
120 21
145 15
10 90
119 52
81 16
144 15
16 149
77 113
142 12
20 134
108 79
67 149
109 105
29 3
90 84
92 72
116 76
122 20
124 91
148 110
139 129
42 150
100 48
78 10
104 51
17 46
55 15
121 143
17 150
35 108
103 91
150 115
135 1
122 79
104 111
69 79
75 56
136 60
41 90
79 150
139 39
4 134
102 86
68 38
7 126
102 126
53 96
123 18
138 20
135 8
132 91
99 51
85 24
60 3
112 48
130 106
95 88
67 99
126 110
128 140
89 149
116 139
43 84
32 114
54 107
135 66
31 143
7 138
14 73
123 24
128 95
117 91
122 113
32 34
11 129
34 110
29 39
66 28
60 114
136 126
34 59
121 94
113 88
7 88
137 44
81 142
67 18
67 76
37 6
83 144
114 45
68 131
16 70
142 141
49 57
100 111
113 139
34 116
78 36
125 130
53 106
32 57
53 8
99 142
80 114
53 117
149 8
80 98
127 45
50 94
71 65
114 19
17 6
28 36
4 6
29 129
71 104
49 39
19 105
64 110
59 150
71 6
55 66
2 15
145 88
68 35
71 36
57 20
94 118
124 93
102 5
69 137
95 22
129 6
100 67
133 9
124 59
54 75
107 91
13 105
142 21
37 141
119 87
28 59
147 105
81 64
114 5
29 91
43 90
125 150
148 50
146 85
83 107
132 83
113 51
119 128
47 94
14 51
9 81
43 70
113 15
137 65
109 107
80 149
96 85
35 46
43 38
60 89
10 76
96 1
2 93
23 116
7 39
7 9
50 109
75 16
39 138
83 140
136 150
26 48
36 113
69 46
25 59
118 91
27 33
125 69
145 111
9 28
97 142
80 74
71 138
128 13
128 72
92 73
21 115
99 131
31 58
27 5
77 99
137 84
102 19
67 134
26 32
91 46
126 76
101 11
92 93
103 114
106 134
121 109
74 79
13 64
13 111
15 18
75 27
124 64
59 108
141 138
9 103
10 120
52 90
132 108
77 140
132 104
145 22
14 103
101 64
87 127
21 12
79 33
147 39
143 24
137 51
5 105
64 96
68 1
101 27
60 72
80 130
135 49
53 44
120 44
17 5
116 143
40 110
35 19
69 30
133 15
133 70
75 39
112 149
123 95
23 38
59 57
78 16
89 90
102 149
23 102
37 126
92 107
77 56
32 42
136 24
69 99
98 117
23 86
128 121
83 123
53 57
42 95
122 39
106 21
31 69
26 46
116 24
136 138
133 85
29 22
14 125
37 82
87 52
109 82
116 117
92 98
140 17
32 109
92 8
19 41
120 46
29 134
75 17
55 56
23 34
148 100
31 80
135 143
108 138
71 149
92 10
60 98
50 112
69 116
138 90
135 28
101 30
143 138
114 27
13 143
136 36
116 146
119 43
43 27
77 21
23 93
105 52
136 121
9 64
145 106
3 142
27 59
113 108
13 44
73 18
28 127
78 116
32 135
114 144
144 62
114 112
25 138
126 127
147 5
110 12
23 146
2 86
69 49
37 52
104 41
108 91
10 17
137 134
95 82
48 62
122 84
31 41
7 89
116 134
23 47
66 84
40 73
43 89
32 18
60 103
70 142
92 69
58 28
22 106
125 118
142 44
16 46
145 17
89 85
102 8
13 80
37 97
95 20
25 105
77 137
86 20
92 101
25 125
61 46
119 72
63 103
132 72
38 106
102 81
36 44
39 90
128 76
100 64
136 141
38 22
47 67
137 85
125 59
116 97
75 41
53 97
142 18
32 103
86 129
112 49
35 73
56 141
83 141
56 11
104 114
11 111
137 30
25 27
83 59
54 124
148 117
109 111
26 11
143 111
78 134
28 20
83 149
148 103
48 70
120 94
86 74
114 139
10 18
13 98
94 41
35 113
121 46
100 10
116 144
114 149
128 14
22 90
114 48
130 33
63 132
116 56
135 65
101 59
6 73
58 79
92 65
14 106
130 57
78 130
63 131
35 16
49 138
36 110
92 19
80 111
55 33
101 91
104 134
83 97
101 110
54 141
87 24
81 27
49 134
78 73
128 65
123 45
93 65
150 39
54 66
117 17
150 22
60 146
121 36
23 20
119 122
10 113
23 122
16 51
34 66
125 134
79 138
40 144
97 110
53 59
83 85
119 29
139 18
76 22
74 112
55 80
87 18
132 69
110 20
120 76
86 41
145 30
76 82
131 38
109 24
9 90
4 30
2 70
148 109
132 105
34 24
61 141
31 22
86 112
35 51
9 62
10 64
19 115
17 57
78 101
83 24
80 40
68 146
109 91
116 62
124 84
84 105
4 45
58 137
41 20
131 51
96 82
119 73
40 95
136 137
101 106
44 24
136 69
112 51
5 38
51 15
26 112
13 140
52 20
43 56
86 49
90 18
128 124
34 94
142 111
130 107
100 82
103 5
41 82
79 18
14 95
50 104
135 97
133 4
37 146
38 20
4 101
52 134
78 112
23 144
60 55
61 48
10 141
75 57
146 46
140 74
86 88
117 67
126 27
140 110
34 33
116 46
25 131
136 115
113 105
25 114
7 143
97 90
101 44
23 64
23 49
60 15
147 88
123 94
50 39
26 25
112 57
40 70
43 91
66 12
35 57
2 1
133 94
62 139
124 34
29 108
23 8
36 106
150 18
121 141
10 45
70 45
78 60
23 145
39 111
40 5
119 2
71 55
115 30
13 18
78 127
100 6
119 139
37 98
9 76
78 15
69 18
140 8
69 3
75 131
66 89
31 147
4 66
78 22
100 24
128 30
98 144
66 61
86 18
98 86
113 110
116 110
144 20
122 15
71 97
93 12
112 41
114 52
86 33
54 73
37 96
32 122
136 31
75 114
125 44
68 46
55 10
130 73
86 53
71 75
17 24
84 127
107 18
66 49
124 90
131 79
71 140
118 73
92 49
42 8
2 139
80 122
148 3
126 24
137 20
10 144
126 44
143 11
100 2
116 85
71 83
60 19
139 11
132 64
55 74
34 89
78 84
58 139
86 58
66 105
75 76
15 33
93 108
104 142
32 81
35 110
58 56
102 21
50 18
26 69
10 62
14 6
39 134
2 150
3 91
125 17
147 18
37 65
109 96
132 32
95 110
121 126
10 77
26 36
39 106
8 44
31 70
44 20
101 84
101 94
43 37
78 76
43 128
89 122
23 6
141 18
35 49
53 45
132 78
116 59
117 18
35 134
125 40
25 98
140 65
58 73
78 105
58 149
15 24
71 5
47 20
108 134
86 38
86 150
137 22
44 115
62 51
140 122
63 81
71 19
92 149
3 56
81 57
72 111
61 22
119 123
44 90
26 3
102 61
26 116
68 142
92 27
149 51
146 62
125 6
146 15
47 79
61 130
132 21
128 106
64 49
99 5
86 67
47 87
42 112
101 18
10 110
133 16
144 93
43 98
63 149
60 1
98 96
78 96
146 59
37 58
2 73
116 141
101 57
36 127
117 21
7 2
133 75
17 118
19 1
86 52
61 137
109 87
111 30
40 41
4 42
7 18
98 114
131 106
15 88
58 91
31 137
112 106
60 10
63 93
78 85
50 70
98 115
61 56
25 74
133 150
29 28
133 143
141 44
77 116
144 27
89 115
94 108
43 67
132 16
142 30
97 106
97 73
53 62
56 18
93 48
4 44
38 138
60 126
121 108
26 60
19 51
27 76
122 96
122 110
93 118
80 45
144 61
68 109
65 1
87 5
37 46
95 90
43 76
2 82
92 130
61 20
108 97
42 18
147 28
63 104
66 67
31 93
69 108
23 15
92 52
83 64
123 40
25 6
112 73
119 89
75 33
66 45
143 95
19 57
89 30
108 22
59 85
66 3
40 33
72 51
4 28
109 22
2 107
96 12
130 19
10 6
146 97
131 33
7 24
26 96
50 10
119 54
145 57
117 139
86 95
66 147
47 138
16 129
17 59
26 78
141 45
7 28
131 134
28 62
63 140
74 44
10 44
49 91
119 136
87 21
37 145
136 39
75 77
28 118
86 134
75 65
120 59
86 6
116 93
76 73
116 30
99 108
66 82
141 84
121 5
102 83
116 84
9 63
98 76
42 20
134 73
111 105
128 117
133 41
75 140
25 22
116 41
7 61
72 1
84 30
68 69
47 25
134 18
133 81
83 98
99 11
79 96
140 73
103 17
68 136
54 89
36 21
100 34
54 17
113 52
51 1
35 149
125 12
74 129
22 111
129 138
77 106
145 114
69 70
67 49
72 108
62 1
88 24
132 96
7 65
86 93
69 74
60 91
62 30
56 12
12 134
133 8
110 39
23 36
62 8
55 127
47 101
42 2
39 115
42 83
108 49
10 58
58 108
128 31
66 122
103 6
13 145
59 30
104 36
60 42
26 102
97 91
16 142
37 147
67 36
21 73
140 150
14 143
32 107
14 75
29 72
29 139
52 18
4 131
79 38
130 44
140 62
78 21
135 55
102 69
133 102
89 18
10 140
86 51
66 1
129 115
119 32
98 111
66 86
131 94
11 76
47 115
102 58
102 52
136 53
102 131
148 24
101 150
125 51
8 1
110 105
63 20
83 96
13 110
80 87
107 38
102 85
68 77
133 3
110 6
42 113
116 40
122 149
94 96
9 114
119 63
37 134
55 17
113 70
124 29
29 70
77 72
32 28
147 84
135 138
42 138
136 28
47 140
148 53
102 144
2 41
4 148
62 150
52 57
122 70
124 113
4 137
126 51
95 6
132 2
126 45
100 20
50 120
150 127
83 36
35 74
71 102
50 2
27 44
67 48
15 45
29 62
65 127
147 22
131 64
17 84
60 49
10 46
12 20
58 113
139 134
119 125
56 73
66 11
124 121
34 36
99 74
139 141
49 38
16 24
119 44
53 73
47 150
128 144
75 88
47 82
40 143
89 38
68 48
118 105
63 25
107 12
9 30
140 41
54 55
7 31
132 29
84 115
42 108
10 104
144 52
99 109
148 49
68 102
69 52
139 82
62 70
119 140
8 82
53 88
57 88
148 16
138 1
103 88
126 107
132 67
97 127
98 127
66 101
58 111
34 73
63 109
40 146
46 44
13 49
131 115
123 73
146 70
94 138
60 135
25 2
120 106
100 116
37 112
93 73
126 143
2 140
69 61
117 108
71 106
148 131
8 15
103 143
128 34
58 24
10 16
136 54
117 104
120 51
91 24
122 134
39 96
16 48
11 150
102 29
33 91
50 45
92 146
121 38
59 1
21 30
51 106
81 39
125 58
141 90
62 82
25 122
4 102
116 48
13 3
25 1
25 127
61 88
61 134
125 145
119 106
17 149
69 146
39 22
56 106
50 52
31 61
64 45
3 129
77 39
59 5
131 41
78 108
145 150
92 21
132 12
95 129
110 82
92 143
139 45
4 51
86 61
112 76
135 103
139 21
128 110
60 8
60 109
50 84
83 113
68 27
101 143
66 111
98 88
7 131
120 108
70 51
77 120
19 150
7 4
35 114
43 72
26 77
148 21
60 83
69 143
148 56
13 144
118 85
34 106
125 101
32 79
62 44
47 121
143 41
55 88
147 45
121 65
26 149
31 21
68 28
129 41
135 112
31 88
110 46
129 57
35 52
117 28
3 127
56 105
92 116
109 88
9 110
76 44
116 87
124 20
78 56
43 144
77 41
23 125
67 127
71 134
69 36
101 142
66 113
107 141
89 118
76 12
87 57
101 113
9 22
77 70
4 21
9 92
147 11
103 141
103 150
147 64
43 137
26 118
124 116
77 53
97 41
145 142
121 105
74 109
132 80
117 41
88 73
15 82
84 1
124 109
31 18
19 73
112 56
102 36
117 94
37 39
43 146
124 104
81 82
51 73
80 141
145 82
17 76
31 113
72 94
87 108
4 100
132 44
108 142
56 45
133 47
40 46
10 134
102 118
50 11
63 134
121 116
133 114
87 85
47 103
104 44
68 55
42 114
3 97
9 131
26 95
78 140
136 72
69 110
23 143
14 52
114 72
71 59
2 144
126 144
78 115
130 87
148 145
31 20
84 24
129 127
78 74
63 51
124 46
149 33
16 57
19 90
31 11
9 121
104 5
100 30
132 41
66 90
146 110
54 108
122 64
35 59
132 28
76 134
66 125
83 51
110 134
35 5
63 108
4 9
117 30
133 131
99 150
49 15
121 16
124 72
25 112
10 130
53 139
148 150
83 112
74 118
87 59
119 84
104 21
126 17
13 36
59 51
113 20
63 64
27 70
80 59
146 126
100 143
136 93
71 123
54 126
54 1
13 73
145 58
77 20
16 94
99 15
114 16
142 73
13 17
53 114
34 111
63 33
49 12
39 118
26 135
68 36
144 39
135 20
111 12
28 19
54 70
74 48
67 6
71 61
25 39
40 79
109 48
53 1
121 76
55 44
135 46
31 100
100 127
135 29
114 24
53 112
93 5
53 72
47 104
23 82
103 30
107 65
55 48
109 79
89 1
110 57
124 120
119 142
68 148
128 79
89 70
63 142
149 91
66 33
123 144
31 44
144 76
65 45
26 124
63 17
21 127
133 25
14 1
104 56
93 46
122 146
69 41
37 133
143 74
125 149
31 46
60 32
6 30
143 17
102 84
81 22
22 45
61 94
54 95
74 45
107 134
135 106
10 96
11 88
10 85
60 18
5 127
120 20
81 52
29 74
14 30
67 15
104 12
89 15
58 22
135 62
77 2
9 122
93 139
69 141
75 95
17 49
143 91
128 129
44 45
78 137
78 53
49 142
120 56
145 36
119 80
54 105
67 150
54 130
108 44
43 129
8 115
37 21
120 86
66 39
47 59
70 106
133 141
121 2
66 53
74 30
100 77
146 1
75 74
32 87
27 28
133 29
116 73
60 138
63 79
121 114
29 87
60 66
133 63
54 24
148 29
131 20
129 76
2 118
42 66
136 45
94 150
78 88
123 58
43 93
17 82
121 145
147 111
48 6
98 95
65 79
64 57
13 123
132 31
68 11
66 80
71 148
2 106
120 142
136 102
34 11
35 48
143 114
13 41
2 79
110 8
147 36
121 131
131 74
21 88
55 97
149 12
95 94
112 105
37 48
