InstanceID
3_20_4
NumObjects
20
NumFactors
4
Weights
81.16984049958616
98.84323655013432
80.76220876500786
97.00908450487537
14.006111319509863
50.94438024440222
5.869740597593154
0.4257960600515309
97.46379934512355
55.72251384524507
46.44219211852372
28.750905582916953
29.667422568049084
7.406140670186545
93.3822715119282
90.86247079387266
48.70178369398248
99.83365542219973
77.86784345523358
41.36363807491079
Budget
573.2475178116665
Profits
-16.23396809991723
-19.768647310026864
-16.152441753001572
-19.401816900975074
-2.8012222639019724
-10.188876048880443
-1.1739481195186308
-0.08515921201030618
-19.49275986902471
-11.144502769049014
-9.288438423704743
-5.7501811165833905
-5.933484513609817
-1.481228134037309
-18.67645430238564
-18.172494158774533
-9.740356738796496
-19.966731084439946
-15.573568691046717
-8.272727614982157
FactorLoading_Φ
0.3529550224135758	0.03771881773244923	0.06323088761465234	0.5460952722393226
-0.20774550485504117	0.12461194110934781	-0.18491295397333207	0.48272960006227894
-0.602948519378427	0.22075959884749663	-0.010992723695269158	0.16529915807880724
0.46577560296931053	0.14826145990840045	-0.24510130873516212	-0.1408616283871269
0.4328910383035891	0.03299398986147173	-0.3483817085949361	0.18573326324000305
0.14375710281694487	0.15765941497774927	-0.40743858663076793	-0.29114489557453793
0.25515777452374433	-0.07459691425971537	0.40854196181461	-0.2617033494019303
0.1263986370880632	0.18748084725447178	0.3791053638477879	0.3070151518096771
-0.3868236954624771	0.028010028375055063	-0.5748498731558596	-0.010316403006608299
0.12678774931938608	-0.4109309545340436	0.01624406759115926	-0.44603722855541106
-0.1256253308190216	-0.17613553717924701	0.6368179840238595	-0.061421147977871904
-0.5869686816509849	0.27763921807357295	0.003208494868800482	-0.13218360540664165
0.5205358127965565	0.021710524675382592	0.21016777063935455	-0.2475858918887064
-0.21419187217745717	0.597575503148823	0.10758133368591682	-0.08065129098780299
-0.17606566919102828	-0.13126048175886096	-0.13218332894636187	0.5604905201037489
0.3411618150726421	0.13048688697197997	0.1791567622803787	0.34919453567499925
0.20631535200345952	0.07672029221601728	-0.2615408420800085	-0.4554235137005147
0.08250784537986355	-0.4974180876570722	0.27390373807505974	0.14617032888800452
0.12537235304424232	0.03991773777204677	0.8307690682521138	0.003940840931597078
0.17753946131786313	0.037904193840816225	-0.3996491247416738	-0.38490722009964684
FactorLoading_Ψ
0.3529550224135758	0.03771881773244923	0.06323088761465234	0.5460952722393226
-0.20774550485504117	0.12461194110934781	-0.18491295397333207	0.48272960006227894
-0.602948519378427	0.22075959884749663	-0.010992723695269158	0.16529915807880724
0.46577560296931053	0.14826145990840045	-0.24510130873516212	-0.1408616283871269
0.4328910383035891	0.03299398986147173	-0.3483817085949361	0.18573326324000305
0.14375710281694487	0.15765941497774927	-0.40743858663076793	-0.29114489557453793
0.25515777452374433	-0.07459691425971537	0.40854196181461	-0.2617033494019303
0.1263986370880632	0.18748084725447178	0.3791053638477879	0.3070151518096771
-0.3868236954624771	0.028010028375055063	-0.5748498731558596	-0.010316403006608299
0.12678774931938608	-0.4109309545340436	0.01624406759115926	-0.44603722855541106
-0.1256253308190216	-0.17613553717924701	0.6368179840238595	-0.061421147977871904
-0.5869686816509849	0.27763921807357295	0.003208494868800482	-0.13218360540664165
0.5205358127965565	0.021710524675382592	0.21016777063935455	-0.2475858918887064
-0.21419187217745717	0.597575503148823	0.10758133368591682	-0.08065129098780299
-0.17606566919102828	-0.13126048175886096	-0.13218332894636187	0.5604905201037489
0.3411618150726421	0.13048688697197997	0.1791567622803787	0.34919453567499925
0.20631535200345952	0.07672029221601728	-0.2615408420800085	-0.4554235137005147
0.08250784537986355	-0.4974180876570722	0.27390373807505974	0.14617032888800452
0.12537235304424232	0.03991773777204677	0.8307690682521138	0.003940840931597078
0.17753946131786313	0.037904193840816225	-0.3996491247416738	-0.38490722009964684
Conflicts
2 16
9 17
4 5
19 1
4 12
12 18
2 18
7 13
2 11
4 10
14 17
7 2
17 12
13 5
9 18
10 11
7 3
9 3
10 18
14 5
9 11
9 5
4 18
19 12
13 19
9 2
13 8
10 2
2 3
7 11
4 8
3 15
17 20
2 17
19 5
16 20
17 6
10 12
13 12
11 15
9 1
13 17
11 8
15 1
9 8
14 11
16 17
4 20
7 17
3 5
3 18
8 18
4 6
19 15
16 8
7 18
6 20
10 19
5 20
8 1
2 1
16 18
14 8
5 18
19 20
2 15
13 15
13 20
13 16
7 6
10 8
1 18
2 19
3 6
9 15
9 16
5 15
16 15
5 1
3 17
13 2
7 19
7 20
14 19
2 20
13 6
16 6
7 4
11 5
4 16
15 20
9 14
11 12
9 19
17 5
