InstanceID
3_60_4
NumObjects
60
NumFactors
4
Weights
81.16984049958616
98.84323655013432
80.76220876500786
97.00908450487537
14.006111319509863
50.94438024440222
5.869740597593154
0.4257960600515309
97.46379934512355
55.72251384524507
46.44219211852372
28.750905582916953
29.667422568049084
7.406140670186545
93.3822715119282
90.86247079387266
48.70178369398248
99.83365542219973
77.86784345523358
41.36363807491079
45.39047277606774
35.29550224135758
39.0673840146025
55.561284138980426
99.95078776658117
63.41548117024516
70.49372690283045
33.2357445964389
20.77455048550412
51.72703999377211
36.919136368796536
82.10130315255914
22.200300968290154
65.23099642029342
83.47008419211927
60.294851937842694
82.37081182259236
7.508171673301223
64.80468674119608
14.200619456349317
52.38606310706322
61.4037062877711
46.577560296931054
85.9138371612873
67.24265190607458
87.76539056979628
17.61588547250925
21.4903999903181
81.4266736759997
46.588502816506086
43.28910383035891
85.3442434417053
67.56362875342501
13.253287492426846
57.29564537432801
30.141651779469413
14.375710281694488
70.8855104425462
85.05110662921584
86.57568335290296
Budget
1651.3471075526913
Profits
-16.23396809991723
-19.768647310026864
-16.152441753001572
-19.401816900975074
-2.8012222639019724
-10.188876048880443
-1.1739481195186308
-0.08515921201030618
-19.49275986902471
-11.144502769049014
-9.288438423704743
-5.7501811165833905
-5.933484513609817
-1.481228134037309
-18.67645430238564
-18.172494158774533
-9.740356738796496
-19.966731084439946
-15.573568691046717
-8.272727614982157
-9.078094555213548
-7.059100448271517
-7.8134768029205
-11.112256827796084
-19.990157553316234
-12.683096234049032
-14.09874538056609
-6.64714891928778
-4.1549100971008235
-10.345407998754421
-7.383827273759307
-16.420260630511827
-4.440060193658031
-13.046199284058684
-16.694016838423856
-12.05897038756854
-16.47416236451847
-1.5016343346602445
-12.960937348239217
-2.8401238912698634
-10.477212621412644
-12.28074125755422
-9.315512059386212
-17.18276743225746
-13.448530381214917
-17.553078113959256
-3.5231770945018503
-4.29807999806362
-16.28533473519994
-9.317700563301218
-8.657820766071783
-17.06884868834106
-13.512725750685002
-2.6506574984853692
-11.459129074865603
-6.028330355893883
-2.8751420563388974
-14.17710208850924
-17.01022132584317
-17.315136670580593
FactorLoading_Φ
0.2433719527390823	-0.026049214459847647	0.06033352158452976	-0.6702453112165403
0.313879484342535	-0.014179565279648143	0.46031328781869374	0.21162766255912313
-0.6068752042248402	-0.213739613650324	-0.16906877911822749	0.010316403006608299
0.08002174313155419	0.04676600618783189	0.03991879173950519	-0.8332934589411087
-0.046016550918932975	0.07960877990008863	-0.5697759873751513	-0.30459868180582705
0.18523686142549245	0.4017318202254925	-0.12771855907954088	0.2853127592694742
0.2298111787428434	0.31243515872909566	0.3283565455770885	0.12939711695097245
-0.04489780148927691	0.8071013887867806	-0.06734951873613948	0.08065129098780299
-0.03785733087898069	-0.1382083383120476	-0.6045936597965489	-0.21934067101242283
-0.3298461010660396	-0.32095936325896113	0.3360840687770912	0.013110466897908069
0.2830356442194768	-0.3373266204288299	0.23223975921773543	0.1473979761339579
0.004837066284403058	-0.329602550880145	0.24548631587238767	-0.42007406696306426
-0.8766479673021506	-0.09486821457149364	0.02454297719475873	0.003940840931597078
-0.21544365515867936	0.7527729167699311	0.004328605319732226	0.027454822751657337
-0.03838092669114723	0.15987829367540107	0.08364088242779633	0.7180998972056554
-0.2224360438951578	0.013660529548308764	0.6493582280758599	0.11454519848067357
0.06692776122739752	-0.003286223712900993	0.03693927202537628	-0.8928467430343252
0.5533492902808037	0.38953678911782386	0.05639267796911884	0.0007212426322535936
0.017259676620526854	-0.08527573493911511	-0.46543149848313314	0.4320330899572249
0.28065187620491994	-0.028252272712933957	-0.08270833999674809	0.608387511085398
0.42484584442839246	-0.02490905201263849	-0.3359133262199343	-0.21433177733903475
0.1280142699772897	-0.06795595312533509	-0.02209336625938052	-0.7819364106379947
0.2229041269920129	-0.5741672961304116	-0.15406287254347606	0.048865704334099425
0.5706154695247423	-0.18777621567775493	-0.03250271780429559	0.2091055969932072
-0.5483923157605886	-0.26291640169333785	0.18055736797762334	-0.008133914568450251
-0.600184372481863	-0.0829211421678604	-0.09798718689733166	-0.218907298452945
-0.17690368007694435	0.5498194084563535	0.23264298863225008	-0.04063392283445211
-0.25793932259054575	0.5692860304593816	0.09031719332788102	0.08245745362219159
0.04128476295611505	0.1684590018938794	0.5934220457899748	-0.19683418936003072
0.023811633676862565	-0.4144617490505955	-0.4083666577562113	0.15335995951633064
-0.2943693885444403	-0.294196616505364	-0.39797812576701275	-0.013455869183182978
0.18324007967534017	0.016740580253181703	0.08809882225085497	0.7119205178206232
0.012066123268541062	0.2524889346091228	-0.5403452694954016	0.1950996726269345
0.07991089938186069	-0.6071688865100346	0.20845501940381772	0.10446519470428695
-0.007652772345587033	0.42866351344389075	0.19630864398786474	-0.3673750702226575
0.18883085585252601	0.2446676128375911	0.3472970056367499	0.21920452567313298
-0.4576149880882603	0.36533335142833057	0.11931922843019382	0.05773243205321532
-0.08054940718212356	0.024763578850729884	-0.11324325643622402	-0.7814437575309225
-0.02474428315279087	-0.641480259183641	-0.293649758178508	-0.04012569948506006
0.05649995103610328	-0.30643487963074434	-0.44628930575410997	-0.19077586357904242
0.41745615504158096	0.28781468335607774	-0.27026878084404493	-0.024460380758296374
-0.4919109073549086	0.028903264347150293	-0.24300434785755143	0.23618148044038967
0.14838785089313156	0.016758886334534484	-0.12067033866235599	0.714182924109978
-0.186189850803973	0.16866562788092732	0.18745333482370907	-0.4576911864913906
0.18679938631048465	-0.46117369299844735	-0.25065738290386785	-0.10136953778720015
0.12073972439977276	-0.4159413542571524	-0.09781605497735946	0.3655028663657154
0.1360984758559094	0.061573433839261504	0.6395837274423446	0.1627443628624845
-0.14856297086065262	0.5981846676607334	0.17867515113746024	-0.07457721034115372
0.07174649568538327	-0.024501927556837444	0.7126458995875071	0.19110567717027216
0.10433820316111242	0.031804453631606666	-0.5269902444495793	-0.3368670987577016
0.04390813114378256	0.04769112147210475	0.6718201997523356	0.23658054763177705
0.12707724394193853	-0.3656539175604785	0.42851754325193614	0.07875129524564684
0.2665739807284555	-0.28392101432247996	0.39383566818161486	-0.05566933676744967
0.037138584195816504	0.1541358638702448	-0.5833195632237809	-0.22540598871015782
-0.10450395764027265	0.5978926321232401	-0.025911345126755636	0.27169206510973165
0.10230670661234553	0.48580904816693815	0.26266481272242537	-0.14921943249829095
0.34571607887386113	-0.18536378970418488	-0.19733762189451154	0.27158250952744245
-0.11806431579020105	0.3609583537958807	-0.10259608542106102	-0.4183812449928572
0.10261189231238887	-0.44261822855026267	0.2622235484083486	0.19254633072899985
-0.38336229371544306	0.41078717307113344	-0.06989218057778279	0.1359583526356407
FactorLoading_Ψ
0.2433719527390823	-0.026049214459847647	0.06033352158452976	-0.6702453112165403
0.313879484342535	-0.014179565279648143	0.46031328781869374	0.21162766255912313
-0.6068752042248402	-0.213739613650324	-0.16906877911822749	0.010316403006608299
0.08002174313155419	0.04676600618783189	0.03991879173950519	-0.8332934589411087
-0.046016550918932975	0.07960877990008863	-0.5697759873751513	-0.30459868180582705
0.18523686142549245	0.4017318202254925	-0.12771855907954088	0.2853127592694742
0.2298111787428434	0.31243515872909566	0.3283565455770885	0.12939711695097245
-0.04489780148927691	0.8071013887867806	-0.06734951873613948	0.08065129098780299
-0.03785733087898069	-0.1382083383120476	-0.6045936597965489	-0.21934067101242283
-0.3298461010660396	-0.32095936325896113	0.3360840687770912	0.013110466897908069
0.2830356442194768	-0.3373266204288299	0.23223975921773543	0.1473979761339579
0.004837066284403058	-0.329602550880145	0.24548631587238767	-0.42007406696306426
-0.8766479673021506	-0.09486821457149364	0.02454297719475873	0.003940840931597078
-0.21544365515867936	0.7527729167699311	0.004328605319732226	0.027454822751657337
-0.03838092669114723	0.15987829367540107	0.08364088242779633	0.7180998972056554
-0.2224360438951578	0.013660529548308764	0.6493582280758599	0.11454519848067357
0.06692776122739752	-0.003286223712900993	0.03693927202537628	-0.8928467430343252
0.5533492902808037	0.38953678911782386	0.05639267796911884	0.0007212426322535936
0.017259676620526854	-0.08527573493911511	-0.46543149848313314	0.4320330899572249
0.28065187620491994	-0.028252272712933957	-0.08270833999674809	0.608387511085398
0.42484584442839246	-0.02490905201263849	-0.3359133262199343	-0.21433177733903475
0.1280142699772897	-0.06795595312533509	-0.02209336625938052	-0.7819364106379947
0.2229041269920129	-0.5741672961304116	-0.15406287254347606	0.048865704334099425
0.5706154695247423	-0.18777621567775493	-0.03250271780429559	0.2091055969932072
-0.5483923157605886	-0.26291640169333785	0.18055736797762334	-0.008133914568450251
-0.600184372481863	-0.0829211421678604	-0.09798718689733166	-0.218907298452945
-0.17690368007694435	0.5498194084563535	0.23264298863225008	-0.04063392283445211
-0.25793932259054575	0.5692860304593816	0.09031719332788102	0.08245745362219159
0.04128476295611505	0.1684590018938794	0.5934220457899748	-0.19683418936003072
0.023811633676862565	-0.4144617490505955	-0.4083666577562113	0.15335995951633064
-0.2943693885444403	-0.294196616505364	-0.39797812576701275	-0.013455869183182978
0.18324007967534017	0.016740580253181703	0.08809882225085497	0.7119205178206232
0.012066123268541062	0.2524889346091228	-0.5403452694954016	0.1950996726269345
0.07991089938186069	-0.6071688865100346	0.20845501940381772	0.10446519470428695
-0.007652772345587033	0.42866351344389075	0.19630864398786474	-0.3673750702226575
0.18883085585252601	0.2446676128375911	0.3472970056367499	0.21920452567313298
-0.4576149880882603	0.36533335142833057	0.11931922843019382	0.05773243205321532
-0.08054940718212356	0.024763578850729884	-0.11324325643622402	-0.7814437575309225
-0.02474428315279087	-0.641480259183641	-0.293649758178508	-0.04012569948506006
0.05649995103610328	-0.30643487963074434	-0.44628930575410997	-0.19077586357904242
0.41745615504158096	0.28781468335607774	-0.27026878084404493	-0.024460380758296374
-0.4919109073549086	0.028903264347150293	-0.24300434785755143	0.23618148044038967
0.14838785089313156	0.016758886334534484	-0.12067033866235599	0.714182924109978
-0.186189850803973	0.16866562788092732	0.18745333482370907	-0.4576911864913906
0.18679938631048465	-0.46117369299844735	-0.25065738290386785	-0.10136953778720015
0.12073972439977276	-0.4159413542571524	-0.09781605497735946	0.3655028663657154
0.1360984758559094	0.061573433839261504	0.6395837274423446	0.1627443628624845
-0.14856297086065262	0.5981846676607334	0.17867515113746024	-0.07457721034115372
0.07174649568538327	-0.024501927556837444	0.7126458995875071	0.19110567717027216
0.10433820316111242	0.031804453631606666	-0.5269902444495793	-0.3368670987577016
0.04390813114378256	0.04769112147210475	0.6718201997523356	0.23658054763177705
0.12707724394193853	-0.3656539175604785	0.42851754325193614	0.07875129524564684
0.2665739807284555	-0.28392101432247996	0.39383566818161486	-0.05566933676744967
0.037138584195816504	0.1541358638702448	-0.5833195632237809	-0.22540598871015782
-0.10450395764027265	0.5978926321232401	-0.025911345126755636	0.27169206510973165
0.10230670661234553	0.48580904816693815	0.26266481272242537	-0.14921943249829095
0.34571607887386113	-0.18536378970418488	-0.19733762189451154	0.27158250952744245
-0.11806431579020105	0.3609583537958807	-0.10259608542106102	-0.4183812449928572
0.10261189231238887	-0.44261822855026267	0.2622235484083486	0.19254633072899985
-0.38336229371544306	0.41078717307113344	-0.06989218057778279	0.1359583526356407
Conflicts
23 50
39 46
28 12
35 42
33 18
42 29
34 8
43 24
4 32
23 42
39 20
11 20
14 35
25 44
6 30
4 10
3 16
19 21
2 30
34 11
43 39
60 56
3 15
16 41
16 36
10 44
58 19
29 11
43 30
9 31
4 5
60 45
10 12
7 32
3 57
26 27
48 56
55 53
32 28
35 53
53 30
43 21
2 18
59 21
10 51
47 52
20 1
43 27
27 21
32 39
19 38
31 11
35 24
25 41
23 15
54 32
60 38
2 46
4 58
37 48
55 8
47 34
25 51
54 50
12 45
46 20
26 35
35 3
31 33
27 28
41 1
7 40
7 9
4 51
17 56
26 51
40 56
53 57
28 30
32 1
54 37
47 17
17 20
13 16
31 49
7 15
14 6
2 59
23 2
31 25
50 48
37 32
37 14
25 39
17 57
19 6
28 48
29 48
5 57
27 11
17 1
43 40
34 5
4 28
53 58
59 33
57 46
7 48
5 45
55 5
11 1
41 45
16 15
53 44
27 39
10 33
13 11
46 18
53 27
35 18
32 46
19 28
37 22
50 52
60 44
10 20
56 49
35 40
2 33
27 46
48 33
54 14
42 45
26 22
34 46
54 20
22 15
38 33
35 52
56 33
14 34
8 12
21 44
7 2
26 57
42 36
9 11
4 13
32 24
47 60
9 58
29 20
47 21
3 49
19 30
39 44
40 21
36 18
17 15
29 49
29 53
60 42
34 40
39 45
55 42
23 30
22 24
4 55
26 2
39 33
42 28
50 33
27 30
47 44
32 41
2 22
3 1
41 24
21 24
13 19
54 11
56 8
22 38
26 3
40 3
48 36
43 13
4 25
15 45
16 45
40 30
55 22
47 22
50 28
58 39
54 42
26 13
33 1
50 21
9 38
42 3
44 57
31 39
47 29
50 24
53 19
47 20
19 5
48 46
36 41
44 24
42 27
27 5
41 15
31 14
54 3
15 6
9 56
11 30
43 37
2 48
54 17
49 1
43 50
37 35
60 39
27 19
35 17
35 16
32 56
47 35
13 41
55 21
38 46
54 1
55 36
14 5
34 51
55 58
4 42
42 49
55 2
14 58
47 2
43 38
32 34
46 12
47 4
3 8
55 34
51 44
14 20
28 59
43 3
60 18
54 51
14 30
48 45
4 54
15 44
11 46
50 53
34 17
59 56
17 5
23 38
7 30
35 51
39 12
36 51
9 34
11 21
31 44
55 1
46 44
25 52
57 6
23 54
26 8
25 42
7 6
6 52
6 1
50 12
19 33
13 29
27 38
13 44
16 46
5 24
2 16
10 52
11 33
14 16
48 5
47 5
29 24
34 29
19 56
43 46
19 52
31 1
24 18
55 59
7 46
34 44
7 23
44 1
52 1
35 5
16 28
10 46
58 51
13 27
29 33
25 22
32 16
26 49
36 15
35 46
8 44
23 51
27 17
47 39
58 20
14 18
43 55
55 60
31 46
4 6
50 42
27 45
3 45
42 52
50 56
37 21
11 38
43 8
17 11
21 1
42 2
26 37
41 18
26 56
59 8
26 44
27 18
7 35
9 46
7 60
10 3
23 60
26 48
4 60
11 8
49 41
9 30
59 51
37 24
15 20
35 49
31 42
22 57
4 12
22 41
60 29
1 24
37 8
48 39
53 51
25 21
13 3
7 41
60 19
53 20
52 12
13 30
40 6
60 52
26 23
34 30
60 41
29 28
35 8
13 39
28 20
60 3
60 6
47 12
16 6
25 58
10 36
28 8
10 29
25 30
13 45
28 56
26 54
21 33
25 49
37 34
8 15
14 49
48 24
26 1
50 3
58 18
43 54
26 4
3 51
53 1
9 3
56 51
36 20
15 12
32 5
48 20
3 56
7 28
13 56
58 1
42 20
51 41
36 5
14 53
40 45
34 1
22 1
40 28
9 27
9 19
59 20
5 38
10 60
32 40
37 29
9 44
36 56
29 6
21 22
29 57
21 57
34 15
36 33
54 38
55 30
43 11
42 21
26 50
2 17
41 21
26 33
43 36
43 60
54 52
2 40
19 51
50 30
31 27
23 44
57 24
32 51
31 8
16 48
23 39
33 24
13 40
60 8
31 52
15 39
40 16
35 19
58 40
23 17
7 36
53 48
7 13
22 45
23 36
7 53
60 46
5 8
55 44
26 52
43 33
50 22
16 38
9 24
29 51
26 14
42 17
37 12
57 45
29 45
27 59
31 6
2 27
47 32
31 51
53 56
54 34
37 1
53 18
4 46
14 60
60 5
19 8
27 44
31 28
4 17
38 57
28 39
17 24
14 10
48 1
27 8
22 12
25 20
25 2
32 52
26 25
14 17
54 15
43 19
42 8
29 21
55 18
35 21
48 49
60 33
37 6
47 49
23 46
40 20
32 15
54 53
29 12
36 49
16 39
8 52
13 31
2 56
38 18
9 28
26 39
3 48
54 35
27 1
47 40
54 44
49 6
42 16
50 44
9 60
29 40
25 10
17 38
26 30
60 24
47 3
13 21
2 44
14 33
29 39
56 21
47 28
9 53
10 5
37 45
34 58
13 57
16 56
55 49
16 21
47 41
6 45
54 18
10 45
8 20
48 11
39 24
16 19
15 1
54 60
56 1
25 56
11 15
22 44
43 32
4 3
34 12
5 22
11 22
29 44
7 10
2 45
13 49
49 57
42 57
25 33
42 38
11 41
37 5
12 30
60 21
34 45
49 18
26 7
36 57
25 14
42 41
15 57
26 31
60 12
9 10
59 22
26 38
34 48
43 6
43 53
16 24
41 52
26 45
11 49
42 33
6 18
16 12
7 19
59 12
50 34
10 11
34 6
31 5
2 28
51 24
2 11
13 50
55 41
26 5
59 38
38 1
34 24
32 48
17 21
17 44
43 16
50 55
37 50
4 50
2 21
29 3
36 59
50 16
1 45
43 25
3 52
40 41
35 22
9 52
47 6
9 59
11 44
59 52
60 53
47 15
53 33
42 5
23 3
40 48
28 45
4 41
28 5
43 31
32 27
34 56
51 38
43 41
50 27
51 15
60 11
32 18
55 56
35 28
58 49
29 30
41 57
7 8
54 46
37 52
43 34
5 52
47 13
53 45
16 51
31 59
13 14
39 30
37 44
35 15
58 59
29 52
39 6
53 46
25 45
25 8
34 2
7 1
9 40
7 11
47 57
9 36
43 47
4 39
58 52
40 59
49 5
24 45
3 39
9 21
30 1
37 53
23 8
26 6
53 36
33 52
6 12
25 48
10 8
32 35
49 30
9 1
54 30
14 39
9 54
53 52
10 27
55 46
23 35
7 25
55 51
7 54
55 27
23 56
36 17
36 1
14 19
16 49
16 18
25 59
10 40
2 8
30 24
29 19
26 10
8 33
43 56
33 46
29 8
30 20
16 57
59 6
26 16
53 17
46 24
31 48
27 16
8 45
48 41
40 8
33 30
17 48
58 8
40 24
31 29
47 54
9 13
37 31
36 6
14 15
49 12
14 12
55 40
58 11
9 16
23 14
54 56
42 51
31 57
28 18
42 6
37 36
47 30
58 16
7 27
4 40
9 20
7 55
27 57
43 49
31 24
37 42
25 24
3 44
38 12
31 34
43 9
40 18
14 46
15 52
50 29
19 48
19 18
2 6
50 45
42 15
14 42
31 38
37 11
40 17
42 58
26 15
23 6
5 6
29 22
7 58
42 1
14 41
13 24
36 21
31 3
58 38
43 45
49 20
2 5
10 56
43 51
48 18
13 17
25 46
28 41
49 51
48 12
54 31
34 22
26 19
25 29
10 57
27 51
4 15
21 46
40 49
23 1
16 44
28 52
43 15
10 48
17 41
2 20
49 21
37 57
7 43
58 21
15 18
35 58
23 27
26 58
53 39
55 24
42 39
35 30
54 55
28 36
43 4
38 44
23 21
4 33
10 28
43 35
50 17
27 15
32 59
19 45
47 48
60 17
37 18
54 33
