InstanceID
3_80_4
NumObjects
80
NumFactors
4
Weights
81.16984049958616
98.84323655013432
80.76220876500786
97.00908450487537
14.006111319509863
50.94438024440222
5.869740597593154
0.4257960600515309
97.46379934512355
55.72251384524507
46.44219211852372
28.750905582916953
29.667422568049084
7.406140670186545
93.3822715119282
90.86247079387266
48.70178369398248
99.83365542219973
77.86784345523358
41.36363807491079
45.39047277606774
35.29550224135758
39.0673840146025
55.561284138980426
99.95078776658117
63.41548117024516
70.49372690283045
33.2357445964389
20.77455048550412
51.72703999377211
36.919136368796536
82.10130315255914
22.200300968290154
65.23099642029342
83.47008419211927
60.294851937842694
82.37081182259236
7.508171673301223
64.80468674119608
14.200619456349317
52.38606310706322
61.4037062877711
46.577560296931054
85.9138371612873
67.24265190607458
87.76539056979628
17.61588547250925
21.4903999903181
81.4266736759997
46.588502816506086
43.28910383035891
85.3442434417053
67.56362875342501
13.253287492426846
57.29564537432801
30.141651779469413
14.375710281694488
70.8855104425462
85.05110662921584
86.57568335290296
24.33719527390823
26.942116719892994
32.97546887834597
73.82966505980697
25.515777452374433
96.15322651992805
19.078313105885435
78.83723374408768
32.805904962218314
31.3879484342535
69.2984848190323
12.63986370880632
92.28889845744848
72.98781294761558
82.06148178751643
60.68752042248402
98.96835969933917
38.682369546247706
41.48337238375321
2.526738137602824
Budget
2158.0909835829652
Profits
-16.23396809991723
-19.768647310026864
-16.152441753001572
-19.401816900975074
-2.8012222639019724
-10.188876048880443
-1.1739481195186308
-0.08515921201030618
-19.49275986902471
-11.144502769049014
-9.288438423704743
-5.7501811165833905
-5.933484513609817
-1.481228134037309
-18.67645430238564
-18.172494158774533
-9.740356738796496
-19.966731084439946
-15.573568691046717
-8.272727614982157
-9.078094555213548
-7.059100448271517
-7.8134768029205
-11.112256827796084
-19.990157553316234
-12.683096234049032
-14.09874538056609
-6.64714891928778
-4.1549100971008235
-10.345407998754421
-7.383827273759307
-16.420260630511827
-4.440060193658031
-13.046199284058684
-16.694016838423856
-12.05897038756854
-16.47416236451847
-1.5016343346602445
-12.960937348239217
-2.8401238912698634
-10.477212621412644
-12.28074125755422
-9.315512059386212
-17.18276743225746
-13.448530381214917
-17.553078113959256
-3.5231770945018503
-4.29807999806362
-16.28533473519994
-9.317700563301218
-8.657820766071783
-17.06884868834106
-13.512725750685002
-2.6506574984853692
-11.459129074865603
-6.028330355893883
-2.8751420563388974
-14.17710208850924
-17.01022132584317
-17.315136670580593
-4.867439054781646
-5.388423343978599
-6.595093775669194
-14.765933011961394
-5.103155490474887
-19.23064530398561
-3.815662621177087
-15.767446748817537
-6.561180992443663
-6.2775896868507
-13.85969696380646
-2.527972741761264
-18.457779691489698
-14.597562589523116
-16.412296357503287
-12.137504084496804
-19.793671939867835
-7.736473909249542
-8.296674476750642
-0.5053476275205648
FactorLoading_Φ
-0.08002174313155419	0.08668479792733708	0.49028608115828787	0.34300737778282087
-0.046016550918932975	-0.3281011428448981	0.32128362443034186	-0.30459868180582705
0.18523686142549245	0.039732933443527685	0.4897174458615057	-0.2853127592694742
0.2298111787428434	0.6247314749302837	0.01606022937590046	0.12939711695097245
0.04489780148927691	-0.6878538230238957	0.11924756576288487	-0.14800080972394247
-0.03785733087898069	-0.7428019981085965	-0.13440959340542635	-0.08493107760699647
0.3298461010660396	-0.1226846910167465	-0.5343587410193058	0.013110466897908069
-0.6203622646483067	0.23223975921773543	-0.09680448973359224	0.05059348640036565
0.004837066284403058	0.329602550880145	-0.516901380408509	0.14865900242694297
0.3453992329339579	-0.5312487343681926	-0.09486821457149364	0.02848381812635581
-0.5993909454958284	-0.36882562643278205	0.004328605319732226	0.027454822751657337
-0.1982592203665483	-0.08364088242779633	0.38561870145622557	0.3324811957494298
-0.2224360438951578	-0.38606988163796574	0.2769488759862029	0.11454519848067357
-0.06692776122739752	0.04022549573827727	-0.8407485395242469	0.05209820351007832
0.003628865909382828	0.9392572134892447	0.05639267796911884	0.0007212426322535936
0.017259676620526854	0.08527573493911511	-0.6443156184542	-0.253148969986158
-0.28065187620491994	0.028252272712933957	-0.3725549469637415	-0.31854090411840463
-0.44975489644103095	0.3359133262199343	-0.13131725925412896	-0.08301451808490579
-0.1959702231026248	0.02209336625938052	-0.2282053299872555	-0.5537310806507392
0.07021496172016084	0.15268916527185206	-0.7282301686738877	-0.048865704334099425
0.5706154695247423	0.053087968917238104	-0.16719096456481242	-0.2091055969932072
0.5519963012502738	-0.25931241620365264	-0.18055736797762334	0.008133914568450251
0.16457683937009837	-0.4356075331117646	-0.0829211421678604	-0.31689448535027664
0.17690368007694435	-0.16861528218376076	0.6138471149048428	0.04063392283445211
-0.1751708909345584	-0.652054462115369	0.09031719332788102	0.08245745362219159
-0.04128476295611505	0.7339320278849519	0.027949019798902297	0.19683418936003072
-0.023811633676862565	0.4472095745884117	-0.3756188322183951	-0.15335995951633064
0.2943693885444403	-0.3995372024558612	-0.2926375398165155	-0.013455869183182978
-0.18324007967534017	0.016740580253181703	0.04030300990436553	0.7597163301671126
0.012066123268541062	0.2524889346091228	0.36197103313808676	-0.37347390898424937
0.07991089938186069	0.6071688865100346	-0.1256622399609244	0.18725797414718026
0.007652772345587033	-0.42866351344389075	0.5570387482444268	0.0066449659660954286
0.0820927684686743	0.10673808738385171	0.2446676128375911	0.5665015313098829
-0.5458354639890683	-0.2771128755275225	0.11931922843019382	0.05773243205321532
-0.10531298603285344	-0.11324325643622402	0.5845701242171835	-0.19687363331373908
0.02474428315279087	-0.3834128009635607	-0.25806745822008037	-0.3337754576635681
-0.2502301972109713	0.11270463345587634	-0.44628930575410997	-0.19077586357904242
0.3376999419933555	0.07975621304822544	0.5580834642001227	-0.024460380758296374
-0.3063388558725082	-0.2144753158295507	0.24300434785755143	-0.23618148044038967
-0.16514673722766604	0.12067033866235599	0.22452912962602278	-0.4896537944839552
0.186189850803973	-0.16866562788092732	0.2811983744588247	0.363946146856275
0.13194029047551203	0.054859095834972615	-0.46117369299844735	-0.352026920691068
0.12073972439977276	0.2992948243571718	-0.21446258487734005	-0.3655028663657154
0.1360984758559094	0.061573433839261504	0.5205379812440862	0.28179010906074287
-0.5011941609584958	-0.24555347756289025	0.17867515113746024	0.07457721034115372
0.03502522248611495	0.03672127319926832	-0.024501927556837444	0.9037515767577793
-0.10433820316111242	0.42715681095134084	0.13163788712984514	-0.3368670987577016
0.04390813114378256	0.04769112147210475	0.03940629611470947	0.8689944512694032
-0.12707724394193853	0.7941714608124146	-0.03649284146659415	0.042258453779052685
-0.5504949950509355	0.26342185344060653	-0.13041381474100833	0.05566933676744967
-0.037138584195816504	0.08885027166145254	0.6486051554325731	-0.22540598871015782
0.10450395764027265	-0.027886352139646853	0.5959176251103488	-0.27169206510973165
0.10230670661234553	0.48580904816693815	0.3477710803921885	0.0641131648285278
0.11493295486602007	0.23078312400784107	-0.18536378970418488	-0.468920131421954
0.11806431579020105	-0.3609583537958807	0.5145454915377958	-0.00643183887612242
0.10261189231238887	0.39200230506327527	-0.312839471895336	0.19254633072899985
-0.5675764147563416	-0.22657305203023492	0.06989218057778279	-0.1359583526356407
-0.1099333531612332	0.3984553295281221	-0.44609606640875343	-0.045515250901891235
-0.20444796253947484	-0.2528807729419251	-0.02488861646420948	0.5177826480543906
-0.42980763208341655	-0.20554045539441668	-0.1602634523404034	-0.20438846018176338
0.01737197305636684	0.061910403778346446	-0.2505143992117991	0.6702032239534876
0.49770838392896666	-0.0812140133427448	-0.062022123334319224	-0.3590554793939693
-0.3348389590602494	-0.3342711111103873	0.07249462694552311	0.25839530288384016
-0.06036704507470203	0.08931259310241146	0.6771114569806667	0.17320890484221985
0.6287429263613444	-0.06366389017951968	0.0830277220526674	0.2245654614064685
-0.27876712717333585	-0.4541064978245066	-0.10095393589868329	-0.16617243910347423
-0.039414487669822806	-0.17623760143592904	-0.2831889557554692	0.501158955138779
0.21059050191142603	-0.17055529330241392	0.5445592020430536	-0.07429500274310641
-0.4333878648915819	0.11075270694109474	0.21933048754919193	-0.23652894061813146
-0.20719250834560543	-0.40427589698096744	0.24765613308743717	-0.14087546158598996
0.27497837043976747	-0.4349345184478115	-0.008364626248622109	-0.2817224848637989
0.1799226259656328	-0.16364134661475327	0.06646509630371988	-0.589970931115894
-0.07957147036633239	-0.08018366578177871	-0.7073288562654754	-0.13291600758641353
-0.46141251871451394	0.272977417536852	-0.14465392512656838	-0.12095613862206567
-0.21375858720668828	-0.3063225945136605	0.13381156775462233	0.3461072505250289
0.12669580751673393	-0.011568598777267125	0.7701217940837493	0.09161379962224969
0.20473206566276225	-0.23394933420385433	-0.5118448246739922	-0.049473775459391245
0.190456640048009	-0.3038509782900056	0.2327239262635299	-0.2729684553984555
0.18829830773233902	0.10934774799744273	-0.19671727094811486	-0.5056366733221034
-0.09360953134951533	0.5124915591087851	0.05329846695737772	-0.34060044258432187
FactorLoading_Ψ
-0.08002174313155419	0.08668479792733708	0.49028608115828787	0.34300737778282087
-0.046016550918932975	-0.3281011428448981	0.32128362443034186	-0.30459868180582705
0.18523686142549245	0.039732933443527685	0.4897174458615057	-0.2853127592694742
0.2298111787428434	0.6247314749302837	0.01606022937590046	0.12939711695097245
0.04489780148927691	-0.6878538230238957	0.11924756576288487	-0.14800080972394247
-0.03785733087898069	-0.7428019981085965	-0.13440959340542635	-0.08493107760699647
0.3298461010660396	-0.1226846910167465	-0.5343587410193058	0.013110466897908069
-0.6203622646483067	0.23223975921773543	-0.09680448973359224	0.05059348640036565
0.004837066284403058	0.329602550880145	-0.516901380408509	0.14865900242694297
0.3453992329339579	-0.5312487343681926	-0.09486821457149364	0.02848381812635581
-0.5993909454958284	-0.36882562643278205	0.004328605319732226	0.027454822751657337
-0.1982592203665483	-0.08364088242779633	0.38561870145622557	0.3324811957494298
-0.2224360438951578	-0.38606988163796574	0.2769488759862029	0.11454519848067357
-0.06692776122739752	0.04022549573827727	-0.8407485395242469	0.05209820351007832
0.003628865909382828	0.9392572134892447	0.05639267796911884	0.0007212426322535936
0.017259676620526854	0.08527573493911511	-0.6443156184542	-0.253148969986158
-0.28065187620491994	0.028252272712933957	-0.3725549469637415	-0.31854090411840463
-0.44975489644103095	0.3359133262199343	-0.13131725925412896	-0.08301451808490579
-0.1959702231026248	0.02209336625938052	-0.2282053299872555	-0.5537310806507392
0.07021496172016084	0.15268916527185206	-0.7282301686738877	-0.048865704334099425
0.5706154695247423	0.053087968917238104	-0.16719096456481242	-0.2091055969932072
0.5519963012502738	-0.25931241620365264	-0.18055736797762334	0.008133914568450251
0.16457683937009837	-0.4356075331117646	-0.0829211421678604	-0.31689448535027664
0.17690368007694435	-0.16861528218376076	0.6138471149048428	0.04063392283445211
-0.1751708909345584	-0.652054462115369	0.09031719332788102	0.08245745362219159
-0.04128476295611505	0.7339320278849519	0.027949019798902297	0.19683418936003072
-0.023811633676862565	0.4472095745884117	-0.3756188322183951	-0.15335995951633064
0.2943693885444403	-0.3995372024558612	-0.2926375398165155	-0.013455869183182978
-0.18324007967534017	0.016740580253181703	0.04030300990436553	0.7597163301671126
0.012066123268541062	0.2524889346091228	0.36197103313808676	-0.37347390898424937
0.07991089938186069	0.6071688865100346	-0.1256622399609244	0.18725797414718026
0.007652772345587033	-0.42866351344389075	0.5570387482444268	0.0066449659660954286
0.0820927684686743	0.10673808738385171	0.2446676128375911	0.5665015313098829
-0.5458354639890683	-0.2771128755275225	0.11931922843019382	0.05773243205321532
-0.10531298603285344	-0.11324325643622402	0.5845701242171835	-0.19687363331373908
0.02474428315279087	-0.3834128009635607	-0.25806745822008037	-0.3337754576635681
-0.2502301972109713	0.11270463345587634	-0.44628930575410997	-0.19077586357904242
0.3376999419933555	0.07975621304822544	0.5580834642001227	-0.024460380758296374
-0.3063388558725082	-0.2144753158295507	0.24300434785755143	-0.23618148044038967
-0.16514673722766604	0.12067033866235599	0.22452912962602278	-0.4896537944839552
0.186189850803973	-0.16866562788092732	0.2811983744588247	0.363946146856275
0.13194029047551203	0.054859095834972615	-0.46117369299844735	-0.352026920691068
0.12073972439977276	0.2992948243571718	-0.21446258487734005	-0.3655028663657154
0.1360984758559094	0.061573433839261504	0.5205379812440862	0.28179010906074287
-0.5011941609584958	-0.24555347756289025	0.17867515113746024	0.07457721034115372
0.03502522248611495	0.03672127319926832	-0.024501927556837444	0.9037515767577793
-0.10433820316111242	0.42715681095134084	0.13163788712984514	-0.3368670987577016
0.04390813114378256	0.04769112147210475	0.03940629611470947	0.8689944512694032
-0.12707724394193853	0.7941714608124146	-0.03649284146659415	0.042258453779052685
-0.5504949950509355	0.26342185344060653	-0.13041381474100833	0.05566933676744967
-0.037138584195816504	0.08885027166145254	0.6486051554325731	-0.22540598871015782
0.10450395764027265	-0.027886352139646853	0.5959176251103488	-0.27169206510973165
0.10230670661234553	0.48580904816693815	0.3477710803921885	0.0641131648285278
0.11493295486602007	0.23078312400784107	-0.18536378970418488	-0.468920131421954
0.11806431579020105	-0.3609583537958807	0.5145454915377958	-0.00643183887612242
0.10261189231238887	0.39200230506327527	-0.312839471895336	0.19254633072899985
-0.5675764147563416	-0.22657305203023492	0.06989218057778279	-0.1359583526356407
-0.1099333531612332	0.3984553295281221	-0.44609606640875343	-0.045515250901891235
-0.20444796253947484	-0.2528807729419251	-0.02488861646420948	0.5177826480543906
-0.42980763208341655	-0.20554045539441668	-0.1602634523404034	-0.20438846018176338
0.01737197305636684	0.061910403778346446	-0.2505143992117991	0.6702032239534876
0.49770838392896666	-0.0812140133427448	-0.062022123334319224	-0.3590554793939693
-0.3348389590602494	-0.3342711111103873	0.07249462694552311	0.25839530288384016
-0.06036704507470203	0.08931259310241146	0.6771114569806667	0.17320890484221985
0.6287429263613444	-0.06366389017951968	0.0830277220526674	0.2245654614064685
-0.27876712717333585	-0.4541064978245066	-0.10095393589868329	-0.16617243910347423
-0.039414487669822806	-0.17623760143592904	-0.2831889557554692	0.501158955138779
0.21059050191142603	-0.17055529330241392	0.5445592020430536	-0.07429500274310641
-0.4333878648915819	0.11075270694109474	0.21933048754919193	-0.23652894061813146
-0.20719250834560543	-0.40427589698096744	0.24765613308743717	-0.14087546158598996
0.27497837043976747	-0.4349345184478115	-0.008364626248622109	-0.2817224848637989
0.1799226259656328	-0.16364134661475327	0.06646509630371988	-0.589970931115894
-0.07957147036633239	-0.08018366578177871	-0.7073288562654754	-0.13291600758641353
-0.46141251871451394	0.272977417536852	-0.14465392512656838	-0.12095613862206567
-0.21375858720668828	-0.3063225945136605	0.13381156775462233	0.3461072505250289
0.12669580751673393	-0.011568598777267125	0.7701217940837493	0.09161379962224969
0.20473206566276225	-0.23394933420385433	-0.5118448246739922	-0.049473775459391245
0.190456640048009	-0.3038509782900056	0.2327239262635299	-0.2729684553984555
0.18829830773233902	0.10934774799744273	-0.19671727094811486	-0.5056366733221034
-0.09360953134951533	0.5124915591087851	0.05329846695737772	-0.34060044258432187
Conflicts
14 48
54 45
26 22
34 46
54 22
15 33
35 52
56 33
14 34
72 76
66 2
7 2
26 64
11 57
13 73
4 41
32 64
47 58
64 73
29 20
47 61
3 49
40 39
17 79
29 49
29 53
60 45
42 39
64 30
23 66
68 66
26 33
50 28
27 33
41 44
2 22
67 1
41 24
77 21
75 6
78 72
26 38
67 3
78 77
68 62
15 45
80 22
62 15
40 30
55 22
22 39
54 13
50 1
38 73
3 21
28 24
11 73
61 39
47 20
69 19
48 46
10 41
4 75
44 24
42 27
63 69
27 79
31 14
67 15
6 73
75 56
43 30
55 2
54 49
65 39
60 62
27 62
19 17
32 80
13 41
55 8
55 38
54 35
55 1
14 36
5 51
4 42
42 66
71 55
14 58
66 36
43 34
32 12
47 4
3 72
55 34
14 51
3 59
51 18
78 30
68 45
54 79
32 66
53 11
34 59
53 17
23 69
26 51
7 30
51 12
36 39
9 34
31 11
55 65
46 44
64 52
28 6
54 8
71 6
14 62
61 62
7 79
70 52
65 70
19 12
13 29
77 27
63 62
80 46
15 6
69 80
2 74
80 5
34 69
43 19
19 52
65 24
70 46
71 7
23 65
9 52
5 1
16 28
74 46
68 27
13 33
25 29
32 16
49 15
80 67
8 44
63 27
47 17
58 64
78 18
9 11
55 60
31 70
68 42
3 45
47 42
37 11
7 8
75 17
2 65
42 18
26 41
26 72
27 18
7 9
71 74
60 67
14 11
68 60
75 72
41 73
47 52
51 22
35 79
54 57
4 76
65 41
72 39
77 72
63 3
71 60
53 19
76 20
47 30
77 70
23 52
34 41
63 72
13 28
67 27
60 28
6 12
16 70
25 58
10 36
78 74
77 56
64 21
25 13
37 41
34 72
78 15
48 24
66 33
26 1
50 67
54 18
68 13
3 51
61 1
67 73
36 51
76 15
32 5
48 56
71 3
77 28
58 65
42 69
78 53
31 45
40 1
34 61
17 1
22 73
27 73
19 1
43 8
59 20
5 38
60 74
32 40
29 59
66 73
29 44
69 70
29 17
29 57
21 15
63 61
54 38
55 11
42 21
11 33
72 59
50 66
41 21
72 12
36 33
43 60
54 60
66 40
56 51
31 27
25 67
32 42
31 62
72 48
37 16
77 39
40 3
60 65
72 52
80 79
35 19
23 40
7 47
25 48
77 53
71 22
47 5
23 36
7 60
69 72
31 46
8 52
13 61
80 38
9 24
78 17
42 12
37 55
4 45
29 45
27 59
2 6
42 16
22 15
47 32
31 51
34 38
37 65
9 44
44 18
14 5
60 57
69 67
19 8
38 33
44 20
28 17
4 57
12 45
48 1
11 51
72 27
56 12
25 2
27 45
32 52
25 14
26 27
54 15
43 72
35 18
48 33
70 49
40 79
54 53
25 76
36 21
16 39
11 8
13 31
66 38
28 73
78 58
25 49
26 39
64 48
54 3
27 1
47 40
44 6
16 49
42 20
75 50
9 53
25 74
17 30
3 24
47 62
77 44
14 64
29 39
47 73
53 74
37 69
13 34
80 56
80 41
47 70
10 18
20 45
59 51
11 39
16 24
19 79
65 56
25 56
75 10
79 24
22 44
32 21
43 67
69 5
75 29
10 64
49 45
13 69
78 57
64 49
35 42
27 38
9 5
11 30
11 41
5 30
61 76
60 21
44 45
49 18
26 7
26 57
25 36
63 14
79 57
31 76
34 74
9 22
26 45
49 6
19 6
53 16
52 24
42 48
8 6
28 12
63 80
71 68
62 5
64 76
69 6
31 17
2 51
37 35
7 63
2 64
75 39
50 48
77 62
63 41
38 1
34 24
32 48
35 17
43 16
37 62
50 32
68 2
43 21
10 29
3 36
50 80
35 61
37 45
64 65
71 24
46 12
3 52
68 40
63 49
75 51
22 52
9 70
17 59
44 73
61 11
47 15
53 3
80 53
43 50
40 28
4 8
35 72
43 31
43 27
60 15
59 11
33 18
26 56
41 57
71 72
54 52
42 38
47 77
51 45
80 59
23 31
14 77
62 44
7 41
48 79
48 5
27 64
29 6
53 46
25 45
50 16
70 15
32 15
9 1
71 62
11 1
47 57
49 73
43 36
4 39
55 58
61 52
58 59
69 40
24 45
23 51
67 39
9 29
13 64
61 65
37 30
78 36
54 5
32 20
53 70
43 52
70 76
72 65
63 30
25 38
28 51
50 21
10 8
49 30
4 73
54 30
29 24
78 73
53 6
71 35
7 25
54 27
23 55
68 28
14 65
80 19
62 38
14 61
63 16
80 12
10 45
66 21
29 8
43 26
10 33
19 46
62 57
27 16
53 62
26 6
16 17
80 70
27 20
72 45
56 46
40 8
8 30
58 24
63 42
34 77
53 73
75 57
36 79
53 49
23 76
55 40
56 11
50 64
23 2
70 18
9 16
49 79
14 13
19 56
31 41
7 19
9 56
77 42
54 6
80 74
69 30
55 77
7 74
68 14
63 9
71 20
54 55
17 5
48 49
43 37
13 66
25 80
3 44
7 48
78 35
78 76
31 61
43 73
63 40
14 18
15 46
19 64
41 18
19 62
56 49
14 79
48 38
68 46
37 31
42 17
25 42
26 4
79 6
75 61
43 68
60 61
5 6
71 29
77 1
14 41
13 24
31 3
43 38
2 49
74 5
43 9
13 17
25 33
76 57
31 48
34 22
72 44
23 46
26 5
47 76
29 40
74 57
4 15
40 21
35 49
23 64
80 44
31 79
10 38
61 33
7 23
13 16
66 20
49 21
11 49
33 57
71 37
58 22
35 58
66 64
44 30
74 39
60 80
69 24
55 24
63 39
60 41
78 55
4 20
64 44
4 74
9 28
35 50
80 17
40 15
75 64
9 75
13 53
32 46
34 45
19 45
47 60
26 74
55 36
66 70
60 19
17 6
63 6
54 74
37 51
74 19
71 80
9 73
65 33
14 20
40 62
64 57
17 70
23 74
42 41
75 70
3 38
28 44
26 53
40 38
54 31
63 13
19 49
9 10
38 46
39 6
77 38
7 4
35 44
26 35
66 45
7 49
24 30
9 13
40 76
58 44
70 24
25 61
42 58
43 77
55 76
37 13
10 77
60 72
76 24
37 38
60 18
63 12
77 74
78 61
68 58
47 72
9 33
54 56
4 48
77 16
78 49
29 15
60 1
13 70
7 36
5 20
16 36
60 39
54 9
42 74
26 36
16 11
14 46
75 35
40 70
26 70
48 59
56 44
75 22
68 34
42 15
67 41
25 44
43 44
49 44
68 5
53 1
78 66
46 52
2 19
16 12
56 6
70 1
23 28
22 12
9 59
56 5
25 72
61 45
63 5
29 62
64 11
78 3
75 73
23 3
39 44
7 27
51 41
68 35
12 20
71 45
60 38
74 33
80 45
77 57
40 57
47 69
72 18
13 2
46 18
23 79
63 75
41 46
63 35
12 1
61 15
75 38
14 32
56 57
34 64
32 67
53 5
67 20
15 57
55 72
14 16
66 57
51 57
75 28
68 33
80 76
29 69
14 19
53 79
68 22
58 6
9 2
19 59
36 6
49 12
53 20
80 15
31 40
64 24
66 56
42 28
49 24
3 12
68 74
77 8
27 15
66 8
75 40
59 76
5 41
63 21
9 45
54 20
60 40
2 79
35 46
75 2
17 73
55 64
4 49
10 3
78 65
61 36
16 38
59 73
17 20
43 2
34 28
9 62
65 45
63 22
32 59
4 19
8 38
11 44
66 12
50 2
49 57
42 49
78 64
55 59
13 12
49 41
43 17
36 76
9 3
7 5
68 10
80 3
36 73
78 24
37 53
2 52
71 44
26 10
3 41
80 65
42 3
54 21
7 10
10 70
47 80
52 6
58 21
38 20
71 63
77 49
28 79
43 11
39 45
51 15
76 18
56 1
9 72
75 36
77 80
10 30
70 33
77 65
40 24
50 5
71 75
47 53
2 40
59 70
67 38
37 56
48 76
69 49
31 59
60 42
34 18
31 22
28 70
54 75
36 44
2 39
74 18
9 78
11 5
13 76
42 51
35 1
29 2
75 62
75 66
61 44
25 8
25 53
52 12
35 56
67 45
32 22
37 15
63 68
10 55
13 5
69 1
27 74
60 73
26 48
63 33
55 48
31 1
52 44
31 12
67 17
9 66
42 67
47 22
27 46
37 5
7 66
42 33
2 5
74 15
41 6
14 35
61 30
25 5
23 29
69 76
34 19
59 1
48 65
10 35
63 65
60 33
7 32
5 15
54 11
42 76
39 41
4 78
78 38
34 42
60 52
77 18
53 40
31 66
68 39
16 56
32 65
13 55
7 15
70 5
34 8
37 20
74 17
22 46
56 8
63 70
16 45
32 44
3 6
16 51
74 6
42 1
26 67
27 30
13 15
78 11
8 21
64 51
43 29
7 40
66 67
23 61
69 79
28 21
40 74
19 33
80 1
66 6
37 1
79 39
10 27
9 49
37 4
4 46
65 12
9 64
67 46
61 21
67 30
42 46
31 77
40 46
21 57
61 48
63 10
50 46
3 17
75 19
17 76
50 76
10 49
56 24
53 41
78 41
21 12
31 39
26 68
60 66
69 18
29 27
20 1
23 43
8 41
65 46
50 69
68 67
29 61
74 44
68 4
36 70
27 44
47 39
62 59
43 6
15 52
27 24
63 55
32 51
69 46
35 12
26 31
40 61
77 41
60 48
23 68
47 25
16 41
71 36
3 30
67 62
19 15
34 12
8 1
47 1
50 58
4 66
63 50
47 6
19 44
67 5
48 51
50 40
66 18
47 37
27 21
31 33
50 27
53 45
72 41
19 5
67 79
13 79
46 1
65 15
54 59
36 45
42 5
69 44
27 17
13 42
13 39
75 13
52 1
29 64
28 33
43 24
70 39
14 74
22 21
78 14
3 18
37 57
46 24
11 22
14 75
17 45
47 56
55 56
19 41
23 11
2 15
54 58
4 80
71 27
27 22
71 34
10 39
9 35
14 69
31 15
54 62
22 24
3 61
16 5
23 25
78 5
51 44
13 1
79 1
50 52
9 65
25 40
69 22
31 75
31 2
16 1
23 10
16 64
16 15
26 47
25 22
68 18
14 12
26 63
5 22
7 31
66 69
2 12
74 62
80 49
42 44
75 77
32 62
27 5
52 73
71 25
37 72
60 49
50 39
77 48
16 48
2 53
63 29
58 73
79 20
37 25
43 53
14 76
67 36
2 62
13 57
11 79
78 67
32 27
59 49
2 56
69 56
16 52
27 11
54 77
51 33
36 30
25 12
53 12
54 19
13 36
54 70
49 1
75 48
47 78
25 41
80 18
32 17
80 24
51 79
51 39
23 41
34 67
7 58
65 21
8 45
53 22
66 79
3 19
37 9
13 78
7 64
71 33
68 32
25 55
55 79
50 44
72 28
79 41
18 73
77 58
26 14
60 64
37 64
13 3
72 11
23 5
47 28
4 56
67 21
4 12
36 56
68 61
41 1
71 15
64 33
74 30
10 20
69 17
54 63
70 45
31 74
50 38
64 38
4 13
9 30
56 41
8 15
28 52
75 8
61 18
55 74
2 16
71 77
17 39
78 20
54 76
27 39
53 18
66 24
70 79
71 47
35 8
25 75
28 56
66 52
10 59
76 5
37 34
10 46
40 65
26 25
77 52
4 1
37 52
31 6
40 59
63 20
10 76
4 11
14 42
71 8
71 48
65 5
54 61
32 34
50 18
23 48
7 3
25 64
74 21
47 51
37 66
10 42
26 24
36 59
1 18
44 33
60 6
4 40
7 78
61 57
27 49
32 56
63 4
60 12
63 53
10 73
63 25
47 11
71 76
55 12
74 73
36 57
7 55
69 53
74 41
71 31
76 12
50 36
62 51
55 80
41 33
17 65
26 30
68 78
35 30
42 40
19 76
72 51
7 16
69 45
14 72
27 52
47 3
23 80
9 40
23 35
59 52
66 16
37 24
16 57
9 25
78 40
69 59
9 38
47 14
43 58
42 57
63 11
71 2
23 71
21 73
34 51
13 67
31 53
29 28
69 28
69 58
3 39
34 53
7 44
15 12
57 44
71 79
7 12
23 6
58 1
4 64
66 49
13 62
61 64
54 80
60 22
27 48
4 61
77 36
10 65
15 44
43 51
10 74
23 47
25 77
66 41
55 20
36 8
29 38
63 58
71 52
35 62
9 69
1 45
34 65
71 69
47 21
7 21
37 49
47 64
68 30
24 1
3 76
58 45
79 45
60 17
57 52
40 11
60 58
9 41
35 57
67 19
32 28
49 51
12 44
9 20
57 6
26 9
67 74
19 73
25 31
13 27
9 17
25 20
10 28
43 41
39 24
78 80
14 15
43 7
23 32
27 76
77 5
35 6
61 17
77 17
41 45
71 16
71 70
45 30
49 33
64 17
14 44
75 46
68 59
63 44
31 28
63 17
14 24
35 34
7 34
59 30
37 28
34 40
31 57
15 38
75 67
50 42
9 36
53 27
29 46
4 52
25 46
7 6
13 65
4 22
80 20
33 45
7 29
25 3
58 67
54 72
33 30
7 17
32 41
40 16
70 6
4 33
59 79
4 34
43 35
71 18
77 2
61 41
36 64
80 52
26 23
54 2
80 73
72 56
48 21
53 76
53 64
18 20
10 72
47 36
7 35
38 45
16 8
11 20
34 52
70 41
80 11
63 24
25 60
10 44
78 60
35 33
47 8
65 73
47 38
53 21
34 44
2 80
3 57
69 11
9 50
64 1
9 42
2 30
29 30
7 38
40 12
22 30
67 28
63 76
69 36
69 51
37 77
29 76
10 6
76 21
63 1
25 27
64 5
16 62
5 12
31 42
60 20
78 10
4 38
59 39
3 28
68 1
8 73
21 30
26 44
78 52
56 73
32 79
69 12
61 27
15 73
71 59
59 41
77 73
3 1
52 45
64 8
16 21
10 24
10 61
4 77
23 72
43 25
56 38
37 10
14 8
13 32
78 19
67 70
19 18
77 24
76 73
62 46
69 33
13 11
54 10
