InstanceID
4_150_4
NumObjects
150
NumFactors
4
Weights
68.0079235935741
87.44368931121159
92.40700869281602
92.93362188436957
62.523911932985364
73.72536964322968
26.73581042233799
80.4477516410931
44.34328380889292
73.23803795584212
38.88589512567495
49.55583165349926
53.97510865901833
81.17783064161577
50.722699046215446
41.69909510790926
28.906841743074697
37.65530906728045
28.01458818655609
40.2993319872788
16.992428846217898
85.92225608677752
78.82012859966774
14.83807603795988
35.65712166362027
83.79534555756175
73.46267818124655
59.476110248015715
41.8755275478452
67.32113861862415
3.9378741667074335
23.647197345962123
8.342546392153395
58.2014006809193
70.72989108521752
66.03653721367131
48.350834578774695
69.14027300091001
70.9770462470501
2.147311112683825
22.964572477762758
83.61783499841904
25.14557834252271
45.271634596433444
45.12079389806842
40.779356149828885
60.46160080407035
49.77127635092291
87.10336786393624
68.79427988885803
99.94142373645995
59.57091763128772
86.29510379763676
50.328100343011094
71.01728909109086
95.22702617427674
90.11390812431482
97.9101672933474
1.0708560888892826
6.1411807882116864
68.52279202103438
7.224232414574505
69.8777884954838
98.14279215755575
85.87019759452319
5.8303323337944635
67.89388918058144
30.486148641508983
74.81092902827749
83.20104686183589
36.193394683651434
66.71334967807276
63.72287711894751
45.606307214534425
93.41836493380814
97.21412714208833
36.82306237341013
42.91823387385767
63.99236797803016
4.526291963803719
91.7727864478019
85.21647481050123
97.22053959571278
2.2928659275674113
62.85542167982467
28.561449955313623
70.90492584382193
53.42057340599817
17.69969122227195
80.67900664247212
80.88458112326067
46.79937832299335
56.0152141585488
52.8688861381428
76.2825393766964
80.00781587734723
64.99890987136543
37.21435737238104
35.020105717532445
23.107042850853166
41.38040737339659
23.84641135121255
63.121389003901804
4.3310101150138225
22.34662767652471
68.40789547925361
53.7503687037874
39.35702802975574
9.867061061522154
57.51291892233985
20.463878571891957
20.185553881083163
62.83732890635982
64.76512071896754
83.74751884369256
99.87684481214329
93.65696605758214
81.82187792074419
96.1302582473472
90.58021559215399
7.178923385808789
26.542456790926792
29.698861071951722
43.18952752971412
3.491387084543285
95.95335432645359
68.63538159339004
42.03866320216174
94.3264639944521
2.045447423639324
20.903777378926215
45.01428452235514
72.74587486871478
88.16316622143243
26.633615505198428
80.31042022492794
43.21075711399773
80.43040700845961
93.48152463241668
66.88987668677697
1.5368378189577037
96.36214688311154
39.6840605912818
10.602232401239187
74.64916257843373
61.45291322674888
89.24346780063077
67.19657445990714
73.90408406802507
36.72287871112614
Budget
4143.026617079788
Profits
-13.601584718714822
-17.488737862242317
-18.481401738563203
-18.586724376873914
-12.504782386597073
-14.745073928645937
-5.347162084467598
-16.08955032821862
-8.868656761778585
-14.647607591168423
-7.7771790251349895
-9.911166330699853
-10.795021731803667
-16.235566128323153
-10.144539809243089
-8.339819021581851
-5.781368348614939
-7.531061813456089
-5.602917637311218
-8.05986639745576
-3.3984857692435795
-17.184451217355505
-15.764025719933548
-2.967615207591976
-7.1314243327240545
-16.75906911151235
-14.692535636249309
-11.895222049603143
-8.37510550956904
-13.464227723724829
-0.7875748333414867
-4.729439469192425
-1.668509278430679
-11.64028013618386
-14.145978217043503
-13.207307442734262
-9.670166915754939
-13.828054600182003
-14.19540924941002
-0.429462222536765
-4.592914495552551
-16.723566999683808
-5.029115668504542
-9.054326919286689
-9.024158779613684
-8.155871229965777
-12.09232016081407
-9.954255270184582
-17.420673572787248
-13.758855977771606
-19.988284747291992
-11.914183526257544
-17.259020759527353
-10.065620068602218
-14.203457818218173
-19.045405234855348
-18.022781624862965
-19.58203345866948
-0.21417121777785653
-1.2282361576423373
-13.704558404206875
-1.444846482914901
-13.97555769909676
-19.62855843151115
-17.17403951890464
-1.1660664667588927
-13.578777836116288
-6.097229728301796
-14.962185805655498
-16.640209372367178
-7.238678936730286
-13.342669935614552
-12.744575423789502
-9.121261442906885
-18.68367298676163
-19.442825428417667
-7.364612474682026
-8.583646774771534
-12.798473595606032
-0.9052583927607438
-18.354557289560383
-17.043294962100244
-19.444107919142557
-0.45857318551348225
-12.571084335964935
-5.7122899910627245
-14.180985168764385
-10.684114681199635
-3.5399382444543903
-16.135801328494424
-16.176916224652135
-9.35987566459867
-11.20304283170976
-10.57377722762856
-15.256507875339281
-16.001563175469446
-12.999781974273086
-7.442871474476208
-7.004021143506489
-4.621408570170633
-8.276081474679318
-4.76928227024251
-12.62427780078036
-0.8662020230027645
-4.469325535304942
-13.681579095850722
-10.75007374075748
-7.871405605951148
-1.9734122123044309
-11.50258378446797
-4.092775714378392
-4.0371107762166325
-12.567465781271965
-12.953024143793508
-16.749503768738514
-19.975368962428657
-18.731393211516426
-16.36437558414884
-19.22605164946944
-18.1160431184308
-1.4357846771617577
-5.308491358185359
-5.939772214390344
-8.637905505942824
-0.698277416908657
-19.19067086529072
-13.727076318678007
-8.407732640432348
-18.86529279889042
-0.40908948472786477
-4.180755475785243
-9.002856904471027
-14.549174973742955
-17.632633244286488
-5.326723101039685
-16.06208404498559
-8.642151422799547
-16.08608140169192
-18.696304926483336
-13.377975337355394
-0.30736756379154073
-19.272429376622306
-7.93681211825636
-2.1204464802478373
-14.929832515686746
-12.290582645349776
-17.848693560126154
-13.439314891981429
-14.780816813605014
-7.344575742225229
FactorLoading_Φ
0.17633806833499355	-0.032821102511780165	-0.13431660486066033	0.656524224292566
0.7155389394739102	-0.017491383952931594	0.06558203972073806	-0.20138763685242012
0.4850785190506046	0.2634971161256803	-0.059972570601638076	-0.19145179422207703
-0.5222009463578692	0.22973778919541332	0.060612466692030686	-0.1874487977546868
0.18388640033344306	-0.3076024508576025	0.4395925709071127	-0.06891857790184175
-0.1189386924283935	-0.24322768497695635	-0.24237741799522672	0.39545620459942343
0.4393755699197255	-0.2783078601056761	-0.20989536791030905	-0.07242120206428937
-0.034000677772653365	-0.14579840681157608	-0.6266319635922486	0.19356895182352196
-0.3054474287722049	0.34864484281474173	-0.034427046728739974	-0.3114806816843134
0.19660403210771027	0.16124283241473458	-0.6213882897757312	0.02076484570182391
0.414947490380134	0.10914218707137802	-0.11438979560720597	-0.361520526941282
-0.573206399832835	-0.012138511241730265	-0.023150912045589056	0.39150417687984573
-0.42709001098948973	0.22645898747135207	0.050454113251108046	-0.29599688828805015
0.4231237615413104	-0.28378656115351397	-0.2799334526512993	0.013156224653876336
0.26837490623090887	0.4769487162255248	0.2365296138496369	0.018146763693929424
0.7105353166491433	-0.1859208576704352	-0.05684165463193169	0.04670217104848984
0.5415202378617583	0.046851389123924836	0.17235528039612347	0.2392730926181934
-0.036572033512833224	0.17946550665372496	0.3175414138826722	0.4664210459507696
0.7854387144037824	0.05803615106537552	-0.0746083019040884	0.08191683262675364
-0.3157983763522325	-0.2238720630612867	-0.12144192223317152	0.33888763835330926
-0.15492817550814109	-0.24868223751810814	-0.3048240139719407	-0.2915655730018101
0.6951880024800856	-0.05820225184021499	0.22987216290281953	0.016737582776879867
-0.24530841768455924	-0.023068257044136287	-0.5451745720829844	-0.1864487531883201
0.25214382547499303	0.3095305931488499	-0.34731802416597257	0.0910075572101845
0.42858855673675667	0.3549031062836243	-0.11787568431914819	-0.09863265266047083
0.037951127770650794	-0.07720823646231145	-0.29466320445473904	-0.5901774313122987
-0.022764893631879612	-0.059507076796875946	0.7595591524812055	0.1581688770900389
0.260613409203333	-0.2639199619561716	-0.14072117461456624	0.33474545422592916
-0.5934470530451268	0.18879326096084292	0.1774907886378445	-0.04026889735618577
-0.051217791731202666	-0.48108875057223965	0.3243831469888685	0.14331031070768918
0.03312972288177107	-0.5096265026194791	0.3933649058604589	0.06387886863829095
0.1563449045548222	0.7080779481531676	0.09269145811157697	-0.04288568918043323
0.03118002371000883	-0.45935782666437874	0.4776664417530221	-0.03179570787259034
-0.4167315356069914	-0.17350250218145513	0.03942599115669321	0.3703399710548603
-0.2596692634169724	0.2408781097249555	-0.055256945393244994	0.44419568146482713
-0.2138976222229254	-0.20814437849742573	-0.5468830723095821	-0.031074926970066752
-0.22477869384624594	-0.005456977391032236	0.48257106595969224	-0.2871932628030296
-0.8909603522895417	0.010339466224432492	0.019904066314552882	0.07879611517147289
0.5141292583388215	-0.3034242904008848	-0.16492076799848654	-0.017525683261807146
-7.112077510362802e-5	0.46988292775441676	0.39266297261564365	-0.13738297885483597
-0.6724344153200101	0.07022621501494997	-0.04341522732015557	-0.21392414234488433
-0.0016799127187245855	-0.5518983708489817	-0.2701702110538271	0.17625150537846657
-0.5803657444352426	-0.2978148339604374	0.11288482119330823	-0.008934600411011795
-0.004121578817521954	0.3848647899041291	-0.35050389295277395	-0.260509738325575
-0.30648780451847957	-0.02337144856896911	-0.03661956398245869	0.6335211829300926
0.037727584316342266	-0.055744740387447145	-0.5057300119102262	0.40079766338598444
0.5225493940925159	-0.004060573003656254	-0.3543458395328085	0.11904419337101935
0.20483635813521417	0.21285638327641365	-0.11007025289275263	-0.47223700569561955
-0.09191801877859618	-0.035920322454708664	0.33126416775950673	-0.5408974910071884
0.20188040799979046	-0.19294839295774846	0.44149928833372587	0.1636719107087352
0.13061943984598323	0.2001864918973686	0.5682665374301694	0.10092753082647876
0.4686446824220456	0.1341149619991091	0.12893816500442723	-0.26830219057441806
0.742032563529964	-0.01993433406113243	-0.20514200880459388	-0.03289109360430964
0.04226651021830352	-0.6861754571572329	-0.05820891089562674	0.2133491217288368
-0.2725497655631097	0.4152711245135252	-0.27842974092907347	-0.033749368994291595
0.3613527040563542	-0.07452249521471699	0.11185321094518796	0.4522715897837408
-0.22314012253458615	-0.19234337197020213	0.07169492718732307	0.5128215783078887
0.6160700777983112	-0.04043230317641555	-0.12150482004461205	-0.22199279898066115
0.2701379681067033	-0.47176306316544325	0.2048219561719946	-0.053277012555858816
-0.06789448641343854	0.17524962986902382	-0.4550816329227132	-0.30177425079482445
-0.05992474101267686	-0.5907379892064828	-0.13084609646874545	0.2184911733120949
-0.23071015810865125	0.342294915476147	0.1486696104364238	0.27832531597877797
-0.01783704818983689	0.6311049997427207	0.16609297458462602	0.18496497748281637
0.223785632474498	0.12653038700470942	0.11544976856209788	0.5342342119586947
-0.22346182899971723	-0.4748513817236151	-0.24412225017882094	-0.057564539097846756
0.02386777338355328	0.25115332357285447	0.23106291676418	-0.49391598627941224
0.03190396996835654	-0.28682401560446946	0.302235015075772	-0.379036999351402
0.3417620240610597	-0.16343091104044127	0.13087047223447668	-0.36393659266402234
0.18003910324439443	0.039354157559230885	0.587258297144601	-0.1933484420517737
-0.022209816365517998	-0.09053066740479832	0.8258155650203078	-0.06144395120937585
-0.25921634713451325	0.5817550453067435	0.1279773880779933	0.03105121948074996
-0.01427157687572933	-0.48188685295415135	0.42025280087264005	0.08358876929747927
-0.1828313097425487	-0.38670258936572033	0.08656996854380017	0.3438961323479308
0.2040871498315755	0.17947948129195024	0.01120806802593477	0.6052253008505395
0.05629136492112763	-0.39237353789538587	-0.248163215286483	-0.3031718818970035
-0.37185418432115425	-0.22860384829873248	0.319888723587052	-0.07965324379306127
0.6382427522550085	0.29000696536367343	-0.019860804676896437	-0.05188947770442165
0.4107296943131107	0.053718559234658514	0.4810408031582365	0.05451094329399431
-0.6072636796430413	0.19174555088646694	0.1868743013096208	0.014116468160870976
0.2701693130167273	-0.07238743229721356	-0.15257579077010175	0.5048674639159574
-0.48853358212287046	-0.09814541230104767	0.16771870844522918	-0.2456022971308527
0.1562227228896298	0.7047769663674424	0.08392518104434687	0.05507512969858097
-0.2394888947091769	-0.03765715488271559	-0.31442015883595453	-0.408433791572153
-0.08095690944428457	0.8642575150620311	0.013375785145877783	-0.04140979034780656
-0.22304072876622927	0.09049936393441049	-0.2625551071613239	-0.42390480013803633
-0.6892395185610001	0.10303164682836208	0.16408838908408963	0.04364044552654822
-0.010739515030855351	-0.32531681772323906	-0.5387294769942996	0.12521419025160596
0.22306289883083052	0.43743592933627773	-0.22416131420425112	0.11533985762864063
0.08680423998148012	0.30591667959061786	-0.5669430976394532	-0.040335982788448854
0.26169160141848713	-0.04517615643884798	-0.14434385212390466	0.5487883900187602
-0.1508857021910428	0.12787206976312837	0.1394445030093172	0.5817977250365116
0.07422416414639965	-0.1634601725661622	-0.2474174569661194	0.5148982063213188
0.27693655870859524	0.1332236785577794	0.12458664305845635	-0.465253119675169
0.1737552536009086	0.2258449013483923	0.14476148461003002	-0.4556383604406691
0.04228652206316097	0.0871189080146273	0.20411885141302388	0.6664757185091879
0.35662786008169567	0.3569275533456049	-0.10566878135216151	0.18077580522053793
-0.31070389578057767	-0.5994332044965309	-0.04552682097117722	0.04433607875171419
0.214681511552687	0.31231396021220403	-0.37940321400247523	0.09360131423263374
0.2505539584096521	0.1893721510685653	0.4249685335869857	0.13510535693479686
-0.2859637826635697	0.5075257516631475	-0.19243622275709638	0.014074242916186419
-0.02289517536511476	0.5426259110253795	-0.0779057733627242	-0.35657314024678155
-0.11776983300163901	-0.10339069705962234	0.7051475503421898	-0.07369191959654886
0.5261205305607273	0.2104973439150859	0.1884240047276775	0.07495812079650932
-0.09466476725149775	-0.5243305871687596	0.26039165571508494	-0.12061298986465774
-0.07663455163931676	-0.5289022539587203	-0.36563030636852556	-0.02883288803343742
-0.24104403980620392	-0.07826730925366965	0.17805127784185615	-0.5026373730982703
-0.22571853429848532	0.0654132398931635	0.659337387056631	0.04953083875172015
-0.07102672864373982	0.6193371927300815	0.03263554091456955	-0.27700053771160915
-0.10449539970087751	-0.30352201665212175	0.342841834530212	0.24914074911678874
0.18601391411253076	-0.059495884683488764	-0.5564067834950106	-0.19808341770896987
0.29367731758955284	-0.4780729089377851	-0.13785645473948116	-0.0903933187331809
0.08960648912253522	-0.0998629066207728	-0.259072722470544	0.551457881786148
-0.3581180971994844	0.35156966649541155	0.14132855769116603	-0.14898367861393802
-0.6499356781530325	-0.04517529726214953	-0.095965607991916	-0.20892341659290192
0.7187329666109059	-0.11555001170030521	-0.11399957389771198	-0.0517174477910769
0.49879691985789143	0.19695444375044935	0.16017529173255007	-0.14407334465910915
-0.02596312053141414	0.3168664401930199	-0.16155142555914703	-0.4956190137164189
0.0861036574088796	0.10676534379218894	-0.405582300377358	-0.4015486984215735
-0.019411955148067372	0.11226938461063862	0.42934916046412064	0.43896949977717337
0.14965698501651348	0.27305151485750434	-0.3002099595169352	-0.277081540609047
-0.37649944425121507	-0.16290197765015813	-0.013843356277072116	-0.4467552218215547
-0.5027118645619686	-0.32758232132003573	0.08660035679991696	0.08310545731807872
-0.12405396042418415	0.07484482341936927	-0.16205133367037594	-0.6390498824860706
-0.1901978826716908	0.04057702816144371	0.729776496328765	0.03944859283810054
-0.2830733112964383	-0.3081673599449697	-0.07679311754309714	-0.33196621121549486
0.08184906264381042	0.10500960294775297	-0.5081912878638029	0.30495004654463376
-0.024339042421861468	0.1329083270961422	-0.4581397878899547	0.38461284259204165
-0.15231212220776613	0.14273017919238917	-0.6829797391911061	0.02197795940873859
0.24114655152199838	0.3225836280244505	0.4266846896395142	-0.00958513081403689
0.14101405838500014	0.18063692191184888	-0.3187756309107732	-0.35957338879237777
-0.10200495927091602	0.6734920212109494	0.057194038229146926	0.16730898128898763
0.12276384823538478	0.3303439641915873	0.41796261926863343	0.1289295683043945
0.055121203470860136	-0.20830978587503401	0.15096861223803115	-0.5856003984160747
-0.14382230716928945	-0.09538292686062833	-0.5151200266489517	-0.2456747393211305
0.19352547347914562	-0.2459189747682935	-0.08368449780951481	0.4768710539430461
0.21668024621063853	-0.34086619129476836	0.0569406197025728	-0.3855129427920203
-0.3448981928978472	-0.32140002425036607	-0.12369480714599912	0.21000697570578764
-0.26699197215211323	-0.22560483507603402	-0.03123513410320089	0.47616805866865186
-0.3310099516040912	-0.2925973650198821	0.1394694448035152	0.23692323857251152
-0.022529547021748142	-0.26589953666434796	-0.40151418746119005	-0.31005672885271385
-0.38760343780822026	0.2910318615199996	0.2716826187707191	0.04968208190106105
-0.390576330968915	0.011110562526964962	-0.04351440062505629	0.5547987058790638
0.3477885873709572	-0.0266697316266864	-0.22735344869761942	-0.398188232304737
-0.022473964815826752	0.10258406496376438	-0.0030279665064529837	0.8719140037139559
0.030823301347511878	0.34084416087430225	-0.5482416816143352	0.0800908561638507
-0.01851106081145293	-0.21868718759303007	-0.015650581729909963	-0.747151169865607
0.44706568851072914	0.03859853234802424	0.23337621749085669	0.28095956165038993
-0.5947623026972662	-0.03501723886555075	-0.2365130206781605	0.1337074377590226
0.5612600928109261	0.263785091995836	0.1243526608392358	0.05060215435400206
-0.008840686327706404	-0.47895027776072396	-0.009612126233571772	-0.5025969096779979
FactorLoading_Ψ
0.17633806833499355	-0.032821102511780165	-0.13431660486066033	0.656524224292566
0.7155389394739102	-0.017491383952931594	0.06558203972073806	-0.20138763685242012
0.4850785190506046	0.2634971161256803	-0.059972570601638076	-0.19145179422207703
-0.5222009463578692	0.22973778919541332	0.060612466692030686	-0.1874487977546868
0.18388640033344306	-0.3076024508576025	0.4395925709071127	-0.06891857790184175
-0.1189386924283935	-0.24322768497695635	-0.24237741799522672	0.39545620459942343
0.4393755699197255	-0.2783078601056761	-0.20989536791030905	-0.07242120206428937
-0.034000677772653365	-0.14579840681157608	-0.6266319635922486	0.19356895182352196
-0.3054474287722049	0.34864484281474173	-0.034427046728739974	-0.3114806816843134
0.19660403210771027	0.16124283241473458	-0.6213882897757312	0.02076484570182391
0.414947490380134	0.10914218707137802	-0.11438979560720597	-0.361520526941282
-0.573206399832835	-0.012138511241730265	-0.023150912045589056	0.39150417687984573
-0.42709001098948973	0.22645898747135207	0.050454113251108046	-0.29599688828805015
0.4231237615413104	-0.28378656115351397	-0.2799334526512993	0.013156224653876336
0.26837490623090887	0.4769487162255248	0.2365296138496369	0.018146763693929424
0.7105353166491433	-0.1859208576704352	-0.05684165463193169	0.04670217104848984
0.5415202378617583	0.046851389123924836	0.17235528039612347	0.2392730926181934
-0.036572033512833224	0.17946550665372496	0.3175414138826722	0.4664210459507696
0.7854387144037824	0.05803615106537552	-0.0746083019040884	0.08191683262675364
-0.3157983763522325	-0.2238720630612867	-0.12144192223317152	0.33888763835330926
-0.15492817550814109	-0.24868223751810814	-0.3048240139719407	-0.2915655730018101
0.6951880024800856	-0.05820225184021499	0.22987216290281953	0.016737582776879867
-0.24530841768455924	-0.023068257044136287	-0.5451745720829844	-0.1864487531883201
0.25214382547499303	0.3095305931488499	-0.34731802416597257	0.0910075572101845
0.42858855673675667	0.3549031062836243	-0.11787568431914819	-0.09863265266047083
0.037951127770650794	-0.07720823646231145	-0.29466320445473904	-0.5901774313122987
-0.022764893631879612	-0.059507076796875946	0.7595591524812055	0.1581688770900389
0.260613409203333	-0.2639199619561716	-0.14072117461456624	0.33474545422592916
-0.5934470530451268	0.18879326096084292	0.1774907886378445	-0.04026889735618577
-0.051217791731202666	-0.48108875057223965	0.3243831469888685	0.14331031070768918
0.03312972288177107	-0.5096265026194791	0.3933649058604589	0.06387886863829095
0.1563449045548222	0.7080779481531676	0.09269145811157697	-0.04288568918043323
0.03118002371000883	-0.45935782666437874	0.4776664417530221	-0.03179570787259034
-0.4167315356069914	-0.17350250218145513	0.03942599115669321	0.3703399710548603
-0.2596692634169724	0.2408781097249555	-0.055256945393244994	0.44419568146482713
-0.2138976222229254	-0.20814437849742573	-0.5468830723095821	-0.031074926970066752
-0.22477869384624594	-0.005456977391032236	0.48257106595969224	-0.2871932628030296
-0.8909603522895417	0.010339466224432492	0.019904066314552882	0.07879611517147289
0.5141292583388215	-0.3034242904008848	-0.16492076799848654	-0.017525683261807146
-7.112077510362802e-5	0.46988292775441676	0.39266297261564365	-0.13738297885483597
-0.6724344153200101	0.07022621501494997	-0.04341522732015557	-0.21392414234488433
-0.0016799127187245855	-0.5518983708489817	-0.2701702110538271	0.17625150537846657
-0.5803657444352426	-0.2978148339604374	0.11288482119330823	-0.008934600411011795
-0.004121578817521954	0.3848647899041291	-0.35050389295277395	-0.260509738325575
-0.30648780451847957	-0.02337144856896911	-0.03661956398245869	0.6335211829300926
0.037727584316342266	-0.055744740387447145	-0.5057300119102262	0.40079766338598444
0.5225493940925159	-0.004060573003656254	-0.3543458395328085	0.11904419337101935
0.20483635813521417	0.21285638327641365	-0.11007025289275263	-0.47223700569561955
-0.09191801877859618	-0.035920322454708664	0.33126416775950673	-0.5408974910071884
0.20188040799979046	-0.19294839295774846	0.44149928833372587	0.1636719107087352
0.13061943984598323	0.2001864918973686	0.5682665374301694	0.10092753082647876
0.4686446824220456	0.1341149619991091	0.12893816500442723	-0.26830219057441806
0.742032563529964	-0.01993433406113243	-0.20514200880459388	-0.03289109360430964
0.04226651021830352	-0.6861754571572329	-0.05820891089562674	0.2133491217288368
-0.2725497655631097	0.4152711245135252	-0.27842974092907347	-0.033749368994291595
0.3613527040563542	-0.07452249521471699	0.11185321094518796	0.4522715897837408
-0.22314012253458615	-0.19234337197020213	0.07169492718732307	0.5128215783078887
0.6160700777983112	-0.04043230317641555	-0.12150482004461205	-0.22199279898066115
0.2701379681067033	-0.47176306316544325	0.2048219561719946	-0.053277012555858816
-0.06789448641343854	0.17524962986902382	-0.4550816329227132	-0.30177425079482445
-0.05992474101267686	-0.5907379892064828	-0.13084609646874545	0.2184911733120949
-0.23071015810865125	0.342294915476147	0.1486696104364238	0.27832531597877797
-0.01783704818983689	0.6311049997427207	0.16609297458462602	0.18496497748281637
0.223785632474498	0.12653038700470942	0.11544976856209788	0.5342342119586947
-0.22346182899971723	-0.4748513817236151	-0.24412225017882094	-0.057564539097846756
0.02386777338355328	0.25115332357285447	0.23106291676418	-0.49391598627941224
0.03190396996835654	-0.28682401560446946	0.302235015075772	-0.379036999351402
0.3417620240610597	-0.16343091104044127	0.13087047223447668	-0.36393659266402234
0.18003910324439443	0.039354157559230885	0.587258297144601	-0.1933484420517737
-0.022209816365517998	-0.09053066740479832	0.8258155650203078	-0.06144395120937585
-0.25921634713451325	0.5817550453067435	0.1279773880779933	0.03105121948074996
-0.01427157687572933	-0.48188685295415135	0.42025280087264005	0.08358876929747927
-0.1828313097425487	-0.38670258936572033	0.08656996854380017	0.3438961323479308
0.2040871498315755	0.17947948129195024	0.01120806802593477	0.6052253008505395
0.05629136492112763	-0.39237353789538587	-0.248163215286483	-0.3031718818970035
-0.37185418432115425	-0.22860384829873248	0.319888723587052	-0.07965324379306127
0.6382427522550085	0.29000696536367343	-0.019860804676896437	-0.05188947770442165
0.4107296943131107	0.053718559234658514	0.4810408031582365	0.05451094329399431
-0.6072636796430413	0.19174555088646694	0.1868743013096208	0.014116468160870976
0.2701693130167273	-0.07238743229721356	-0.15257579077010175	0.5048674639159574
-0.48853358212287046	-0.09814541230104767	0.16771870844522918	-0.2456022971308527
0.1562227228896298	0.7047769663674424	0.08392518104434687	0.05507512969858097
-0.2394888947091769	-0.03765715488271559	-0.31442015883595453	-0.408433791572153
-0.08095690944428457	0.8642575150620311	0.013375785145877783	-0.04140979034780656
-0.22304072876622927	0.09049936393441049	-0.2625551071613239	-0.42390480013803633
-0.6892395185610001	0.10303164682836208	0.16408838908408963	0.04364044552654822
-0.010739515030855351	-0.32531681772323906	-0.5387294769942996	0.12521419025160596
0.22306289883083052	0.43743592933627773	-0.22416131420425112	0.11533985762864063
0.08680423998148012	0.30591667959061786	-0.5669430976394532	-0.040335982788448854
0.26169160141848713	-0.04517615643884798	-0.14434385212390466	0.5487883900187602
-0.1508857021910428	0.12787206976312837	0.1394445030093172	0.5817977250365116
0.07422416414639965	-0.1634601725661622	-0.2474174569661194	0.5148982063213188
0.27693655870859524	0.1332236785577794	0.12458664305845635	-0.465253119675169
0.1737552536009086	0.2258449013483923	0.14476148461003002	-0.4556383604406691
0.04228652206316097	0.0871189080146273	0.20411885141302388	0.6664757185091879
0.35662786008169567	0.3569275533456049	-0.10566878135216151	0.18077580522053793
-0.31070389578057767	-0.5994332044965309	-0.04552682097117722	0.04433607875171419
0.214681511552687	0.31231396021220403	-0.37940321400247523	0.09360131423263374
0.2505539584096521	0.1893721510685653	0.4249685335869857	0.13510535693479686
-0.2859637826635697	0.5075257516631475	-0.19243622275709638	0.014074242916186419
-0.02289517536511476	0.5426259110253795	-0.0779057733627242	-0.35657314024678155
-0.11776983300163901	-0.10339069705962234	0.7051475503421898	-0.07369191959654886
0.5261205305607273	0.2104973439150859	0.1884240047276775	0.07495812079650932
-0.09466476725149775	-0.5243305871687596	0.26039165571508494	-0.12061298986465774
-0.07663455163931676	-0.5289022539587203	-0.36563030636852556	-0.02883288803343742
-0.24104403980620392	-0.07826730925366965	0.17805127784185615	-0.5026373730982703
-0.22571853429848532	0.0654132398931635	0.659337387056631	0.04953083875172015
-0.07102672864373982	0.6193371927300815	0.03263554091456955	-0.27700053771160915
-0.10449539970087751	-0.30352201665212175	0.342841834530212	0.24914074911678874
0.18601391411253076	-0.059495884683488764	-0.5564067834950106	-0.19808341770896987
0.29367731758955284	-0.4780729089377851	-0.13785645473948116	-0.0903933187331809
0.08960648912253522	-0.0998629066207728	-0.259072722470544	0.551457881786148
-0.3581180971994844	0.35156966649541155	0.14132855769116603	-0.14898367861393802
-0.6499356781530325	-0.04517529726214953	-0.095965607991916	-0.20892341659290192
0.7187329666109059	-0.11555001170030521	-0.11399957389771198	-0.0517174477910769
0.49879691985789143	0.19695444375044935	0.16017529173255007	-0.14407334465910915
-0.02596312053141414	0.3168664401930199	-0.16155142555914703	-0.4956190137164189
0.0861036574088796	0.10676534379218894	-0.405582300377358	-0.4015486984215735
-0.019411955148067372	0.11226938461063862	0.42934916046412064	0.43896949977717337
0.14965698501651348	0.27305151485750434	-0.3002099595169352	-0.277081540609047
-0.37649944425121507	-0.16290197765015813	-0.013843356277072116	-0.4467552218215547
-0.5027118645619686	-0.32758232132003573	0.08660035679991696	0.08310545731807872
-0.12405396042418415	0.07484482341936927	-0.16205133367037594	-0.6390498824860706
-0.1901978826716908	0.04057702816144371	0.729776496328765	0.03944859283810054
-0.2830733112964383	-0.3081673599449697	-0.07679311754309714	-0.33196621121549486
0.08184906264381042	0.10500960294775297	-0.5081912878638029	0.30495004654463376
-0.024339042421861468	0.1329083270961422	-0.4581397878899547	0.38461284259204165
-0.15231212220776613	0.14273017919238917	-0.6829797391911061	0.02197795940873859
0.24114655152199838	0.3225836280244505	0.4266846896395142	-0.00958513081403689
0.14101405838500014	0.18063692191184888	-0.3187756309107732	-0.35957338879237777
-0.10200495927091602	0.6734920212109494	0.057194038229146926	0.16730898128898763
0.12276384823538478	0.3303439641915873	0.41796261926863343	0.1289295683043945
0.055121203470860136	-0.20830978587503401	0.15096861223803115	-0.5856003984160747
-0.14382230716928945	-0.09538292686062833	-0.5151200266489517	-0.2456747393211305
0.19352547347914562	-0.2459189747682935	-0.08368449780951481	0.4768710539430461
0.21668024621063853	-0.34086619129476836	0.0569406197025728	-0.3855129427920203
-0.3448981928978472	-0.32140002425036607	-0.12369480714599912	0.21000697570578764
-0.26699197215211323	-0.22560483507603402	-0.03123513410320089	0.47616805866865186
-0.3310099516040912	-0.2925973650198821	0.1394694448035152	0.23692323857251152
-0.022529547021748142	-0.26589953666434796	-0.40151418746119005	-0.31005672885271385
-0.38760343780822026	0.2910318615199996	0.2716826187707191	0.04968208190106105
-0.390576330968915	0.011110562526964962	-0.04351440062505629	0.5547987058790638
0.3477885873709572	-0.0266697316266864	-0.22735344869761942	-0.398188232304737
-0.022473964815826752	0.10258406496376438	-0.0030279665064529837	0.8719140037139559
0.030823301347511878	0.34084416087430225	-0.5482416816143352	0.0800908561638507
-0.01851106081145293	-0.21868718759303007	-0.015650581729909963	-0.747151169865607
0.44706568851072914	0.03859853234802424	0.23337621749085669	0.28095956165038993
-0.5947623026972662	-0.03501723886555075	-0.2365130206781605	0.1337074377590226
0.5612600928109261	0.263785091995836	0.1243526608392358	0.05060215435400206
-0.008840686327706404	-0.47895027776072396	-0.009612126233571772	-0.5025969096779979
Conflicts
104 113
135 121
26 36
13 53
50 134
24 18
121 52
4 93
7 53
110 11
117 143
136 113
13 34
148 140
74 24
10 115
124 69
137 33
50 48
8 141
60 126
94 106
75 97
140 72
125 73
145 6
81 29
102 69
98 126
130 11
120 39
87 149
132 64
147 140
60 94
14 44
77 46
135 108
10 139
136 28
2 56
85 45
147 44
34 48
130 106
148 6
35 52
23 3
48 46
109 118
104 106
31 13
23 66
14 1
119 24
87 95
113 15
67 112
39 134
9 113
23 61
19 49
141 46
34 11
3 30
59 106
135 104
98 96
63 69
28 118
13 101
17 127
7 10
58 19
7 105
23 42
129 44
89 22
27 113
71 118
23 90
37 145
96 21
4 51
54 87
23 25
120 48
43 82
149 82
36 44
124 84
104 139
123 20
10 91
119 116
108 49
128 42
98 91
100 123
86 33
116 29
144 51
141 1
114 87
7 91
7 50
54 145
113 22
10 147
89 62
140 15
23 88
110 22
26 102
11 70
14 74
142 90
119 68
13 113
29 89
40 5
4 96
21 30
37 138
58 91
125 145
119 67
29 17
42 117
93 51
56 52
25 97
119 77
37 58
128 74
144 139
143 118
145 131
114 59
9 104
126 142
53 27
26 119
69 79
75 94
97 96
121 140
143 48
32 88
130 49
136 21
125 101
13 50
21 138
71 148
71 74
55 3
35 115
132 33
140 117
81 56
146 142
146 106
9 10
145 62
74 129
54 97
68 85
43 90
63 127
58 109
96 88
60 79
13 137
114 84
40 76
121 111
80 103
50 15
8 76
16 44
8 96
89 112
23 141
119 75
50 3
120 117
128 29
143 30
83 15
14 147
10 137
27 129
67 105
53 49
121 12
38 150
77 30
96 20
42 36
69 110
97 51
93 150
54 109
42 8
83 3
47 142
81 104
122 76
95 90
5 129
114 30
7 64
133 65
23 138
104 16
101 8
28 108
49 24
144 15
128 79
83 17
31 65
50 5
146 22
47 78
78 98
92 74
54 28
64 18
59 39
109 20
136 104
124 8
124 57
139 22
103 67
126 138
48 84
93 20
78 35
53 131
136 40
10 42
100 96
36 6
65 11
68 74
99 110
83 42
135 149
66 74
77 134
123 141
53 58
42 53
14 105
120 107
13 145
125 118
98 146
17 38
146 15
136 94
50 101
133 45
99 134
35 122
40 106
35 27
93 138
121 105
89 94
23 111
26 37
48 73
26 1
114 91
48 39
80 44
55 45
61 149
58 24
114 5
54 142
26 29
38 57
86 112
112 64
32 150
39 44
101 139
94 84
9 69
66 28
140 5
13 18
102 74
124 40
87 106
126 89
10 21
116 150
7 39
128 17
13 6
103 59
83 18
89 70
104 33
100 22
32 41
75 147
14 103
58 61
74 20
3 107
98 94
54 65
135 29
69 48
119 37
117 28
63 141
76 52
2 137
102 16
68 98
28 46
25 76
86 18
69 146
37 79
28 36
103 74
124 29
96 105
62 15
87 85
108 141
132 55
148 39
86 89
35 143
14 83
53 62
36 64
128 20
98 19
72 143
119 15
110 73
7 136
49 150
110 33
101 143
38 46
42 103
25 96
72 85
104 62
83 20
7 95
100 85
137 95
75 36
134 73
123 87
64 91
40 49
74 56
71 63
150 45
71 15
136 22
72 41
32 65
32 127
133 124
50 36
37 111
116 105
35 101
53 21
54 81
71 50
101 33
104 18
93 1
83 149
38 115
53 45
133 142
10 65
19 90
142 1
116 93
27 64
37 2
110 139
55 80
125 20
145 33
43 97
113 108
78 62
54 76
4 33
124 44
143 49
2 110
132 74
77 112
56 46
114 72
75 86
43 140
37 70
96 73
7 48
116 114
108 84
29 64
11 39
67 99
148 69
145 15
124 116
86 84
108 118
110 129
68 60
59 8
60 134
22 85
26 3
119 95
132 112
102 126
4 48
99 21
69 129
11 94
47 65
25 73
126 110
120 103
114 88
68 77
1 30
132 1
87 113
133 125
16 141
25 48
124 12
131 44
147 5
43 37
107 22
132 22
148 75
19 134
42 33
78 149
7 138
13 141
31 36
16 45
84 45
17 138
130 65
146 48
80 12
31 131
66 106
53 142
68 72
41 111
146 33
54 70
112 65
74 51
102 120
130 95
38 1
2 8
148 58
10 97
47 108
81 59
51 46
13 90
36 96
43 59
133 121
50 103
14 122
124 79
76 21
80 150
75 62
98 108
104 24
141 45
60 150
14 17
48 8
12 46
128 45
86 73
83 145
123 65
144 110
63 65
65 141
133 122
63 122
19 39
89 20
122 113
4 57
122 18
129 52
116 91
64 142
116 134
81 141
42 28
149 115
43 13
133 64
31 105
128 109
81 114
101 79
127 82
55 29
100 29
42 126
143 70
17 149
144 48
55 18
116 64
65 91
23 44
116 110
59 150
128 129
143 90
60 84
104 8
109 91
98 49
61 142
126 94
147 73
123 101
47 66
37 40
28 106
56 70
16 21
148 95
148 129
130 113
125 21
42 67
147 11
53 11
72 104
22 46
31 81
96 41
137 73
50 83
68 111
148 143
36 51
32 130
35 80
42 86
99 91
71 49
66 112
125 22
126 97
23 113
31 58
31 85
112 59
113 139
59 110
128 146
90 18
123 12
34 114
119 140
130 28
69 72
51 106
84 134
86 72
46 88
61 39
136 13
33 91
58 90
12 91
121 101
98 20
43 111
112 52
95 94
86 57
141 52
114 49
51 21
98 3
78 51
105 30
133 82
22 57
64 45
88 30
40 149
19 64
103 115
108 39
37 16
113 44
125 49
53 144
116 141
63 81
120 8
2 61
124 122
26 57
88 134
106 127
67 118
23 36
67 58
57 73
104 45
14 131
72 15
116 46
50 150
136 19
109 85
25 101
131 36
133 30
74 1
136 88
132 41
55 44
80 2
23 97
4 62
6 138
48 90
39 115
7 1
9 124
47 99
128 131
116 122
69 95
56 12
131 90
37 87
25 66
60 56
49 22
122 1
98 51
131 39
146 143
29 95
32 146
23 74
119 51
108 52
98 27
9 114
99 49
133 88
103 141
145 84
146 52
53 24
81 65
37 52
68 147
95 39
140 91
68 138
128 53
70 8
26 142
122 20
61 44
23 84
133 84
135 42
25 93
4 59
102 104
10 90
5 127
134 18
29 82
23 70
39 1
140 89
3 72
128 118
122 84
65 39
28 8
37 75
54 34
77 130
103 51
121 138
9 81
32 28
132 69
58 6
136 8
81 74
47 29
119 89
102 146
65 94
149 105
137 51
125 53
101 21
74 85
106 150
95 127
47 141
74 28
37 3
68 50
66 110
92 89
69 67
67 72
78 89
135 32
87 138
138 88
25 31
132 108
29 114
67 18
141 15
116 41
55 108
34 126
132 10
40 96
124 74
58 28
144 104
102 80
136 82
65 139
43 104
135 41
63 107
35 142
74 93
60 34
34 138
34 49
125 112
132 65
37 46
4 144
31 112
40 11
99 138
66 89
44 52
58 99
67 51
32 50
67 150
135 85
60 83
54 20
54 149
128 44
32 115
55 142
104 82
132 5
147 20
104 46
101 24
136 118
122 56
63 17
27 85
69 105
124 127
130 73
32 12
32 72
68 123
9 148
77 79
7 83
124 62
107 85
4 146
55 116
109 88
10 117
14 146
124 21
22 96
3 104
83 65
112 107
114 85
32 29
29 113
7 139
29 57
47 125
103 57
55 140
68 107
123 5
102 36
111 24
119 35
51 33
124 114
55 58
61 84
112 44
4 129
67 127
31 57
62 21
58 70
26 120
117 1
114 107
54 124
141 6
122 72
149 127
37 95
149 142
66 140
112 62
86 90
75 131
4 82
58 144
131 107
48 59
81 90
33 45
2 138
15 105
83 27
48 49
47 85
100 121
50 61
147 17
135 56
118 115
36 113
123 84
61 59
12 57
119 73
37 92
113 48
27 127
133 75
5 18
112 28
101 131
26 78
148 116
21 20
135 84
140 49
32 58
67 139
47 150
105 134
93 106
31 52
76 96
81 112
113 79
120 18
8 20
133 103
4 123
43 65
121 36
130 18
86 87
100 31
54 144
101 99
104 109
14 92
2 108
132 111
51 82
2 22
61 85
13 79
56 90
115 46
90 105
116 130
138 134
112 91
97 1
67 46
68 102
108 45
48 108
69 106
75 109
109 51
135 142
75 90
31 59
99 64
55 30
64 134
133 18
48 51
124 11
119 70
136 149
63 149
34 69
70 115
121 149
32 59
36 94
16 84
98 80
150 30
13 89
147 30
81 22
87 18
4 126
2 58
50 142
131 20
128 52
81 6
108 46
104 107
8 105
131 130
132 32
117 27
132 121
102 15
15 44
16 106
77 61
86 111
43 109
129 85
56 85
75 104
92 139
14 141
61 12
71 129
92 56
71 75
9 131
63 64
2 97
92 111
95 79
145 72
97 82
75 31
136 72
100 45
43 47
113 1
139 15
63 44
47 81
50 16
123 19
53 59
91 127
5 85
101 72
121 61
120 58
87 65
29 117
37 41
118 30
117 109
129 138
43 21
145 65
71 82
63 35
131 21
77 85
67 90
117 39
72 84
92 95
29 52
4 130
39 46
7 44
87 142
147 145
78 112
2 36
86 104
65 70
135 61
103 33
71 7
64 115
100 122
121 24
82 24
106 20
7 55
31 118
119 111
63 5
13 74
31 64
137 106
92 96
137 109
60 107
121 103
104 1
77 88
71 42
104 91
78 76
104 21
98 88
42 40
81 36
148 149
136 3
75 48
103 126
124 130
83 61
67 30
32 93
98 104
8 111
72 45
104 59
130 41
143 74
147 112
106 90
43 112
100 20
103 104
68 132
60 82
77 116
149 1
144 57
117 139
89 27
79 106
135 131
27 131
89 58
139 105
77 98
7 12
54 29
25 131
131 24
132 49
77 80
96 24
132 11
63 45
35 19
49 18
7 70
59 18
27 142
77 131
43 127
84 30
75 79
53 94
120 85
23 87
78 113
107 48
38 20
22 106
70 85
119 1
81 24
140 81
22 21
64 41
37 107
140 111
63 2
47 67
60 124
26 90
92 70
125 146
104 115
69 6
70 96
46 82
55 144
102 44
81 142
39 24
77 12
124 143
19 15
13 62
74 84
25 115
13 94
16 110
144 46
125 5
104 6
83 98
51 52
29 129
148 55
76 134
117 126
13 22
23 52
23 110
37 90
128 101
118 134
75 20
89 85
53 39
37 82
13 126
81 144
123 143
55 10
50 89
27 76
43 46
124 147
81 118
68 133
62 139
31 84
35 104
14 16
63 16
124 66
98 117
35 5
7 92
119 124
27 1
53 110
120 95
19 51
31 106
101 84
112 22
119 6
107 95
140 56
100 32
48 12
131 139
60 22
10 104
68 42
14 116
102 150
91 90
100 76
31 30
56 129
121 145
128 106
147 28
88 24
138 127
47 77
48 141
36 21
99 61
40 138
89 21
34 97
71 38
34 131
147 117
78 137
125 127
140 139
35 40
14 149
55 48
132 60
131 85
116 101
117 113
11 85
79 52
23 30
143 99
103 62
116 17
4 34
143 41
69 56
100 57
43 30
108 5
8 33
66 103
128 9
83 94
54 56
59 49
4 19
113 94
25 134
66 2
40 33
68 5
78 99
42 38
101 59
61 11
69 91
102 114
17 62
3 64
103 8
139 85
89 15
81 1
116 138
32 95
120 145
100 147
148 137
140 48
103 58
81 143
53 139
40 82
124 101
75 115
119 2
34 142
120 49
43 130
95 150
147 109
5 141
112 30
59 5
75 35
130 22
101 129
80 67
10 84
37 60
28 49
116 40
92 19
102 129
128 96
145 56
8 52
51 134
75 130
32 22
62 57
63 50
107 111
146 105
81 89
119 85
43 96
69 103
23 47
139 49
66 90
64 1
100 131
109 18
97 6
54 3
69 28
102 52
71 114
55 65
50 111
64 51
47 96
80 143
122 16
139 46
14 56
68 122
17 129
133 77
67 107
98 81
150 20
71 137
68 136
133 60
110 70
122 85
130 44
142 134
55 118
116 76
17 41
53 115
2 16
23 48
124 30
75 39
66 80
4 1
26 42
14 38
120 51
111 30
89 12
113 5
114 127
74 72
143 64
100 93
75 66
55 33
54 33
29 45
37 103
41 15
145 5
130 57
7 22
112 70
31 29
122 5
35 49
15 127
37 89
66 6
26 40
66 126
112 56
11 52
110 12
50 72
75 139
7 20
136 65
15 21
104 97
59 51
125 95
148 12
75 84
80 62
28 73
97 141
148 106
140 1
98 6
81 48
54 150
72 138
35 67
25 95
80 38
35 66
142 105
103 150
7 113
66 107
123 69
128 89
55 103
92 103
90 33
4 64
31 20
147 81
7 94
125 137
47 52
36 139
99 115
125 84
61 8
67 11
120 46
124 131
112 72
80 141
104 90
54 101
148 66
71 99
83 89
67 20
119 97
75 76
74 104
34 15
19 95
60 11
143 84
103 134
34 143
68 16
55 127
81 52
148 139
100 18
55 125
98 90
21 115
9 106
37 62
43 40
4 87
4 11
147 86
144 45
80 115
148 112
146 49
68 124
63 30
31 115
53 51
93 105
103 70
143 112
98 17
136 20
31 109
27 51
58 84
140 67
34 103
58 93
133 134
92 8
43 105
19 76
124 145
54 73
72 56
133 111
99 52
92 66
84 1
36 150
87 12
35 123
100 58
113 85
48 82
50 77
125 18
66 88
126 22
119 11
72 106
47 60
50 81
43 64
53 108
17 20
36 65
52 57
74 70
89 5
138 57
42 41
92 2
124 34
109 39
143 88
37 110
130 20
29 61
117 41
125 139
145 88
63 131
80 97
119 27
148 50
106 105
146 91
117 59
23 127
25 89
120 146
61 144
132 146
144 138
82 18
144 150
125 59
23 94
124 52
129 49
9 56
7 13
23 20
114 110
148 13
23 29
101 91
133 135
35 145
140 24
14 95
72 51
47 87
35 103
116 33
135 74
71 11
147 42
103 131
125 81
4 35
136 145
81 33
7 46
89 127
10 51
122 73
37 147
97 150
114 106
80 99
124 83
70 6
110 38
27 99
23 93
50 99
143 22
145 105
75 83
128 13
76 46
2 74
89 19
32 81
138 111
7 130
131 52
107 18
41 85
149 39
145 1
102 106
133 80
77 16
132 19
145 107
21 45
75 102
101 105
102 134
126 129
27 49
125 117
55 85
58 27
9 12
126 76
19 70
7 90
107 57
2 145
115 1
59 33
25 45
102 55
150 46
149 138
132 24
26 13
31 127
8 38
2 21
21 39
128 23
34 109
59 20
60 139
100 125
65 24
48 138
84 44
60 10
67 33
32 1
137 107
15 82
40 30
112 41
31 40
34 64
23 49
74 90
148 107
146 8
31 123
54 60
12 1
61 46
100 28
4 95
140 137
27 18
112 39
148 96
40 18
116 58
72 73
137 11
112 76
143 108
29 138
67 6
53 89
47 16
40 57
68 118
121 99
125 52
129 6
137 21
147 98
10 36
121 89
128 35
42 80
100 116
123 51
107 115
5 20
129 73
110 85
126 39
58 51
145 111
53 113
78 139
54 105
75 12
80 130
9 84
91 45
130 19
25 111
92 6
137 8
128 19
26 98
61 30
35 33
128 80
47 135
140 30
118 111
77 95
10 143
129 96
14 55
95 20
51 118
95 1
102 135
59 138
40 48
75 38
43 34
108 33
6 1
120 131
37 144
72 62
133 35
67 143
56 95
4 131
76 141
146 46
128 25
22 91
102 141
50 62
89 36
22 45
28 95
3 134
113 127
60 121
117 144
23 143
128 28
80 94
31 101
113 134
66 114
132 89
54 84
31 141
136 138
59 24
142 12
66 46
34 3
29 145
116 146
136 105
96 138
10 46
54 121
72 27
116 27
99 48
103 20
65 79
60 104
29 22
9 126
92 124
147 72
7 29
42 20
112 109
132 117
4 36
136 59
147 85
25 29
148 34
39 90
26 10
10 82
43 106
88 85
64 38
104 65
89 6
131 111
60 106
22 33
4 127
132 47
140 39
121 76
80 145
139 96
50 91
80 39
60 123
43 67
37 76
78 143
21 88
103 76
90 111
80 82
38 142
43 114
10 6
54 138
43 24
125 62
28 51
77 84
7 73
118 105
14 27
23 11
83 140
21 38
101 64
42 141
50 143
64 20
10 57
91 115
72 107
54 31
19 56
146 12
29 112
133 28
87 108
98 56
40 111
140 108
54 68
71 67
34 81
122 139
55 106
82 20
43 108
96 82
10 45
101 137
131 93
103 18
50 94
143 1
47 46
88 44
71 101
54 51
14 52
4 9
137 57
4 38
90 138
133 76
52 90
60 12
64 21
3 27
2 24
140 45
53 28
48 18
10 62
82 44
4 114
122 51
86 80
133 2
100 114
131 70
54 55
124 24
80 53
135 99
116 57
92 107
146 58
135 120
66 94
36 45
49 73
108 115
69 137
48 56
29 44
66 87
54 130
3 61
47 139
119 108
103 89
111 52
135 91
83 123
121 139
47 116
107 38
133 141
77 27
87 15
121 8
128 1
63 76
74 18
146 97
114 21
50 30
14 58
13 66
26 33
13 2
92 39
74 48
99 57
126 12
103 17
20 30
119 122
29 62
102 42
136 76
43 93
5 8
16 46
6 105
102 108
113 110
81 117
81 8
71 95
90 46
92 55
54 96
4 65
16 91
119 117
103 114
100 61
89 106
13 30
35 55
67 106
110 111
1 85
139 111
116 109
141 105
93 15
63 53
143 96
112 87
122 93
114 28
117 87
74 97
13 10
25 52
123 103
32 84
140 146
26 63
116 103
17 22
98 36
2 40
119 142
83 129
28 134
53 70
100 38
37 56
75 29
102 10
2 141
137 49
86 76
27 139
139 24
66 51
61 110
43 132
10 103
111 73
71 10
137 52
136 141
148 5
43 53
23 134
128 138
68 61
143 139
75 124
116 82
68 150
25 12
68 2
147 12
127 111
148 15
132 93
150 22
125 91
66 29
133 16
83 107
123 112
66 118
3 38
143 33
58 62
64 87
59 97
27 149
131 138
114 19
14 137
78 95
98 73
3 105
119 33
119 40
26 20
13 86
26 82
32 134
59 73
102 97
5 84
53 145
19 142
26 95
22 118
3 131
16 138
35 137
105 52
92 104
93 24
31 48
71 53
148 32
68 106
84 18
54 134
96 33
79 24
89 56
126 88
140 105
120 94
149 91
66 24
31 126
98 5
27 93
92 42
65 45
55 89
38 30
140 93
54 21
100 27
112 46
100 87
9 58
147 116
4 138
26 49
3 88
37 74
131 15
102 24
123 106
67 62
69 107
43 77
55 93
97 88
62 110
65 88
121 19
16 111
78 144
3 44
82 1
66 22
111 88
148 105
4 5
112 104
122 94
60 18
83 138
90 85
140 29
149 57
48 139
4 150
146 93
66 44
106 52
95 110
60 46
71 149
62 111
80 149
77 142
120 62
119 55
150 6
131 38
78 70
143 113
35 99
14 34
89 39
135 147
147 130
125 67
32 122
86 24
63 94
7 86
35 108
135 112
148 77
25 145
23 4
130 64
55 46
35 130
140 46
8 85
38 73
124 76
81 129
133 15
55 52
13 135
102 58
55 6
17 84
124 140
58 127
55 62
106 1
25 91
148 125
80 48
87 5
42 113
7 31
14 104
9 139
69 64
134 20
9 149
53 137
123 11
117 22
120 6
4 13
29 106
67 88
16 79
113 24
136 33
92 121
37 6
45 1
26 148
48 70
43 138
126 144
98 84
49 115
3 90
23 64
43 31
54 120
128 82
119 101
68 48
34 116
6 73
71 3
7 132
150 142
4 6
47 86
116 99
120 19
35 147
16 48
83 87
58 94
109 115
71 146
109 5
43 117
141 91
78 145
89 139
145 85
111 82
77 72
13 134
10 88
80 109
148 142
99 127
36 90
29 18
5 41
29 46
137 110
68 101
78 39
4 25
140 123
129 106
132 123
41 44
140 106
21 127
125 65
71 132
64 105
13 11
49 96
118 57
8 129
78 109
131 48
107 24
82 45
28 64
93 115
77 94
31 24
71 83
94 141
103 2
87 11
10 74
99 51
83 38
81 58
50 11
62 46
100 117
71 27
137 6
7 123
80 74
90 30
13 20
115 20
54 83
123 90
67 40
19 127
50 58
92 81
10 2
5 6
135 80
125 61
31 49
91 138
89 134
125 97
133 115
87 139
117 94
3 94
94 111
133 12
8 46
147 18
71 104
50 65
54 10
70 106
140 110
40 64
140 144
45 24
122 118
98 123
89 110
112 142
10 120
26 129
142 127
61 87
81 130
141 111
36 46
5 39
124 113
14 81
70 76
40 89
28 115
75 141
116 85
29 6
55 17
99 8
10 96
128 148
35 91
117 30
4 94
23 115
75 78
123 45
128 22
121 85
107 17
13 69
10 28
110 1
145 74
98 21
63 148
48 149
144 49
28 84
58 73
16 85
140 53
101 95
99 45
43 141
23 57
133 32
25 13
89 64
89 45
75 14
69 44
124 20
135 95
98 58
35 114
118 73
36 1
42 109
89 52
3 79
83 112
123 36
47 127
133 145
47 123
31 6
109 87
4 70
34 150
140 16
102 87
80 15
132 28
112 113
17 141
119 3
8 41
12 33
94 79
120 137
5 90
59 141
95 15
4 142
122 21
42 30
53 12
107 84
129 82
23 27
132 107
68 3
42 88
7 98
92 38
50 95
66 84
143 142
123 146
23 149
14 100
101 38
7 144
66 19
124 104
31 17
40 38
92 102
8 30
68 22
147 121
123 82
55 39
149 5
100 24
125 142
28 19
29 74
7 33
3 11
132 45
34 98
100 16
98 145
92 94
136 69
122 8
25 10
7 15
129 91
66 86
98 16
57 82
141 18
58 114
107 149
7 140
9 120
55 98
77 90
141 73
133 92
122 22
126 27
81 46
52 30
40 94
102 81
48 52
119 82
75 95
77 104
52 24
94 24
132 20
97 30
112 84
47 50
98 114
122 146
133 130
40 45
99 5
110 118
114 137
17 46
54 110
2 1
26 86
136 15
25 106
49 6
80 65
121 53
124 28
128 95
81 96
140 103
147 80
63 40
63 57
136 148
29 40
55 82
56 106
2 6
125 58
13 39
147 62
79 1
137 108
99 137
133 104
110 6
71 36
97 12
123 118
104 52
68 1
63 66
116 45
80 134
37 98
40 20
114 65
123 108
132 99
70 46
135 11
115 45
62 84
148 79
3 18
47 102
128 99
132 67
99 16
103 48
72 8
90 24
124 103
122 88
59 134
26 137
102 38
32 55
112 144
7 85
92 31
14 124
98 118
65 111
86 67
77 40
37 121
47 45
31 33
60 1
77 108
148 113
86 126
29 93
16 90
58 142
133 86
125 6
7 38
32 6
112 1
122 115
28 52
60 3
149 150
8 127
64 149
27 84
102 82
143 46
66 113
61 91
104 79
27 94
112 129
67 52
37 63
116 8
144 19
100 126
32 38
98 106
43 83
87 96
132 78
54 80
107 97
147 107
62 118
14 65
9 42
146 138
94 96
80 27
60 57
112 38
145 30
74 19
32 24
43 39
23 24
94 6
132 77
37 29
33 82
101 112
131 17
130 30
60 20
3 49
114 108
49 46
93 46
78 12
119 86
58 8
32 80
148 130
54 48
60 19
147 126
25 11
101 65
23 13
9 30
13 107
8 57
19 73
51 22
37 125
9 59
81 11
78 131
31 94
136 35
77 5
98 22
19 111
26 30
31 77
132 142
48 1
39 45
42 74
113 118
68 25
75 42
77 86
13 123
79 88
43 122
71 32
95 73
140 22
47 58
13 5
98 45
106 45
137 96
55 104
128 75
135 49
26 108
141 96
77 105
92 98
112 106
136 122
103 145
147 115
43 20
135 66
51 115
66 115
112 61
13 98
71 107
43 1
119 115
143 130
102 101
71 55
14 69
70 5
14 120
122 15
41 88
22 115
115 111
71 92
17 91
11 51
50 45
87 57
47 9
86 117
36 111
118 85
14 140
149 97
13 111
8 90
29 150
128 58
56 76
35 30
64 118
87 141
70 38
43 15
47 61
100 8
89 44
13 78
122 131
60 76
66 97
117 52
94 88
140 150
135 113
124 144
23 45
2 65
60 27
32 10
125 89
107 90
86 38
42 112
90 82
103 36
78 84
31 2
146 111
109 113
53 150
132 139
150 111
132 51
53 61
71 143
121 20
92 15
122 28
136 44
130 1
75 87
122 134
32 3
128 69
14 102
77 107
148 33
144 106
31 122
114 62
133 38
56 44
91 84
11 90
145 52
102 145
63 138
3 20
37 132
35 124
78 49
122 64
128 105
25 125
148 22
19 44
66 20
64 49
9 37
71 134
54 25
76 90
139 5
40 12
128 16
145 91
92 105
137 20
123 52
67 5
107 76
47 4
74 79
104 95
31 108
40 41
128 120
53 86
19 21
76 115
146 18
133 53
49 45
77 144
92 126
66 138
55 90
98 138
41 105
135 107
117 79
37 73
116 131
63 111
23 95
15 134
25 22
63 103
131 113
72 108
95 21
43 33
109 1
38 91
29 139
117 65
95 41
60 135
95 12
99 87
117 106
23 55
61 51
65 49
121 142
68 52
59 41
23 135
99 20
10 94
88 84
80 110
29 33
35 21
40 19
68 78
87 33
135 94
92 141
119 34
129 46
26 56
98 144
98 61
43 50
47 109
15 6
125 114
83 19
116 56
36 97
92 67
5 52
148 44
68 84
74 44
55 107
120 88
13 61
17 6
4 116
66 67
92 52
7 88
78 25
31 139
13 104
71 110
126 87
122 3
42 69
28 18
13 42
146 96
2 3
63 143
132 94
50 28
59 139
77 41
59 118
117 88
6 46
43 89
74 11
63 47
66 17
114 11
8 150
78 15
109 24
43 56
81 67
11 150
74 87
35 106
35 34
4 99
121 80
2 98
66 95
112 16
66 56
133 147
112 90
116 140
103 3
96 6
120 123
110 127
19 30
102 94
23 9
13 27
126 24
68 45
126 74
60 36
50 125
126 114
119 147
81 101
83 69
7 3
3 109
60 48
103 127
98 113
137 36
62 150
54 1
112 51
103 6
32 20
137 105
61 41
117 51
113 59
135 53
60 95
148 118
10 17
23 53
26 9
126 44
101 46
103 87
5 82
71 13
58 56
9 96
10 111
102 107
96 84
124 27
99 85
101 51
111 91
50 93
69 89
25 79
68 17
19 41
55 111
128 33
83 81
32 90
35 58
60 138
69 144
124 115
16 8
101 150
16 142
92 12
70 33
107 30
71 97
47 57
136 31
95 6
7 82
5 1
67 82
121 15
139 115
126 49
37 116
86 3
7 135
79 22
4 143
104 111
145 73
57 44
28 79
71 26
54 75
87 82
67 134
122 89
86 6
1 73
128 70
29 48
20 1
72 113
11 91
133 57
121 137
145 57
23 59
70 84
119 59
40 129
98 107
54 17
25 3
81 64
75 17
128 10
132 103
123 142
65 73
75 21
75 108
116 1
79 105
40 22
149 94
3 91
40 142
141 84
121 146
25 32
56 118
112 73
27 21
16 36
146 6
95 8
133 136
7 99
37 96
71 109
35 70
100 60
111 1
10 113
23 17
50 19
39 141
150 105
61 48
35 129
60 91
103 16
127 134
53 129
136 48
13 87
102 17
76 44
43 61
10 106
145 96
17 96
142 85
128 116
131 57
117 150
87 44
10 114
43 69
35 90
14 12
133 29
26 27
34 73
120 113
23 114
25 82
148 41
6 88
130 111
3 129
92 117
112 19
132 38
67 76
10 64
77 115
117 110
147 6
148 123
72 76
119 80
7 27
34 80
25 57
29 141
3 74
62 11
99 65
138 105
68 92
16 118
9 90
37 20
72 94
36 22
96 106
107 141
125 86
100 46
126 115
135 96
27 105
149 20
54 37
92 20
25 88
101 48
25 139
66 3
31 80
55 99
23 81
110 51
128 36
75 58
78 135
71 58
100 59
18 73
68 35
27 24
10 58
56 108
26 89
86 98
98 72
118 41
43 95
34 110
53 64
65 17
12 6
71 78
10 124
69 46
143 65
75 149
68 99
140 131
54 133
122 97
7 109
43 58
68 33
14 10
25 50
117 149
86 36
43 128
116 142
127 88
72 88
19 105
48 30
31 1
97 8
112 45
74 142
9 3
60 85
100 11
43 92
119 28
135 17
78 150
9 32
75 56
47 131
64 5
54 114
69 39
32 85
78 81
139 138
109 64
109 111
92 22
4 52
14 11
31 121
43 139
92 138
42 121
63 19
7 102
86 28
92 28
32 107
14 32
126 16
26 21
49 84
61 70
120 12
141 142
55 122
43 11
75 121
117 85
64 57
9 77
146 113
78 83
37 13
136 30
138 30
122 106
92 144
147 1
41 57
146 141
42 87
63 146
60 129
108 20
16 20
13 56
40 46
70 57
31 3
69 87
21 105
86 16
61 19
25 80
99 19
133 96
140 85
55 143
131 16
26 66
101 108
116 106
64 22
128 34
9 94
40 65
89 46
68 148
107 134
13 21
70 44
13 33
120 61
60 30
31 27
66 15
131 56
28 17
10 122
58 88
78 52
80 73
44 30
72 30
74 17
35 16
49 90
64 94
74 30
95 52
6 30
47 113
71 85
102 45
132 18
34 146
14 60
124 56
47 136
35 79
25 70
96 91
55 72
104 70
14 84
78 138
121 114
34 106
119 21
110 5
22 127
54 86
135 125
31 104
8 134
23 133
114 96
37 134
70 141
133 1
80 88
42 131
43 146
37 66
23 102
135 2
9 27
94 33
33 24
145 142
7 59
114 52
32 36
2 28
119 47
109 142
44 33
71 88
54 112
94 138
126 72
80 45
47 13
120 110
147 15
53 82
35 59
140 112
121 16
95 142
116 52
13 76
59 70
53 8
78 44
25 107
75 60
71 5
129 84
14 50
36 59
110 8
32 45
74 41
136 120
39 33
80 127
97 24
71 80
135 97
144 76
81 5
19 107
137 90
132 95
120 38
3 111
141 57
136 140
117 105
32 82
80 5
89 118
49 21
36 8
60 116
102 140
26 47
78 59
23 147
137 48
34 24
86 113
58 112
137 41
71 73
79 18
86 129
94 90
131 49
13 51
125 110
115 105
42 2
104 64
27 48
43 12
147 67
3 65
58 82
41 45
32 97
92 3
70 1
119 17
59 105
143 106
121 3
8 18
89 144
125 85
11 105
63 112
117 108
91 52
117 138
102 98
78 79
136 75
34 82
68 94
144 11
100 112
124 22
124 38
15 118
133 91
55 41
108 105
132 80
131 6
54 93
42 3
107 96
100 51
123 21
10 27
48 87
146 21
79 129
72 39
27 52
40 104
13 88
39 82
2 114
101 18
146 107
75 113
135 127
101 45
26 54
9 108
109 90
130 70
66 143
126 109
94 20
87 6
26 123
135 124
110 49
135 115
52 73
122 44
132 105
124 108
105 84
83 141
62 24
13 32
130 79
97 49
144 24
7 62
69 24
75 19
131 22
43 51
63 110
20 18
2 38
147 144
29 97
123 131
53 76
98 40
133 81
19 18
29 79
145 24
113 65
14 99
93 56
66 141
98 46
3 8
114 41
2 109
44 1
97 91
36 108
29 21
124 58
66 149
34 36
70 91
145 67
60 39
47 89
4 27
145 150
48 38
110 20
41 20
74 138
50 147
128 85
48 115
113 20
100 53
97 18
65 108
66 116
66 91
139 82
62 12
108 90
111 134
139 76
14 59
140 70
133 105
137 56
55 70
132 53
32 123
89 141
77 103
23 34
117 97
133 56
63 145
100 55
103 99
120 105
37 12
96 30
9 85
100 145
34 22
99 142
4 58
2 18
40 115
60 15
76 150
79 90
147 52
26 101
101 52
71 96
108 8
54 126
60 108
60 113
71 123
64 52
32 21
101 127
63 118
34 58
131 33
132 150
112 57
45 134
86 130
9 112
26 103
32 131
40 17
81 113
130 8
47 97
108 82
103 144
50 86
19 33
146 39
125 70
120 27
132 134
100 1
75 143
25 113
54 8
71 59
26 114
72 12
110 150
53 109
130 38
19 24
121 5
87 46
40 126
1 18
76 84
102 73
143 6
43 57
83 150
56 73
23 91
147 22
9 73
13 55
68 65
69 109
84 111
93 82
90 1
119 71
30 24
89 138
143 52
71 72
136 29
41 18
116 6
42 72
124 70
132 81
93 59
36 24
61 127
128 104
68 112
123 139
4 118
132 16
43 150
126 20
80 64
58 39
86 64
36 49
78 24
107 70
123 89
68 56
2 5
88 12
56 5
69 51
65 96
13 131
54 107
98 18
128 122
72 142
124 90
61 118
107 91
50 113
16 88
130 99
98 97
144 41
114 105
44 90
35 127
63 144
140 80
88 45
77 137
38 90
120 3
123 67
98 134
4 3
122 137
31 38
35 121
102 29
89 150
67 113
147 33
147 137
52 1
133 19
58 74
97 21
149 41
100 148
136 1
144 113
7 103
132 52
109 107
47 64
92 65
47 75
99 33
146 85
41 22
77 58
107 15
117 6
121 21
10 53
31 90
22 15
75 30
40 73
76 24
78 5
123 72
2 150
143 12
119 137
47 100
5 38
29 28
122 126
124 73
100 139
92 145
34 101
67 129
67 28
59 91
81 115
65 6
66 11
32 16
124 39
16 30
146 16
13 41
128 3
145 104
120 44
13 149
78 64
72 17
133 74
145 28
37 131
48 150
103 106
39 15
66 101
29 101
78 32
100 135
132 129
123 91
35 46
109 38
123 41
128 51
57 105
107 45
135 116
135 114
96 12
68 140
93 110
66 38
98 57
66 48
146 118
58 17
81 97
117 46
3 21
90 6
9 40
55 73
89 105
3 22
148 3
119 13
119 138
87 30
94 39
109 76
78 115
41 150
86 134
68 79
79 85
107 138
143 149
137 12
136 135
63 61
37 141
58 108
7 49
116 74
149 108
6 134
145 134
37 84
116 115
150 91
5 134
62 49
133 132
58 106
27 104
135 126
13 97
72 109
123 18
53 106
14 98
10 126
104 93
18 30
145 51
149 96
119 131
148 80
19 129
26 53
104 141
60 122
139 1
119 39
142 111
108 94
42 6
78 67
19 139
124 81
108 21
118 21
21 84
109 134
42 145
100 144
64 110
106 46
95 115
92 149
78 85
9 111
25 103
73 24
68 135
100 120
117 112
68 120
130 24
125 83
35 62
78 148
42 24
136 50
26 45
63 83
149 110
136 130
42 73
37 27
79 141
150 88
26 5
67 144
50 10
61 111
42 111
2 70
12 73
66 64
72 19
27 79
88 73
51 12
132 88
136 84
91 18
2 20
122 104
80 18
116 38
61 72
144 84
97 118
147 59
49 88
89 41
4 53
55 38
129 88
3 142
60 53
50 141
147 40
32 44
144 143
78 30
64 129
92 108
104 51
43 88
43 99
98 143
113 84
120 129
71 111
80 108
71 130
75 77
47 149
86 88
53 57
50 57
144 108
2 89
119 4
103 11
41 30
69 52
112 17
102 144
21 85
100 64
42 1
115 24
4 134
101 114
110 138
99 111
117 45
58 115
50 140
132 76
71 68
50 122
122 114
99 1
125 34
9 130
58 44
124 120
54 85
102 116
146 36
38 127
25 1
15 38
29 19
54 40
79 91
42 150
117 8
81 103
135 33
84 12
3 56
87 49
114 17
87 91
133 11
145 137
54 140
56 38
123 44
16 6
132 109
133 93
25 58
66 58
61 49
13 108
126 149
106 57
35 146
98 38
101 85
7 100
9 22
145 101
135 12
137 88
37 31
83 130
43 142
69 127
40 105
95 84
86 110
9 80
119 76
40 72
137 18
132 90
32 62
68 113
63 90
147 108
63 1
74 27
36 39
36 107
119 29
125 109
35 87
3 62
35 116
136 36
64 150
123 99
110 108
34 122
28 5
25 129
16 127
122 117
28 59
35 144
89 113
79 30
66 12
83 127
143 109
89 57
35 69
2 149
4 86
108 18
98 122
57 20
31 11
109 141
29 96
96 127
144 27
38 88
13 122
88 1
129 38
140 11
26 83
10 30
71 14
3 82
81 20
72 79
116 2
37 94
132 73
43 121
42 142
14 89
83 121
50 138
98 33
97 90
40 56
92 64
7 111
70 142
50 29
32 73
103 138
69 80
55 96
26 146
80 56
140 74
125 121
50 66
92 11
47 10
121 86
141 44
94 97
50 115
143 76
54 57
117 70
100 73
114 46
37 33
10 24
99 149
95 138
54 24
13 85
117 134
13 150
120 17
109 62
148 38
36 141
50 116
14 6
117 38
98 142
10 105
43 25
14 126
146 61
89 24
114 8
55 83
57 115
112 111
80 131
145 129
43 144
26 150
55 112
5 111
120 28
16 41
148 51
72 118
63 74
68 149
56 138
55 124
119 150
137 85
29 2
63 92
123 74
23 116
74 22
26 22
105 20
87 150
7 149
53 141
58 36
2 84
128 47
92 48
132 70
139 52
78 91
148 76
53 97
25 6
28 21
27 62
43 14
71 25
141 115
67 36
99 46
69 15
43 63
136 10
61 138
10 118
68 12
131 134
136 77
122 6
128 18
40 74
92 97
67 84
128 30
68 146
55 2
77 76
13 144
88 18
93 22
122 110
86 56
23 101
115 52
47 3
53 123
65 149
116 67
47 25
64 141
149 88
74 8
101 40
107 11
50 38
130 93
77 129
77 139
10 83
83 114
10 69
62 88
67 61
78 38
9 38
98 64
98 141
60 89
133 33
27 46
80 76
147 146
55 56
67 27
98 93
102 139
149 11
44 115
81 137
43 123
130 137
80 84
106 115
78 14
34 130
123 15
130 87
28 82
43 6
116 3
23 129
97 127
118 84
68 49
42 22
76 22
78 111
42 134
26 41
120 16
77 22
54 118
32 113
14 3
93 137
126 28
75 134
54 6
11 6
67 16
132 54
122 41
50 44
107 5
102 117
48 21
55 20
37 14
66 129
78 33
131 30
19 106
77 122
46 134
71 102
47 117
42 16
136 150
47 12
47 68
83 109
104 129
135 46
119 91
117 99
56 88
100 5
22 44
35 51
3 48
48 45
58 139
133 87
27 82
86 40
17 142
51 84
140 141
9 143
142 88
131 127
93 44
144 127
139 84
122 141
147 76
35 44
107 20
41 1
23 89
25 147
2 94
28 91
121 123
117 115
60 73
34 17
58 11
55 114
27 141
66 117
2 91
95 76
147 8
50 24
139 150
128 66
29 69
25 67
149 30
47 107
33 6
120 143
58 96
50 84
58 95
148 8
35 28
124 109
148 70
95 97
102 3
131 64
29 118
131 109
139 39
125 1
19 8
36 127
79 38
32 46
31 91
25 36
37 77
39 91
76 38
125 16
100 33
16 73
77 138
48 106
7 54
13 82
77 111
29 16
118 6
43 28
92 50
145 48
66 57
68 37
47 40
130 51
133 140
121 67
16 96
27 44
122 57
71 17
69 117
68 69
133 3
101 6
147 48
2 142
59 111
47 49
34 145
31 98
113 45
48 105
114 39
147 69
107 51
31 5
67 131
72 48
32 33
40 24
32 137
81 72
60 86
19 138
89 82
55 87
71 16
87 38
76 6
23 83
75 74
92 72
51 127
4 73
62 1
62 138
117 90
4 137
150 24
37 104
119 126
80 22
140 104
102 34
122 74
7 125
128 15
43 3
133 148
114 141
140 107
19 36
87 127
17 24
102 61
23 142
109 21
6 57
100 2
2 126
65 44
83 59
132 6
9 123
68 144
131 106
78 1
119 22
58 118
149 134
109 105
130 6
107 8
81 15
77 74
136 12
110 76
100 137
128 117
126 139
110 84
145 149
80 85
83 96
7 93
7 143
27 22
13 139
97 115
122 65
32 118
63 136
119 10
25 99
16 113
135 45
98 109
77 70
122 87
109 127
62 33
39 20
81 87
125 87
4 15
133 146
133 50
96 46
89 108
51 57
24 134
48 96
70 134
7 37
75 125
13 110
5 96
124 50
144 141
50 117
133 70
94 49
34 87
96 111
132 104
135 81
55 19
4 31
101 149
124 134
50 98
78 122
34 117
147 36
92 40
3 118
47 144
7 96
83 2
78 55
86 149
60 64
125 103
87 56
83 39
26 28
40 36
145 112
26 117
68 75
54 147
140 84
70 127
5 44
89 99
143 24
100 56
60 114
100 111
34 6
23 69
149 12
119 46
108 85
139 79
86 142
100 15
149 49
49 105
60 117
144 134
119 66
71 135
140 127
3 106
31 15
133 59
54 30
28 150
130 127
47 93
93 73
147 53
78 57
42 45
136 134
77 140
51 79
147 64
40 6
121 59
78 36
60 118
78 102
31 72
51 91
16 76
23 65
104 73
48 76
81 149
53 130
23 85
61 105
120 45
7 121
93 6
41 115
69 104
75 81
48 20
63 25
26 46
73 20
10 125
133 8
26 124
68 19
132 145
17 106
66 69
41 91
2 134
143 5
56 139
23 5
125 96
136 106
144 87
40 28
101 30
53 126
83 28
120 67
76 106
101 94
121 144
83 84
78 124
147 49
113 138
131 5
112 6
95 108
70 82
40 15
86 46
35 118
59 96
7 8
31 69
61 109
68 82
136 92
135 44
79 115
132 62
16 105
119 104
2 73
29 67
13 24
83 33
122 67
98 89
79 12
2 69
7 11
116 90
117 93
133 66
145 87
63 105
96 39
114 95
143 137
119 133
80 112
135 106
93 36
34 62
49 12
32 105
104 56
9 116
109 94
32 145
35 2
128 114
15 115
109 56
3 101
43 94
22 88
42 107
103 38
97 45
147 129
26 69
137 45
65 48
123 16
148 16
93 64
74 52
26 109
105 44
28 105
65 105
93 91
150 138
15 96
149 52
143 107
139 88
64 97
47 92
83 40
54 125
16 56
58 1
29 94
124 93
123 96
67 97
135 105
3 15
146 101
143 45
11 139
47 80
70 97
56 20
119 96
83 146
108 111
81 44
54 146
48 129
101 134
31 74
27 96
89 91
32 108
89 137
102 123
125 24
31 146
47 8
7 78
67 108
107 44
48 62
89 79
34 70
147 38
7 108
23 100
31 143
94 21
63 123
47 121
58 104
40 131
28 90
67 17
146 114
68 96
54 59
16 5
143 62
71 22
114 15
146 30
43 91
114 18
135 39
122 62
143 15
89 67
144 137
145 40
23 106
8 21
102 124
47 91
125 88
76 57
121 17
145 114
104 20
127 73
56 97
32 64
22 24
136 143
9 117
133 149
37 51
62 52
81 45
40 113
71 133
50 1
129 115
101 70
136 27
36 20
81 134
37 55
121 27
10 138
71 145
92 44
113 41
47 38
97 106
5 22
148 74
137 138
150 44
3 46
26 140
133 123
43 5
50 127
14 134
109 8
145 8
75 140
33 30
32 61
119 60
81 91
131 144
130 115
28 85
126 111
31 87
50 40
89 87
48 17
43 84
13 14
47 20
75 16
113 111
132 149
102 83
99 79
81 41
71 21
140 145
139 18
34 89
147 122
139 51
32 51
113 90
60 93
122 12
4 74
140 86
82 30
143 141
13 67
10 44
28 56
21 91
149 79
101 110
72 134
55 117
87 1
132 63
43 23
32 34
83 101
70 111
116 36
93 12
128 40
100 104
142 41
53 38
141 33
69 74
26 70
26 106
2 115
53 19
74 112
86 45
117 114
60 33
50 42
74 115
139 73
7 129
21 6
98 115
119 93
37 122
69 65
37 88
23 118
123 59
37 34
71 116
130 150
79 33
130 85
80 79
29 90
135 28
117 104
135 76
14 93
62 94
59 85
14 108
110 88
48 127
144 12
100 95
148 97
111 85
62 127
2 146
147 39
147 24
2 93
58 107
64 70
126 105
68 32
69 27
86 30
39 88
128 100
114 104
116 144
80 93
1 134
81 3
69 90
47 76
25 77
33 20
86 21
55 5
63 48
75 138
132 106
23 125
93 141
69 150
14 112
2 49
31 89
60 67
116 62
32 103
99 106
31 22
132 3
144 79
146 134
108 138
32 70
89 129
29 38
112 21
31 140
126 52
118 45
71 48
19 16
102 30
3 110
94 22
77 93
54 45
107 106
83 22
42 34
136 93
78 45
9 48
75 89
77 29
34 115
147 27
31 111
27 57
56 105
81 86
96 44
101 57
37 64
147 57
75 52
37 109
147 74
132 110
14 150
147 99
117 61
131 115
10 87
124 142
124 139
128 77
3 87
43 9
75 126
35 138
40 39
42 48
68 115
92 51
31 124
120 84
110 79
35 3
74 105
145 115
58 101
117 130
31 117
136 86
130 48
11 45
102 39
33 138
145 130
128 50
55 105
35 126
14 118
135 58
132 120
92 91
59 45
63 124
144 1
29 109
89 11
34 84
54 141
2 107
25 62
47 41
59 46
25 135
9 35
104 17
51 150
43 74
63 24
69 130
97 84
123 30
120 70
130 104
67 95
133 131
54 53
50 102
14 106
27 110
54 52
71 106
99 76
133 42
68 58
3 139
148 109
47 134
135 118
136 139
83 82
120 76
145 39
23 92
66 53
86 20
61 88
59 127
2 95
147 123
63 106
60 142
31 144
121 62
35 10
148 21
126 36
132 144
77 117
42 138
100 94
69 141
4 30
58 138
54 78
83 56
16 149
60 145
123 58
148 121
23 150
102 18
109 15
11 49
10 22
46 30
133 17
46 73
66 144
132 118
14 28
118 20
59 30
58 131
37 53
3 93
77 143
129 30
10 116
94 134
15 106
71 4
71 2
39 18
7 97
68 8
36 17
7 148
2 82
53 95
136 142
22 12
27 97
2 122
23 67
25 112
4 76
29 143
50 82
71 64
43 101
119 45
67 104
86 143
35 50
9 147
146 73
56 15
98 130
128 145
37 38
63 130
100 141
146 5
32 111
77 64
83 21
63 95
146 126
149 15
42 58
112 88
27 130
71 1
93 17
121 69
123 149
78 22
89 28
13 125
102 110
43 7
50 90
61 6
23 104
141 127
72 65
55 86
68 41
141 85
4 69
128 32
132 130
72 150
100 92
147 2
123 6
72 95
124 46
66 131
86 17
142 45
114 61
103 61
147 103
104 57
76 15
124 61
123 8
63 73
42 46
102 20
133 34
51 105
13 12
54 104
54 113
57 90
39 111
126 96
131 110
77 38
100 124
47 74
34 137
51 41
3 70
43 124
133 100
23 139
14 86
78 60
32 129
75 49
84 57
61 113
106 44
8 44
148 91
115 138
50 12
13 49
128 108
102 2
81 106
81 127
19 48
62 115
69 70
25 64
46 20
4 107
93 134
2 113
140 96
140 6
101 39
9 86
108 44
78 117
74 73
140 143
121 64
147 70
131 1
54 79
86 146
140 58
148 35
53 101
125 129
7 104
31 46
132 75
53 96
114 70
103 44
77 118
8 24
37 135
32 2
128 6
132 125
110 90
122 46
9 20
14 2
23 2
113 46
40 21
55 109
67 59
136 66
111 45
120 22
118 96
89 95
98 99
62 30
120 141
66 139
102 143
140 101
4 135
125 2
10 108
99 41
81 57
119 92
128 137
78 46
60 62
145 110
80 24
90 73
131 105
75 123
112 105
110 97
60 44
128 88
42 44
67 70
50 80
128 126
9 18
140 142
54 58
92 76
15 138
107 41
149 24
105 91
92 125
114 97
67 45
101 15
47 104
101 5
44 138
104 118
136 108
55 88
53 107
75 67
127 6
32 17
92 112
144 95
12 24
34 19
104 127
53 67
60 131
80 21
63 36
32 114
66 81
43 126
63 58
31 10
67 24
35 76
23 72
10 12
77 97
7 110
98 15
109 97
70 22
31 97
101 73
124 138
103 149
68 31
8 39
51 111
114 56
14 139
120 134
10 98
41 127
104 137
17 1
66 18
4 147
80 1
108 91
114 74
63 41
150 39
9 65
26 14
54 38
35 107
7 133
4 120
93 45
150 85
92 131
9 144
10 3
126 57
63 72
124 89
58 149
42 143
100 105
102 122
131 97
25 24
52 20
125 108
53 104
86 116
63 32
100 130
124 88
148 30
40 79
150 1
9 141
19 79
16 108
136 16
69 139
49 52
34 33
63 133
94 1
55 139
147 94
27 138
137 115
126 85
83 142
7 114
4 105
81 69
145 138
66 109
145 79
122 17
35 72
62 149
9 100
79 46
13 15
26 149
72 64
145 16
123 17
49 138
123 1
99 109
137 64
25 149
94 91
113 49
4 18
72 139
63 121
78 103
104 30
94 52
119 23
103 21
114 79
148 62
118 91
66 73
7 122
35 53
101 97
120 20
10 77
42 123
60 21
66 146
107 56
93 118
144 129
65 106
14 101
81 73
86 12
28 139
40 139
13 58
122 142
136 45
117 58
77 20
68 38
144 16
48 110
32 117
31 88
55 76
60 45
15 45
8 79
34 57
121 90
42 93
102 11
68 62
4 44
23 120
2 64
23 117
69 114
28 142
122 101
81 110
131 150
132 9
23 14
104 39
3 39
122 59
9 5
128 119
86 144
145 106
49 134
10 101
34 29
102 85
130 107
78 69
122 108
49 127
77 110
128 144
23 10
69 30
74 76
140 8
102 5
93 70
30 134
13 81
75 137
92 114
47 83
150 127
63 104
23 140
31 129
147 46
139 20
138 52
38 6
53 41
94 57
139 38
128 123
81 108
135 77
9 49
35 61
17 95
95 38
32 42
68 27
69 38
78 93
143 38
77 82
25 138
90 20
117 64
9 54
42 104
56 79
103 143
86 99
86 91
102 84
100 101
146 94
33 1
47 103
51 39
2 52
28 57
98 62
42 115
80 19
35 83
2 53
32 76
21 111
15 33
63 51
101 93
54 77
78 11
99 107
140 138
109 96
25 83
77 146
7 87
121 66
26 143
140 62
10 131
120 24
40 87
29 76
47 15
120 11
55 16
74 15
47 88
