InstanceID
4_40_4
NumObjects
40
NumFactors
4
Weights
68.0079235935741
87.44368931121159
92.40700869281602
92.93362188436957
62.523911932985364
73.72536964322968
26.73581042233799
80.4477516410931
44.34328380889292
73.23803795584212
38.88589512567495
49.55583165349926
53.97510865901833
81.17783064161577
50.722699046215446
41.69909510790926
28.906841743074697
37.65530906728045
28.01458818655609
40.2993319872788
16.992428846217898
85.92225608677752
78.82012859966774
14.83807603795988
35.65712166362027
83.79534555756175
73.46267818124655
59.476110248015715
41.8755275478452
67.32113861862415
3.9378741667074335
23.647197345962123
8.342546392153395
58.2014006809193
70.72989108521752
66.03653721367131
48.350834578774695
69.14027300091001
70.9770462470501
2.147311112683825
Budget
1066.1853316580311
Profits
-13.601584718714822
-17.488737862242317
-18.481401738563203
-18.586724376873914
-12.504782386597073
-14.745073928645937
-5.347162084467598
-16.08955032821862
-8.868656761778585
-14.647607591168423
-7.7771790251349895
-9.911166330699853
-10.795021731803667
-16.235566128323153
-10.144539809243089
-8.339819021581851
-5.781368348614939
-7.531061813456089
-5.602917637311218
-8.05986639745576
-3.3984857692435795
-17.184451217355505
-15.764025719933548
-2.967615207591976
-7.1314243327240545
-16.75906911151235
-14.692535636249309
-11.895222049603143
-8.37510550956904
-13.464227723724829
-0.7875748333414867
-4.729439469192425
-1.668509278430679
-11.64028013618386
-14.145978217043503
-13.207307442734262
-9.670166915754939
-13.828054600182003
-14.19540924941002
-0.429462222536765
FactorLoading_Φ
-0.22964572477762757	-0.02181005864759955	-0.5847225665589633	0.16382165001580962
0.4977127635092291	0.19023003537935113	0.1830908797507822	0.12896632136063757
0.7101728909109086	-0.1909661903322395	-0.05113118049961929	0.04772973825723259
0.07224232414574505	-0.626535560809093	0.2826500366207194	-0.01857207842444253
0.36193394683651436	0.3861753434462605	-0.08390117833558408	0.16798953138164108
0.3682306237341013	-0.06095171500447538	0.5429589326823065	0.027858728579116754
-0.022928659275674113	0.6056255575225726	0.343651179158881	-0.027794604042872262
0.46799378322993346	0.3387962831947877	0.0020557448078855067	0.19115418876739332
-0.35020105717532446	-0.02194251654848589	-0.27784552498984394	0.3500109012863457
0.043310101150138225	-0.18015617561510888	-0.460612678027289	0.3159210452074639
0.20185553881083163	0.002783246908087955	0.42373450334467866	0.37162671093640176
-0.8182187792074418	-0.0875833767140981	-0.0555004265519321	-0.038697417526528
-0.03491387084543285	0.6514399450884676	-0.27317972733063556	-0.04046645673546401
-0.4501428452235514	0.27731590346359636	-0.15417291352717655	0.11836833778567568
0.015368378189577037	-0.6535303886781927	-0.26591647945639707	0.0651847536758332
0.6145291322674888	-0.05743661233158259	-0.22046893340723628	-0.10756532199369229
-0.17633806833499355	0.3104529457337468	0.41437550287788216	0.09883348305337747
0.33983784978548615	-0.35189694303400865	0.04129553060734703	0.2669696765731582
-0.4850785190506046	-0.2388391518945645	0.265741728428061	0.010340600626769891
0.04898396749236622	-0.763567234752947	0.06734594305218966	-0.12010285470249715
0.18388640033344306	-0.20711901835205926	-0.3155191050093684	-0.29347547630512927
-0.17029102485066194	0.030819904176048185	0.40343286637386644	-0.39545620459942343
-0.2955414090244797	-0.34737899939966965	0.2846583895115613	-0.07242120206428937
-0.039901964502224496	0.13989712008200494	-0.13557217311364278	0.6846287423021278
-0.18949968018871766	-0.4990196381269689	0.26737238476140934	-0.04410829692290408
-0.19660403210771027	0.3845562060586889	0.15663848289432836	-0.2622012789392725
-0.524089677451512	-0.28242772249860826	0.0463417643248738	0.14714083572500591
-0.05993120649943284	0.25290612461106887	-0.2725075799640635	0.4146550889254348
0.09016077750498708	-0.5633882209558547	-0.31677549527056614	0.029675506268592056
-0.058096363796879213	0.667151200116628	0.26159621143261647	0.013156224653876336
0.26837490623090887	0.35980419683039666	0.3224459673640543	0.04937492957464018
-0.10592842186934992	0.3964600204550095	0.39406773199521905	0.10354382568042153
0.5883716269856831	0.26263490844944504	-0.14619167844239955	-0.002801786122472283
0.23543212006264302	0.29814683398658737	0.17529659702310751	0.2911244489276621
-0.7272706337460495	0.11620423172310845	0.10346047471736952	0.053064659813472526
-0.04160432418638127	0.26645892732187826	-0.007735124843972985	-0.6842016236477675
-0.2509238944923786	-0.11157881945397774	0.34593171305183357	0.2915655730018101
0.09052907652031839	0.6628611777999822	-0.039625847384956225	0.20698389829474317
-0.12452248424389412	-0.14385419048480141	-0.154936464072726	0.5766868611985785
-0.5838070449687742	0.11419985983445158	-0.2109855379865897	0.0910075572101845
FactorLoading_Ψ
-0.22964572477762757	-0.02181005864759955	-0.5847225665589633	0.16382165001580962
0.4977127635092291	0.19023003537935113	0.1830908797507822	0.12896632136063757
0.7101728909109086	-0.1909661903322395	-0.05113118049961929	0.04772973825723259
0.07224232414574505	-0.626535560809093	0.2826500366207194	-0.01857207842444253
0.36193394683651436	0.3861753434462605	-0.08390117833558408	0.16798953138164108
0.3682306237341013	-0.06095171500447538	0.5429589326823065	0.027858728579116754
-0.022928659275674113	0.6056255575225726	0.343651179158881	-0.027794604042872262
0.46799378322993346	0.3387962831947877	0.0020557448078855067	0.19115418876739332
-0.35020105717532446	-0.02194251654848589	-0.27784552498984394	0.3500109012863457
0.043310101150138225	-0.18015617561510888	-0.460612678027289	0.3159210452074639
0.20185553881083163	0.002783246908087955	0.42373450334467866	0.37162671093640176
-0.8182187792074418	-0.0875833767140981	-0.0555004265519321	-0.038697417526528
-0.03491387084543285	0.6514399450884676	-0.27317972733063556	-0.04046645673546401
-0.4501428452235514	0.27731590346359636	-0.15417291352717655	0.11836833778567568
0.015368378189577037	-0.6535303886781927	-0.26591647945639707	0.0651847536758332
0.6145291322674888	-0.05743661233158259	-0.22046893340723628	-0.10756532199369229
-0.17633806833499355	0.3104529457337468	0.41437550287788216	0.09883348305337747
0.33983784978548615	-0.35189694303400865	0.04129553060734703	0.2669696765731582
-0.4850785190506046	-0.2388391518945645	0.265741728428061	0.010340600626769891
0.04898396749236622	-0.763567234752947	0.06734594305218966	-0.12010285470249715
0.18388640033344306	-0.20711901835205926	-0.3155191050093684	-0.29347547630512927
-0.17029102485066194	0.030819904176048185	0.40343286637386644	-0.39545620459942343
-0.2955414090244797	-0.34737899939966965	0.2846583895115613	-0.07242120206428937
-0.039901964502224496	0.13989712008200494	-0.13557217311364278	0.6846287423021278
-0.18949968018871766	-0.4990196381269689	0.26737238476140934	-0.04410829692290408
-0.19660403210771027	0.3845562060586889	0.15663848289432836	-0.2622012789392725
-0.524089677451512	-0.28242772249860826	0.0463417643248738	0.14714083572500591
-0.05993120649943284	0.25290612461106887	-0.2725075799640635	0.4146550889254348
0.09016077750498708	-0.5633882209558547	-0.31677549527056614	0.029675506268592056
-0.058096363796879213	0.667151200116628	0.26159621143261647	0.013156224653876336
0.26837490623090887	0.35980419683039666	0.3224459673640543	0.04937492957464018
-0.10592842186934992	0.3964600204550095	0.39406773199521905	0.10354382568042153
0.5883716269856831	0.26263490844944504	-0.14619167844239955	-0.002801786122472283
0.23543212006264302	0.29814683398658737	0.17529659702310751	0.2911244489276621
-0.7272706337460495	0.11620423172310845	0.10346047471736952	0.053064659813472526
-0.04160432418638127	0.26645892732187826	-0.007735124843972985	-0.6842016236477675
-0.2509238944923786	-0.11157881945397774	0.34593171305183357	0.2915655730018101
0.09052907652031839	0.6628611777999822	-0.039625847384956225	0.20698389829474317
-0.12452248424389412	-0.14385419048480141	-0.154936464072726	0.5766868611985785
-0.5838070449687742	0.11419985983445158	-0.2109855379865897	0.0910075572101845
Conflicts
32 1
28 5
29 3
25 11
2 19
40 24
26 13
31 32
37 31
14 3
40 8
11 15
5 22
4 14
19 36
25 8
7 14
23 21
25 24
16 15
23 2
2 24
23 28
28 24
9 6
35 8
3 39
28 21
3 30
27 5
6 33
37 8
8 30
37 1
5 38
29 39
8 33
5 12
39 24
25 35
34 6
26 19
4 21
11 39
10 35
26 29
7 25
36 1
22 18
9 36
2 11
40 38
38 20
35 29
2 5
37 32
17 20
31 33
36 11
31 8
8 39
26 15
4 3
17 6
20 30
9 5
38 33
32 19
34 21
14 5
36 24
23 24
8 1
14 16
27 36
9 21
5 20
34 8
2 28
16 5
38 30
26 6
13 39
27 1
4 25
15 24
9 34
23 19
10 22
32 40
21 24
32 12
39 22
23 8
37 29
21 38
31 38
15 6
9 3
34 15
23 12
23 32
37 5
37 40
29 17
27 21
4 35
13 19
23 33
32 28
37 2
23 20
31 30
31 21
31 11
26 14
22 6
31 19
3 1
25 39
4 17
17 30
35 24
9 19
19 24
37 19
27 24
25 3
11 5
2 3
23 38
19 20
36 12
28 16
35 15
19 22
4 37
10 33
19 16
26 38
13 25
14 21
10 8
34 38
32 24
3 19
23 15
29 8
39 33
5 21
4 40
7 9
7 27
25 19
9 14
23 31
34 12
35 39
28 22
7 4
14 27
15 18
32 5
25 34
11 30
29 15
36 6
3 21
36 38
16 38
15 33
38 18
5 24
14 22
17 33
14 35
39 6
13 14
36 20
21 39
12 24
12 6
7 15
32 39
10 24
38 39
4 10
19 38
31 2
26 20
9 15
28 38
29 11
9 1
28 1
26 25
23 35
7 18
14 11
36 15
7 33
37 18
26 35
25 27
2 38
9 29
40 39
35 22
26 9
7 39
27 28
8 6
23 39
32 36
40 22
15 20
9 24
31 6
4 5
9 39
7 20
9 33
39 30
25 14
40 1
13 22
13 30
2 12
32 35
13 29
29 27
37 21
12 30
11 18
16 21
14 18
25 5
28 11
9 38
35 34
4 18
26 18
32 33
17 12
32 6
17 21
7 1
35 21
22 30
40 16
7 13
7 2
14 1
4 27
27 22
29 6
34 1
9 17
17 24
13 2
23 11
7 19
3 17
8 12
26 32
37 10
32 34
10 30
32 18
26 36
31 5
7 35
25 6
19 28
34 30
28 6
14 17
2 8
9 22
3 16
29 36
28 18
3 15
14 33
19 5
7 5
7 10
36 5
9 28
25 21
31 12
40 11
32 8
25 40
27 39
7 11
28 15
32 17
2 29
14 12
40 12
38 6
16 30
13 1
37 27
21 6
16 12
9 13
4 33
36 21
26 23
25 2
13 11
25 22
26 22
8 15
37 28
4 32
2 36
34 11
14 32
26 27
40 6
13 5
36 18
34 29
35 17
4 9
3 22
2 33
31 25
40 18
13 27
22 1
28 20
40 15
16 22
26 10
5 30
25 33
7 37
13 38
23 3
40 30
9 30
1 18
14 20
14 19
4 13
14 29
13 34
4 34
2 16
5 39
17 38
8 38
26 28
26 4
19 39
32 11
3 20
4 15
35 33
31 15
24 30
16 6
32 29
14 24
13 6
21 1
7 22
9 40
7 40
13 36
3 6
4 19
12 20
10 5
34 33
7 8
6 20
9 12
17 1
29 5
2 39
4 12
10 19
21 30
23 14
23 10
28 8
