InstanceID
4_80_4
NumObjects
80
NumFactors
4
Weights
68.0079235935741
87.44368931121159
92.40700869281602
92.93362188436957
62.523911932985364
73.72536964322968
26.73581042233799
80.4477516410931
44.34328380889292
73.23803795584212
38.88589512567495
49.55583165349926
53.97510865901833
81.17783064161577
50.722699046215446
41.69909510790926
28.906841743074697
37.65530906728045
28.01458818655609
40.2993319872788
16.992428846217898
85.92225608677752
78.82012859966774
14.83807603795988
35.65712166362027
83.79534555756175
73.46267818124655
59.476110248015715
41.8755275478452
67.32113861862415
3.9378741667074335
23.647197345962123
8.342546392153395
58.2014006809193
70.72989108521752
66.03653721367131
48.350834578774695
69.14027300091001
70.9770462470501
2.147311112683825
22.964572477762758
83.61783499841904
25.14557834252271
45.271634596433444
45.12079389806842
40.779356149828885
60.46160080407035
49.77127635092291
87.10336786393624
68.79427988885803
99.94142373645995
59.57091763128772
86.29510379763676
50.328100343011094
71.01728909109086
95.22702617427674
90.11390812431482
97.9101672933474
1.0708560888892826
6.1411807882116864
68.52279202103438
7.224232414574505
69.8777884954838
98.14279215755575
85.87019759452319
5.8303323337944635
67.89388918058144
30.486148641508983
74.81092902827749
83.20104686183589
36.193394683651434
66.71334967807276
63.72287711894751
45.606307214534425
93.41836493380814
97.21412714208833
36.82306237341013
42.91823387385767
63.99236797803016
4.526291963803719
Budget
2231.0027287223925
Profits
-13.601584718714822
-17.488737862242317
-18.481401738563203
-18.586724376873914
-12.504782386597073
-14.745073928645937
-5.347162084467598
-16.08955032821862
-8.868656761778585
-14.647607591168423
-7.7771790251349895
-9.911166330699853
-10.795021731803667
-16.235566128323153
-10.144539809243089
-8.339819021581851
-5.781368348614939
-7.531061813456089
-5.602917637311218
-8.05986639745576
-3.3984857692435795
-17.184451217355505
-15.764025719933548
-2.967615207591976
-7.1314243327240545
-16.75906911151235
-14.692535636249309
-11.895222049603143
-8.37510550956904
-13.464227723724829
-0.7875748333414867
-4.729439469192425
-1.668509278430679
-11.64028013618386
-14.145978217043503
-13.207307442734262
-9.670166915754939
-13.828054600182003
-14.19540924941002
-0.429462222536765
-4.592914495552551
-16.723566999683808
-5.029115668504542
-9.054326919286689
-9.024158779613684
-8.155871229965777
-12.09232016081407
-9.954255270184582
-17.420673572787248
-13.758855977771606
-19.988284747291992
-11.914183526257544
-17.259020759527353
-10.065620068602218
-14.203457818218173
-19.045405234855348
-18.022781624862965
-19.58203345866948
-0.21417121777785653
-1.2282361576423373
-13.704558404206875
-1.444846482914901
-13.97555769909676
-19.62855843151115
-17.17403951890464
-1.1660664667588927
-13.578777836116288
-6.097229728301796
-14.962185805655498
-16.640209372367178
-7.238678936730286
-13.342669935614552
-12.744575423789502
-9.121261442906885
-18.68367298676163
-19.442825428417667
-7.364612474682026
-8.583646774771534
-12.798473595606032
-0.9052583927607438
FactorLoading_Φ
-0.8521647481050123	0.06556311637300682	-0.05447753147910861	0.027794604042872262
0.17699691222271952	-0.3572088218372622	0.27258433236473945	0.19320993357527882
-0.6499890987136543	-0.11283629505330972	-0.037252765006508204	-0.19992184122652779
-0.043310101150138225	0.19515401236198726	0.3927497765268926	-0.36878610996098193
-0.09867061061522153	0.10596817510369805	0.3704904035044789	0.4248708107766015
0.8182187792074418	0.11835088136837957	-0.06219878754561159	-0.0012315518785670498
0.03491387084543285	0.26207473987408436	-0.134906664577624	0.5681047247028588
0.02045447423639324	0.1885832995528689	-0.24110507143428928	0.5498571547764486
0.43210757113997733	-0.3721964989446187	0.13051117623957076	-0.0651847536758332
0.10602232401239187	0.508506808255097	0.1319624935168484	-0.25350837421566275
0.17633806833499355	-0.032821102511780165	-0.13431660486066033	0.656524224292566
0.7155389394739102	-0.017491383952931594	0.06558203972073806	-0.20138763685242012
0.4850785190506046	0.2634971161256803	-0.059972570601638076	-0.19145179422207703
-0.5222009463578692	0.22973778919541332	0.060612466692030686	-0.1874487977546868
0.18388640033344306	-0.3076024508576025	0.4395925709071127	-0.06891857790184175
-0.1189386924283935	-0.24322768497695635	-0.24237741799522672	0.39545620459942343
0.4393755699197255	-0.2783078601056761	-0.20989536791030905	-0.07242120206428937
-0.034000677772653365	-0.14579840681157608	-0.6266319635922486	0.19356895182352196
-0.3054474287722049	0.34864484281474173	-0.034427046728739974	-0.3114806816843134
0.19660403210771027	0.16124283241473458	-0.6213882897757312	0.02076484570182391
0.414947490380134	0.10914218707137802	-0.11438979560720597	-0.361520526941282
-0.573206399832835	-0.012138511241730265	-0.023150912045589056	0.39150417687984573
-0.42709001098948973	0.22645898747135207	0.050454113251108046	-0.29599688828805015
0.4231237615413104	-0.28378656115351397	-0.2799334526512993	0.013156224653876336
0.26837490623090887	0.4769487162255248	0.2365296138496369	0.018146763693929424
0.7105353166491433	-0.1859208576704352	-0.05684165463193169	0.04670217104848984
0.5415202378617583	0.046851389123924836	0.17235528039612347	0.2392730926181934
-0.036572033512833224	0.17946550665372496	0.3175414138826722	0.4664210459507696
0.7854387144037824	0.05803615106537552	-0.0746083019040884	0.08191683262675364
-0.3157983763522325	-0.2238720630612867	-0.12144192223317152	0.33888763835330926
-0.15492817550814109	-0.24868223751810814	-0.3048240139719407	-0.2915655730018101
0.6951880024800856	-0.05820225184021499	0.22987216290281953	0.016737582776879867
-0.24530841768455924	-0.023068257044136287	-0.5451745720829844	-0.1864487531883201
0.25214382547499303	0.3095305931488499	-0.34731802416597257	0.0910075572101845
0.42858855673675667	0.3549031062836243	-0.11787568431914819	-0.09863265266047083
0.037951127770650794	-0.07720823646231145	-0.29466320445473904	-0.5901774313122987
-0.022764893631879612	-0.059507076796875946	0.7595591524812055	0.1581688770900389
0.260613409203333	-0.2639199619561716	-0.14072117461456624	0.33474545422592916
-0.5934470530451268	0.18879326096084292	0.1774907886378445	-0.04026889735618577
-0.051217791731202666	-0.48108875057223965	0.3243831469888685	0.14331031070768918
0.03312972288177107	-0.5096265026194791	0.3933649058604589	0.06387886863829095
0.1563449045548222	0.7080779481531676	0.09269145811157697	-0.04288568918043323
0.03118002371000883	-0.45935782666437874	0.4776664417530221	-0.03179570787259034
-0.4167315356069914	-0.17350250218145513	0.03942599115669321	0.3703399710548603
-0.2596692634169724	0.2408781097249555	-0.055256945393244994	0.44419568146482713
-0.2138976222229254	-0.20814437849742573	-0.5468830723095821	-0.031074926970066752
-0.22477869384624594	-0.005456977391032236	0.48257106595969224	-0.2871932628030296
-0.8909603522895417	0.010339466224432492	0.019904066314552882	0.07879611517147289
0.5141292583388215	-0.3034242904008848	-0.16492076799848654	-0.017525683261807146
-7.112077510362802e-5	0.46988292775441676	0.39266297261564365	-0.13738297885483597
-0.6724344153200101	0.07022621501494997	-0.04341522732015557	-0.21392414234488433
-0.0016799127187245855	-0.5518983708489817	-0.2701702110538271	0.17625150537846657
-0.5803657444352426	-0.2978148339604374	0.11288482119330823	-0.008934600411011795
-0.004121578817521954	0.3848647899041291	-0.35050389295277395	-0.260509738325575
-0.30648780451847957	-0.02337144856896911	-0.03661956398245869	0.6335211829300926
0.037727584316342266	-0.055744740387447145	-0.5057300119102262	0.40079766338598444
0.5225493940925159	-0.004060573003656254	-0.3543458395328085	0.11904419337101935
0.20483635813521417	0.21285638327641365	-0.11007025289275263	-0.47223700569561955
-0.09191801877859618	-0.035920322454708664	0.33126416775950673	-0.5408974910071884
0.20188040799979046	-0.19294839295774846	0.44149928833372587	0.1636719107087352
0.13061943984598323	0.2001864918973686	0.5682665374301694	0.10092753082647876
0.4686446824220456	0.1341149619991091	0.12893816500442723	-0.26830219057441806
0.742032563529964	-0.01993433406113243	-0.20514200880459388	-0.03289109360430964
0.04226651021830352	-0.6861754571572329	-0.05820891089562674	0.2133491217288368
-0.2725497655631097	0.4152711245135252	-0.27842974092907347	-0.033749368994291595
0.3613527040563542	-0.07452249521471699	0.11185321094518796	0.4522715897837408
-0.22314012253458615	-0.19234337197020213	0.07169492718732307	0.5128215783078887
0.6160700777983112	-0.04043230317641555	-0.12150482004461205	-0.22199279898066115
0.2701379681067033	-0.47176306316544325	0.2048219561719946	-0.053277012555858816
-0.06789448641343854	0.17524962986902382	-0.4550816329227132	-0.30177425079482445
-0.05992474101267686	-0.5907379892064828	-0.13084609646874545	0.2184911733120949
-0.23071015810865125	0.342294915476147	0.1486696104364238	0.27832531597877797
-0.01783704818983689	0.6311049997427207	0.16609297458462602	0.18496497748281637
0.223785632474498	0.12653038700470942	0.11544976856209788	0.5342342119586947
-0.22346182899971723	-0.4748513817236151	-0.24412225017882094	-0.057564539097846756
0.02386777338355328	0.25115332357285447	0.23106291676418	-0.49391598627941224
0.03190396996835654	-0.28682401560446946	0.302235015075772	-0.379036999351402
0.3417620240610597	-0.16343091104044127	0.13087047223447668	-0.36393659266402234
0.18003910324439443	0.039354157559230885	0.587258297144601	-0.1933484420517737
-0.022209816365517998	-0.09053066740479832	0.8258155650203078	-0.06144395120937585
FactorLoading_Ψ
-0.8521647481050123	0.06556311637300682	-0.05447753147910861	0.027794604042872262
0.17699691222271952	-0.3572088218372622	0.27258433236473945	0.19320993357527882
-0.6499890987136543	-0.11283629505330972	-0.037252765006508204	-0.19992184122652779
-0.043310101150138225	0.19515401236198726	0.3927497765268926	-0.36878610996098193
-0.09867061061522153	0.10596817510369805	0.3704904035044789	0.4248708107766015
0.8182187792074418	0.11835088136837957	-0.06219878754561159	-0.0012315518785670498
0.03491387084543285	0.26207473987408436	-0.134906664577624	0.5681047247028588
0.02045447423639324	0.1885832995528689	-0.24110507143428928	0.5498571547764486
0.43210757113997733	-0.3721964989446187	0.13051117623957076	-0.0651847536758332
0.10602232401239187	0.508506808255097	0.1319624935168484	-0.25350837421566275
0.17633806833499355	-0.032821102511780165	-0.13431660486066033	0.656524224292566
0.7155389394739102	-0.017491383952931594	0.06558203972073806	-0.20138763685242012
0.4850785190506046	0.2634971161256803	-0.059972570601638076	-0.19145179422207703
-0.5222009463578692	0.22973778919541332	0.060612466692030686	-0.1874487977546868
0.18388640033344306	-0.3076024508576025	0.4395925709071127	-0.06891857790184175
-0.1189386924283935	-0.24322768497695635	-0.24237741799522672	0.39545620459942343
0.4393755699197255	-0.2783078601056761	-0.20989536791030905	-0.07242120206428937
-0.034000677772653365	-0.14579840681157608	-0.6266319635922486	0.19356895182352196
-0.3054474287722049	0.34864484281474173	-0.034427046728739974	-0.3114806816843134
0.19660403210771027	0.16124283241473458	-0.6213882897757312	0.02076484570182391
0.414947490380134	0.10914218707137802	-0.11438979560720597	-0.361520526941282
-0.573206399832835	-0.012138511241730265	-0.023150912045589056	0.39150417687984573
-0.42709001098948973	0.22645898747135207	0.050454113251108046	-0.29599688828805015
0.4231237615413104	-0.28378656115351397	-0.2799334526512993	0.013156224653876336
0.26837490623090887	0.4769487162255248	0.2365296138496369	0.018146763693929424
0.7105353166491433	-0.1859208576704352	-0.05684165463193169	0.04670217104848984
0.5415202378617583	0.046851389123924836	0.17235528039612347	0.2392730926181934
-0.036572033512833224	0.17946550665372496	0.3175414138826722	0.4664210459507696
0.7854387144037824	0.05803615106537552	-0.0746083019040884	0.08191683262675364
-0.3157983763522325	-0.2238720630612867	-0.12144192223317152	0.33888763835330926
-0.15492817550814109	-0.24868223751810814	-0.3048240139719407	-0.2915655730018101
0.6951880024800856	-0.05820225184021499	0.22987216290281953	0.016737582776879867
-0.24530841768455924	-0.023068257044136287	-0.5451745720829844	-0.1864487531883201
0.25214382547499303	0.3095305931488499	-0.34731802416597257	0.0910075572101845
0.42858855673675667	0.3549031062836243	-0.11787568431914819	-0.09863265266047083
0.037951127770650794	-0.07720823646231145	-0.29466320445473904	-0.5901774313122987
-0.022764893631879612	-0.059507076796875946	0.7595591524812055	0.1581688770900389
0.260613409203333	-0.2639199619561716	-0.14072117461456624	0.33474545422592916
-0.5934470530451268	0.18879326096084292	0.1774907886378445	-0.04026889735618577
-0.051217791731202666	-0.48108875057223965	0.3243831469888685	0.14331031070768918
0.03312972288177107	-0.5096265026194791	0.3933649058604589	0.06387886863829095
0.1563449045548222	0.7080779481531676	0.09269145811157697	-0.04288568918043323
0.03118002371000883	-0.45935782666437874	0.4776664417530221	-0.03179570787259034
-0.4167315356069914	-0.17350250218145513	0.03942599115669321	0.3703399710548603
-0.2596692634169724	0.2408781097249555	-0.055256945393244994	0.44419568146482713
-0.2138976222229254	-0.20814437849742573	-0.5468830723095821	-0.031074926970066752
-0.22477869384624594	-0.005456977391032236	0.48257106595969224	-0.2871932628030296
-0.8909603522895417	0.010339466224432492	0.019904066314552882	0.07879611517147289
0.5141292583388215	-0.3034242904008848	-0.16492076799848654	-0.017525683261807146
-7.112077510362802e-5	0.46988292775441676	0.39266297261564365	-0.13738297885483597
-0.6724344153200101	0.07022621501494997	-0.04341522732015557	-0.21392414234488433
-0.0016799127187245855	-0.5518983708489817	-0.2701702110538271	0.17625150537846657
-0.5803657444352426	-0.2978148339604374	0.11288482119330823	-0.008934600411011795
-0.004121578817521954	0.3848647899041291	-0.35050389295277395	-0.260509738325575
-0.30648780451847957	-0.02337144856896911	-0.03661956398245869	0.6335211829300926
0.037727584316342266	-0.055744740387447145	-0.5057300119102262	0.40079766338598444
0.5225493940925159	-0.004060573003656254	-0.3543458395328085	0.11904419337101935
0.20483635813521417	0.21285638327641365	-0.11007025289275263	-0.47223700569561955
-0.09191801877859618	-0.035920322454708664	0.33126416775950673	-0.5408974910071884
0.20188040799979046	-0.19294839295774846	0.44149928833372587	0.1636719107087352
0.13061943984598323	0.2001864918973686	0.5682665374301694	0.10092753082647876
0.4686446824220456	0.1341149619991091	0.12893816500442723	-0.26830219057441806
0.742032563529964	-0.01993433406113243	-0.20514200880459388	-0.03289109360430964
0.04226651021830352	-0.6861754571572329	-0.05820891089562674	0.2133491217288368
-0.2725497655631097	0.4152711245135252	-0.27842974092907347	-0.033749368994291595
0.3613527040563542	-0.07452249521471699	0.11185321094518796	0.4522715897837408
-0.22314012253458615	-0.19234337197020213	0.07169492718732307	0.5128215783078887
0.6160700777983112	-0.04043230317641555	-0.12150482004461205	-0.22199279898066115
0.2701379681067033	-0.47176306316544325	0.2048219561719946	-0.053277012555858816
-0.06789448641343854	0.17524962986902382	-0.4550816329227132	-0.30177425079482445
-0.05992474101267686	-0.5907379892064828	-0.13084609646874545	0.2184911733120949
-0.23071015810865125	0.342294915476147	0.1486696104364238	0.27832531597877797
-0.01783704818983689	0.6311049997427207	0.16609297458462602	0.18496497748281637
0.223785632474498	0.12653038700470942	0.11544976856209788	0.5342342119586947
-0.22346182899971723	-0.4748513817236151	-0.24412225017882094	-0.057564539097846756
0.02386777338355328	0.25115332357285447	0.23106291676418	-0.49391598627941224
0.03190396996835654	-0.28682401560446946	0.302235015075772	-0.379036999351402
0.3417620240610597	-0.16343091104044127	0.13087047223447668	-0.36393659266402234
0.18003910324439443	0.039354157559230885	0.587258297144601	-0.1933484420517737
-0.022209816365517998	-0.09053066740479832	0.8258155650203078	-0.06144395120937585
Conflicts
76 49
35 52
28 59
7 59
4 14
27 18
36 15
9 57
25 69
43 75
15 44
36 6
3 38
11 21
80 52
55 15
38 33
69 24
78 50
56 24
14 56
39 6
70 49
13 73
14 36
63 1
43 64
46 57
27 21
78 69
21 20
76 24
11 30
12 45
71 70
72 46
32 39
55 24
74 5
38 39
74 62
4 19
36 38
36 59
2 73
43 15
53 38
75 8
9 65
60 28
48 65
23 35
7 18
75 46
78 15
37 18
48 76
53 58
25 41
60 27
35 40
26 22
71 9
48 8
32 70
31 55
36 62
37 2
15 20
9 63
25 70
31 48
68 45
5 73
77 39
71 50
9 62
47 52
39 30
55 21
14 40
65 51
77 52
43 20
13 30
2 12
67 65
55 34
77 38
77 56
29 27
25 44
7 14
49 24
21 45
54 52
60 76
42 30
11 18
80 21
14 27
69 11
38 73
67 51
4 17
45 30
64 15
63 32
37 1
42 53
43 51
58 76
32 6
17 12
4 42
6 44
58 21
65 59
71 2
35 5
48 6
51 22
40 16
71 13
75 52
70 6
78 45
27 65
4 22
22 6
34 70
65 73
47 56
13 2
71 11
28 51
57 52
67 12
72 27
13 32
26 44
32 74
34 28
10 55
44 18
54 6
42 15
26 31
69 46
71 60
25 35
28 6
28 17
37 66
8 22
43 73
60 3
63 80
61 28
55 27
53 79
3 46
62 49
78 60
47 41
69 58
69 57
71 56
10 36
78 5
9 47
9 28
9 48
25 76
9 11
55 59
74 22
58 8
25 39
7 75
28 79
50 17
27 5
63 18
4 59
2 41
29 57
48 44
14 76
35 29
40 41
76 6
61 38
16 65
13 58
80 15
59 6
25 16
35 77
58 41
19 73
26 38
4 70
26 52
21 12
26 14
7 25
11 76
26 19
72 15
37 24
14 53
4 36
55 44
2 79
13 36
61 73
68 60
11 52
14 11
50 56
47 6
77 69
52 44
35 56
54 17
4 9
66 67
42 61
31 33
7 11
41 18
4 73
77 48
22 45
17 1
21 41
39 46
42 17
50 20
40 51
22 57
55 80
56 38
13 66
5 22
43 74
52 30
60 5
25 33
71 37
75 19
25 67
23 60
42 72
59 44
50 73
65 41
45 20
23 14
78 51
13 19
58 57
57 24
13 48
63 34
68 46
66 80
62 15
32 33
23 44
3 36
69 19
50 38
38 1
72 48
26 76
50 6
9 42
26 68
34 15
49 39
75 62
3 20
68 79
29 79
35 61
15 33
16 6
32 29
78 42
23 33
53 12
43 14
61 1
13 49
70 21
60 65
42 70
80 22
71 40
7 9
26 36
50 53
67 6
24 18
78 52
64 39
7 4
53 11
8 15
34 65
63 13
42 20
59 12
74 24
47 10
69 33
34 44
9 50
7 8
54 60
62 70
75 72
12 73
17 6
29 65
69 73
2 11
39 21
4 64
49 12
74 19
60 64
61 46
61 44
77 46
10 44
53 57
28 8
2 56
58 45
19 44
34 42
2 48
53 20
64 6
23 3
48 46
72 28
34 49
31 13
70 51
23 64
66 39
14 1
54 72
54 24
67 73
53 6
9 39
23 32
61 39
19 49
79 46
37 13
34 56
3 40
7 33
43 69
63 28
13 17
7 10
71 58
50 19
7 23
42 44
22 1
27 33
71 23
37 17
77 21
4 51
54 31
25 46
23 48
26 79
66 34
43 21
36 24
44 57
29 11
27 39
10 20
32 49
42 33
16 51
7 1
7 72
50 59
67 17
54 22
10 19
48 15
36 12
37 38
23 22
26 11
70 76
14 74
68 14
13 44
29 40
4 5
21 30
37 10
58 72
29 48
36 51
56 52
77 51
37 78
63 58
77 74
16 11
3 17
59 79
9 14
53 36
27 57
58 61
75 69
52 12
2 8
74 76
50 21
13 10
71 20
43 30
74 48
71 55
35 3
66 33
4 12
56 18
14 18
33 30
68 57
9 10
17 62
74 1
54 62
68 49
63 62
76 44
77 58
35 79
60 36
9 13
40 76
80 58
68 48
50 15
8 52
62 76
16 46
23 8
13 75
50 3
29 46
27 15
15 30
19 36
10 42
9 32
27 1
67 49
34 38
31 22
77 30
36 20
42 69
67 45
54 42
3 8
47 14
26 46
42 76
48 5
31 1
64 30
65 5
23 10
16 8
28 65
69 16
31 17
50 65
58 46
47 77
74 28
54 28
31 74
64 18
43 36
39 52
59 20
34 8
31 8
80 57
67 11
10 48
79 20
78 35
53 3
26 40
10 8
65 6
68 11
74 38
42 21
7 39
66 74
77 6
68 24
31 14
17 70
13 18
17 38
26 18
8 49
77 44
50 42
29 8
5 45
35 6
71 35
40 70
35 32
27 52
72 44
10 52
23 37
35 66
26 73
23 77
47 48
69 70
77 1
26 71
34 48
80 39
23 25
36 44
46 45
37 55
61 21
58 24
50 5
54 14
26 29
26 57
38 57
62 64
32 51
22 39
53 44
31 59
9 53
66 69
37 61
5 12
13 67
38 18
40 74
10 21
7 70
23 17
13 53
46 6
35 64
59 18
70 33
66 22
68 66
25 32
48 73
64 51
14 48
74 20
3 28
31 30
68 65
54 80
7 69
48 33
37 27
80 28
63 39
76 52
9 24
35 73
55 2
53 16
68 28
76 46
27 76
25 42
69 18
37 79
34 69
61 36
68 44
29 62
13 40
75 55
63 4
39 20
35 67
38 15
14 50
53 62
55 36
64 20
19 33
27 73
37 45
7 22
49 33
46 24
68 42
43 47
25 72
62 38
7 20
68 9
56 41
75 36
39 73
66 6
64 49
40 49
31 56
71 63
71 22
71 45
71 65
23 46
22 41
72 79
74 65
32 69
32 36
16 36
37 35
53 21
71 54
71 80
50 33
48 1
48 38
34 41
53 45
14 5
10 65
19 1
60 41
40 33
68 64
78 27
37 54
2 46
80 11
78 55
70 20
65 33
43 17
54 78
4 76
63 67
34 33
70 44
49 15
2 74
4 77
72 56
64 73
72 36
75 12
43 37
36 70
7 73
78 48
29 64
11 39
34 67
80 69
54 20
17 15
59 1
60 33
59 8
60 6
49 22
26 3
26 21
69 1
61 11
47 65
60 73
25 48
70 52
68 30
65 1
37 4
70 1
5 49
75 24
80 56
76 41
13 72
63 12
78 38
58 28
3 44
19 5
43 22
73 20
75 60
68 6
68 19
42 29
78 21
31 36
23 45
16 45
72 18
58 12
80 3
31 66
68 53
41 33
67 18
54 35
65 70
74 51
79 33
2 24
58 20
62 46
10 34
47 46
66 57
59 46
13 51
43 59
69 5
33 24
63 50
14 34
79 76
21 22
80 45
64 59
45 24
13 45
50 60
40 39
14 17
79 8
23 50
48 12
17 73
42 58
43 63
54 65
13 35
63 5
19 62
52 18
64 1
26 56
13 6
42 28
21 44
13 52
43 34
64 65
31 5
75 67
55 42
47 79
17 21
66 48
16 18
55 64
65 39
37 67
60 15
37 65
55 8
71 24
14 49
66 19
47 40
37 36
28 56
26 70
16 39
78 20
1 20
68 2
34 21
42 67
19 11
72 22
31 46
49 73
32 41
23 9
40 73
68 20
2 51
32 34
35 80
42 49
71 53
68 55
23 57
31 58
31 60
74 59
42 12
34 24
80 12
2 28
69 72
27 51
57 6
72 73
46 44
54 34
8 33
64 12
34 52
49 51
54 21
78 30
60 32
5 57
65 22
64 45
30 18
40 21
19 64
40 36
37 16
69 44
26 58
61 49
55 52
13 69
63 8
2 61
63 57
26 6
67 36
23 76
67 58
45 73
48 57
71 75
14 45
3 72
58 15
50 22
47 42
19 8
25 58
54 36
5 30
8 73
4 41
37 80
2 36
23 66
4 62
39 24
29 58
47 34
3 70
47 51
26 69
56 12
37 3
66 27
25 60
54 56
55 49
25 22
71 1
3 51
39 18
29 15
32 18
23 51
9 55
61 5
33 52
53 18
65 24
60 52
37 19
68 39
10 12
70 8
14 33
26 33
65 20
71 39
7 5
60 53
10 61
5 18
27 6
23 29
39 12
65 49
26 39
75 49
34 79
66 56
77 2
61 74
68 31
51 41
4 58
74 6
60 8
47 74
63 29
60 18
65 62
43 41
32 21
51 52
9 30
14 44
1 73
55 3
23 72
43 31
74 21
63 48
65 45
47 13
26 45
25 29
37 25
4 53
50 67
69 56
32 72
67 46
78 66
7 78
32 28
68 15
7 58
10 64
25 31
29 18
36 41
15 41
60 61
4 39
32 40
25 74
28 39
58 79
37 49
23 34
80 70
11 8
43 65
41 30
63 45
14 35
34 74
60 34
35 34
10 49
34 77
4 65
37 46
16 52
4 31
50 24
63 11
10 66
63 44
58 52
26 51
32 50
67 72
31 67
60 40
29 20
74 44
14 59
55 66
4 40
72 19
75 20
53 46
47 38
76 8
66 76
8 24
56 49
17 52
63 27
63 70
35 74
68 12
77 20
7 79
62 51
59 41
60 30
42 18
4 55
50 10
14 60
21 57
69 22
3 65
40 38
47 29
7 61
28 11
71 27
30 24
80 59
26 49
78 57
55 12
68 36
36 5
66 24
36 30
80 24
35 51
72 33
55 58
61 45
4 44
58 62
27 70
26 35
50 1
54 13
38 45
26 72
65 21
37 58
14 32
66 21
40 62
62 12
67 41
4 75
58 16
3 52
48 59
2 45
42 38
75 15
27 56
48 49
47 61
50 49
19 17
7 63
62 59
12 57
37 48
75 56
23 18
28 5
68 3
78 40
26 20
7 49
12 44
32 58
47 11
53 52
31 76
26 63
79 18
62 8
5 20
4 52
26 27
61 62
80 65
25 18
75 2
31 34
54 16
63 61
14 2
61 22
56 79
32 46
72 6
10 79
52 1
71 76
48 45
43 49
63 66
14 51
61 48
59 24
10 2
32 64
50 30
66 51
74 70
48 11
77 70
51 21
71 8
63 21
68 59
80 36
62 22
77 19
70 30
22 18
4 66
2 58
25 20
56 6
35 46
78 34
4 2
68 32
4 27
16 15
77 61
43 52
56 1
75 11
14 61
71 74
9 64
63 2
23 78
32 79
72 70
47 66
26 17
74 56
47 80
75 31
74 52
41 52
72 8
47 45
43 1
56 11
65 15
50 41
16 19
53 59
51 33
17 24
58 74
66 65
29 41
37 30
29 80
40 1
10 29
43 55
60 21
65 52
71 36
63 35
67 21
77 3
25 45
54 67
13 79
74 39
29 52
7 57
78 2
25 36
39 57
59 70
55 65
28 33
71 7
78 64
7 55
31 62
70 5
63 49
74 33
47 68
9 34
35 24
79 24
36 1
72 57
78 77
42 80
40 30
36 21
75 48
31 80
29 30
32 8
72 45
71 59
74 15
60 19
43 28
28 20
34 18
60 20
43 50
21 1
31 57
55 16
11 49
27 64
3 27
3 58
77 45
78 46
54 32
25 3
4 80
77 59
11 24
35 45
26 80
19 18
55 48
26 43
14 70
75 30
48 30
38 20
1 24
12 24
64 41
37 12
47 67
60 67
69 6
70 46
46 12
77 15
36 57
75 79
50 62
47 69
13 74
13 16
5 46
51 6
79 52
35 65
55 20
23 52
71 67
6 20
75 40
53 39
37 53
50 48
28 76
43 46
43 19
68 40
62 5
55 69
59 11
35 70
55 50
34 16
14 16
63 36
77 79
7 60
53 1
51 46
71 52
31 42
7 54
11 22
52 73
14 6
32 12
3 48
60 22
10 33
68 56
47 28
78 80
80 33
76 22
28 24
10 41
13 64
27 48
40 61
54 10
37 34
71 38
34 51
3 19
78 72
9 80
41 12
14 21
32 48
55 33
4 60
28 46
55 11
23 15
4 61
34 39
69 45
67 76
56 57
9 66
54 76
54 75
32 19
72 59
2 33
79 44
68 5
42 36
61 59
11 38
69 17
11 57
31 15
75 34
41 1
10 28
34 11
37 32
17 45
69 36
19 20
43 33
9 12
25 75
11 15
49 52
14 64
2 49
75 70
43 61
59 52
19 22
31 53
31 72
43 5
37 56
69 64
50 39
59 5
75 35
60 2
68 22
67 1
10 80
75 50
58 64
37 60
58 49
71 25
75 28
44 24
78 1
69 8
69 79
17 56
2 22
32 57
71 62
26 61
75 18
37 21
11 44
23 69
54 49
66 64
23 62
3 64
61 18
23 74
54 3
28 52
47 15
16 73
56 46
68 41
25 17
77 5
67 20
9 76
68 67
53 5
29 69
2 64
17 41
23 2
48 52
75 39
26 1
14 42
38 30
71 51
59 30
55 72
55 79
54 33
37 11
66 40
23 36
37 29
41 44
25 2
50 57
29 70
5 44
35 49
37 15
26 66
31 64
37 47
80 67
28 12
50 28
78 11
8 20
29 21
59 51
12 20
75 80
28 73
13 20
44 1
58 27
10 72
25 66
80 38
14 62
53 22
72 30
7 66
66 42
69 51
56 30
38 12
55 57
31 20
48 79
47 75
36 52
61 8
79 45
60 80
63 41
42 74
54 66
32 20
37 76
71 73
29 67
75 51
34 61
32 15
42 6
9 15
43 44
68 16
80 20
9 21
37 62
43 40
54 11
68 18
63 30
53 51
61 15
59 45
17 20
31 77
54 51
23 70
71 34
58 6
37 5
64 8
17 76
54 73
53 56
72 51
5 6
66 62
34 36
22 20
47 58
50 18
64 22
60 62
72 38
47 60
50 64
43 53
36 65
10 57
42 41
50 45
66 38
28 15
71 49
29 61
23 67
41 24
40 11
17 48
63 75
80 27
49 41
80 18
59 57
23 75
68 61
77 16
4 16
10 18
16 33
59 22
74 45
62 1
9 49
43 67
13 77
23 20
36 46
35 17
14 12
66 72
35 33
7 31
42 3
51 44
74 46
4 35
17 8
56 33
7 46
58 51
73 24
37 22
13 59
