InstanceID
5_150_4
NumObjects
150
NumFactors
4
Weights
53.03646605536807
77.70091698339469
30.13103535440822
88.13491207672945
83.83576532332523
52.40587188478234
57.125965860896
93.15154141626472
4.422802345157595
11.814743857996657
51.14826505242655
80.29609983145889
67.13001813825518
8.567664223247418
36.24632704303252
38.83774531923385
40.109587458776666
50.74453861845003
54.95366512679345
6.728541622841666
62.38873118334289
98.10074532207751
35.575031897384555
96.28155964157932
10.531210821150294
20.514525877036682
61.478031926876376
65.85851395147928
98.02890213858275
94.07637470105716
53.01226032511257
34.05216764209609
43.84905878063661
97.7319224416235
64.46865601377458
15.9505131991194
29.487815758628155
72.66767677498646
29.711690173661196
82.48471231939132
33.876255773241624
17.631487220319507
77.93347144453875
45.65253870825403
62.114228556625164
71.07877842525951
75.91110561435985
54.14254997612027
34.50421388471811
46.96829943453662
33.20847262273667
5.925574756840213
90.79292209625112
10.679060236746496
51.743250417153575
2.87064844065561
60.781321352263994
69.02991197954915
27.458341362423756
21.46099851364365
89.80771118475839
74.03636972786944
79.05179030513226
50.563815490294914
34.7712793676773
93.49018854910733
98.19711565479258
47.17408773520313
48.50105525722406
10.008438325534552
20.34184316633043
82.7815817283887
3.7798866265414732
20.300859099876668
42.16842697160394
56.11709526168971
73.69665547879502
21.942872007981286
35.71437910085808
72.05874646472066
57.43901770970374
39.02727567303867
31.222752743757987
74.14353486237361
82.64770939786825
99.39821224179401
48.97583741416389
14.79841072335304
69.29910796549588
13.951522525693893
35.66427919926449
78.9783762220514
21.83760745294252
85.84188438102692
15.160042885900493
61.68744408009401
67.7644881851738
65.37887220578678
1.3225692924918597
74.84861206339919
75.69237557330794
58.926278407305375
80.06462943501364
43.67071380822631
3.1264638844418435
48.59422478925622
2.080619793138072
32.52120691345588
80.04904795027548
11.020956738674514
29.446247826474405
34.54331622819986
68.23322511270145
75.85473027629719
79.24978466410948
25.390763699414553
60.097968917704094
48.47235932427911
28.33365741227145
71.47890484971064
18.33875148166073
53.803570439669215
85.38749434048356
74.05802182230106
90.08705451173842
53.57950140876859
27.74975553937622
94.91968814533958
40.50946242800235
74.72229636167384
14.836992794945502
23.922487706696273
60.348285807358714
59.02261831535376
73.96052114988649
11.329090915368646
35.44327037198312
59.38787473352143
74.60008699286193
38.93597956358228
73.73876252517033
16.5327193839242
76.81268216032157
51.3645698605016
81.78310190081419
89.28782349441047
39.254249065363254
49.99064342032011
23.74434574826254
40.96181304608668
Budget
3852.8443755342164
Profits
-10.607293211073614
-15.540183396678938
-6.026207070881644
-17.62698241534589
-16.767153064665045
-10.481174376956469
-11.4251931721792
-18.630308283252944
-0.884560469031519
-2.3629487715993314
-10.229653010485311
-16.059219966291778
-13.426003627651037
-1.7135328446494835
-7.2492654086065045
-7.76754906384677
-8.021917491755334
-10.148907723690005
-10.99073302535869
-1.3457083245683332
-12.477746236668578
-19.620149064415504
-7.115006379476911
-19.256311928315863
-2.106242164230059
-4.1029051754073365
-12.295606385375276
-13.171702790295857
-19.60578042771655
-18.81527494021143
-10.602452065022515
-6.8104335284192175
-8.769811756127321
-19.546384488324698
-12.893731202754916
-3.1901026398238796
-5.897563151725631
-14.533535354997293
-5.94233803473224
-16.496942463878263
-6.775251154648325
-3.526297444063901
-15.58669428890775
-9.130507741650806
-12.422845711325033
-14.215755685051903
-15.18222112287197
-10.828509995224055
-6.900842776943622
-9.393659886907324
-6.641694524547335
-1.1851149513680426
-18.158584419250225
-2.135812047349299
-10.348650083430716
-0.574129688131122
-12.156264270452798
-13.805982395909831
-5.491668272484751
-4.2921997027287295
-17.96154223695168
-14.807273945573888
-15.810358061026452
-10.112763098058982
-6.954255873535461
-18.698037709821467
-19.639423130958516
-9.434817547040627
-9.700211051444812
-2.0016876651069104
-4.068368633266086
-16.55631634567774
-0.7559773253082946
-4.060171819975333
-8.433685394320788
-11.223419052337942
-14.739331095759004
-4.388574401596257
-7.142875820171616
-14.411749292944132
-11.487803541940748
-7.805455134607735
-6.244550548751597
-14.828706972474723
-16.52954187957365
-19.8796424483588
-9.795167482832777
-2.959682144670608
-13.859821593099175
-2.7903045051387787
-7.1328558398528985
-15.79567524441028
-4.367521490588504
-17.168376876205382
-3.0320085771800986
-12.337488816018801
-13.55289763703476
-13.075774441157355
-0.26451385849837195
-14.969722412679838
-15.138475114661588
-11.785255681461075
-16.01292588700273
-8.734142761645263
-0.6252927768883687
-9.718844957851243
-0.4161239586276144
-6.504241382691175
-16.009809590055095
-2.204191347734903
-5.889249565294881
-6.908663245639973
-13.646645022540289
-15.170946055259439
-15.849956932821897
-5.078152739882911
-12.019593783540818
-9.694471864855823
-5.66673148245429
-14.295780969942129
-3.6677502963321458
-10.760714087933843
-17.07749886809671
-14.811604364460212
-18.017410902347684
-10.715900281753719
-5.549951107875244
-18.983937629067917
-8.10189248560047
-14.944459272334768
-2.9673985589891005
-4.784497541339254
-12.069657161471742
-11.804523663070752
-14.792104229977298
-2.265818183073729
-7.088654074396624
-11.877574946704286
-14.920017398572387
-7.787195912716456
-14.747752505034066
-3.30654387678484
-15.362536432064314
-10.27291397210032
-16.356620380162838
-17.857564698882094
-7.850849813072651
-9.998128684064023
-4.748869149652508
-8.192362609217337
FactorLoading_Φ
0.35751068399307795	0.031073790838251236	-0.01890639113190362	0.5925091340367672
-0.10822244879892184	0.16028943457120182	-0.2608436092358857	-0.47064450739399066
-0.09552515757227775	0.7407890772011996	0.11008886514377236	0.05359690008275031
-0.6868681447883112	-0.11885564475144528	-0.19032357767557095	0.003952632784672616
0.24518454990398286	0.46357622348042304	0.2634417119631629	-0.027797514652431188
-0.1815497632565657	0.09595576818678242	-0.06747436726933986	-0.655020101287312
-0.0019376358277267691	0.17418618551043252	0.1447682263636041	-0.6791079522982366
0.025736794854778644	-0.07354066928410607	0.5895240031300548	-0.31119853273106046
0.08871255700891645	0.43375711288503327	0.29427258179374194	-0.18325774831230834
0.32169750594205504	-0.050317439051533075	-0.5818542034458685	0.04613085156054342
-0.19001408115261742	-0.08367022362498777	-0.46909188030313187	0.25722381491926294
0.09057347319438369	0.3439467656494506	0.47083477217725433	-0.09464498897891138
0.027274109577292815	0.2074833923965942	0.4826554119107078	-0.2825870861154052
-0.19652016785235182	-0.3538278451363992	0.44154821053782545	0.00810377647342353
-0.265543278149043	0.13536675738640414	0.29165198774748213	-0.30743797671707074
-0.007268793547957397	-0.3949450559068757	0.33471398826471477	0.26307216228045216
0.106156261532669	-0.7058092010212165	0.05460961906514594	0.1334249183809686
0.5080868638372353	0.11595763033343909	0.04647296099233622	-0.32948254483698936
-0.048991701180348235	0.4122400279880416	0.04422979212225253	0.49453847870935763
-0.14833902330708648	-0.12704128892219013	0.19041181830987375	-0.5342078694608496
0.0356558176375914	0.3074205404142376	-0.2684263349715361	0.38849730697663487
-0.05481574176306658	-0.1098554523330939	0.32095581259080896	-0.5143729933130305
0.6744306262302906	0.23924263381039523	0.002874296783190733	0.08345244317612344
-0.30976235751041514	-0.16316008678083227	-0.19849439067303987	-0.3285831650357127
0.07404175978254335	0.39391811318563974	-0.005450497007145394	-0.5265896300246715
0.12020800702359935	-0.5612062744721831	0.1424612281315234	-0.17612449037269418
-0.10641305308663318	-0.016157573828433858	-0.6347362125512974	-0.24269316053363554
-0.15043570534087558	-0.43602031009274334	0.3425561299079758	0.07098785465840529
0.5295202747130157	-0.3309190560680457	0.04598847898220049	0.09357219023673813
0.18215681049428678	0.5138671398571386	0.06386573518746608	-0.24011031446110853
0.0314987701883811	-0.018788019882760798	0.38107180342679237	-0.5686414065020657
0.07046245697477804	-0.03875241370154825	-0.1615497238451291	-0.7292354054785446
0.21260004294171364	-0.12714737286175248	0.20768894142804517	-0.4525636427684887
-0.5888407494703773	0.07044119070300492	0.33715373526725645	0.003564324559361287
0.04302636062780274	-0.08755126270672742	-0.6435964548747588	-0.22582592179071104
-0.016788745104361347	0.2701044494762923	0.565092734954542	-0.1480140704648043
0.11110220233634638	0.6471192763943283	-0.2352973271079184	0.006481194161406911
-0.22136528643676412	0.4758956960875198	0.13051246757752644	0.17222654989818964
-0.09696047730409862	0.08165444855716197	0.6386204588189233	0.18276461531981614
0.030421021843876517	0.11099233853635848	0.46468788529201954	-0.39389875432774546
0.14213867170072425	0.23958150176773407	-0.19304257143230008	-0.4252372550992416
-0.15253685399174843	0.35402304505728943	0.29272767278227696	-0.20071242816868518
-0.020346332424905578	0.0962155412143193	-0.685952810372815	0.19748531598796015
-0.0737018366975748	0.27910505304461974	0.5848807879084437	-0.06231232234936179
-0.06374777200012227	0.5507817281517986	-0.06204183355878934	-0.3234286662892898
-0.0851519797486342	0.05514734769786145	0.6964209848503768	0.1632796877031275
-0.042046186389148144	-0.11238028662647159	0.49307796444096463	-0.35249556254341563
0.06220402048521434	0.6963618807163643	0.20251258573844022	0.03892151305998115
-0.20211053471759333	0.2807005080403111	0.39331434203348237	0.1238746152086132
-0.23661575767724408	-0.18901847426019502	0.17234267687535776	0.40202309118720314
0.2842500731270743	-0.1100443261280244	-0.027383040781320478	-0.5783225599635808
0.16461183676513436	0.05274997264480574	0.20426977231655452	-0.5783684182735054
0.5077375041679868	-0.07392646331639852	0.06192369716602686	-0.3564123353495878
0.6367212014750507	0.045648835967061485	0.23787569213270965	-0.07975427042517813
0.09060474662578799	0.5679010762808894	-0.3137423735078828	-0.027751803585439827
0.006001427356609135	0.7379405292201895	0.06060273021414231	0.19545531320905907
-0.010779502839791011	-0.49291594116832926	-0.32706466698502235	-0.16923988900685738
0.12381121927757954	0.4455308731074128	-0.14372799952792437	0.2869299080870833
-0.43525791359650645	-0.03522120090648562	-0.375061569390736	-0.15445931610627195
0.29486983334996264	0.037305586462302864	0.10206354698759457	0.5657610332001399
-0.3119004518059947	0.004522213312191825	0.620724790544406	-0.0628525443374075
0.13319313998966087	0.36876689642822247	-0.12260017124247113	-0.37543979233964553
0.5404585906119639	0.369095560302682	-0.08886979301491871	-0.0015760560704354276
0.05212741584314751	-0.03273261363837365	-0.10252178004411827	-0.8126181904743606
-0.2999012171698161	0.3186372122201435	-0.15123540758345566	0.23022616302658472
0.04264363123595505	0.47773105957756057	-0.01028916221258025	-0.46933614697390413
0.3477366206963073	0.303259393791371	-0.05366252084010781	-0.2953414646722139
-0.20819662585339338	0.05609274177499213	0.3942922490662597	0.3414183833053548
0.33318211915025353	-0.38386545106294157	0.26651539505413147	0.01643703473267344
0.6362081786429021	0.06958839471347966	0.09120483030713156	-0.20299859633648665
-0.005523675764544711	-0.06130777917177288	-0.14230375844528664	-0.7908647866183958
0.010709015921463338	-0.7516315724316887	0.12383936477794877	-0.11382004686889924
-0.05833960896530632	0.003960236853584043	0.31628149433686437	-0.6214186598442453
0.028996411788807297	-0.2692832852737297	0.5291347078443369	0.1725855950931261
-0.07027579954210617	0.079577033349989	-0.49033222439132795	-0.3598149427165769
0.13828859184086806	-0.2547654196324318	-0.08681103500409115	0.520134953522609
0.1893576675780415	-0.12342773860279732	-0.5990398751304871	-0.0881747186886741
-0.34521676587242234	0.4295435136770227	-0.11293293937929083	0.11230678107126413
-0.2578989249096888	-0.4411432360846901	0.06121811500770402	-0.2397397239979171
0.3031684806601074	0.1453648964781762	0.06489962088887524	0.4865670019728412
-0.07215449781257499	-0.07806028555877886	0.3035100554839405	-0.5462751611447056
-0.19479508136653378	-0.25684179983811894	-0.3351838735908197	-0.21317924520452758
0.27692039176081495	0.11275028081034066	0.5573723119146212	0.05295701551422316
0.05590930585815612	-0.02270016514439388	0.6027273318739765	-0.31866319712347346
-0.055294235981725226	-0.13114441443462876	-0.035568353756301185	-0.7779929958273448
-0.33967635083525005	-0.12372226199653191	0.2052261562111508	-0.3313752309570672
0.22837390700943971	-0.01607508426035631	0.6768185116561354	-0.0787324970740686
-0.4158814898097851	-0.16433201799564978	-0.2923912865983096	-0.1273952055962555
-0.4821388804868951	0.10102827850653529	0.11670080899640456	-0.30013203201016503
0.07670784650814388	-0.772750092021161	0.021274304155072032	0.12926775731562312
0.4665568218248024	-0.25152580261326496	0.03087929573120851	0.2510380798307241
-0.09171788695233496	-0.03921617566243185	-0.12860116758127593	0.7404647698039573
0.1940298992233116	-0.15770928452543043	0.3990727461331325	0.2491880701181255
0.3234296540023327	0.44993984316353264	-0.11616616343932651	-0.11046433939480815
0.3871243339670698	0.4762652670771623	0.0048714383496957225	-0.13173896060607215
-0.35737713071238075	0.2074546641288859	-0.35568349011382394	0.0794847150449094
-0.17599267861437506	-0.04335838583561369	0.4522173357740842	0.32843159977592706
0.1746773276564313	-0.25624038348329226	-0.15912442720873377	-0.4099578616515427
0.16897466327834465	0.21813794711695178	-0.04913835872888539	-0.5637490308758182
0.1448496798655703	0.18133158890699064	0.5828086826877363	-0.09101004853970274
0.19785225348470448	-0.5462912193509339	-0.0446527336984055	0.21120379346595608
-0.45938077604731453	-0.10030492913255618	0.37552932143277884	-0.06478497338735045
-0.5697859061761263	-0.37482002378442436	-0.0005770745315754056	0.05481699550787389
-0.03870009352996062	0.44513319601423285	-0.3250813773969885	-0.19108533305881803
0.16797694347257597	0.2688507038324077	-0.4788328500650889	0.0843395026299274
0.3345423564262566	0.10221057183226923	0.2059463132571473	0.35730075848432685
-0.02157741871844765	0.3399027918766391	0.5931810693940955	0.045338720010817735
0.0808510082625502	0.3037213347695078	-0.37463050375375895	0.24079715321418305
0.15080221823243778	-0.22395848865759294	-0.06270214614382019	-0.5625371469661491
-0.3419699590183698	0.14614933260515373	-0.409438654143099	-0.10244205423337749
-0.2733700841081881	0.20375451313245874	0.44019036297157754	0.08268503978777564
0.24134926830612602	0.3869886229421695	0.1757617654492798	-0.19590034330242467
-0.2542659242475829	-0.32466776805233666	0.11293037317802401	-0.30813593452205645
0.17792744878449995	-0.2315128573610623	-0.013755914175729078	-0.5768037796787087
-0.24367475346237	-0.3022121266564952	-0.05298282506661178	-0.401130294814523
0.6234877297600816	0.29524894927967615	0.07319270816777323	-0.008070612792469012
-0.5186040303214874	0.05275649949345507	-0.15830368903037884	-0.2703357811546787
-0.07631290501721422	-0.4181312794338594	0.3539314282662158	0.15162438728271055
-0.21505609427947925	0.3338096593655766	-0.4274868980862001	0.02364734826874404
-0.24226589446914337	-0.11961356736774986	-0.22516137666369462	0.41295916149941214
-0.20067943967781243	0.1544740984739763	0.19061802542428152	0.45422843642392974
0.24213733016452643	-0.06623033391805677	-0.11972670695378551	0.5719056289636313
0.1649049592916485	0.04826516015693616	-0.423236486511801	0.3635933940396143
0.3107415210693476	0.2916812034715537	0.2169417983572608	0.18063547710183792
0.0029291038544856374	0.6709647889928201	0.0739660776506108	-0.2521400295020835
0.1328202281040891	-0.7342852251198064	0.07785096138192249	-0.05504358539418197
-0.04157517881409589	0.23898401463649832	-0.26849707036461323	0.45094373618479255
-0.5607415230264701	-0.18378617523603547	0.010492754562535511	-0.24497954717495896
-0.06714585552818964	0.2945758092151691	0.1717644744984732	-0.46651386075816803
0.2924142051007632	-0.3754687714152656	0.09638283172333462	-0.2357341917606366
-0.22588553876815154	0.5391299224606594	-0.10337483105944756	-0.13160970771174152
-0.05371779438570079	-0.38853976179909666	-0.5174040663796742	0.04033837743552837
-0.03745425261945168	0.3379058782045199	-0.265865712970603	0.3587741562054254
-0.2650209806577797	-0.12319367235662515	0.505937037789604	0.1058483091959912
-0.006311473773241705	-0.5666284337058538	0.08605865904993903	0.34100143347096545
0.2235303451794899	-0.36364293974191053	0.07201914067856041	0.34080757440003917
0.05659111582090448	0.4832794440176509	-0.22756820629656205	-0.2325612338648826
-0.2116120026616375	0.004484973022966354	0.6983724579057138	-0.08553056640968237
0.01216278351535105	-0.4325660559293467	-0.14796582721327622	-0.407305333342026
0.42144515702471574	-0.16189248254437483	-0.034493339566255665	-0.38216902086465376
0.06529537155481013	0.18975102175560665	0.6038972429102885	-0.14105636377929476
0.09495867467902319	-0.4279934716194229	-0.07434961123393369	-0.4026982424676202
0.1250387808634177	0.2281362469837811	0.621586959829882	0.025238012322919223
-0.12707638923487785	-0.11923622690283553	0.41485787170031774	0.3388295121619689
0.09772846104672572	-0.6813860761600998	0.05544350879591109	0.16544195399726336
0.1621795964716659	-0.34712214801956054	0.047854432262961044	-0.4428438232458125
-0.26272739281915225	-0.2548115371411639	0.2396554392933261	-0.24280563074635775
0.24947404768018067	0.20674492790928012	-0.09893958664811686	0.44484143776242235
-0.21424560351862754	0.1877135840266495	-0.20527870732310016	0.3927621051316228
0.31622483982307314	-0.24445716538021256	0.31988711188045027	0.11943088291626403
FactorLoading_Ψ
0.35751068399307795	0.031073790838251236	-0.01890639113190362	0.5925091340367672
-0.10822244879892184	0.16028943457120182	-0.2608436092358857	-0.47064450739399066
-0.09552515757227775	0.7407890772011996	0.11008886514377236	0.05359690008275031
-0.6868681447883112	-0.11885564475144528	-0.19032357767557095	0.003952632784672616
0.24518454990398286	0.46357622348042304	0.2634417119631629	-0.027797514652431188
-0.1815497632565657	0.09595576818678242	-0.06747436726933986	-0.655020101287312
-0.0019376358277267691	0.17418618551043252	0.1447682263636041	-0.6791079522982366
0.025736794854778644	-0.07354066928410607	0.5895240031300548	-0.31119853273106046
0.08871255700891645	0.43375711288503327	0.29427258179374194	-0.18325774831230834
0.32169750594205504	-0.050317439051533075	-0.5818542034458685	0.04613085156054342
-0.19001408115261742	-0.08367022362498777	-0.46909188030313187	0.25722381491926294
0.09057347319438369	0.3439467656494506	0.47083477217725433	-0.09464498897891138
0.027274109577292815	0.2074833923965942	0.4826554119107078	-0.2825870861154052
-0.19652016785235182	-0.3538278451363992	0.44154821053782545	0.00810377647342353
-0.265543278149043	0.13536675738640414	0.29165198774748213	-0.30743797671707074
-0.007268793547957397	-0.3949450559068757	0.33471398826471477	0.26307216228045216
0.106156261532669	-0.7058092010212165	0.05460961906514594	0.1334249183809686
0.5080868638372353	0.11595763033343909	0.04647296099233622	-0.32948254483698936
-0.048991701180348235	0.4122400279880416	0.04422979212225253	0.49453847870935763
-0.14833902330708648	-0.12704128892219013	0.19041181830987375	-0.5342078694608496
0.0356558176375914	0.3074205404142376	-0.2684263349715361	0.38849730697663487
-0.05481574176306658	-0.1098554523330939	0.32095581259080896	-0.5143729933130305
0.6744306262302906	0.23924263381039523	0.002874296783190733	0.08345244317612344
-0.30976235751041514	-0.16316008678083227	-0.19849439067303987	-0.3285831650357127
0.07404175978254335	0.39391811318563974	-0.005450497007145394	-0.5265896300246715
0.12020800702359935	-0.5612062744721831	0.1424612281315234	-0.17612449037269418
-0.10641305308663318	-0.016157573828433858	-0.6347362125512974	-0.24269316053363554
-0.15043570534087558	-0.43602031009274334	0.3425561299079758	0.07098785465840529
0.5295202747130157	-0.3309190560680457	0.04598847898220049	0.09357219023673813
0.18215681049428678	0.5138671398571386	0.06386573518746608	-0.24011031446110853
0.0314987701883811	-0.018788019882760798	0.38107180342679237	-0.5686414065020657
0.07046245697477804	-0.03875241370154825	-0.1615497238451291	-0.7292354054785446
0.21260004294171364	-0.12714737286175248	0.20768894142804517	-0.4525636427684887
-0.5888407494703773	0.07044119070300492	0.33715373526725645	0.003564324559361287
0.04302636062780274	-0.08755126270672742	-0.6435964548747588	-0.22582592179071104
-0.016788745104361347	0.2701044494762923	0.565092734954542	-0.1480140704648043
0.11110220233634638	0.6471192763943283	-0.2352973271079184	0.006481194161406911
-0.22136528643676412	0.4758956960875198	0.13051246757752644	0.17222654989818964
-0.09696047730409862	0.08165444855716197	0.6386204588189233	0.18276461531981614
0.030421021843876517	0.11099233853635848	0.46468788529201954	-0.39389875432774546
0.14213867170072425	0.23958150176773407	-0.19304257143230008	-0.4252372550992416
-0.15253685399174843	0.35402304505728943	0.29272767278227696	-0.20071242816868518
-0.020346332424905578	0.0962155412143193	-0.685952810372815	0.19748531598796015
-0.0737018366975748	0.27910505304461974	0.5848807879084437	-0.06231232234936179
-0.06374777200012227	0.5507817281517986	-0.06204183355878934	-0.3234286662892898
-0.0851519797486342	0.05514734769786145	0.6964209848503768	0.1632796877031275
-0.042046186389148144	-0.11238028662647159	0.49307796444096463	-0.35249556254341563
0.06220402048521434	0.6963618807163643	0.20251258573844022	0.03892151305998115
-0.20211053471759333	0.2807005080403111	0.39331434203348237	0.1238746152086132
-0.23661575767724408	-0.18901847426019502	0.17234267687535776	0.40202309118720314
0.2842500731270743	-0.1100443261280244	-0.027383040781320478	-0.5783225599635808
0.16461183676513436	0.05274997264480574	0.20426977231655452	-0.5783684182735054
0.5077375041679868	-0.07392646331639852	0.06192369716602686	-0.3564123353495878
0.6367212014750507	0.045648835967061485	0.23787569213270965	-0.07975427042517813
0.09060474662578799	0.5679010762808894	-0.3137423735078828	-0.027751803585439827
0.006001427356609135	0.7379405292201895	0.06060273021414231	0.19545531320905907
-0.010779502839791011	-0.49291594116832926	-0.32706466698502235	-0.16923988900685738
0.12381121927757954	0.4455308731074128	-0.14372799952792437	0.2869299080870833
-0.43525791359650645	-0.03522120090648562	-0.375061569390736	-0.15445931610627195
0.29486983334996264	0.037305586462302864	0.10206354698759457	0.5657610332001399
-0.3119004518059947	0.004522213312191825	0.620724790544406	-0.0628525443374075
0.13319313998966087	0.36876689642822247	-0.12260017124247113	-0.37543979233964553
0.5404585906119639	0.369095560302682	-0.08886979301491871	-0.0015760560704354276
0.05212741584314751	-0.03273261363837365	-0.10252178004411827	-0.8126181904743606
-0.2999012171698161	0.3186372122201435	-0.15123540758345566	0.23022616302658472
0.04264363123595505	0.47773105957756057	-0.01028916221258025	-0.46933614697390413
0.3477366206963073	0.303259393791371	-0.05366252084010781	-0.2953414646722139
-0.20819662585339338	0.05609274177499213	0.3942922490662597	0.3414183833053548
0.33318211915025353	-0.38386545106294157	0.26651539505413147	0.01643703473267344
0.6362081786429021	0.06958839471347966	0.09120483030713156	-0.20299859633648665
-0.005523675764544711	-0.06130777917177288	-0.14230375844528664	-0.7908647866183958
0.010709015921463338	-0.7516315724316887	0.12383936477794877	-0.11382004686889924
-0.05833960896530632	0.003960236853584043	0.31628149433686437	-0.6214186598442453
0.028996411788807297	-0.2692832852737297	0.5291347078443369	0.1725855950931261
-0.07027579954210617	0.079577033349989	-0.49033222439132795	-0.3598149427165769
0.13828859184086806	-0.2547654196324318	-0.08681103500409115	0.520134953522609
0.1893576675780415	-0.12342773860279732	-0.5990398751304871	-0.0881747186886741
-0.34521676587242234	0.4295435136770227	-0.11293293937929083	0.11230678107126413
-0.2578989249096888	-0.4411432360846901	0.06121811500770402	-0.2397397239979171
0.3031684806601074	0.1453648964781762	0.06489962088887524	0.4865670019728412
-0.07215449781257499	-0.07806028555877886	0.3035100554839405	-0.5462751611447056
-0.19479508136653378	-0.25684179983811894	-0.3351838735908197	-0.21317924520452758
0.27692039176081495	0.11275028081034066	0.5573723119146212	0.05295701551422316
0.05590930585815612	-0.02270016514439388	0.6027273318739765	-0.31866319712347346
-0.055294235981725226	-0.13114441443462876	-0.035568353756301185	-0.7779929958273448
-0.33967635083525005	-0.12372226199653191	0.2052261562111508	-0.3313752309570672
0.22837390700943971	-0.01607508426035631	0.6768185116561354	-0.0787324970740686
-0.4158814898097851	-0.16433201799564978	-0.2923912865983096	-0.1273952055962555
-0.4821388804868951	0.10102827850653529	0.11670080899640456	-0.30013203201016503
0.07670784650814388	-0.772750092021161	0.021274304155072032	0.12926775731562312
0.4665568218248024	-0.25152580261326496	0.03087929573120851	0.2510380798307241
-0.09171788695233496	-0.03921617566243185	-0.12860116758127593	0.7404647698039573
0.1940298992233116	-0.15770928452543043	0.3990727461331325	0.2491880701181255
0.3234296540023327	0.44993984316353264	-0.11616616343932651	-0.11046433939480815
0.3871243339670698	0.4762652670771623	0.0048714383496957225	-0.13173896060607215
-0.35737713071238075	0.2074546641288859	-0.35568349011382394	0.0794847150449094
-0.17599267861437506	-0.04335838583561369	0.4522173357740842	0.32843159977592706
0.1746773276564313	-0.25624038348329226	-0.15912442720873377	-0.4099578616515427
0.16897466327834465	0.21813794711695178	-0.04913835872888539	-0.5637490308758182
0.1448496798655703	0.18133158890699064	0.5828086826877363	-0.09101004853970274
0.19785225348470448	-0.5462912193509339	-0.0446527336984055	0.21120379346595608
-0.45938077604731453	-0.10030492913255618	0.37552932143277884	-0.06478497338735045
-0.5697859061761263	-0.37482002378442436	-0.0005770745315754056	0.05481699550787389
-0.03870009352996062	0.44513319601423285	-0.3250813773969885	-0.19108533305881803
0.16797694347257597	0.2688507038324077	-0.4788328500650889	0.0843395026299274
0.3345423564262566	0.10221057183226923	0.2059463132571473	0.35730075848432685
-0.02157741871844765	0.3399027918766391	0.5931810693940955	0.045338720010817735
0.0808510082625502	0.3037213347695078	-0.37463050375375895	0.24079715321418305
0.15080221823243778	-0.22395848865759294	-0.06270214614382019	-0.5625371469661491
-0.3419699590183698	0.14614933260515373	-0.409438654143099	-0.10244205423337749
-0.2733700841081881	0.20375451313245874	0.44019036297157754	0.08268503978777564
0.24134926830612602	0.3869886229421695	0.1757617654492798	-0.19590034330242467
-0.2542659242475829	-0.32466776805233666	0.11293037317802401	-0.30813593452205645
0.17792744878449995	-0.2315128573610623	-0.013755914175729078	-0.5768037796787087
-0.24367475346237	-0.3022121266564952	-0.05298282506661178	-0.401130294814523
0.6234877297600816	0.29524894927967615	0.07319270816777323	-0.008070612792469012
-0.5186040303214874	0.05275649949345507	-0.15830368903037884	-0.2703357811546787
-0.07631290501721422	-0.4181312794338594	0.3539314282662158	0.15162438728271055
-0.21505609427947925	0.3338096593655766	-0.4274868980862001	0.02364734826874404
-0.24226589446914337	-0.11961356736774986	-0.22516137666369462	0.41295916149941214
-0.20067943967781243	0.1544740984739763	0.19061802542428152	0.45422843642392974
0.24213733016452643	-0.06623033391805677	-0.11972670695378551	0.5719056289636313
0.1649049592916485	0.04826516015693616	-0.423236486511801	0.3635933940396143
0.3107415210693476	0.2916812034715537	0.2169417983572608	0.18063547710183792
0.0029291038544856374	0.6709647889928201	0.0739660776506108	-0.2521400295020835
0.1328202281040891	-0.7342852251198064	0.07785096138192249	-0.05504358539418197
-0.04157517881409589	0.23898401463649832	-0.26849707036461323	0.45094373618479255
-0.5607415230264701	-0.18378617523603547	0.010492754562535511	-0.24497954717495896
-0.06714585552818964	0.2945758092151691	0.1717644744984732	-0.46651386075816803
0.2924142051007632	-0.3754687714152656	0.09638283172333462	-0.2357341917606366
-0.22588553876815154	0.5391299224606594	-0.10337483105944756	-0.13160970771174152
-0.05371779438570079	-0.38853976179909666	-0.5174040663796742	0.04033837743552837
-0.03745425261945168	0.3379058782045199	-0.265865712970603	0.3587741562054254
-0.2650209806577797	-0.12319367235662515	0.505937037789604	0.1058483091959912
-0.006311473773241705	-0.5666284337058538	0.08605865904993903	0.34100143347096545
0.2235303451794899	-0.36364293974191053	0.07201914067856041	0.34080757440003917
0.05659111582090448	0.4832794440176509	-0.22756820629656205	-0.2325612338648826
-0.2116120026616375	0.004484973022966354	0.6983724579057138	-0.08553056640968237
0.01216278351535105	-0.4325660559293467	-0.14796582721327622	-0.407305333342026
0.42144515702471574	-0.16189248254437483	-0.034493339566255665	-0.38216902086465376
0.06529537155481013	0.18975102175560665	0.6038972429102885	-0.14105636377929476
0.09495867467902319	-0.4279934716194229	-0.07434961123393369	-0.4026982424676202
0.1250387808634177	0.2281362469837811	0.621586959829882	0.025238012322919223
-0.12707638923487785	-0.11923622690283553	0.41485787170031774	0.3388295121619689
0.09772846104672572	-0.6813860761600998	0.05544350879591109	0.16544195399726336
0.1621795964716659	-0.34712214801956054	0.047854432262961044	-0.4428438232458125
-0.26272739281915225	-0.2548115371411639	0.2396554392933261	-0.24280563074635775
0.24947404768018067	0.20674492790928012	-0.09893958664811686	0.44484143776242235
-0.21424560351862754	0.1877135840266495	-0.20527870732310016	0.3927621051316228
0.31622483982307314	-0.24445716538021256	0.31988711188045027	0.11943088291626403
Conflicts
3 59
109 142
63 67
102 55
69 58
55 147
147 98
43 33
10 101
102 149
47 44
93 108
40 144
17 97
47 32
100 3
58 44
128 150
56 39
150 115
128 57
71 116
90 24
117 15
126 127
50 107
29 53
22 6
4 118
58 115
36 11
140 16
33 45
70 45
123 141
84 30
79 111
32 120
40 90
37 124
11 82
123 6
133 63
77 56
66 58
138 88
103 130
50 59
9 20
19 79
25 141
11 129
68 88
25 94
4 44
29 22
7 75
103 82
39 134
47 137
126 70
100 53
25 98
63 44
102 140
60 3
125 147
43 93
102 111
132 65
124 30
123 8
133 3
102 131
133 87
60 123
118 46
66 88
86 85
49 134
147 33
100 147
98 146
59 139
37 70
47 41
128 34
26 112
79 82
70 79
14 131
68 19
62 73
150 57
119 14
63 2
108 44
149 141
86 115
71 82
3 1
66 140
31 74
50 122
54 145
63 56
75 58
78 11
14 146
128 120
69 81
116 52
77 28
2 40
99 106
125 146
93 96
34 125
34 45
14 64
54 142
50 2
3 101
102 122
72 141
145 105
81 2
25 18
92 93
69 96
13 73
142 115
117 39
128 82
131 18
15 52
34 22
136 85
58 30
93 59
108 84
72 95
123 19
119 111
3 58
4 133
125 74
23 90
7 125
146 46
83 15
118 6
115 1
104 131
37 67
136 146
102 8
78 107
14 150
86 41
130 19
55 2
67 84
93 91
66 134
40 104
68 148
116 138
78 21
71 89
140 95
5 1
17 138
41 46
144 39
136 6
94 91
25 55
22 18
75 33
71 3
127 90
32 16
80 15
149 41
32 11
83 56
59 30
125 17
102 70
103 137
53 59
14 89
131 84
148 35
69 113
105 115
36 138
68 35
92 20
148 30
51 1
100 29
128 109
146 134
108 138
148 8
60 94
69 117
55 87
9 82
77 146
43 56
36 21
4 143
43 34
144 11
116 89
103 15
119 5
117 21
102 80
113 129
119 33
108 91
26 13
123 46
58 95
65 105
37 15
136 33
48 20
103 16
97 85
130 64
3 17
16 82
63 85
143 113
16 15
74 111
16 36
133 142
119 112
147 146
31 67
132 20
88 1
98 30
14 52
138 6
120 81
75 5
79 6
133 29
82 111
55 141
124 89
48 105
53 85
23 94
99 39
133 49
60 129
29 110
66 27
132 95
8 106
43 131
25 81
58 27
68 48
26 18
47 86
98 45
137 49
70 108
97 8
113 96
123 52
122 87
132 96
63 40
77 67
78 79
101 141
108 39
60 72
72 27
130 94
3 56
38 18
119 12
145 90
148 123
37 6
80 107
42 93
101 105
44 18
43 127
68 14
61 36
98 91
21 90
37 60
53 64
126 130
28 84
119 93
40 99
37 138
43 57
7 63
136 130
83 126
122 137
101 28
64 134
25 139
95 139
35 48
34 117
65 56
147 111
60 70
33 44
117 24
86 76
98 74
57 111
130 104
29 56
130 56
92 24
5 84
71 69
16 8
79 138
92 84
132 102
145 146
129 20
66 150
132 13
64 20
60 52
2 110
115 44
74 85
2 53
104 65
110 52
54 42
53 104
53 28
101 122
61 12
40 61
141 85
87 45
123 64
99 95
59 11
8 30
47 51
71 50
149 82
26 132
54 56
77 58
12 84
100 34
58 21
19 94
56 57
119 45
130 99
86 30
50 96
122 11
148 51
146 18
48 142
33 30
139 21
7 20
68 104
43 118
10 80
100 6
42 101
149 56
19 84
14 130
79 84
2 112
149 127
114 88
78 17
40 137
103 108
31 55
144 85
122 79
5 127
131 70
47 78
94 142
47 30
68 67
31 134
35 90
148 129
119 115
144 118
50 87
133 41
23 18
135 143
47 3
103 17
55 72
50 144
13 108
121 130
110 39
124 57
123 139
50 61
132 29
110 88
72 36
136 134
129 111
72 73
126 95
94 18
32 58
43 90
26 82
137 70
55 110
22 118
19 93
54 22
28 90
107 84
55 86
53 109
139 127
75 113
133 78
56 21
28 38
55 112
25 95
51 138
60 115
148 75
102 120
8 52
92 143
48 56
19 115
109 45
71 39
50 29
53 5
68 54
71 68
89 16
124 18
141 127
120 127
69 19
147 127
64 5
111 105
131 5
8 41
3 99
113 105
9 46
116 40
31 15
100 148
87 118
4 52
69 28
146 17
61 134
48 106
136 117
50 39
133 8
46 127
80 58
43 55
132 139
43 53
62 1
124 65
26 8
19 20
121 17
39 84
63 129
70 142
102 97
78 12
40 36
101 130
20 134
132 81
31 27
101 127
2 143
23 61
40 59
143 38
116 65
128 88
146 45
13 131
27 99
11 85
87 8
4 84
54 12
34 72
132 31
133 125
81 144
135 98
37 18
47 62
7 22
75 22
121 61
86 111
26 126
63 115
3 62
25 130
75 150
23 51
25 84
65 91
124 17
31 1
87 38
14 91
133 48
140 21
101 41
9 105
58 104
19 107
124 147
81 56
124 149
149 52
32 142
109 65
4 16
96 6
121 123
35 57
54 98
140 89
2 149
63 150
26 53
121 85
29 127
31 105
43 103
75 19
71 130
69 89
78 90
17 79
130 137
25 42
119 50
29 139
104 48
94 52
98 69
47 145
37 101
9 33
140 101
112 12
119 69
70 22
14 28
63 105
63 101
103 80
89 96
72 74
32 40
113 52
98 29
97 20
142 57
71 137
83 29
39 6
23 126
140 33
77 8
41 141
141 44
110 141
23 144
119 85
86 139
125 84
23 46
99 84
106 21
72 109
103 99
74 82
131 22
49 84
119 84
132 59
69 95
135 141
144 51
113 82
43 126
71 28
65 18
105 52
13 78
3 108
110 8
35 118
34 36
119 132
54 72
35 123
136 29
102 82
36 70
14 35
125 49
54 88
81 19
123 76
37 104
100 99
115 30
100 93
133 92
89 28
147 122
32 1
2 127
86 126
4 36
147 90
67 96
42 72
70 33
94 76
105 24
71 42
114 96
35 42
148 32
13 22
3 19
125 20
133 83
63 114
19 46
128 52
27 95
63 1
112 73
60 139
74 87
63 130
54 108
98 127
7 28
32 95
119 48
74 6
75 72
23 11
88 85
145 51
119 130
123 105
124 143
14 107
113 44
94 105
84 18
70 94
61 1
77 134
47 81
102 77
114 48
89 142
23 109
75 56
93 33
58 79
69 56
78 145
117 141
7 116
35 103
145 64
79 142
78 76
98 44
22 1
27 150
40 12
2 33
136 32
55 19
120 34
53 131
107 139
107 36
136 35
25 8
136 59
104 20
107 21
54 150
31 83
9 30
52 85
61 64
110 51
114 105
22 44
93 44
47 89
23 21
37 73
16 46
47 6
66 6
25 11
11 96
4 38
96 150
54 74
103 139
102 34
120 69
116 107
28 91
80 22
146 20
104 21
125 58
102 79
146 67
133 108
95 20
99 97
29 91
100 107
98 131
95 49
59 76
47 57
10 50
108 105
125 93
148 55
61 41
75 3
133 10
25 90
47 28
7 77
136 94
15 73
98 41
8 90
74 139
126 15
28 141
55 117
71 101
80 21
59 84
100 123
43 134
120 91
66 129
132 73
8 85
126 115
150 30
89 141
149 15
54 147
112 82
136 115
123 140
25 135
83 87
61 11
47 117
71 104
77 108
116 131
112 144
53 45
61 88
132 14
16 111
61 94
109 150
21 22
54 10
101 61
14 72
69 24
48 1
147 11
36 95
35 15
78 59
99 24
102 83
137 87
117 130
83 12
126 12
66 101
104 107
83 138
71 144
137 138
14 110
122 24
102 61
2 65
32 113
89 106
32 50
29 46
102 40
8 44
68 131
47 10
47 74
77 15
23 149
99 137
26 130
125 81
71 74
66 49
147 56
106 84
145 139
94 46
50 80
40 101
93 24
10 107
136 1
14 17
40 15
77 17
140 87
129 85
100 39
27 6
102 73
7 143
93 95
49 90
71 119
86 58
66 51
136 121
42 52
4 41
117 48
9 36
38 90
83 104
68 16
83 40
71 29
99 138
148 141
132 4
116 48
5 45
71 23
100 33
3 141
37 61
53 111
105 85
4 96
38 41
14 125
110 22
106 44
135 21
5 79
63 125
41 18
71 15
48 150
19 8
60 144
58 51
25 147
77 105
25 24
2 22
138 18
26 101
66 30
9 131
102 51
7 126
61 20
35 27
19 127
63 121
83 107
144 38
116 19
5 134
7 21
23 82
82 20
94 15
107 49
40 11
120 80
67 12
60 29
27 12
146 52
38 85
63 60
77 91
23 40
74 51
68 10
43 149
29 64
19 85
29 109
123 134
83 98
14 34
60 34
71 62
113 18
23 67
103 19
12 134
92 16
94 51
65 115
66 106
143 91
26 96
54 78
54 8
86 24
148 127
31 46
56 97
35 122
63 81
25 27
130 96
103 61
93 22
47 90
131 85
25 29
147 113
119 76
43 66
94 5
109 12
145 73
7 79
23 79
108 88
78 150
23 58
78 72
119 63
35 2
100 8
100 57
123 5
78 114
75 121
68 146
9 69
129 138
50 85
29 5
21 20
121 111
112 5
5 22
78 24
25 70
17 94
116 61
37 114
126 48
47 118
10 1
119 123
150 88
42 87
117 109
34 18
72 93
10 46
133 12
23 68
26 140
54 37
80 85
2 118
128 147
122 70
120 111
17 118
4 87
87 11
42 21
42 79
34 56
25 101
26 134
103 87
31 57
87 95
123 44
123 126
122 150
28 65
47 96
28 109
7 35
59 97
7 68
93 105
72 82
101 8
25 51
65 45
69 145
53 129
104 46
27 111
114 18
23 47
43 31
32 45
17 44
47 34
13 19
133 35
145 85
87 127
75 1
126 139
122 49
9 127
4 24
9 89
145 8
146 73
36 127
22 15
71 145
14 48
7 81
7 93
147 30
16 41
14 69
58 109
144 62
89 65
143 16
124 87
25 149
68 56
34 39
6 20
145 59
100 11
40 149
124 38
29 76
95 84
123 33
83 69
114 138
40 44
86 108
2 67
80 52
86 67
50 66
121 29
126 107
69 110
148 139
3 52
64 91
43 28
68 13
12 1
35 77
37 10
11 79
147 89
92 134
41 118
78 44
37 110
83 94
117 93
102 106
145 127
25 88
101 33
136 87
122 27
136 69
112 149
7 136
131 48
95 52
35 144
78 98
14 70
107 97
72 79
145 91
23 131
133 44
129 90
93 64
139 46
78 138
7 97
78 69
54 111
69 99
35 93
43 122
145 111
66 146
21 134
57 46
42 139
8 33
26 17
43 82
37 58
28 115
97 51
136 58
131 149
49 106
119 120
68 99
80 112
131 87
102 18
41 52
126 41
116 17
83 73
14 95
109 107
78 73
100 96
63 6
136 83
7 106
50 109
71 33
33 85
148 109
119 136
142 45
27 97
36 110
121 112
35 51
61 8
86 45
98 114
9 139
78 10
122 65
63 142
109 8
14 112
87 33
25 15
76 38
43 25
110 106
48 15
4 66
58 150
94 49
77 24
35 97
144 28
99 41
109 18
127 44
4 60
136 122
101 45
103 79
61 70
88 82
89 73
128 36
96 141
102 15
3 48
83 44
71 123
62 21
28 1
2 95
16 28
130 115
99 87
66 98
117 85
3 134
53 149
113 106
101 113
59 45
25 21
68 81
28 87
147 22
55 53
14 59
56 129
95 111
77 5
27 114
89 87
145 21
47 8
113 59
101 143
65 110
101 110
149 106
79 1
31 64
43 45
123 89
80 6
7 44
89 131
10 149
120 101
9 70
146 97
103 58
114 57
8 134
87 20
7 85
87 115
148 46
100 52
4 135
53 98
146 113
104 30
82 45
103 118
69 101
77 36
137 33
74 8
50 73
47 17
137 36
137 12
146 49
121 96
39 57
37 1
9 103
148 89
148 134
135 38
150 44
9 41
92 78
120 126
88 105
144 76
3 91
119 15
51 18
148 42
86 19
130 33
124 85
99 111
140 90
150 12
77 127
67 74
32 98
89 107
142 52
29 108
37 126
149 38
31 91
58 111
19 65
72 49
113 12
147 137
120 22
101 94
65 21
113 57
130 142
97 39
54 141
147 57
93 6
110 46
7 123
124 106
69 5
50 51
42 74
68 64
97 90
9 42
110 79
13 31
68 76
133 131
34 58
132 149
129 46
100 140
121 81
92 145
105 45
17 105
86 6
43 136
124 101
102 123
42 90
114 49
80 17
49 91
89 105
79 22
48 24
26 42
63 9
91 138
80 49
113 39
64 139
103 89
2 21
65 8
136 102
26 120
42 123
101 79
92 64
81 88
53 107
100 103
13 82
123 108
119 103
32 88
40 96
60 59
29 138
86 104
77 27
113 149
65 5
116 28
42 111
86 73
37 89
54 115
19 138
25 22
54 125
95 56
116 101
117 51
132 118
102 101
47 1
71 115
132 115
26 133
98 33
109 149
108 134
26 123
4 40
4 100
103 38
100 30
22 115
108 141
55 126
143 6
10 82
132 34
139 97
64 149
65 1
136 48
71 105
62 44
27 108
15 46
70 76
95 51
7 38
98 81
114 24
148 59
9 141
89 64
116 139
35 22
50 56
120 29
108 41
133 100
133 5
71 19
124 5
135 15
58 65
125 104
9 148
54 34
139 49
72 38
29 99
121 67
14 126
35 83
148 57
119 94
76 85
3 44
116 122
89 97
68 49
25 112
145 56
68 149
124 127
147 103
87 56
122 144
66 38
72 22
123 149
63 113
54 121
32 12
125 27
119 61
130 84
117 76
32 59
87 90
69 49
19 12
56 82
128 54
98 137
51 111
140 12
29 111
58 5
56 44
125 105
60 121
59 21
61 57
55 33
131 106
53 73
23 41
75 86
67 85
140 110
122 113
121 72
21 38
141 21
89 8
147 99
95 108
93 149
146 96
92 150
3 111
2 129
13 144
114 107
144 19
136 81
13 137
32 15
136 135
147 117
5 24
36 150
124 66
31 107
34 67
119 79
121 87
63 91
25 105
68 105
66 116
40 49
71 9
140 94
22 85
40 85
71 121
103 85
9 124
142 141
27 105
50 76
56 141
128 24
140 15
31 110
131 79
54 14
133 116
58 82
108 12
4 88
133 9
81 126
9 65
101 150
40 109
98 123
36 115
62 57
136 13
25 108
122 17
13 116
71 131
124 123
145 95
125 90
83 91
22 30
59 6
123 91
31 102
128 44
132 92
75 27
141 52
26 44
56 105
135 139
117 131
32 99
63 120
40 105
10 140
46 85
66 65
102 3
43 135
120 16
54 143
2 123
47 68
124 145
88 115
35 84
63 48
145 114
118 45
139 12
97 110
7 121
102 138
136 17
105 138
9 29
2 91
42 117
107 5
119 34
100 28
31 59
16 84
1 18
133 30
80 142
32 143
103 59
42 66
62 139
85 134
80 62
145 118
31 149
25 12
103 109
67 118
26 72
27 143
66 1
25 62
10 45
26 50
25 96
129 88
75 28
64 30
42 85
119 27
131 33
148 107
51 52
139 134
126 30
128 121
54 80
54 44
99 62
102 94
99 65
133 80
9 11
140 8
26 69
79 39
54 45
83 17
145 113
43 100
82 134
150 45
95 1
65 39
7 133
11 38
31 82
9 146
25 59
78 18
56 150
63 82
7 80
4 48
35 34
27 65
54 48
84 24
100 115
81 140
104 62
98 46
143 149
23 88
13 70
146 19
34 12
109 24
147 91
59 20
147 126
56 96
68 27
54 25
56 110
67 30
148 29
118 24
145 143
2 62
74 97
81 17
53 49
13 33
130 144
86 22
120 41
143 139
13 87
43 48
19 21
87 49
11 21
66 99
83 76
26 57
69 144
29 95
75 50
42 112
101 52
103 52
4 39
118 44
60 116
50 116
14 86
75 36
23 107
141 6
81 3
67 143
34 81
89 5
79 45
136 114
138 127
92 129
119 52
8 6
119 92
148 150
50 140
7 132
81 65
83 101
146 144
35 106
109 15
147 41
92 6
102 65
74 76
147 5
7 127
28 137
68 8
148 140
82 18
7 129
37 21
21 73
133 85
25 122
139 142
124 3
35 10
136 105
139 88
92 87
113 41
78 42
136 140
126 129
28 142
93 113
60 134
69 6
55 131
129 45
108 73
92 131
25 19
130 109
144 5
144 137
67 115
146 129
116 38
48 82
21 111
102 48
33 24
146 89
23 108
32 139
16 12
61 93
113 142
4 72
136 10
102 109
124 107
61 131
47 139
35 135
83 18
122 93
16 137
25 56
133 120
66 5
76 49
148 61
101 142
9 14
67 5
97 115
84 20
109 70
113 118
53 20
138 85
133 16
50 49
4 57
113 141
60 53
135 106
7 30
100 118
121 65
77 51
128 142
64 49
42 140
81 90
150 52
80 110
47 75
26 102
29 8
101 38
27 22
101 72
120 82
125 3
37 16
28 52
40 91
128 39
50 145
75 144
69 141
97 15
125 116
136 100
74 64
8 105
128 148
23 101
63 98
42 138
53 117
78 40
27 73
38 127
71 6
8 1
75 29
17 127
140 64
10 58
81 40
116 21
103 24
83 65
89 82
135 113
2 141
58 84
124 113
25 134
71 53
124 111
98 107
69 131
145 130
42 58
149 118
129 6
89 59
43 137
142 106
62 51
29 106
23 50
126 52
143 114
31 116
144 73
48 30
72 149
95 115
23 105
68 38
18 134
102 95
130 91
93 30
62 134
135 96
35 12
61 129
62 82
79 44
55 106
142 33
124 131
67 108
23 29
78 20
130 52
75 30
10 2
67 99
62 59
135 88
40 84
13 27
32 64
17 70
148 5
7 88
141 12
77 123
135 137
128 140
60 140
78 65
9 130
87 107
75 105
10 41
14 93
55 85
83 141
42 88
72 84
47 14
8 84
75 79
59 88
59 94
117 65
47 110
53 76
74 45
76 44
135 89
7 117
5 138
32 90
2 84
114 36
17 39
108 30
37 5
9 51
100 145
78 41
47 146
31 8
75 101
87 88
132 61
63 143
132 111
48 95
50 113
130 49
89 138
31 101
3 137
120 70
132 117
83 62
116 106
68 74
37 143
127 134
102 36
132 142
145 52
114 41
47 31
53 38
124 27
122 48
80 127
32 126
29 48
123 130
13 41
64 62
68 24
63 97
26 70
68 108
147 44
32 125
121 89
75 87
101 27
132 2
124 70
131 49
102 20
140 85
71 103
14 56
131 91
48 21
69 97
47 113
121 129
147 77
120 53
15 1
28 118
83 137
53 18
145 137
29 145
66 33
8 20
67 107
54 138
67 134
28 76
98 73
37 98
31 113
102 108
143 137
116 57
135 103
34 112
145 150
66 8
26 136
53 30
124 109
2 38
74 110
93 139
70 12
98 40
26 115
57 24
122 73
107 76
120 113
23 125
88 57
75 91
119 78
29 38
146 36
135 61
126 39
132 89
149 139
55 120
59 134
128 92
79 105
17 149
75 104
50 21
4 67
128 80
77 40
61 19
101 21
72 39
148 93
89 30
63 31
79 96
102 126
60 32
81 114
113 107
123 144
23 69
77 109
65 127
35 17
99 142
4 15
70 11
80 93
135 10
31 145
130 74
21 45
128 136
36 85
61 150
43 143
64 141
14 18
108 8
63 11
78 100
54 77
148 66
113 56
104 22
55 123
23 10
15 30
117 112
131 27
100 139
78 56
14 6
26 12
140 19
25 31
72 45
63 139
61 44
68 145
119 62
2 3
122 85
111 44
102 142
8 39
140 114
66 41
99 107
132 18
110 85
34 27
135 74
78 58
32 51
150 90
137 150
68 46
14 143
5 141
100 117
131 138
96 38
149 51
77 41
145 39
47 66
99 18
104 64
84 127
37 45
137 76
10 147
14 80
76 88
123 16
10 102
60 108
122 58
67 18
100 10
42 53
60 1
124 117
53 96
6 127
26 111
29 39
42 16
68 73
86 107
103 143
71 80
35 41
71 150
9 6
135 66
128 141
82 12
108 5
68 125
81 82
80 104
117 111
130 38
149 6
63 12
64 12
23 36
7 103
86 5
32 93
13 117
79 106
37 77
40 131
92 95
109 82
62 17
83 129
64 59
34 52
4 149
101 18
135 93
63 22
67 51
98 90
9 112
110 96
47 133
4 105
78 89
19 149
4 45
140 142
149 70
87 97
68 122
51 118
37 117
119 81
117 113
63 20
50 70
104 95
63 64
126 6
66 110
71 70
9 21
47 4
139 96
137 139
116 30
16 95
146 30
71 148
83 38
50 95
116 113
49 46
60 28
16 88
54 89
119 104
116 46
115 20
10 48
50 82
132 122
37 97
22 46
131 21
9 113
132 104
58 138
119 1
142 134
97 6
89 49
146 90
23 19
64 108
80 138
128 59
21 105
60 50
135 44
7 69
61 111
43 99
77 52
101 89
120 45
71 54
107 38
8 138
149 1
17 87
121 93
111 134
86 51
64 96
34 24
4 130
66 45
112 20
92 27
149 97
10 24
143 141
52 57
19 105
32 86
61 91
66 86
119 145
97 111
143 96
51 44
146 150
128 50
7 124
80 90
100 41
9 52
101 48
50 120
136 14
101 90
112 30
55 57
78 137
49 150
70 84
16 30
3 117
107 22
39 30
107 138
10 40
76 134
60 39
54 69
92 97
77 140
69 109
118 85
40 127
60 20
10 144
137 46
92 55
86 44
32 97
74 44
3 28
71 109
103 20
78 1
39 45
53 46
104 113
93 84
13 138
83 61
94 88
19 113
150 91
34 101
135 58
32 144
100 38
43 8
140 88
2 15
99 12
43 40
92 49
54 105
51 82
17 107
57 20
132 75
16 1
70 110
31 35
136 110
147 109
117 70
58 38
63 88
4 75
63 103
47 16
83 70
68 107
102 110
133 6
101 111
112 84
80 144
71 30
95 21
139 6
120 62
104 39
10 51
103 12
123 90
128 125
47 115
102 60
36 6
128 83
31 122
37 85
40 45
147 80
99 20
92 57
89 109
145 40
112 38
13 44
31 147
94 115
28 51
133 33
4 19
114 129
14 67
81 15
121 53
103 2
69 91
91 20
144 149
56 115
38 134
137 17
145 15
148 50
94 111
100 146
3 118
101 15
97 18
89 57
40 19
120 145
13 139
126 141
9 67
120 73
4 34
43 94
126 59
118 82
32 18
40 141
9 1
139 57
112 39
10 3
25 83
89 110
88 20
80 48
125 28
136 53
97 82
93 11
14 121
47 103
9 59
128 8
32 69
66 77
149 33
59 57
31 89
104 73
136 39
78 61
144 82
50 131
83 97
9 24
108 85
116 129
14 82
43 86
29 49
71 129
132 19
91 1
132 114
110 76
124 51
35 49
69 76
140 138
55 139
43 147
68 28
69 62
147 107
60 38
68 115
47 116
37 121
10 62
19 15
60 90
42 98
78 50
71 17
40 38
86 98
128 93
117 73
7 144
100 66
53 141
94 108
36 8
63 35
132 100
122 59
28 21
58 137
104 38
99 46
6 105
35 32
63 58
52 20
92 39
80 30
128 46
135 79
144 52
21 115
126 74
54 75
100 69
62 52
26 110
81 104
146 72
110 139
87 18
54 40
89 20
29 72
120 140
28 111
140 107
136 84
17 22
80 12
78 52
16 87
78 104
145 106
10 28
93 88
9 94
4 55
68 65
70 41
31 140
126 45
123 39
86 131
149 18
71 122
34 21
136 132
99 85
7 100
109 96
116 93
117 11
55 97
48 110
130 87
120 115
67 104
9 62
12 20
117 96
67 76
148 41
13 145
125 117
87 22
14 33
107 11
132 109
86 1
44 30
71 94
47 92
126 36
9 15
42 83
86 141
112 111
146 79
131 114
112 96
77 46
132 58
106 18
65 88
3 33
132 87
47 140
62 85
71 120
16 107
124 42
9 49
98 5
53 3
10 89
135 1
133 42
9 122
80 131
115 45
77 53
120 33
68 33
8 12
62 141
69 106
53 21
109 105
95 6
147 149
130 12
101 57
28 6
68 147
68 118
71 99
58 62
9 88
136 30
69 15
17 15
80 134
34 85
89 113
56 106
53 94
47 143
139 105
145 6
26 117
42 126
29 61
71 31
121 108
10 73
143 48
37 150
128 101
13 53
137 118
14 15
102 72
120 107
35 70
40 82
76 73
13 81
25 2
114 20
69 1
80 57
92 100
74 106
10 114
150 33
42 18
148 1
47 48
4 74
68 57
125 48
9 60
62 48
125 98
88 91
83 82
53 62
92 125
16 96
67 45
98 116
95 142
86 8
137 97
2 45
33 91
74 149
109 62
86 74
69 114
10 125
39 33
104 150
2 150
53 48
47 129
119 110
148 111
135 112
130 30
42 44
146 101
31 73
25 58
71 61
124 15
109 110
47 20
129 82
35 137
28 12
34 74
50 58
125 12
104 149
9 76
80 88
89 114
4 139
37 64
136 50
128 53
133 22
66 62
68 69
70 21
98 57
137 1
135 18
140 30
56 84
23 13
62 88
112 8
57 12
5 82
120 76
104 52
92 90
132 55
81 29
116 36
113 45
23 12
147 112
31 80
74 129
55 48
136 5
50 110
136 99
47 94
13 10
77 94
26 122
22 84
7 82
72 97
4 22
139 85
102 96
116 143
64 46
101 6
100 113
120 99
26 58
92 103
95 150
7 86
16 127
80 111
25 67
37 99
81 143
14 138
135 134
104 6
86 49
83 115
83 147
65 107
83 122
120 94
60 114
119 22
46 73
128 14
126 131
10 81
92 111
75 84
54 79
61 114
77 84
75 112
140 59
101 134
119 143
9 17
13 115
35 115
60 17
10 44
2 88
93 94
148 44
95 97
32 27
4 112
129 106
10 22
7 122
89 99
35 8
43 62
90 111
117 150
92 88
9 64
122 94
37 92
23 35
54 137
16 94
55 98
37 127
119 96
136 95
110 12
58 118
22 39
104 99
76 138
54 124
9 56
76 20
107 115
26 127
66 112
120 59
102 127
146 15
14 25
92 127
29 52
2 122
27 149
99 28
43 108
112 97
119 35
106 1
129 1
23 52
3 106
83 34
125 89
17 84
66 85
9 90
133 51
135 107
86 81
33 111
27 90
28 49
113 94
94 20
31 123
103 3
23 56
55 6
102 11
41 90
77 93
31 103
150 105
135 49
137 48
25 74
117 59
98 139
142 150
145 17
104 127
7 50
68 78
26 139
100 109
13 74
81 21
54 16
112 76
9 149
146 88
5 88
83 105
133 103
11 52
55 115
39 21
26 92
40 30
68 135
64 82
76 33
132 37
8 73
80 114
56 38
46 84
25 118
106 85
146 87
9 53
92 35
124 20
47 106
43 14
14 51
3 36
72 1
86 59
30 45
80 145
96 85
140 106
56 15
146 99
13 110
34 116
61 22
30 73
61 139
15 18
147 145
137 91
132 137
147 116
32 110
94 90
137 56
74 52
40 39
66 57
28 8
107 20
119 146
2 130
7 43
103 21
140 139
97 73
77 86
25 126
107 62
74 79
31 50
40 48
135 91
110 84
66 61
54 110
86 52
86 149
51 90
113 111
92 1
146 12
129 96
70 118
87 85
19 57
128 71
147 120
27 70
94 84
131 57
48 94
144 1
43 59
34 40
69 87
133 19
147 58
89 84
67 33
19 118
143 56
120 46
66 87
37 135
72 137
71 47
55 103
37 39
81 141
148 72
103 72
121 52
7 119
123 11
28 24
78 95
37 2
146 141
103 105
54 13
136 86
35 64
119 70
31 42
103 30
101 137
119 36
27 51
147 66
43 106
58 64
140 40
28 33
66 53
118 84
145 99
5 18
123 137
148 2
55 84
116 56
67 11
146 16
31 32
26 105
39 118
25 102
66 121
42 65
125 97
28 88
32 57
124 48
131 90
72 33
4 148
128 30
81 99
17 142
26 143
10 129
64 110
60 118
32 145
60 113
56 18
9 80
66 20
83 28
65 87
23 123
35 81
143 57
87 24
131 11
63 107
30 1
78 106
112 118
63 140
87 94
9 91
120 106
25 64
40 64
68 127
99 49
119 77
109 138
40 52
102 118
38 45
123 21
63 21
66 95
53 84
125 113
25 145
61 39
115 111
31 39
128 62
75 127
75 145
131 95
67 117
13 114
37 142
16 70
75 102
54 102
2 24
69 118
128 70
117 40
147 138
74 115
122 99
43 19
68 30
140 11
54 122
138 1
97 30
126 106
32 111
74 137
80 40
128 98
13 24
141 18
121 30
124 21
148 120
128 108
99 96
13 67
92 14
33 138
116 149
19 49
2 85
109 113
35 104
95 45
4 8
75 82
128 149
123 40
43 18
136 45
129 30
132 82
110 111
67 79
9 39
138 82
141 30
9 8
13 76
41 30
112 62
54 57
9 123
100 48
77 150
140 28
98 52
114 91
114 39
71 32
136 141
71 38
63 94
83 3
37 11
100 21
119 128
29 137
9 99
136 75
62 94
146 114
14 149
13 94
35 112
84 134
69 108
100 16
26 77
32 67
101 112
131 144
29 58
37 22
50 5
107 33
98 96
116 88
119 118
119 24
14 57
131 115
46 1
55 142
108 150
149 5
78 139
60 64
118 57
124 144
54 86
48 46
67 39
80 97
100 91
26 48
25 38
123 27
16 90
126 22
78 103
7 99
13 52
81 107
128 27
31 92
58 106
95 94
35 124
139 38
27 134
7 138
101 22
92 139
77 97
42 8
68 42
112 127
41 45
124 41
23 9
14 84
125 109
133 66
101 17
54 29
7 3
121 142
92 146
87 15
132 78
46 52
78 129
53 144
26 40
40 108
54 90
86 110
23 133
75 51
128 51
147 3
54 33
4 65
74 27
31 111
43 60
14 83
15 90
2 80
9 121
26 79
97 24
75 98
135 117
14 61
58 33
120 40
137 106
36 82
123 45
124 129
98 19
68 117
98 150
133 95
32 3
4 21
117 108
65 94
133 97
75 15
42 108
78 66
37 147
75 44
136 126
60 125
78 51
120 51
77 21
63 111
25 65
128 118
110 41
78 82
71 55
42 3
47 83
60 36
1 24
63 32
118 141
48 44
139 106
115 12
25 30
36 118
94 85
120 77
105 82
141 57
133 132
54 20
53 81
125 29
4 18
85 45
148 79
105 20
113 49
25 79
116 112
143 49
86 96
105 134
103 126
4 5
133 147
86 62
89 44
19 48
116 114
129 18
149 39
144 57
65 76
53 113
138 90
55 135
117 142
13 90
146 137
37 48
69 80
42 107
133 106
61 65
68 86
17 33
111 18
74 1
101 67
27 85
104 94
136 60
19 96
28 45
135 115
137 19
26 32
32 137
18 20
14 97
65 57
135 86
69 57
77 61
132 70
9 44
40 67
75 70
119 106
123 104
13 69
63 47
136 89
72 11
116 115
74 127
108 127
128 89
100 25
26 37
40 18
29 85
65 118
28 113
143 39
103 117
53 11
103 144
47 121
32 94
7 145
121 107
93 82
50 94
26 2
42 122
116 126
93 5
72 130
86 97
81 101
28 11
111 20
35 52
147 39
136 51
149 108
149 115
2 6
98 130
60 145
2 27
121 49
53 116
139 44
109 91
4 137
10 97
101 30
53 137
43 85
71 134
50 40
21 46
27 8
66 39
89 90
116 95
68 4
113 110
31 95
66 108
81 28
31 69
144 18
8 118
75 18
119 102
136 144
69 70
148 124
13 46
29 142
138 30
126 84
123 150
63 123
112 48
14 3
104 139
47 35
43 72
83 39
95 118
125 19
7 17
132 63
114 134
35 1
148 125
2 140
27 16
62 41
97 96
131 45
122 131
25 44
92 11
53 27
129 118
99 110
14 76
100 56
36 94
108 15
13 77
32 41
61 24
149 142
66 122
146 106
120 116
62 24
115 18
135 67
81 87
26 76
40 3
86 101
131 109
101 96
78 5
124 1
104 106
37 94
108 106
71 133
10 112
79 134
75 55
100 58
37 28
119 74
13 135
9 134
77 70
148 147
132 74
79 8
87 73
96 73
96 20
143 30
16 17
37 129
130 76
120 93
60 51
101 12
42 103
3 110
67 141
39 138
14 124
35 40
42 143
98 142
58 113
4 6
109 87
110 142
17 150
123 85
149 94
133 36
80 38
26 51
71 88
133 79
31 44
80 108
132 16
64 24
122 130
27 96
114 62
68 9
7 140
62 39
133 99
74 16
103 90
60 110
81 122
11 15
86 114
80 65
67 65
53 40
4 49
63 126
140 58
60 111
72 12
13 35
3 16
106 6
39 24
55 116
72 144
16 11
93 41
67 22
144 91
78 143
37 125
35 69
80 117
137 6
80 91
112 70
34 118
30 134
95 44
24 30
146 1
50 34
119 139
42 24
71 112
46 20
23 55
57 30
117 137
26 93
114 12
130 150
29 33
104 18
136 55
31 29
13 149
145 126
144 111
48 139
92 138
64 84
76 22
77 29
47 46
76 96
112 36
119 26
116 67
42 19
13 107
99 90
16 118
67 142
13 134
89 12
63 117
125 83
121 44
55 21
145 131
9 114
11 97
127 57
28 127
95 57
137 84
143 84
37 105
68 93
139 24
63 42
22 82
3 49
13 112
11 1
10 95
124 19
50 16
130 139
28 149
144 142
90 20
69 52
101 59
83 111
75 134
104 56
133 130
29 59
59 5
118 18
90 115
98 18
88 18
98 6
144 139
133 149
110 129
132 40
47 91
74 143
64 90
130 1
109 46
25 127
8 142
98 16
50 83
143 51
32 76
78 77
75 10
126 56
137 20
23 62
94 22
26 138
80 118
89 149
49 82
119 67
42 30
83 84
76 57
27 11
96 111
144 6
64 44
104 84
75 126
99 144
86 143
146 33
118 52
122 74
61 115
79 52
75 42
128 40
76 106
129 91
13 142
60 98
4 79
43 75
2 61
109 48
145 46
7 55
102 69
2 108
140 150
120 123
135 48
147 49
55 129
17 96
43 119
122 142
86 138
47 131
94 39
23 4
36 30
62 30
3 39
4 140
55 28
101 104
80 139
135 123
25 60
60 27
138 84
38 84
64 129
36 56
121 110
27 52
147 45
78 60
80 1
67 144
50 27
123 117
61 28
106 82
121 143
67 105
120 48
74 113
70 39
51 150
98 118
58 76
131 74
95 22
58 67
50 104
25 20
12 18
43 11
3 93
29 118
50 93
3 112
75 124
58 94
71 149
43 117
111 30
53 146
34 149
140 108
33 6
125 130
50 79
100 15
109 17
3 20
92 60
3 6
133 121
4 61
124 125
95 110
122 84
102 103
36 129
121 16
137 82
145 79
140 97
40 146
19 88
120 72
77 116
103 138
104 8
28 134
83 27
10 65
56 88
100 131
32 129
2 138
121 134
74 5
100 150
29 112
117 139
72 96
114 149
146 143
22 12
37 80
133 2
146 22
42 6
13 124
70 141
53 69
17 12
148 118
76 18
69 122
116 16
26 108
66 123
71 97
36 62
86 117
126 38
42 20
78 99
78 91
58 107
78 38
112 15
75 140
40 112
135 62
137 88
48 39
119 121
140 141
53 112
138 73
145 70
43 133
126 144
121 58
10 143
83 142
125 73
14 102
94 96
19 44
122 105
89 88
124 2
144 138
23 39
100 89
54 76
139 84
122 20
50 53
4 64
35 19
43 141
122 104
26 97
58 73
75 60
7 16
112 44
31 3
10 117
136 90
47 101
68 102
112 94
75 59
17 49
137 73
4 89
148 137
103 115
83 48
15 91
34 93
76 41
46 88
17 56
132 103
71 127
149 90
128 43
55 143
122 117
92 106
63 52
135 53
75 103
39 15
98 12
103 1
47 102
51 49
71 125
117 138
71 117
92 123
55 49
63 118
2 99
58 85
64 33
10 142
66 24
28 48
129 21
128 25
103 40
14 42
35 87
114 118
32 52
34 89
37 149
112 105
124 135
60 130
123 18
56 11
31 58
77 22
66 70
78 34
97 5
139 22
89 51
116 82
111 88
125 134
124 11
13 18
120 1
34 11
41 150
55 127
110 38
60 41
11 105
135 51
87 129
56 90
41 88
124 34
2 117
88 12
7 51
128 29
136 19
140 41
25 49
107 18
25 103
145 97
110 30
98 143
146 95
67 113
26 21
13 65
130 45
53 95
80 27
137 115
49 118
19 33
146 115
4 144
23 146
126 108
102 67
128 122
19 18
64 95
128 9
145 96
140 146
126 27
13 102
86 116
69 46
123 72
31 48
81 131
23 32
108 57
27 56
135 94
108 6
98 111
60 48
47 125
120 89
81 58
9 2
100 27
28 150
135 130
108 79
132 146
112 16
71 90
53 145
101 91
28 94
136 62
86 88
74 90
29 113
23 122
31 125
58 93
36 90
113 17
67 61
36 12
117 90
121 97
31 70
16 20
64 15
81 94
103 110
58 105
127 24
6 45
62 56
3 139
130 90
136 111
42 145
81 61
10 79
120 11
103 97
122 134
42 118
47 13
14 127
103 96
63 75
4 106
99 57
126 134
144 17
66 105
66 2
144 84
61 76
9 136
145 141
51 21
75 116
107 44
135 120
120 85
113 115
7 25
123 28
143 72
102 66
126 11
36 1
78 123
89 62
25 115
12 127
27 28
126 94
54 144
93 107
124 122
116 117
21 12
81 48
126 89
23 114
13 86
54 91
54 63
60 146
133 75
121 116
37 95
126 1
144 115
29 12
65 142
119 89
29 1
91 134
10 38
31 66
29 129
113 51
86 36
7 150
23 17
4 29
6 1
36 46
54 131
101 51
119 113
35 99
109 11
109 36
25 89
42 76
32 107
101 73
83 79
119 31
119 16
75 53
142 20
75 142
43 24
95 105
137 94
104 57
13 143
98 59
71 45
66 80
2 30
50 141
35 105
14 29
13 34
149 22
111 73
145 94
119 107
9 115
66 91
43 70
28 22
56 24
74 59
106 20
119 134
114 21
112 59
72 51
28 138
120 97
128 137
149 11
2 51
100 80
77 98
47 122
100 124
113 97
62 118
69 30
132 28
67 16
2 89
128 143
10 77
14 5
49 45
107 111
136 118
108 18
50 12
2 104
6 44
133 122
91 127
121 82
126 110
137 107
65 149
50 55
77 89
8 150
50 69
32 108
105 57
120 58
139 39
110 150
16 108
120 122
120 49
72 44
52 82
94 45
19 22
71 16
4 32
54 6
34 90
14 22
63 110
35 95
50 18
48 51
23 78
122 64
35 126
60 61
52 73
47 59
79 49
55 134
112 113
9 126
51 105
92 124
140 57
107 41
135 144
90 45
105 1
132 46
96 21
63 149
144 15
49 12
107 118
107 95
7 32
92 30
101 109
104 59
8 46
124 62
26 78
43 10
34 76
117 18
54 83
63 50
132 39
3 142
131 142
119 51
74 107
117 149
35 96
58 127
83 46
54 5
48 5
67 48
70 18
35 149
55 16
53 89
58 48
34 82
68 109
44 91
125 137
125 144
132 135
125 66
93 15
119 66
100 42
124 134
34 19
84 57
78 105
84 33
97 1
98 129
69 65
109 111
42 12
109 49
97 76
53 82
71 35
37 112
106 111
26 114
11 127
28 46
68 106
68 62
3 30
100 104
50 134
29 122
51 46
149 12
35 88
42 40
102 139
70 111
98 126
9 87
121 122
23 44
140 65
135 42
104 11
71 18
78 141
14 145
128 129
131 6
26 4
16 65
36 52
78 32
77 141
35 39
10 17
8 129
124 74
37 137
34 131
120 39
67 49
50 143
37 53
129 22
4 126
96 57
116 91
10 21
68 11
120 21
13 99
92 69
60 112
49 1
64 17
19 139
133 67
7 115
118 111
102 143
94 6
140 61
110 127
113 138
67 72
67 111
117 87
60 143
138 20
3 11
43 23
81 11
66 64
63 27
122 36
13 62
147 144
68 45
98 62
7 84
98 94
4 138
35 61
144 96
129 44
119 100
103 150
31 60
7 18
75 61
58 91
68 112
67 87
65 90
29 70
71 41
43 121
68 130
83 59
131 139
92 19
40 79
10 33
123 84
138 46
123 48
43 2
63 61
147 28
19 52
110 20
66 143
22 90
83 143
103 94
14 137
121 103
9 58
92 62
137 90
23 87
148 138
3 65
68 20
37 66
104 5
81 62
102 5
133 40
4 147
63 141
25 107
75 95
53 130
143 87
48 70
86 95
68 75
100 44
42 5
66 36
86 113
22 20
89 91
150 1
3 126
126 46
132 150
60 104
42 57
9 96
122 111
3 18
80 5
143 46
121 150
71 147
47 29
59 24
146 130
124 40
43 115
117 104
66 103
47 150
72 118
141 134
23 118
42 104
22 33
43 49
31 135
55 69
98 48
42 80
7 64
71 58
38 20
26 141
16 62
60 149
112 74
13 60
135 60
7 1
109 88
62 95
55 79
102 125
86 93
19 30
147 139
71 12
121 126
78 93
70 139
148 69
102 104
132 57
149 84
136 97
136 80
118 96
2 105
32 89
28 30
140 91
131 108
36 139
77 131
43 138
64 8
43 97
31 2
26 90
141 88
14 94
32 56
136 150
71 87
117 105
142 73
9 145
124 46
90 91
39 73
147 115
68 31
121 117
145 110
68 142
146 93
23 26
131 73
34 5
116 64
43 80
63 45
63 62
102 98
93 85
100 46
75 46
131 17
68 133
59 91
69 16
133 46
123 112
123 29
50 118
54 58
70 138
102 52
109 6
34 30
94 106
99 131
132 101
3 138
147 17
147 24
126 44
58 99
103 33
35 134
147 97
144 113
42 22
64 70
64 138
32 146
75 89
103 112
119 150
70 88
43 132
23 91
35 109
50 45
109 134
89 134
131 137
28 57
44 45
126 105
9 81
19 97
25 97
34 142
26 67
55 1
37 79
92 121
132 24
19 56
143 90
147 15
26 52
76 150
126 111
55 125
47 149
123 59
122 143
32 70
37 118
54 97
63 99
117 8
2 57
67 109
101 62
50 8
146 8
31 38
144 150
120 134
53 79
14 36
2 1
95 12
121 80
114 44
53 17
139 11
132 97
93 115
58 41
77 59
117 97
8 15
42 150
122 88
49 33
34 107
86 33
37 69
7 15
100 65
55 93
7 118
37 32
9 116
121 74
92 96
144 65
18 85
125 67
135 36
4 127
147 16
11 6
15 38
100 24
71 111
113 11
135 121
121 115
27 79
49 15
100 84
113 15
137 134
47 144
37 78
148 103
145 108
14 53
65 30
37 34
25 80
26 47
4 129
147 61
110 1
89 79
98 88
28 36
144 70
146 61
147 142
150 20
86 46
13 130
40 95
7 9
62 97
17 91
126 87
13 95
78 108
58 129
56 20
94 44
148 17
8 115
17 48
75 93
114 65
116 118
38 111
100 102
74 46
26 24
111 91
119 59
92 21
117 94
92 56
133 105
63 109
96 127
55 121
42 1
2 134
58 49
23 124
72 48
140 137
93 49
136 76
130 108
35 80
133 112
7 101
78 74
67 1
26 41
148 25
47 45
48 41
75 120
76 111
86 89
80 141
94 150
101 149
29 28
50 138
132 49
13 61
120 109
132 1
68 17
17 11
77 103
125 101
25 144
60 122
121 139
100 79
54 149
121 77
61 30
15 106
92 5
8 21
143 94
147 150
14 106
129 142
49 111
148 96
79 88
112 91
114 11
80 143
127 85
23 89
93 141
141 38
13 105
54 127
62 6
121 48
42 120
139 91
25 39
72 99
70 30
16 73
29 11
54 112
7 62
60 62
64 118
4 97
75 96
4 124
47 95
36 149
49 73
87 142
98 84
9 98
133 82
66 97
37 4
7 14
114 73
14 30
124 81
66 3
54 1
54 62
104 90
132 76
31 52
14 79
143 129
53 19
105 73
146 85
76 127
72 91
7 149
116 105
50 115
83 8
14 46
43 88
71 143
4 59
136 104
34 106
9 137
81 117
138 57
93 138
116 90
104 74
36 141
72 106
119 44
133 84
102 74
107 105
19 38
85 73
32 104
6 88
102 137
69 143
55 146
13 84
123 65
119 18
140 122
31 87
126 51
79 150
31 90
77 38
53 106
23 83
10 88
109 38
22 91
98 80
58 130
128 77
10 15
70 24
10 20
74 21
10 85
2 94
91 84
43 15
63 41
140 126
124 142
124 90
145 49
40 62
136 28
130 134
130 16
89 137
80 105
31 49
12 46
135 150
79 18
71 26
78 30
47 60
100 67
75 38
17 21
123 143
49 6
2 93
146 131
119 99
26 7
22 88
124 59
25 117
132 56
143 52
123 82
102 39
135 97
63 86
89 104
16 38
148 24
100 49
35 145
92 45
63 131
66 76
128 11
109 106
31 112
26 150
66 52
92 107
57 134
3 15
29 117
119 13
63 15
80 36
144 48
100 32
59 12
145 88
120 139
121 12
13 140
136 108
9 104
149 95
120 20
115 85
27 30
2 114
47 114
54 67
11 90
124 29
53 24
81 138
104 137
83 74
89 115
65 36
123 107
120 27
128 21
88 33
137 129
50 149
37 120
60 49
69 67
69 94
37 27
116 145
37 111
37 87
97 33
119 147
120 146
19 73
68 137
55 138
92 102
103 131
135 11
2 131
106 115
78 22
17 110
42 86
78 80
63 122
72 41
108 33
124 52
79 30
93 62
36 33
147 118
128 68
135 109
71 11
132 5
37 44
66 72
113 76
3 73
39 12
83 130
63 55
147 69
92 70
135 3
120 137
81 39
34 96
142 1
103 29
21 44
25 17
7 114
72 8
14 99
53 67
83 95
126 64
43 9
71 78
137 22
99 129
119 87
92 86
148 52
36 64
37 30
143 15
128 33
117 6
145 16
72 15
55 8
116 33
78 126
104 33
62 113
2 20
92 130
16 91
140 17
125 44
4 116
16 142
16 110
129 5
56 59
74 18
10 116
128 81
119 82
66 11
74 48
126 93
51 106
72 6
135 118
91 24
72 61
122 21
122 52
79 115
83 19
43 101
102 90
83 77
72 142
63 30
7 70
132 27
90 73
130 8
93 129
148 21
145 30
23 86
148 3
40 93
124 150
132 66
135 126
87 41
68 2
75 92
132 79
131 150
72 65
54 104
148 130
50 67
74 109
140 56
97 141
87 30
89 17
58 146
26 55
100 85
69 12
83 89
41 105
125 79
78 144
130 24
136 137
1 20
47 21
78 97
2 101
3 115
17 95
41 21
48 6
68 50
126 97
77 126
59 108
35 131
141 73
133 56
92 32
125 6
76 51
67 44
107 141
70 115
60 150
4 1
23 95
130 61
139 94
143 64
128 64
68 111
10 16
66 21
86 48
42 84
78 53
150 73
35 150
50 126
132 9
27 38
32 87
32 83
116 134
148 122
92 108
30 18
35 94
106 46
26 103
4 104
52 91
65 96
78 121
68 40
64 56
17 108
95 90
35 73
34 48
135 76
48 45
113 20
119 32
55 22
122 61
119 105
47 65
56 118
8 111
77 2
149 20
116 150
29 107
43 129
114 94
80 122
112 106
128 72
35 74
39 18
130 70
58 114
125 139
101 11
124 73
137 59
26 81
80 53
126 138
7 47
103 22
63 102
131 8
69 149
70 91
34 33
25 138
125 107
148 28
32 8
58 110
126 143
32 39
17 139
15 6
52 45
96 33
15 111
38 46
140 52
32 81
9 140
29 57
54 55
119 56
112 17
50 117
115 73
147 36
43 105
13 120
48 52
76 45
136 109
92 15
17 82
43 16
58 144
71 14
41 57
38 57
135 32
120 103
11 39
41 33
66 109
81 27
75 74
29 41
39 141
53 6
72 110
9 84
47 52
131 88
39 85
34 70
109 93
43 130
25 123
103 104
46 18
25 40
92 142
55 44
19 45
146 44
47 72
42 127
17 141
65 141
43 98
34 59
93 21
48 65
56 46
133 69
149 150
117 95
98 87
77 19
75 85
34 122
35 120
150 6
120 52
126 57
60 58
137 8
89 139
2 52
43 95
62 127
18 24
10 34
25 85
100 121
70 8
27 48
23 27
32 2
40 126
144 59
145 149
100 125
3 114
22 73
43 44
61 149
71 79
7 146
132 32
75 69
72 150
118 88
60 107
26 144
7 111
76 79
128 116
128 86
132 116
72 57
50 121
65 33
72 16
75 137
140 117
118 150
23 92
53 91
75 2
142 105
58 12
78 46
54 49
42 64
124 8
68 87
58 131
98 1
109 30
31 33
92 33
114 19
72 111
32 109
21 24
123 122
96 134
61 6
27 88
27 94
100 45
123 79
119 135
77 107
139 138
17 51
53 1
57 73
68 96
48 134
34 138
118 20
149 110
126 17
54 94
55 96
115 6
31 30
146 91
9 79
60 91
58 46
71 76
58 8
148 106
93 48
89 130
99 93
47 126
8 91
92 89
14 129
133 15
119 141
63 134
125 88
143 142
72 30
143 28
99 44
112 150
124 108
135 24
87 82
43 81
63 16
122 112
125 145
93 39
121 86
10 19
113 91
133 73
49 21
23 54
113 95
55 18
71 95
40 74
40 73
53 139
43 96
124 138
50 111
92 94
66 137
40 20
112 24
65 12
150 134
102 113
109 129
74 141
100 114
10 106
70 20
95 39
119 37
129 57
10 105
139 150
100 20
108 90
48 149
132 72
19 82
117 99
77 90
136 148
47 39
122 6
113 5
65 150
77 106
54 92
11 41
3 144
23 60
35 116
29 89
99 70
46 115
51 33
75 52
63 146
7 57
84 6
54 82
148 49
72 85
55 118
13 3
58 18
43 114
83 58
61 45
117 74
63 29
11 5
78 6
65 79
88 24
125 11
77 104
25 69
10 42
101 20
87 51
121 140
128 107
3 97
92 51
23 57
126 19
130 106
135 72
3 150
63 108
100 51
54 36
102 6
43 17
145 129
77 122
7 135
81 150
67 90
121 144
140 115
23 96
53 105
99 115
120 56
136 92
117 1
80 74
119 39
77 112
100 111
14 39
23 110
40 122
126 137
77 20
100 14
136 129
95 141
97 52
26 75
99 56
60 86
63 65
99 11
42 114
143 73
76 15
136 120
143 109
100 116
21 118
121 28
48 97
109 51
