InstanceID
5_20_4
NumObjects
20
NumFactors
4
Weights
53.03646605536807
77.70091698339469
30.13103535440822
88.13491207672945
83.83576532332523
52.40587188478234
57.125965860896
93.15154141626472
4.422802345157595
11.814743857996657
51.14826505242655
80.29609983145889
67.13001813825518
8.567664223247418
36.24632704303252
38.83774531923385
40.109587458776666
50.74453861845003
54.95366512679345
6.728541622841666
Budget
493.2612367964196
Profits
-10.607293211073614
-15.540183396678938
-6.026207070881644
-17.62698241534589
-16.767153064665045
-10.481174376956469
-11.4251931721792
-18.630308283252944
-0.884560469031519
-2.3629487715993314
-10.229653010485311
-16.059219966291778
-13.426003627651037
-1.7135328446494835
-7.2492654086065045
-7.76754906384677
-8.021917491755334
-10.148907723690005
-10.99073302535869
-1.3457083245683332
FactorLoading_Φ
0.35575031897384557	-0.26813699285958337	-0.35712014138734616	0.018992546779224906
0.6585851395147928	-0.28217860749577883	-0.03952527437525588	0.01971097861417248
0.15950513199119398	-0.13537302559508757	0.3498084025514643	-0.35531343986225417
0.17631487220319508	0.28021051487934523	0.3228093273628472	0.2206652855546125
-0.33208472622736673	0.012957412619814423	-0.12464085549818504	0.5303170056546338
-0.0287064844065561	-0.5791067291160839	0.08248590627285157	0.3097008802045085
0.347712793676773	0.15792536122617618	-0.28487974814837336	-0.20948209694867748
-0.10008438325534552	-0.10333404840795879	-0.6243973856205827	0.17218418271611302
0.21942872007981284	0.137715070928768	-0.3798227637793694	-0.26303344521204974
-0.7414353486237362	-0.08504174535494635	0.16750502843925763	-0.00601787758205985
0.2183760745294252	-0.13826671746321972	0.433140970227869	0.21021623777948606
0.013225692924918597	0.6405630291329492	0.09469739857612414	-0.2515138793660081
-0.02080619793138072	0.010458440913037714	-0.4546776090481437	-0.5140577521074379
0.3454331622819986	-0.33689908884501585	0.07621505163595743	-0.2414526972370281
0.1833875148166073	0.0999490593061072	0.43145247437439194	0.28521095150289355
-0.2774975553937622	0.25829745869392373	-0.41340186736570983	-0.05080311854660424
-0.5902261831535376	-0.01325667492004956	0.1361223534252778	0.26039478850113507
0.165327193839242	0.2240326017965808	0.3480278296158805	0.2626123747482967
-0.2374434574826254	-0.15509903317100715	-0.10736394354956857	-0.5000935657967989
0.20183264747011198	0.3664644392421186	-0.11474224813935185	-0.3169606651484176
FactorLoading_Ψ
0.35575031897384557	-0.26813699285958337	-0.35712014138734616	0.018992546779224906
0.6585851395147928	-0.28217860749577883	-0.03952527437525588	0.01971097861417248
0.15950513199119398	-0.13537302559508757	0.3498084025514643	-0.35531343986225417
0.17631487220319508	0.28021051487934523	0.3228093273628472	0.2206652855546125
-0.33208472622736673	0.012957412619814423	-0.12464085549818504	0.5303170056546338
-0.0287064844065561	-0.5791067291160839	0.08248590627285157	0.3097008802045085
0.347712793676773	0.15792536122617618	-0.28487974814837336	-0.20948209694867748
-0.10008438325534552	-0.10333404840795879	-0.6243973856205827	0.17218418271611302
0.21942872007981284	0.137715070928768	-0.3798227637793694	-0.26303344521204974
-0.7414353486237362	-0.08504174535494635	0.16750502843925763	-0.00601787758205985
0.2183760745294252	-0.13826671746321972	0.433140970227869	0.21021623777948606
0.013225692924918597	0.6405630291329492	0.09469739857612414	-0.2515138793660081
-0.02080619793138072	0.010458440913037714	-0.4546776090481437	-0.5140577521074379
0.3454331622819986	-0.33689908884501585	0.07621505163595743	-0.2414526972370281
0.1833875148166073	0.0999490593061072	0.43145247437439194	0.28521095150289355
-0.2774975553937622	0.25829745869392373	-0.41340186736570983	-0.05080311854660424
-0.5902261831535376	-0.01325667492004956	0.1361223534252778	0.26039478850113507
0.165327193839242	0.2240326017965808	0.3480278296158805	0.2626123747482967
-0.2374434574826254	-0.15509903317100715	-0.10736394354956857	-0.5000935657967989
0.20183264747011198	0.3664644392421186	-0.11474224813935185	-0.3169606651484176
Conflicts
4 2
4 20
3 5
19 12
17 1
11 18
15 18
11 1
3 17
19 8
6 1
2 18
5 12
17 20
13 5
20 18
7 15
4 6
13 3
5 15
4 16
13 1
15 1
10 12
3 8
14 20
6 18
15 20
12 1
13 20
16 8
10 19
13 14
9 5
9 16
14 17
7 6
9 8
19 20
17 18
4 11
4 18
6 20
5 20
3 15
14 12
14 3
11 8
9 2
17 15
13 17
7 12
3 16
9 20
10 17
12 18
19 5
19 1
14 10
5 6
7 10
3 6
14 18
12 20
14 11
17 11
11 6
7 17
7 20
13 16
4 19
8 20
9 13
11 15
13 15
7 18
10 2
19 15
9 18
16 12
9 11
8 6
3 1
7 14
7 16
3 11
7 3
10 15
4 5
7 9
16 5
9 6
3 20
13 10
4 14
10 11
