InstanceID
5_40_4
NumObjects
40
NumFactors
4
Weights
53.03646605536807
77.70091698339469
30.13103535440822
88.13491207672945
83.83576532332523
52.40587188478234
57.125965860896
93.15154141626472
4.422802345157595
11.814743857996657
51.14826505242655
80.29609983145889
67.13001813825518
8.567664223247418
36.24632704303252
38.83774531923385
40.109587458776666
50.74453861845003
54.95366512679345
6.728541622841666
62.38873118334289
98.10074532207751
35.575031897384555
96.28155964157932
10.531210821150294
20.514525877036682
61.478031926876376
65.85851395147928
98.02890213858275
94.07637470105716
53.01226032511257
34.05216764209609
43.84905878063661
97.7319224416235
64.46865601377458
15.9505131991194
29.487815758628155
72.66767677498646
29.711690173661196
82.48471231939132
Budget
1076.3862872412178
Profits
-10.607293211073614
-15.540183396678938
-6.026207070881644
-17.62698241534589
-16.767153064665045
-10.481174376956469
-11.4251931721792
-18.630308283252944
-0.884560469031519
-2.3629487715993314
-10.229653010485311
-16.059219966291778
-13.426003627651037
-1.7135328446494835
-7.2492654086065045
-7.76754906384677
-8.021917491755334
-10.148907723690005
-10.99073302535869
-1.3457083245683332
-12.477746236668578
-19.620149064415504
-7.115006379476911
-19.256311928315863
-2.106242164230059
-4.1029051754073365
-12.295606385375276
-13.171702790295857
-19.60578042771655
-18.81527494021143
-10.602452065022515
-6.8104335284192175
-8.769811756127321
-19.546384488324698
-12.893731202754916
-3.1901026398238796
-5.897563151725631
-14.533535354997293
-5.94233803473224
-16.496942463878263
FactorLoading_Φ
-0.17631487220319508	0.16244768552922118	0.44057215671297123	0.2206652855546125
-0.34504213884718116	-0.12464085549818504	0.07174250541583649	-0.4585745002387973
0.0287064844065561	-0.48872601976497965	-0.0903807093511042	0.39218678647736005
-0.5056381549029492	0.23472554237574528	0.05015420577262808	-0.20948209694867748
0.10008438325534552	-0.10333404840795879	-0.28159212090893626	-0.5149894474277594
-0.21942872007981284	0.34174223253708425	0.17579560217105317	-0.26303344521204974
0.31222752743757987	-0.4292078211861563	-0.08504174535494635	0.17352290602131748
-0.13951522525693894	0.217127566735706	-0.433140970227869	0.21021623777948606
0.013225692924918597	0.6405630291329492	0.023856159793870235	0.322355118148262
-0.031264638844418435	-0.4054424992378447	0.049235109810298994	-0.5140577521074379
0.29446247826474403	0.050970684017254575	-0.33689908884501585	0.31766774887298554
-0.2833365741227145	0.20138701912007662	0.23006545525431532	0.28521095150289355
0.2774975553937622	-0.25829745869392373	0.36507553102969825	-0.09912945488261582
0.23922487706696272	-0.35100130608657487	-0.01325667492004956	0.39651714192641285
-0.3893597956358228	0.3480278296158805	0.008613244676916043	0.25399913007138064
-0.39254249065363256	-0.10736394354956857	-0.39297180074090354	-0.10712176505589532
-0.4074908659632328	0.16080622074899775	0.11474224813935185	-0.3169606651484176
-0.10822244879892184	-0.032040485376792605	-0.46312129127700596	0.3966157745472796
0.31763127510178557	0.49316538056088466	0.13560644425457946	0.05359690008275031
-0.23012800808459621	0.09344024977153853	-0.6724791093591926	0.003952632784672616
0.7147853193711162	-0.02386724695447362	-0.23354991902197897	-0.027797514652431188
-0.2775055314433481	-0.03837193537011396	-0.3778863832426944	-0.3062361499438435
0.0019376358277267691	-0.12740991380531308	-0.42071161092630205	0.4499408394406581
0.09927746413888472	-0.331635829856209	0.5465522732700374	-0.02253443273486888
0.5224696698939497	-0.05885592048750521	-0.15616342688683083	0.26251098273171425
-0.3720149449935881	0.058128417332108606	-0.3531562431512467	-0.21670039452305656
-0.08501147484957694	0.10992195173612584	-0.5478427584950343	0.25722381491926294
0.4345202388438343	-0.18594216788883156	0.24719581737107688	-0.13234177589625729
0.234757501973887	-0.37524694499203526	-0.24266079479903002	0.1473347582350477
0.11232056462289797	0.13099698969402684	-0.3070304586718262	-0.449651987011249
0.4520143587107428	-0.24054766457218646	-0.27957741989151796	0.027860556825552774
0.1465723997916304	0.1645225471052596	0.09111890255794308	-0.5977861505451669
0.48201520665129394	0.38455987496773747	0.13174649269850502	0.001678425682463569
0.5080868638372353	-0.162355944765751	0.08732381399614053	-0.24223337740087314
0.048991701180348235	0.08770657039731966	-0.6604028995489124	-0.2028988288734197
0.14833902330708648	-0.056708994441204696	-0.18814306128961733	0.6068089209620915
-0.0356558176375914	0.5821704476188845	-0.37553802531054026	-0.006635709432983861
0.09410638348155964	-0.3170237932828486	0.07449682992256124	0.5143729933130305
0.8989390399884916	0.017608516835385002	0.07395179821807796	-0.009500644958045479
-0.05445040118462896	-0.17349106498462308	-0.24498097812199537	-0.5270775557087526
FactorLoading_Ψ
-0.17631487220319508	0.16244768552922118	0.44057215671297123	0.2206652855546125
-0.34504213884718116	-0.12464085549818504	0.07174250541583649	-0.4585745002387973
0.0287064844065561	-0.48872601976497965	-0.0903807093511042	0.39218678647736005
-0.5056381549029492	0.23472554237574528	0.05015420577262808	-0.20948209694867748
0.10008438325534552	-0.10333404840795879	-0.28159212090893626	-0.5149894474277594
-0.21942872007981284	0.34174223253708425	0.17579560217105317	-0.26303344521204974
0.31222752743757987	-0.4292078211861563	-0.08504174535494635	0.17352290602131748
-0.13951522525693894	0.217127566735706	-0.433140970227869	0.21021623777948606
0.013225692924918597	0.6405630291329492	0.023856159793870235	0.322355118148262
-0.031264638844418435	-0.4054424992378447	0.049235109810298994	-0.5140577521074379
0.29446247826474403	0.050970684017254575	-0.33689908884501585	0.31766774887298554
-0.2833365741227145	0.20138701912007662	0.23006545525431532	0.28521095150289355
0.2774975553937622	-0.25829745869392373	0.36507553102969825	-0.09912945488261582
0.23922487706696272	-0.35100130608657487	-0.01325667492004956	0.39651714192641285
-0.3893597956358228	0.3480278296158805	0.008613244676916043	0.25399913007138064
-0.39254249065363256	-0.10736394354956857	-0.39297180074090354	-0.10712176505589532
-0.4074908659632328	0.16080622074899775	0.11474224813935185	-0.3169606651484176
-0.10822244879892184	-0.032040485376792605	-0.46312129127700596	0.3966157745472796
0.31763127510178557	0.49316538056088466	0.13560644425457946	0.05359690008275031
-0.23012800808459621	0.09344024977153853	-0.6724791093591926	0.003952632784672616
0.7147853193711162	-0.02386724695447362	-0.23354991902197897	-0.027797514652431188
-0.2775055314433481	-0.03837193537011396	-0.3778863832426944	-0.3062361499438435
0.0019376358277267691	-0.12740991380531308	-0.42071161092630205	0.4499408394406581
0.09927746413888472	-0.331635829856209	0.5465522732700374	-0.02253443273486888
0.5224696698939497	-0.05885592048750521	-0.15616342688683083	0.26251098273171425
-0.3720149449935881	0.058128417332108606	-0.3531562431512467	-0.21670039452305656
-0.08501147484957694	0.10992195173612584	-0.5478427584950343	0.25722381491926294
0.4345202388438343	-0.18594216788883156	0.24719581737107688	-0.13234177589625729
0.234757501973887	-0.37524694499203526	-0.24266079479903002	0.1473347582350477
0.11232056462289797	0.13099698969402684	-0.3070304586718262	-0.449651987011249
0.4520143587107428	-0.24054766457218646	-0.27957741989151796	0.027860556825552774
0.1465723997916304	0.1645225471052596	0.09111890255794308	-0.5977861505451669
0.48201520665129394	0.38455987496773747	0.13174649269850502	0.001678425682463569
0.5080868638372353	-0.162355944765751	0.08732381399614053	-0.24223337740087314
0.048991701180348235	0.08770657039731966	-0.6604028995489124	-0.2028988288734197
0.14833902330708648	-0.056708994441204696	-0.18814306128961733	0.6068089209620915
-0.0356558176375914	0.5821704476188845	-0.37553802531054026	-0.006635709432983861
0.09410638348155964	-0.3170237932828486	0.07449682992256124	0.5143729933130305
0.8989390399884916	0.017608516835385002	0.07395179821807796	-0.009500644958045479
-0.05445040118462896	-0.17349106498462308	-0.24498097812199537	-0.5270775557087526
Conflicts
10 34
37 19
23 15
26 19
7 26
23 6
18 30
9 12
9 11
29 3
7 13
1 20
40 24
3 6
7 1
27 39
11 33
7 3
3 18
25 6
10 30
29 39
25 17
4 5
25 14
23 12
23 2
17 20
27 21
31 11
14 18
37 12
36 33
29 2
3 30
7 16
37 10
4 2
19 11
8 30
19 24
38 30
23 11
31 27
27 11
13 3
13 10
7 20
16 28
13 36
27 16
31 2
9 32
7 37
22 30
26 21
31 30
38 33
10 11
7 35
28 39
5 20
28 30
34 17
35 8
32 30
36 8
27 28
5 15
36 22
32 5
13 14
31 33
33 24
40 39
16 12
10 18
26 20
34 16
31 21
10 16
15 1
7 33
26 6
35 3
26 39
29 24
7 6
6 20
6 24
4 38
4 10
17 12
16 30
37 11
19 33
3 28
37 8
29 21
40 3
17 30
17 39
38 21
28 38
16 5
35 12
29 12
9 30
9 14
14 3
14 2
3 16
32 8
32 17
8 12
16 38
13 27
5 30
40 22
4 24
23 18
16 1
37 18
11 8
38 6
25 33
3 8
14 17
7 18
40 8
36 11
9 22
2 28
17 6
29 15
25 30
14 30
39 24
5 12
26 4
23 17
25 31
39 20
23 3
4 12
11 30
27 6
25 10
32 24
8 18
35 29
31 22
30 1
37 14
4 30
14 33
38 18
35 5
34 40
40 19
23 40
7 9
8 5
19 12
28 19
21 33
14 28
14 19
2 5
35 2
25 39
5 39
18 1
14 34
19 1
33 1
2 18
7 12
25 38
16 19
9 16
27 12
27 19
23 26
35 36
11 18
36 30
4 32
29 22
23 21
4 9
4 31
3 15
14 20
25 19
10 17
4 20
19 18
23 25
2 24
16 22
37 27
25 21
10 5
8 20
2 3
23 9
4 35
8 39
26 38
34 22
21 30
39 1
28 1
31 35
25 15
23 36
10 15
4 28
28 17
32 34
11 1
36 24
10 35
17 5
7 39
14 29
9 20
34 30
11 20
16 17
25 27
3 21
38 1
10 24
34 33
25 12
30 20
25 34
23 20
31 38
13 40
32 6
21 12
37 24
32 22
13 24
11 24
19 39
36 39
10 3
9 40
25 3
6 12
4 33
34 21
4 3
15 33
23 35
31 34
23 16
9 33
3 12
8 33
23 1
13 15
29 16
2 36
26 3
27 33
34 8
22 18
40 6
13 21
5 33
34 39
37 25
13 1
32 15
32 29
3 5
29 30
39 12
37 1
9 3
13 22
11 38
13 39
2 16
36 1
35 17
4 22
10 36
38 24
17 21
40 15
15 6
28 6
4 19
7 32
29 20
32 1
27 5
14 8
39 21
31 1
22 38
29 33
3 24
12 24
7 36
17 24
4 16
23 13
9 5
28 21
21 1
19 5
7 15
16 8
36 6
15 12
9 39
37 30
38 15
8 15
9 8
3 20
10 1
12 18
31 40
31 29
26 2
26 22
20 24
23 28
17 18
31 28
13 28
8 24
7 31
27 38
19 21
9 25
16 20
6 33
32 11
19 20
3 39
37 39
27 15
37 13
23 38
10 2
33 20
29 28
37 38
35 30
13 18
34 5
26 1
35 6
34 6
12 30
31 36
3 38
28 22
35 24
2 21
5 38
37 21
38 12
40 16
3 33
3 36
22 39
7 22
26 31
25 24
31 15
22 6
4 39
27 36
11 12
16 33
13 20
37 29
14 15
37 32
35 11
25 16
