InstanceID
5_80_4
NumObjects
80
NumFactors
4
Weights
53.03646605536807
77.70091698339469
30.13103535440822
88.13491207672945
83.83576532332523
52.40587188478234
57.125965860896
93.15154141626472
4.422802345157595
11.814743857996657
51.14826505242655
80.29609983145889
67.13001813825518
8.567664223247418
36.24632704303252
38.83774531923385
40.109587458776666
50.74453861845003
54.95366512679345
6.728541622841666
62.38873118334289
98.10074532207751
35.575031897384555
96.28155964157932
10.531210821150294
20.514525877036682
61.478031926876376
65.85851395147928
98.02890213858275
94.07637470105716
53.01226032511257
34.05216764209609
43.84905878063661
97.7319224416235
64.46865601377458
15.9505131991194
29.487815758628155
72.66767677498646
29.711690173661196
82.48471231939132
33.876255773241624
17.631487220319507
77.93347144453875
45.65253870825403
62.114228556625164
71.07877842525951
75.91110561435985
54.14254997612027
34.50421388471811
46.96829943453662
33.20847262273667
5.925574756840213
90.79292209625112
10.679060236746496
51.743250417153575
2.87064844065561
60.781321352263994
69.02991197954915
27.458341362423756
21.46099851364365
89.80771118475839
74.03636972786944
79.05179030513226
50.563815490294914
34.7712793676773
93.49018854910733
98.19711565479258
47.17408773520313
48.50105525722406
10.008438325534552
20.34184316633043
82.7815817283887
3.7798866265414732
20.300859099876668
42.16842697160394
56.11709526168971
73.69665547879502
21.942872007981286
35.71437910085808
72.05874646472066
Budget
2050.5201014015265
Profits
-10.607293211073614
-15.540183396678938
-6.026207070881644
-17.62698241534589
-16.767153064665045
-10.481174376956469
-11.4251931721792
-18.630308283252944
-0.884560469031519
-2.3629487715993314
-10.229653010485311
-16.059219966291778
-13.426003627651037
-1.7135328446494835
-7.2492654086065045
-7.76754906384677
-8.021917491755334
-10.148907723690005
-10.99073302535869
-1.3457083245683332
-12.477746236668578
-19.620149064415504
-7.115006379476911
-19.256311928315863
-2.106242164230059
-4.1029051754073365
-12.295606385375276
-13.171702790295857
-19.60578042771655
-18.81527494021143
-10.602452065022515
-6.8104335284192175
-8.769811756127321
-19.546384488324698
-12.893731202754916
-3.1901026398238796
-5.897563151725631
-14.533535354997293
-5.94233803473224
-16.496942463878263
-6.775251154648325
-3.526297444063901
-15.58669428890775
-9.130507741650806
-12.422845711325033
-14.215755685051903
-15.18222112287197
-10.828509995224055
-6.900842776943622
-9.393659886907324
-6.641694524547335
-1.1851149513680426
-18.158584419250225
-2.135812047349299
-10.348650083430716
-0.574129688131122
-12.156264270452798
-13.805982395909831
-5.491668272484751
-4.2921997027287295
-17.96154223695168
-14.807273945573888
-15.810358061026452
-10.112763098058982
-6.954255873535461
-18.698037709821467
-19.639423130958516
-9.434817547040627
-9.700211051444812
-2.0016876651069104
-4.068368633266086
-16.55631634567774
-0.7559773253082946
-4.060171819975333
-8.433685394320788
-11.223419052337942
-14.739331095759004
-4.388574401596257
-7.142875820171616
-14.411749292944132
FactorLoading_Φ
0.31222752743757987	0.07804522929280688	0.18411742036665069	-0.42560982290296256
-0.13951522525693894	0.008468881976591458	-0.5450069724214284	0.30700892034504124
0.15160042885900493	-0.4652740119419352	0.060770441050797874	0.322355118148262
-0.43670713808226314	-0.15255564599079063	-0.2113835102770827	-0.19935370564986354
-0.11020956738674514	0.1842529108779989	0.5060280012380107	0.19950952049724524
-0.25390763699414554	0.2308159562486456	-0.11625609593424979	0.3990203108229591
0.7405802182230106	-0.11329472518182504	0.046995601712548574	-0.09912945488261582
0.14836992794945503	0.09085494911750769	0.5079980865497757	-0.25277703638326154
-0.35443270371983115	0.23944604361538313	-0.15212212259340507	0.25399913007138064
-0.513645698605016	-0.30418532040312596	-0.07504721593596275	-0.10712176505589532
0.35751068399307795	0.031073790838251236	-0.01890639113190362	0.5925091340367672
-0.10822244879892184	0.16028943457120182	-0.2608436092358857	-0.47064450739399066
-0.09552515757227775	0.7407890772011996	0.11008886514377236	0.05359690008275031
-0.6868681447883112	-0.11885564475144528	-0.19032357767557095	0.003952632784672616
0.24518454990398286	0.46357622348042304	0.2634417119631629	-0.027797514652431188
-0.1815497632565657	0.09595576818678242	-0.06747436726933986	-0.655020101287312
-0.0019376358277267691	0.17418618551043252	0.1447682263636041	-0.6791079522982366
0.025736794854778644	-0.07354066928410607	0.5895240031300548	-0.31119853273106046
0.08871255700891645	0.43375711288503327	0.29427258179374194	-0.18325774831230834
0.32169750594205504	-0.050317439051533075	-0.5818542034458685	0.04613085156054342
-0.19001408115261742	-0.08367022362498777	-0.46909188030313187	0.25722381491926294
0.09057347319438369	0.3439467656494506	0.47083477217725433	-0.09464498897891138
0.027274109577292815	0.2074833923965942	0.4826554119107078	-0.2825870861154052
-0.19652016785235182	-0.3538278451363992	0.44154821053782545	0.00810377647342353
-0.265543278149043	0.13536675738640414	0.29165198774748213	-0.30743797671707074
-0.007268793547957397	-0.3949450559068757	0.33471398826471477	0.26307216228045216
0.106156261532669	-0.7058092010212165	0.05460961906514594	0.1334249183809686
0.5080868638372353	0.11595763033343909	0.04647296099233622	-0.32948254483698936
-0.048991701180348235	0.4122400279880416	0.04422979212225253	0.49453847870935763
-0.14833902330708648	-0.12704128892219013	0.19041181830987375	-0.5342078694608496
0.0356558176375914	0.3074205404142376	-0.2684263349715361	0.38849730697663487
-0.05481574176306658	-0.1098554523330939	0.32095581259080896	-0.5143729933130305
0.6744306262302906	0.23924263381039523	0.002874296783190733	0.08345244317612344
-0.30976235751041514	-0.16316008678083227	-0.19849439067303987	-0.3285831650357127
0.07404175978254335	0.39391811318563974	-0.005450497007145394	-0.5265896300246715
0.12020800702359935	-0.5612062744721831	0.1424612281315234	-0.17612449037269418
-0.10641305308663318	-0.016157573828433858	-0.6347362125512974	-0.24269316053363554
-0.15043570534087558	-0.43602031009274334	0.3425561299079758	0.07098785465840529
0.5295202747130157	-0.3309190560680457	0.04598847898220049	0.09357219023673813
0.18215681049428678	0.5138671398571386	0.06386573518746608	-0.24011031446110853
0.0314987701883811	-0.018788019882760798	0.38107180342679237	-0.5686414065020657
0.07046245697477804	-0.03875241370154825	-0.1615497238451291	-0.7292354054785446
0.21260004294171364	-0.12714737286175248	0.20768894142804517	-0.4525636427684887
-0.5888407494703773	0.07044119070300492	0.33715373526725645	0.003564324559361287
0.04302636062780274	-0.08755126270672742	-0.6435964548747588	-0.22582592179071104
-0.016788745104361347	0.2701044494762923	0.565092734954542	-0.1480140704648043
0.11110220233634638	0.6471192763943283	-0.2352973271079184	0.006481194161406911
-0.22136528643676412	0.4758956960875198	0.13051246757752644	0.17222654989818964
-0.09696047730409862	0.08165444855716197	0.6386204588189233	0.18276461531981614
0.030421021843876517	0.11099233853635848	0.46468788529201954	-0.39389875432774546
0.14213867170072425	0.23958150176773407	-0.19304257143230008	-0.4252372550992416
-0.15253685399174843	0.35402304505728943	0.29272767278227696	-0.20071242816868518
-0.020346332424905578	0.0962155412143193	-0.685952810372815	0.19748531598796015
-0.0737018366975748	0.27910505304461974	0.5848807879084437	-0.06231232234936179
-0.06374777200012227	0.5507817281517986	-0.06204183355878934	-0.3234286662892898
-0.0851519797486342	0.05514734769786145	0.6964209848503768	0.1632796877031275
-0.042046186389148144	-0.11238028662647159	0.49307796444096463	-0.35249556254341563
0.06220402048521434	0.6963618807163643	0.20251258573844022	0.03892151305998115
-0.20211053471759333	0.2807005080403111	0.39331434203348237	0.1238746152086132
-0.23661575767724408	-0.18901847426019502	0.17234267687535776	0.40202309118720314
0.2842500731270743	-0.1100443261280244	-0.027383040781320478	-0.5783225599635808
0.16461183676513436	0.05274997264480574	0.20426977231655452	-0.5783684182735054
0.5077375041679868	-0.07392646331639852	0.06192369716602686	-0.3564123353495878
0.6367212014750507	0.045648835967061485	0.23787569213270965	-0.07975427042517813
0.09060474662578799	0.5679010762808894	-0.3137423735078828	-0.027751803585439827
0.006001427356609135	0.7379405292201895	0.06060273021414231	0.19545531320905907
-0.010779502839791011	-0.49291594116832926	-0.32706466698502235	-0.16923988900685738
0.12381121927757954	0.4455308731074128	-0.14372799952792437	0.2869299080870833
-0.43525791359650645	-0.03522120090648562	-0.375061569390736	-0.15445931610627195
0.29486983334996264	0.037305586462302864	0.10206354698759457	0.5657610332001399
-0.3119004518059947	0.004522213312191825	0.620724790544406	-0.0628525443374075
0.13319313998966087	0.36876689642822247	-0.12260017124247113	-0.37543979233964553
0.5404585906119639	0.369095560302682	-0.08886979301491871	-0.0015760560704354276
0.05212741584314751	-0.03273261363837365	-0.10252178004411827	-0.8126181904743606
-0.2999012171698161	0.3186372122201435	-0.15123540758345566	0.23022616302658472
0.04264363123595505	0.47773105957756057	-0.01028916221258025	-0.46933614697390413
0.3477366206963073	0.303259393791371	-0.05366252084010781	-0.2953414646722139
-0.20819662585339338	0.05609274177499213	0.3942922490662597	0.3414183833053548
0.33318211915025353	-0.38386545106294157	0.26651539505413147	0.01643703473267344
0.6362081786429021	0.06958839471347966	0.09120483030713156	-0.20299859633648665
FactorLoading_Ψ
0.31222752743757987	0.07804522929280688	0.18411742036665069	-0.42560982290296256
-0.13951522525693894	0.008468881976591458	-0.5450069724214284	0.30700892034504124
0.15160042885900493	-0.4652740119419352	0.060770441050797874	0.322355118148262
-0.43670713808226314	-0.15255564599079063	-0.2113835102770827	-0.19935370564986354
-0.11020956738674514	0.1842529108779989	0.5060280012380107	0.19950952049724524
-0.25390763699414554	0.2308159562486456	-0.11625609593424979	0.3990203108229591
0.7405802182230106	-0.11329472518182504	0.046995601712548574	-0.09912945488261582
0.14836992794945503	0.09085494911750769	0.5079980865497757	-0.25277703638326154
-0.35443270371983115	0.23944604361538313	-0.15212212259340507	0.25399913007138064
-0.513645698605016	-0.30418532040312596	-0.07504721593596275	-0.10712176505589532
0.35751068399307795	0.031073790838251236	-0.01890639113190362	0.5925091340367672
-0.10822244879892184	0.16028943457120182	-0.2608436092358857	-0.47064450739399066
-0.09552515757227775	0.7407890772011996	0.11008886514377236	0.05359690008275031
-0.6868681447883112	-0.11885564475144528	-0.19032357767557095	0.003952632784672616
0.24518454990398286	0.46357622348042304	0.2634417119631629	-0.027797514652431188
-0.1815497632565657	0.09595576818678242	-0.06747436726933986	-0.655020101287312
-0.0019376358277267691	0.17418618551043252	0.1447682263636041	-0.6791079522982366
0.025736794854778644	-0.07354066928410607	0.5895240031300548	-0.31119853273106046
0.08871255700891645	0.43375711288503327	0.29427258179374194	-0.18325774831230834
0.32169750594205504	-0.050317439051533075	-0.5818542034458685	0.04613085156054342
-0.19001408115261742	-0.08367022362498777	-0.46909188030313187	0.25722381491926294
0.09057347319438369	0.3439467656494506	0.47083477217725433	-0.09464498897891138
0.027274109577292815	0.2074833923965942	0.4826554119107078	-0.2825870861154052
-0.19652016785235182	-0.3538278451363992	0.44154821053782545	0.00810377647342353
-0.265543278149043	0.13536675738640414	0.29165198774748213	-0.30743797671707074
-0.007268793547957397	-0.3949450559068757	0.33471398826471477	0.26307216228045216
0.106156261532669	-0.7058092010212165	0.05460961906514594	0.1334249183809686
0.5080868638372353	0.11595763033343909	0.04647296099233622	-0.32948254483698936
-0.048991701180348235	0.4122400279880416	0.04422979212225253	0.49453847870935763
-0.14833902330708648	-0.12704128892219013	0.19041181830987375	-0.5342078694608496
0.0356558176375914	0.3074205404142376	-0.2684263349715361	0.38849730697663487
-0.05481574176306658	-0.1098554523330939	0.32095581259080896	-0.5143729933130305
0.6744306262302906	0.23924263381039523	0.002874296783190733	0.08345244317612344
-0.30976235751041514	-0.16316008678083227	-0.19849439067303987	-0.3285831650357127
0.07404175978254335	0.39391811318563974	-0.005450497007145394	-0.5265896300246715
0.12020800702359935	-0.5612062744721831	0.1424612281315234	-0.17612449037269418
-0.10641305308663318	-0.016157573828433858	-0.6347362125512974	-0.24269316053363554
-0.15043570534087558	-0.43602031009274334	0.3425561299079758	0.07098785465840529
0.5295202747130157	-0.3309190560680457	0.04598847898220049	0.09357219023673813
0.18215681049428678	0.5138671398571386	0.06386573518746608	-0.24011031446110853
0.0314987701883811	-0.018788019882760798	0.38107180342679237	-0.5686414065020657
0.07046245697477804	-0.03875241370154825	-0.1615497238451291	-0.7292354054785446
0.21260004294171364	-0.12714737286175248	0.20768894142804517	-0.4525636427684887
-0.5888407494703773	0.07044119070300492	0.33715373526725645	0.003564324559361287
0.04302636062780274	-0.08755126270672742	-0.6435964548747588	-0.22582592179071104
-0.016788745104361347	0.2701044494762923	0.565092734954542	-0.1480140704648043
0.11110220233634638	0.6471192763943283	-0.2352973271079184	0.006481194161406911
-0.22136528643676412	0.4758956960875198	0.13051246757752644	0.17222654989818964
-0.09696047730409862	0.08165444855716197	0.6386204588189233	0.18276461531981614
0.030421021843876517	0.11099233853635848	0.46468788529201954	-0.39389875432774546
0.14213867170072425	0.23958150176773407	-0.19304257143230008	-0.4252372550992416
-0.15253685399174843	0.35402304505728943	0.29272767278227696	-0.20071242816868518
-0.020346332424905578	0.0962155412143193	-0.685952810372815	0.19748531598796015
-0.0737018366975748	0.27910505304461974	0.5848807879084437	-0.06231232234936179
-0.06374777200012227	0.5507817281517986	-0.06204183355878934	-0.3234286662892898
-0.0851519797486342	0.05514734769786145	0.6964209848503768	0.1632796877031275
-0.042046186389148144	-0.11238028662647159	0.49307796444096463	-0.35249556254341563
0.06220402048521434	0.6963618807163643	0.20251258573844022	0.03892151305998115
-0.20211053471759333	0.2807005080403111	0.39331434203348237	0.1238746152086132
-0.23661575767724408	-0.18901847426019502	0.17234267687535776	0.40202309118720314
0.2842500731270743	-0.1100443261280244	-0.027383040781320478	-0.5783225599635808
0.16461183676513436	0.05274997264480574	0.20426977231655452	-0.5783684182735054
0.5077375041679868	-0.07392646331639852	0.06192369716602686	-0.3564123353495878
0.6367212014750507	0.045648835967061485	0.23787569213270965	-0.07975427042517813
0.09060474662578799	0.5679010762808894	-0.3137423735078828	-0.027751803585439827
0.006001427356609135	0.7379405292201895	0.06060273021414231	0.19545531320905907
-0.010779502839791011	-0.49291594116832926	-0.32706466698502235	-0.16923988900685738
0.12381121927757954	0.4455308731074128	-0.14372799952792437	0.2869299080870833
-0.43525791359650645	-0.03522120090648562	-0.375061569390736	-0.15445931610627195
0.29486983334996264	0.037305586462302864	0.10206354698759457	0.5657610332001399
-0.3119004518059947	0.004522213312191825	0.620724790544406	-0.0628525443374075
0.13319313998966087	0.36876689642822247	-0.12260017124247113	-0.37543979233964553
0.5404585906119639	0.369095560302682	-0.08886979301491871	-0.0015760560704354276
0.05212741584314751	-0.03273261363837365	-0.10252178004411827	-0.8126181904743606
-0.2999012171698161	0.3186372122201435	-0.15123540758345566	0.23022616302658472
0.04264363123595505	0.47773105957756057	-0.01028916221258025	-0.46933614697390413
0.3477366206963073	0.303259393791371	-0.05366252084010781	-0.2953414646722139
-0.20819662585339338	0.05609274177499213	0.3942922490662597	0.3414183833053548
0.33318211915025353	-0.38386545106294157	0.26651539505413147	0.01643703473267344
0.6362081786429021	0.06958839471347966	0.09120483030713156	-0.20299859633648665
Conflicts
23 9
71 8
54 5
28 12
33 18
28 18
78 19
78 69
48 1
25 30
69 39
14 1
42 73
64 49
63 76
51 1
65 51
58 48
37 72
2 52
71 18
67 76
62 51
25 34
42 51
53 16
16 59
35 73
8 76
19 44
23 27
56 57
43 18
36 11
42 3
52 45
32 18
4 29
53 21
4 57
49 73
68 61
31 15
78 67
64 6
25 20
4 10
63 20
78 25
26 53
64 41
80 45
4 34
51 45
66 62
61 51
46 57
80 22
78 14
25 62
11 57
69 74
54 8
66 59
9 3
4 61
39 57
8 38
26 52
47 54
54 62
34 21
54 58
29 65
58 39
55 18
74 44
65 20
78 28
15 18
25 29
36 24
23 47
64 39
42 39
74 15
68 77
67 28
75 32
69 1
35 56
23 73
10 35
5 39
71 14
29 56
60 73
53 20
17 11
43 80
49 46
16 45
67 49
3 21
37 56
78 1
9 10
69 24
68 53
34 56
55 53
14 76
72 56
37 34
23 50
31 55
65 18
54 57
13 44
32 70
48 21
62 46
12 1
38 24
52 18
10 48
40 38
41 24
60 42
32 46
13 22
75 24
19 24
10 36
9 67
25 67
64 51
70 12
4 33
68 3
80 15
80 41
23 34
80 62
56 33
9 12
48 51
67 72
57 1
13 79
16 52
58 51
29 59
66 53
3 24
50 66
62 30
65 33
43 34
42 8
63 40
62 70
63 66
13 2
34 69
10 45
61 72
50 62
77 44
74 38
55 24
32 15
17 45
69 3
29 72
76 1
62 59
47 18
78 13
49 52
11 38
13 72
55 80
63 2
53 65
35 60
50 48
80 12
68 52
59 21
43 40
79 5
57 45
50 6
70 79
34 33
72 44
68 76
71 42
67 20
32 1
27 5
78 8
55 39
67 15
65 46
39 20
19 65
46 45
71 41
35 77
38 33
29 61
54 56
2 12
49 51
71 24
4 80
23 2
23 77
9 69
74 30
69 73
13 30
49 18
28 51
60 49
65 21
53 19
7 15
72 45
80 16
11 1
72 6
80 61
76 79
9 39
50 61
15 45
8 15
63 59
35 51
27 12
47 80
35 72
8 73
23 67
52 20
74 1
3 76
31 30
2 64
33 73
26 22
51 30
62 24
71 67
32 28
23 53
46 18
31 56
40 46
52 30
31 61
13 66
28 8
2 79
23 36
8 30
71 11
54 61
72 15
31 24
71 56
2 61
59 52
14 44
2 3
23 64
66 67
27 38
48 17
17 21
9 59
2 16
53 70
2 33
75 67
43 6
11 73
28 20
49 39
58 67
37 39
27 79
28 52
13 12
5 22
40 59
52 44
66 3
74 20
29 28
37 35
13 49
34 5
9 73
33 1
26 43
78 45
54 70
35 70
34 30
76 41
67 38
26 62
51 22
57 24
14 66
76 52
42 62
51 73
47 59
77 3
14 39
63 67
55 69
55 58
42 64
54 19
19 56
43 33
10 66
76 21
47 31
44 45
47 40
67 16
47 17
32 3
51 44
58 22
56 39
22 57
71 31
25 24
50 58
43 29
75 41
22 6
39 41
4 58
47 12
51 33
34 70
34 45
37 29
78 79
37 32
71 40
37 24
35 11
80 6
63 5
77 79
66 56
10 58
77 56
2 59
9 50
79 20
33 24
31 19
13 45
25 11
28 1
78 36
68 33
25 44
7 22
75 39
47 6
9 70
75 53
42 48
25 38
48 44
63 60
3 12
60 19
43 66
4 40
65 41
55 5
3 73
60 32
17 5
17 56
40 49
55 46
66 70
68 35
49 6
19 33
19 18
11 51
37 59
47 70
34 41
26 79
79 24
14 51
3 19
26 68
62 52
22 73
57 44
35 39
41 21
71 3
63 1
66 51
63 70
58 73
42 12
31 74
50 28
47 35
54 17
63 56
75 58
78 11
14 18
69 53
69 58
77 52
28 38
2 40
62 18
55 44
34 36
34 64
25 14
54 14
50 2
78 3
42 72
71 13
2 17
25 57
29 73
13 65
14 28
39 44
3 18
15 52
8 22
58 30
72 38
26 19
23 14
14 3
68 5
23 74
80 70
7 18
63 75
15 46
61 6
3 1
67 39
37 63
61 18
22 38
19 41
55 59
67 44
66 6
43 25
68 40
10 20
78 21
71 12
68 28
5 1
34 77
17 59
10 42
66 46
47 53
41 52
16 49
39 6
55 8
25 69
22 18
57 33
3 49
71 37
47 32
34 15
32 11
80 67
56 30
9 53
14 59
34 39
34 3
35 57
69 20
78 55
68 79
68 25
61 20
20 30
59 1
34 51
29 70
41 46
6 18
54 79
10 8
75 20
60 69
68 65
9 45
77 18
75 57
43 56
74 36
4 21
43 52
25 16
29 11
80 5
27 21
13 62
26 36
68 69
42 58
74 45
76 33
37 65
3 15
31 59
25 27
8 33
48 20
16 64
16 17
80 39
69 76
63 16
74 16
42 16
36 41
69 79
14 5
76 73
23 18
67 48
4 31
48 38
1 20
27 28
14 30
78 52
10 53
75 6
31 62
5 6
29 79
35 5
13 55
74 52
75 48
78 53
23 63
50 60
77 27
66 48
71 4
36 8
43 3
25 58
68 27
48 24
26 18
78 58
79 46
47 45
9 49
72 70
65 8
32 52
63 50
77 67
78 76
43 30
39 45
60 72
72 27
2 45
78 56
3 38
29 74
12 18
68 74
78 17
37 20
6 33
80 19
25 42
44 18
43 68
14 61
55 21
37 41
43 60
58 64
37 53
55 28
31 40
43 71
37 44
10 52
43 57
63 54
7 54
2 8
9 33
28 6
55 64
48 39
72 65
70 33
69 44
76 24
80 74
2 57
2 56
34 48
78 5
69 38
71 16
59 8
10 28
4 79
1 18
66 20
22 52
13 28
4 20
60 64
56 52
34 2
61 44
74 61
2 53
65 52
54 42
53 72
53 28
61 12
40 74
60 38
25 64
29 76
59 11
40 62
47 27
23 51
71 50
77 21
26 4
32 58
77 12
34 66
58 21
50 30
80 20
25 53
14 48
33 30
11 21
7 29
3 20
68 66
43 70
10 80
60 39
42 6
56 21
79 38
14 19
50 52
2 24
40 17
39 24
9 41
55 61
16 79
3 70
47 78
47 30
68 67
31 6
16 46
50 5
26 41
55 52
14 22
29 49
40 70
3 30
47 72
34 72
55 50
13 16
58 11
50 53
36 6
32 73
8 1
39 30
72 73
47 69
66 18
47 33
68 60
43 74
26 46
55 56
77 22
43 22
72 28
11 24
5 30
65 79
21 38
28 65
55 65
26 25
60 67
75 76
8 52
48 15
47 56
29 19
71 45
50 39
29 53
54 68
31 18
69 19
3 5
19 28
5 38
64 5
25 3
63 8
3 41
37 30
9 37
27 46
27 70
40 72
31 53
15 41
47 20
4 52
69 46
17 18
48 46
50 8
23 55
8 46
80 58
43 55
4 11
43 53
1 30
62 65
26 8
19 52
17 20
65 1
63 44
70 51
14 73
78 12
40 36
55 2
6 52
27 62
31 73
71 51
2 15
23 61
15 38
10 72
13 27
63 51
27 11
48 8
4 42
54 12
16 5
37 18
62 79
75 22
54 30
50 27
61 41
26 63
3 33
2 6
78 6
32 22
25 61
65 17
31 1
14 38
70 5
36 12
55 32
9 52
58 19
19 46
43 77
21 52
14 32
31 65
4 6
52 57
54 67
39 12
42 21
60 2
63 22
31 29
43 45
75 19
71 36
71 59
17 79
9 44
75 25
25 2
42 52
32 77
50 29
48 11
26 45
69 52
36 44
47 41
42 67
37 33
9 76
12 46
69 12
76 22
28 70
14 67
63 28
63 80
23 72
29 40
77 29
17 38
56 41
65 64
14 57
71 38
9 38
29 6
23 39
25 12
69 33
77 8
13 41
54 13
23 60
47 16
66 11
23 46
21 46
72 51
72 74
3 65
78 22
49 24
4 59
77 69
7 13
16 51
65 59
62 73
43 28
71 47
53 18
3 61
8 39
72 62
4 64
77 70
54 35
29 8
36 70
75 35
37 76
33 45
58 33
49 45
28 5
32 19
40 1
64 24
36 76
80 36
26 27
67 19
58 72
42 41
70 39
74 33
53 36
27 76
42 36
35 32
53 22
13 3
43 19
5 20
63 74
19 8
72 46
27 52
73 1
60 11
2 74
7 28
32 51
71 48
23 75
2 65
27 39
60 44
27 59
24 73
56 12
70 18
16 36
70 24
61 1
61 5
23 38
25 77
23 42
75 56
66 33
56 79
17 62
13 35
7 35
66 69
64 17
78 44
79 1
27 45
29 1
43 1
63 12
32 8
55 77
34 52
53 11
36 57
36 79
35 58
25 8
31 8
64 20
54 21
31 22
9 30
61 64
25 51
22 46
38 1
47 1
23 21
37 46
16 73
46 6
47 63
79 6
25 31
4 38
74 22
54 11
69 49
23 28
20 18
58 57
32 69
63 29
60 3
49 76
59 30
47 46
10 57
80 56
26 50
63 53
17 51
55 20
75 3
10 5
28 48
7 47
77 15
41 30
80 8
74 11
69 15
23 13
48 56
71 29
68 80
72 21
59 44
4 24
4 12
75 66
80 52
4 1
56 73
64 8
22 30
34 24
50 73
13 15
78 51
54 51
69 27
40 12
7 25
54 80
47 61
71 77
53 33
14 16
61 52
50 45
42 22
21 22
54 10
61 28
25 72
31 14
19 36
42 15
35 59
78 24
9 65
61 24
60 48
32 50
60 66
59 46
40 22
8 44
68 47
47 74
23 56
32 21
2 67
26 51
74 49
71 49
66 19
68 56
32 17
50 46
80 79
25 40
47 52
35 24
10 62
66 8
70 1
14 17
40 51
71 15
77 17
64 12
39 1
27 6
34 73
71 7
58 36
15 57
68 29
60 46
35 49
71 58
66 58
51 8
48 52
69 57
74 57
48 41
9 36
37 38
16 70
68 30
10 29
13 58
7 40
48 5
23 33
3 28
13 31
37 61
66 76
53 48
23 48
4 75
38 41
14 45
22 44
7 5
63 41
27 19
60 16
25 80
19 62
59 56
28 24
2 22
10 18
23 26
66 30
62 56
3 44
7 51
35 48
19 5
63 32
16 19
48 6
5 21
7 27
61 15
72 49
40 33
37 80
67 12
29 41
78 42
78 50
63 38
60 53
77 33
4 60
23 40
4 47
10 44
26 71
29 33
67 6
14 34
60 34
71 78
26 59
35 67
35 65
19 12
65 76
54 65
26 31
78 35
8 24
46 20
35 53
31 80
29 27
2 48
35 52
47 22
29 3
50 19
43 54
74 5
60 12
7 39
23 79
23 76
63 78
63 35
8 57
36 5
37 78
75 64
60 18
68 9
10 69
50 1
29 20
29 21
54 31
47 25
17 70
62 41
61 62
37 48
10 65
68 22
42 18
34 80
10 46
5 12
23 68
26 12
26 73
54 37
2 19
79 73
26 70
55 40
56 46
34 17
4 41
40 11
21 33
75 42
42 79
58 56
32 6
75 36
32 57
31 44
34 18
47 28
7 68
31 72
65 45
17 39
53 46
46 1
27 18
23 30
32 34
29 44
13 19
43 31
75 1
11 49
9 4
9 24
17 8
73 18
61 22
64 15
71 17
14 69
48 76
19 30
16 41
58 17
78 16
16 65
63 79
71 52
71 2
36 21
25 32
6 20
34 79
40 21
38 46
59 76
67 33
47 66
23 70
67 74
2 39
26 54
29 58
11 20
64 52
28 44
43 13
68 12
77 28
25 35
37 10
11 79
19 6
59 41
32 39
63 24
17 44
8 18
8 21
7 69
19 48
3 52
35 40
78 72
14 70
79 45
23 17
5 44
37 64
37 8
43 46
78 10
23 7
35 36
69 61
54 78
72 76
43 35
21 6
11 8
17 33
26 38
43 37
58 28
61 36
78 73
32 56
64 70
80 3
29 18
51 41
72 17
14 77
63 6
14 8
43 7
50 56
71 33
8 20
27 36
61 8
50 10
63 14
54 33
25 76
43 42
25 46
78 15
4 66
54 48
77 24
28 16
61 59
13 36
75 15
3 74
71 44
68 21
63 62
80 1
28 49
2 28
66 80
55 79
56 6
53 3
21 45
25 73
39 21
68 6
80 28
54 77
22 45
68 20
17 24
47 8
59 15
66 65
43 48
21 1
25 79
31 64
10 1
7 45
3 36
10 21
9 42
57 73
7 78
7 75
50 3
30 18
77 36
43 9
59 33
4 8
78 74
67 5
49 12
74 18
71 1
37 42
9 20
53 24
7 6
41 57
55 3
35 33
42 20
71 19
54 29
22 12
32 67
14 52
23 29
43 58
60 79
72 19
9 19
60 57
79 57
14 2
13 39
55 19
66 57
40 52
51 46
70 73
38 52
75 69
79 33
26 33
50 72
42 74
37 68
9 64
68 31
46 73
50 76
50 21
56 1
76 12
8 6
43 27
80 49
17 49
58 27
48 22
42 76
77 64
2 21
80 64
32 53
13 52
54 55
32 40
54 69
10 27
68 59
55 42
55 27
10 19
59 22
25 45
64 45
4 32
22 24
26 39
5 33
61 21
55 6
4 78
78 38
49 30
55 15
10 6
64 11
34 1
40 44
62 33
4 15
7 37
77 76
53 51
59 24
36 20
9 13
48 64
50 67
56 44
29 39
67 41
78 32
5 49
58 65
10 60
54 34
67 45
14 35
50 57
71 76
23 3
63 72
32 65
26 49
40 19
25 21
25 56
66 16
43 21
40 76
42 61
59 51
32 24
19 49
66 12
35 45
9 21
68 62
77 74
26 64
51 12
31 12
56 5
62 44
60 59
7 60
50 77
27 33
3 64
53 62
50 41
37 25
75 27
67 46
54 40
34 12
13 38
37 19
21 18
3 22
31 2
47 13
9 31
67 8
7 65
58 24
58 45
36 22
31 66
34 58
67 79
63 34
34 44
71 9
12 30
77 49
70 76
54 50
69 56
3 45
5 24
58 12
4 5
67 65
9 35
75 10
40 5
60 22
69 17
71 25
64 22
