InstanceID
6_20_4
NumObjects
20
NumFactors
4
Weights
51.147743685702565
12.137363840295734
83.03755731695395
2.639192720466399
93.57692936146552
30.37121502988569
76.58229275070889
42.895750461308026
71.40299127954843
90.98959528367503
39.98765849272963
92.72455218331477
40.4087243517576
83.70921201405375
11.878561791894281
23.042746637119937
79.81442262438205
34.38441579712539
53.75635631543525
11.554064125274843
Budget
513.0206730315489
Profits
-10.229548737140513
-2.427472768059147
-16.60751146339079
-0.5278385440932798
-18.715385872293105
-6.074243005977138
-15.316458550141778
-8.579150092261605
-14.280598255909686
-18.197919056735007
-7.9975316985459255
-18.544910436662953
-8.08174487035152
-16.74184240281075
-2.3757123583788564
-4.6085493274239875
-15.96288452487641
-6.876883159425079
-10.75127126308705
-2.3108128250549687
FactorLoading_Φ
0.6080301644899451	0.1038187656167302	-0.11842011122456553	0.1697309586687592
-0.5715635838149247	0.11587814152208753	0.3097514110443709	-0.0028068636186169282
0.28623352462178686	0.24960886455618803	0.2614243018754676	-0.2027333089465575
0.6432422759526284	-0.0914023522474805	0.25534237413107874	-0.010012997668812362
0.25711810459890394	-0.23234873784164334	0.471722181403331	0.038810976156121724
0.31084862872353325	-0.41669574278868615	0.2200485035438	0.05240712494398059
-0.5703466977460481	-0.08085000920015117	0.02925834008992445	0.3195449529638763
0.18294308433359507	-0.6609802459200522	-0.14887546569503307	-0.007201204051319632
0.06384312889225852	-0.011571939274645615	-0.10306132368982501	-0.8215236081432709
-0.010106750982695756	-0.49290336432753135	0.24602585396503684	-0.25096403072473605
0.5010283247068901	0.2453280032997105	-0.24873253189544697	-0.00491114009795246
-0.024057749873503287	0.11033772591907143	-0.8644054859085082	-0.001199038298917099
0.366245384656509	-0.04275674662177109	-0.5223667653786452	-0.06863110334307465
-0.13881759859609932	-0.3129203825810789	-0.0813705018092592	0.4668915170135626
0.17016339728578744	0.21185370697139239	-0.16894994569100996	-0.4490329500518102
0.07340744856560466	-0.27856031044426577	0.3571242155739516	-0.290908025416178
0.16585849505777484	-0.12897969712404755	-0.029895040156343144	-0.6752667676618345
-0.47851669953267306	-0.26923436909388276	0.14895461987017988	0.10329431150326429
0.01878037300213431	0.6002017678691731	-0.18706469499084633	-0.19395316413784625
-0.23383296520953678	0.17233631355769696	-0.07259810728371408	0.5212326139490522
FactorLoading_Ψ
0.6080301644899451	0.1038187656167302	-0.11842011122456553	0.1697309586687592
-0.5715635838149247	0.11587814152208753	0.3097514110443709	-0.0028068636186169282
0.28623352462178686	0.24960886455618803	0.2614243018754676	-0.2027333089465575
0.6432422759526284	-0.0914023522474805	0.25534237413107874	-0.010012997668812362
0.25711810459890394	-0.23234873784164334	0.471722181403331	0.038810976156121724
0.31084862872353325	-0.41669574278868615	0.2200485035438	0.05240712494398059
-0.5703466977460481	-0.08085000920015117	0.02925834008992445	0.3195449529638763
0.18294308433359507	-0.6609802459200522	-0.14887546569503307	-0.007201204051319632
0.06384312889225852	-0.011571939274645615	-0.10306132368982501	-0.8215236081432709
-0.010106750982695756	-0.49290336432753135	0.24602585396503684	-0.25096403072473605
0.5010283247068901	0.2453280032997105	-0.24873253189544697	-0.00491114009795246
-0.024057749873503287	0.11033772591907143	-0.8644054859085082	-0.001199038298917099
0.366245384656509	-0.04275674662177109	-0.5223667653786452	-0.06863110334307465
-0.13881759859609932	-0.3129203825810789	-0.0813705018092592	0.4668915170135626
0.17016339728578744	0.21185370697139239	-0.16894994569100996	-0.4490329500518102
0.07340744856560466	-0.27856031044426577	0.3571242155739516	-0.290908025416178
0.16585849505777484	-0.12897969712404755	-0.029895040156343144	-0.6752667676618345
-0.47851669953267306	-0.26923436909388276	0.14895461987017988	0.10329431150326429
0.01878037300213431	0.6002017678691731	-0.18706469499084633	-0.19395316413784625
-0.23383296520953678	0.17233631355769696	-0.07259810728371408	0.5212326139490522
Conflicts
2 15
4 16
15 18
4 12
11 18
7 12
13 2
8 12
6 20
17 18
9 3
13 16
4 1
18 1
2 12
5 20
19 5
2 1
10 20
9 10
15 12
11 12
13 3
4 20
5 6
15 6
4 15
4 14
8 1
2 11
14 20
7 13
10 3
13 5
3 5
10 8
7 5
11 15
10 2
2 3
9 18
11 1
12 1
15 1
14 16
13 8
17 11
3 20
11 8
19 11
2 16
13 19
4 6
7 15
9 19
16 15
3 1
13 18
11 20
19 18
7 17
9 20
17 15
19 6
14 1
7 8
8 18
4 3
3 16
7 14
14 6
10 5
17 8
14 10
9 16
14 11
3 19
9 5
2 5
14 12
5 12
14 8
10 15
12 18
14 5
17 6
3 15
4 5
8 15
3 8
10 11
10 6
10 17
9 17
13 20
