InstanceID
6_60_4
NumObjects
60
NumFactors
4
Weights
51.147743685702565
12.137363840295734
83.03755731695395
2.639192720466399
93.57692936146552
30.37121502988569
76.58229275070889
42.895750461308026
71.40299127954843
90.98959528367503
39.98765849272963
92.72455218331477
40.4087243517576
83.70921201405375
11.878561791894281
23.042746637119937
79.81442262438205
34.38441579712539
53.75635631543525
11.554064125274843
71.18489301066752
60.803016448994505
83.02690413312408
64.89059010186918
53.58149118840343
42.96262934825346
62.44408352228872
68.74417253370122
57.15635838149247
99.7193136381383
37.704917984673855
53.1279076704958
96.68082905099497
5.368240736522134
79.72666910534426
28.623352462178687
53.58423891779749
87.0661487683118
73.1669029771239
71.16944453544869
5.265032295153493
73.4644628200109
64.32422759526284
98.99870023311877
82.09978098034836
49.392552185945604
63.94302272547758
31.481309963608094
48.94668424405473
25.711810459890394
96.11890238438782
88.74693507451335
49.83527477925496
96.02993251839173
95.80648562867296
94.75928750560195
72.75443715122194
31.084862872353327
76.83936325382513
46.611107969364916
Budget
1784.4938116096905
Profits
-10.229548737140513
-2.427472768059147
-16.60751146339079
-0.5278385440932798
-18.715385872293105
-6.074243005977138
-15.316458550141778
-8.579150092261605
-14.280598255909686
-18.197919056735007
-7.9975316985459255
-18.544910436662953
-8.08174487035152
-16.74184240281075
-2.3757123583788564
-4.6085493274239875
-15.96288452487641
-6.876883159425079
-10.75127126308705
-2.3108128250549687
-14.236978602133505
-12.160603289798901
-16.605380826624817
-12.978118020373836
-10.716298237680686
-8.592525869650691
-12.488816704457744
-13.748834506740243
-11.431271676298493
-19.94386272762766
-7.540983596934771
-10.62558153409916
-19.336165810198995
-1.0736481473044268
-15.945333821068852
-5.724670492435737
-10.716847783559498
-17.41322975366236
-14.633380595424779
-14.233888907089739
-1.0530064590306987
-14.692892564002179
-12.864845519052569
-19.799740046623754
-16.41995619606967
-9.87851043718912
-12.788604545095517
-6.296261992721619
-9.789336848810946
-5.142362091978079
-19.223780476877565
-17.74938701490267
-9.967054955850992
-19.205986503678346
-19.161297125734592
-18.95185750112039
-14.550887430244387
-6.216972574470665
-15.367872650765026
-9.322221593872984
FactorLoading_Φ
0.5753242273887618	0.10513081964736193	-0.13272561246508707	-0.18681934049878923
-0.654560726673125	0.28316539171025124	0.055072677565304096	-0.007201204051319632
-0.07541506816690413	-0.013405679523777358	0.08813797740335616	-0.8230412749059624
-0.06211764826137789	0.007286602205743842	-0.43360586484310537	-0.4969898846897729
0.4635748663514563	0.03745345835543379	0.07876437896394695	0.420207296329163
-0.07501615880344903	-0.2627322722791834	-0.6610525306184505	0.001199038298917099
-0.295556320154885	0.05262607794792595	0.06081973317546918	-0.5909978687217199
0.08441918449069363	-0.05439841410540569	-0.23663194098516827	-0.6245504604187324
0.09116414661901029	-0.07899925066677715	0.4596070888434276	0.37022951387078495
0.2778734558165452	-0.07409430319332522	0.04802077455765086	-0.6000114664324787
-0.08802230340436434	-0.20681588877745805	0.6070430127060269	-0.09811879511215071
0.007111022245250176	-0.42161226127746554	-0.3190277851038401	-0.2522489313734442
-0.690866397555469	0.04217774081827441	0.07300269748841037	0.19395316413784625
-0.22639249442221177	-0.007440470787325015	-0.09828561510850387	0.6678814196819594
0.48171406011516305	-0.23837944960911495	-0.2279881580285068	0.051918332247215204
0.2161966398114641	0.026071499133365927	-0.7315264195026778	-0.02620544155249216
0.13586135501305496	-0.4165137663229279	0.35597786044107527	-0.09164701822294186
-0.21542180481523077	0.16297535118569595	0.19626079189760648	0.4253420521014668
0.15313899474448722	-0.17444591690540534	-0.09834554616903812	-0.5740695421810693
0.18524263967997978	-0.05165477324017376	-0.422527375749268	0.34057521133057844
0.1157342166694626	0.11998562020405545	-0.7266048345514924	-0.037675328574989564
0.6486273360622787	0.06222872886428776	0.1802670659675225	-0.10887686910591099
0.5888192137771637	0.07568072569735773	0.01540538957216242	-0.3200946709533161
-0.819532928355041	-0.08264835654512881	0.020032718469331634	0.07778599663049857
0.01878447950832296	0.06308415155253777	0.817250123212236	0.10088124572690327
0.09105479518703286	-0.2800339484653622	0.39274602766993727	-0.23616522867766765
0.07016435075422378	0.40145010426050765	0.28170162698210954	-0.24668391800315903
-0.15939537936437453	0.3992300868191103	0.1611683030609552	-0.28020623075555995
-0.2311301128781178	-0.39317152269923983	-0.16540363070819342	0.21029473371444896
-0.21552483228506825	0.35166119527480744	0.026022688712198816	0.4067912837279255
-0.33487303643771926	0.13829968196787568	0.0819140294656906	-0.44491325212871446
0.8136501481385086	0.029396803496895663	0.08210168543175622	0.07485136293283956
0.1214005555077482	0.28782338887654535	0.23869165617017463	-0.3520843994455318
0.1844914533613602	-0.4195925224467454	0.37251200714995525	-0.023404017041939174
-0.4689772527747258	-0.42974343856751807	0.052926520320002224	-0.048352788337753916
-0.3022445673830556	0.3296145852721477	-0.2518056433840423	0.11633520396075436
-0.050666772998281484	0.18524310198476712	0.37647654002753894	-0.38761358498941245
-0.5881112632946732	0.18392273902839973	-0.1515860911276059	-0.07637990654932114
-0.13056930722428728	-0.0643915726470159	0.40178550705940674	-0.4032536130692901
0.3784049438131982	-0.03304512287306216	0.5373006157500795	0.051249317563660135
0.9057418798826324	-0.034150898917797434	0.015102450973103698	0.04500477022646643
0.5069279344852189	-0.3409091270792428	0.031450189725241495	-0.1207127487102968
0.4462156137397997	-0.1353646883136117	0.006922383649231145	0.4114973142973575
-0.20410871633796712	-0.33396637423130593	-0.1668254036364365	0.29509950579429045
0.103409071721549	0.22620907304951876	0.4431198871597266	0.22726196806920562
-0.6816630092136751	0.008541690680981429	0.20696786410972434	0.10282743599561917
0.10517534892277625	-0.3693027186958453	0.4572568318952057	0.06826510048617274
0.059877802684196624	0.1413500734915416	-0.4478164055079461	0.35095571831631567
0.26646253393360975	-0.0026700068431293467	-0.1882256097988131	0.5426418494244478
0.13311403184891257	-0.36899871391846983	0.3251010008134092	0.1727862534192084
-0.31440970019764425	-0.36699653331368065	-0.09673750447621554	0.22185626201245956
0.16919004545935645	-0.02771216513827368	-0.3683819816573013	0.43471580774506857
-0.127473147055438	0.07063613537044988	0.03295661286063245	0.7689341047134797
-0.09673515292412116	-0.717109521593569	-0.10291477555710982	0.08324054992520002
-0.2754690716949939	-0.489273648563358	-0.002042479506603634	0.23321480023504448
-0.24701047938901466	0.06997616499295045	0.012413680689524531	-0.6705996749285104
0.099759909380295	0.14077653118638112	-0.09253201022033797	-0.6669315492129859
-0.1350066199500426	-0.6294533851048485	0.16094732841441783	0.07459266653069108
-0.6163659540869078	0.23476446352610614	-0.010934881980037892	0.13793470040694822
0.6997078593309192	0.018068563930326187	0.019763891237501774	-0.26245968550125287
FactorLoading_Ψ
0.5753242273887618	0.10513081964736193	-0.13272561246508707	-0.18681934049878923
-0.654560726673125	0.28316539171025124	0.055072677565304096	-0.007201204051319632
-0.07541506816690413	-0.013405679523777358	0.08813797740335616	-0.8230412749059624
-0.06211764826137789	0.007286602205743842	-0.43360586484310537	-0.4969898846897729
0.4635748663514563	0.03745345835543379	0.07876437896394695	0.420207296329163
-0.07501615880344903	-0.2627322722791834	-0.6610525306184505	0.001199038298917099
-0.295556320154885	0.05262607794792595	0.06081973317546918	-0.5909978687217199
0.08441918449069363	-0.05439841410540569	-0.23663194098516827	-0.6245504604187324
0.09116414661901029	-0.07899925066677715	0.4596070888434276	0.37022951387078495
0.2778734558165452	-0.07409430319332522	0.04802077455765086	-0.6000114664324787
-0.08802230340436434	-0.20681588877745805	0.6070430127060269	-0.09811879511215071
0.007111022245250176	-0.42161226127746554	-0.3190277851038401	-0.2522489313734442
-0.690866397555469	0.04217774081827441	0.07300269748841037	0.19395316413784625
-0.22639249442221177	-0.007440470787325015	-0.09828561510850387	0.6678814196819594
0.48171406011516305	-0.23837944960911495	-0.2279881580285068	0.051918332247215204
0.2161966398114641	0.026071499133365927	-0.7315264195026778	-0.02620544155249216
0.13586135501305496	-0.4165137663229279	0.35597786044107527	-0.09164701822294186
-0.21542180481523077	0.16297535118569595	0.19626079189760648	0.4253420521014668
0.15313899474448722	-0.17444591690540534	-0.09834554616903812	-0.5740695421810693
0.18524263967997978	-0.05165477324017376	-0.422527375749268	0.34057521133057844
0.1157342166694626	0.11998562020405545	-0.7266048345514924	-0.037675328574989564
0.6486273360622787	0.06222872886428776	0.1802670659675225	-0.10887686910591099
0.5888192137771637	0.07568072569735773	0.01540538957216242	-0.3200946709533161
-0.819532928355041	-0.08264835654512881	0.020032718469331634	0.07778599663049857
0.01878447950832296	0.06308415155253777	0.817250123212236	0.10088124572690327
0.09105479518703286	-0.2800339484653622	0.39274602766993727	-0.23616522867766765
0.07016435075422378	0.40145010426050765	0.28170162698210954	-0.24668391800315903
-0.15939537936437453	0.3992300868191103	0.1611683030609552	-0.28020623075555995
-0.2311301128781178	-0.39317152269923983	-0.16540363070819342	0.21029473371444896
-0.21552483228506825	0.35166119527480744	0.026022688712198816	0.4067912837279255
-0.33487303643771926	0.13829968196787568	0.0819140294656906	-0.44491325212871446
0.8136501481385086	0.029396803496895663	0.08210168543175622	0.07485136293283956
0.1214005555077482	0.28782338887654535	0.23869165617017463	-0.3520843994455318
0.1844914533613602	-0.4195925224467454	0.37251200714995525	-0.023404017041939174
-0.4689772527747258	-0.42974343856751807	0.052926520320002224	-0.048352788337753916
-0.3022445673830556	0.3296145852721477	-0.2518056433840423	0.11633520396075436
-0.050666772998281484	0.18524310198476712	0.37647654002753894	-0.38761358498941245
-0.5881112632946732	0.18392273902839973	-0.1515860911276059	-0.07637990654932114
-0.13056930722428728	-0.0643915726470159	0.40178550705940674	-0.4032536130692901
0.3784049438131982	-0.03304512287306216	0.5373006157500795	0.051249317563660135
0.9057418798826324	-0.034150898917797434	0.015102450973103698	0.04500477022646643
0.5069279344852189	-0.3409091270792428	0.031450189725241495	-0.1207127487102968
0.4462156137397997	-0.1353646883136117	0.006922383649231145	0.4114973142973575
-0.20410871633796712	-0.33396637423130593	-0.1668254036364365	0.29509950579429045
0.103409071721549	0.22620907304951876	0.4431198871597266	0.22726196806920562
-0.6816630092136751	0.008541690680981429	0.20696786410972434	0.10282743599561917
0.10517534892277625	-0.3693027186958453	0.4572568318952057	0.06826510048617274
0.059877802684196624	0.1413500734915416	-0.4478164055079461	0.35095571831631567
0.26646253393360975	-0.0026700068431293467	-0.1882256097988131	0.5426418494244478
0.13311403184891257	-0.36899871391846983	0.3251010008134092	0.1727862534192084
-0.31440970019764425	-0.36699653331368065	-0.09673750447621554	0.22185626201245956
0.16919004545935645	-0.02771216513827368	-0.3683819816573013	0.43471580774506857
-0.127473147055438	0.07063613537044988	0.03295661286063245	0.7689341047134797
-0.09673515292412116	-0.717109521593569	-0.10291477555710982	0.08324054992520002
-0.2754690716949939	-0.489273648563358	-0.002042479506603634	0.23321480023504448
-0.24701047938901466	0.06997616499295045	0.012413680689524531	-0.6705996749285104
0.099759909380295	0.14077653118638112	-0.09253201022033797	-0.6669315492129859
-0.1350066199500426	-0.6294533851048485	0.16094732841441783	0.07459266653069108
-0.6163659540869078	0.23476446352610614	-0.010934881980037892	0.13793470040694822
0.6997078593309192	0.018068563930326187	0.019763891237501774	-0.26245968550125287
Conflicts
3 56
17 45
23 41
31 34
53 49
13 55
50 41
40 1
23 32
28 48
31 12
3 20
13 56
23 33
55 46
50 29
41 6
23 5
35 56
27 56
23 12
16 38
11 5
26 57
8 39
35 41
16 6
35 53
43 44
6 44
31 22
7 38
10 52
47 13
56 8
31 2
2 21
43 11
7 28
2 19
49 41
14 24
8 18
54 22
28 51
17 11
4 59
47 4
15 52
22 57
10 11
26 51
60 18
50 32
55 8
54 13
26 19
49 12
4 8
14 60
16 33
35 12
55 30
59 12
10 44
60 19
26 49
12 18
58 39
4 55
29 38
43 15
60 8
7 10
53 20
28 33
50 58
54 20
31 52
54 10
47 35
28 16
53 59
5 52
55 2
59 1
59 21
40 21
31 27
47 55
58 16
35 57
55 52
54 56
25 16
50 1
26 52
26 20
7 54
37 56
54 53
25 56
35 22
25 48
2 22
43 55
21 41
59 38
28 39
2 45
9 2
12 1
29 44
19 49
2 3
34 29
59 5
13 14
18 30
37 28
21 18
25 28
58 52
40 28
58 6
23 11
42 49
40 56
53 30
55 12
28 1
41 44
9 28
53 27
37 22
43 30
32 59
5 21
3 18
23 7
7 5
2 1
17 15
10 6
59 15
14 36
17 59
28 36
29 20
13 6
7 48
56 39
32 52
13 1
35 33
56 5
27 33
36 45
32 17
13 42
23 26
23 47
23 57
53 21
43 24
3 39
37 30
37 58
28 17
37 50
2 20
33 46
13 39
17 41
35 18
54 5
22 45
5 6
47 58
60 29
27 45
54 3
28 57
7 40
59 22
57 24
14 20
9 19
42 19
35 59
31 49
13 22
9 57
25 27
53 39
58 38
11 45
54 51
52 20
56 20
4 22
29 40
4 50
30 20
25 3
49 21
10 34
48 36
19 38
52 24
50 21
31 5
27 17
35 36
27 20
36 57
17 30
17 49
35 46
15 1
4 57
7 36
49 38
17 36
32 12
27 18
49 24
29 16
25 30
26 46
3 44
60 24
50 35
7 2
55 51
32 58
16 45
58 56
37 15
11 8
26 48
9 46
12 52
16 46
7 46
25 59
17 18
38 1
14 27
21 20
12 33
37 3
56 21
34 36
58 21
3 57
42 53
9 1
59 57
54 46
12 57
43 3
50 52
28 11
55 21
37 41
34 11
48 52
43 41
59 44
54 16
47 50
37 45
41 20
19 17
26 2
10 57
36 11
55 15
19 44
34 28
7 11
7 47
50 19
54 34
58 27
39 20
16 15
55 22
19 24
43 37
14 52
8 41
22 46
7 33
36 56
15 57
47 45
40 30
22 44
42 6
13 16
7 29
42 40
14 18
27 57
46 1
27 30
38 22
32 27
28 5
47 57
4 11
22 1
2 24
13 32
34 56
40 46
56 52
32 3
49 44
35 2
38 33
6 18
50 34
15 20
5 44
21 30
29 57
40 18
47 59
43 46
38 20
17 51
29 46
8 38
46 57
37 40
23 30
52 45
25 50
56 59
23 19
36 51
34 21
39 12
56 51
58 22
32 20
16 56
4 6
37 17
5 45
60 11
42 15
10 8
47 10
23 39
27 21
10 2
7 49
56 12
25 12
37 8
31 3
19 33
4 17
49 57
60 42
13 36
38 6
9 56
47 25
26 18
34 44
37 42
34 57
31 33
36 44
25 10
19 18
9 11
40 11
59 49
49 15
9 6
7 8
40 41
26 8
23 42
53 46
37 44
43 20
47 6
47 29
23 18
60 28
27 12
57 33
55 11
39 30
10 59
4 31
23 17
31 30
10 1
9 52
29 33
16 5
48 33
54 14
47 27
4 42
31 40
23 34
35 58
47 52
32 5
28 6
29 15
19 15
47 56
26 16
36 49
54 60
23 44
53 45
9 49
42 12
9 5
31 17
2 58
54 33
26 45
49 46
19 30
55 36
9 39
2 27
60 27
58 18
39 57
60 45
53 22
10 17
51 30
19 1
53 11
53 56
7 6
54 24
23 49
31 6
3 15
35 29
3 52
50 16
3 36
48 6
60 52
50 46
35 5
4 10
17 56
31 19
27 36
8 20
37 19
26 59
40 5
16 39
26 38
12 20
10 12
47 44
16 11
39 52
17 24
9 3
35 19
37 5
54 37
47 40
14 30
7 9
48 44
31 11
54 6
48 51
42 56
14 46
48 5
10 53
10 30
3 5
37 6
16 12
57 44
44 46
26 50
55 56
50 27
19 39
28 59
13 58
50 28
43 47
4 19
58 46
53 19
31 35
56 38
55 24
25 20
25 1
37 32
26 42
44 30
47 53
11 46
4 46
17 22
53 48
9 31
56 24
34 18
14 10
10 27
31 48
25 57
36 6
37 21
32 10
10 33
4 25
46 18
26 40
51 52
7 16
36 22
53 6
42 57
31 1
32 41
59 30
35 21
48 12
23 24
60 38
26 39
32 40
5 51
60 3
50 3
31 29
9 8
54 8
26 44
43 45
27 22
32 28
53 3
25 34
5 46
10 41
23 4
54 32
40 57
27 39
55 58
25 55
42 5
37 20
25 11
17 20
28 38
53 24
5 24
25 36
6 1
37 27
48 46
25 14
42 18
40 20
36 46
55 18
36 20
8 51
4 27
51 33
42 44
13 20
34 48
4 48
13 41
55 59
13 29
14 57
60 16
7 12
38 52
15 33
7 30
36 33
26 32
22 24
50 5
29 39
49 20
54 21
11 51
47 33
7 21
31 45
26 41
14 51
34 22
47 8
48 38
19 8
23 16
29 51
4 53
33 45
25 8
49 45
60 46
7 45
14 33
54 55
53 51
36 59
9 21
54 2
60 55
14 49
3 41
50 30
26 13
25 38
11 24
4 2
29 52
25 32
31 39
2 59
13 5
60 12
4 1
32 46
50 49
55 20
9 35
42 1
37 24
50 18
10 56
31 32
14 42
36 12
13 18
31 51
9 22
50 57
52 6
2 5
11 6
36 1
34 49
26 37
14 29
4 37
50 51
58 48
49 51
9 16
58 51
9 33
19 11
40 12
31 15
50 11
14 5
60 59
23 35
21 24
41 18
51 57
36 39
2 39
35 48
9 59
39 45
3 51
27 24
15 45
53 28
7 24
36 18
15 21
39 22
9 17
35 10
24 20
31 41
14 19
47 49
21 45
10 48
48 20
36 5
16 52
51 15
54 1
56 11
25 19
60 1
15 46
2 12
25 15
40 15
5 39
13 35
60 41
59 18
58 20
37 18
17 38
4 3
9 20
54 11
47 36
37 2
40 33
10 28
21 33
58 15
14 35
32 8
55 19
10 15
4 41
40 36
43 12
47 31
43 26
26 11
23 8
58 11
40 51
48 22
42 16
50 24
15 39
23 22
13 57
43 32
58 3
18 24
10 18
14 59
17 1
11 15
34 58
2 17
4 60
55 10
50 6
7 60
55 6
44 18
48 15
2 46
54 15
11 12
32 15
13 38
50 10
43 52
51 21
5 20
49 52
14 17
42 21
10 40
9 48
31 20
26 3
12 45
59 33
35 16
43 60
8 5
32 33
25 41
11 1
57 18
49 18
7 52
9 60
16 51
35 24
46 45
4 36
59 11
40 17
2 6
40 22
5 41
54 17
7 32
39 46
9 41
29 59
31 50
9 10
2 51
13 24
55 1
55 39
9 25
46 30
32 48
2 48
25 44
13 59
58 12
4 32
41 38
42 59
14 15
43 53
3 27
45 24
54 39
27 1
45 20
42 24
59 52
4 45
2 56
47 24
54 40
3 16
43 9
8 46
8 49
29 30
35 34
34 30
35 27
52 33
26 54
40 52
13 49
29 28
55 40
27 28
3 33
4 16
44 1
21 46
32 35
34 38
16 18
41 52
46 24
58 44
42 33
53 5
60 22
22 30
29 49
53 38
55 33
34 6
13 45
23 36
60 21
13 2
60 15
35 60
32 30
14 28
37 53
