InstanceID
7_100_4
NumObjects
100
NumFactors
4
Weights
81.24385822007527
65.49774646337252
48.96133803478428
7.875953556887483
58.15906311251917
25.805333157677303
19.64649019558198
19.392536240567605
84.29510710331931
66.19303282513103
40.13518161037963
63.59044269989988
48.83636546924342
98.6985622113955
45.92306948614839
79.23560381723036
38.14143485237391
72.28732924471907
73.80915162156754
74.50442509510245
33.438342217325356
1.2122539899107165
73.47466497855586
80.40222425985333
75.9540016305056
6.486169314089607
28.779459400092232
26.075409337816268
26.812754456766584
23.983200203808643
98.31045491229624
18.976665278178206
67.21467520300546
28.922693449038416
44.10718068472461
96.43324156758403
67.16894142832939
76.21546430337038
69.60890021481822
14.52220154560042
70.86634520953979
6.051726649515299
90.55911220822284
91.76458993797551
11.32209653078069
33.34420192893867
56.25464419856765
6.550179513679866
38.694373863025945
98.10415016218734
70.23633859454507
45.20577025698702
49.46188873496724
85.24452694601048
62.7239383069959
21.130423746783155
88.86461124980845
34.38796968409752
88.64711048516001
92.11901592860163
12.71641014127647
85.93491012500785
30.62661537416156
75.28287768944497
48.292849238071845
58.37856146283058
33.57597967196262
75.95377756396593
45.11861783881728
18.03269784580688
14.074628587484117
38.561053453057866
71.54071623136798
12.023289092182221
59.733465019021324
4.8732888500185645
2.379618494797664
94.5322514589955
86.1029925795926
48.39318888342889
56.712747456103216
96.60234397622737
80.02338354480858
86.42532927945288
48.58659332037525
46.47208077762856
39.39496910624509
30.791898395901796
8.426934036598244
35.24062343461163
84.17169580046331
18.74671095456668
49.40739926133546
44.828359467938704
50.38905049953091
5.700582930977838
99.06982705967276
91.06467932917272
50.55955820521096
24.563797031692026
Budget
2587.5851454999215
Profits
-16.248771644015054
-13.099549292674505
-9.792267606956857
-1.5751907113774966
-11.631812622503833
-5.16106663153546
-3.9292980391163956
-3.8785072481135208
-16.85902142066386
-13.238606565026206
-8.027036322075926
-12.718088539979977
-9.767273093848683
-19.7397124422791
-9.184613897229678
-15.847120763446071
-7.628286970474782
-14.457465848943816
-14.761830324313507
-14.900885019020489
-6.687668443465071
-0.2424507979821433
-14.694932995711174
-16.080444851970665
-15.19080032610112
-1.2972338628179214
-5.755891880018447
-5.215081867563254
-5.362550891353317
-4.796640040761728
-19.662090982459247
-3.7953330556356413
-13.44293504060109
-5.784538689807683
-8.821436136944921
-19.286648313516807
-13.433788285665878
-15.243092860674077
-13.921780042963643
-2.9044403091200843
-14.173269041907957
-1.2103453299030598
-18.11182244164457
-18.352917987595102
-2.264419306156138
-6.6688403857877345
-11.250928839713529
-1.3100359027359731
-7.738874772605189
-19.620830032437468
-14.047267718909016
-9.041154051397404
-9.892377746993448
-17.048905389202098
-12.54478766139918
-4.226084749356631
-17.772922249961688
-6.877593936819504
-17.729422097032003
-18.423803185720324
-2.5432820282552937
-17.18698202500157
-6.125323074832312
-15.056575537888994
-9.65856984761437
-11.675712292566116
-6.715195934392524
-15.190755512793185
-9.023723567763456
-3.606539569161376
-2.8149257174968234
-7.712210690611573
-14.308143246273596
-2.404657818436444
-11.946693003804265
-0.9746577700037129
-0.4759236989595328
-18.9064502917991
-17.220598515918518
-9.678637776685779
-11.342549491220643
-19.320468795245475
-16.004676708961718
-17.285065855890576
-9.71731866407505
-9.294416155525713
-7.8789938212490185
-6.158379679180359
-1.6853868073196487
-7.048124686922326
-16.83433916009266
-3.749342190913336
-9.881479852267093
-8.965671893587741
-10.077810099906182
-1.1401165861955675
-19.813965411934554
-18.212935865834545
-10.111911641042193
-4.912759406338405
FactorLoading_Φ
0.345824786470873	0.5621562080594105	0.018095884069038393	-0.07392312140067814
0.3160637220564426	0.2820769153155993	0.23444587897104174	-0.16741348365691633
-0.47664733455866815	0.10470885614248071	-0.35517012569945305	-0.06347368359939809
-0.418451768803076	0.3516466354229797	-0.18690114231757482	-0.04300045345636949
-0.18552010674303565	-0.3675454602564807	-0.3277730329996409	0.11916140000084274
0.08478041232264921	-0.23109118941183926	0.1346899676241058	-0.5494384306414057
-0.5070347227851262	0.10217725115065646	-0.26612004479118645	0.12466798127303091
0.16914932149203277	0.4675751415748195	-0.0883986188700625	-0.27487691806308523
-0.7640092477352822	0.03950426030442822	0.17280883011839698	0.023677661841892572
0.20009521661369023	0.013455280650396917	0.17274473829394266	-0.6137047644419702
0.5832111540774794	0.05404691966437447	0.02400443957006293	0.33873748668808323
-0.09684740613705123	-0.22567282480495088	0.6767684642498502	0.0007113048081477391
0.09787281696596262	-0.45912603133286334	0.29276395665870214	0.1502371950424719
0.27051897247256584	-0.19500213559919066	-0.46156440533722387	-0.07291448659101962
0.2343276793651654	-0.45347189281059386	-0.011321786482439977	-0.30087864134180076
-0.2977201466535515	0.1031876253757178	-0.35815774985348026	-0.24093447811725044
-0.025254888925566155	-0.0037007868809757483	0.24312979953233071	-0.7279145246611274
0.34779890971639493	0.10306459988463246	0.5089341525408844	0.040202337858088244
-0.7695523903467312	0.01832729586906723	-0.0028335666068677323	-0.20928674717733387
-0.1436837460774001	-0.2312763398333071	0.012300066596949932	0.6127398474923429
-0.1796341140550053	0.5356126465094777	0.1839811245937477	0.10077211484176929
0.4119454845746442	-0.18045848702539935	0.025850685389841477	-0.381745343010115
0.1364064934157292	0.14612216096166186	0.37215926617525685	-0.3453120794473521
0.04469304345894809	0.5072344820502859	0.10523997655358652	0.3428324979371795
-0.12530056000545287	0.39354401114755544	-0.17891397554558863	-0.30224145330140306
-0.029377728698104733	0.02925284078296775	-0.7291732534698419	0.21219617704908567
0.34897670444061646	0.3381550112804843	-0.1748060512842471	-0.13806223299465215
0.4908539799159177	-0.03545881463903089	0.2084459208361067	-0.2652412846089447
-0.41253166695089116	-0.2831241271161369	0.20353643713871294	0.10080776879425901
-0.17037135385261815	0.10175749135580281	-0.08654310744167604	0.641328047349903
0.388780464409503	-0.48916730088002436	-0.07383875736304968	0.048213477347422984
0.1855760023297326	0.3595352725973584	-0.1140279659091481	0.3408607591637609
-0.35485171227212997	0.1155108988653406	-0.40915767965613337	0.12047970920639606
0.18702523400069437	0.028806606106708488	0.6884588749535479	-0.09570928493904929
-0.8037405002888447	-0.1219635252559006	0.002806809710241387	0.07148916474501332
-0.13493651477200475	-0.21371695018316617	-0.09697611123817285	0.5543704238066562
0.43370388512195324	-0.07983217951696076	-0.36411717190534376	0.12234676345574225
0.015458761177725266	0.11639416148389636	0.699035374363477	0.1691117029749014
-0.4767646956546425	0.31368913481203897	-0.025651487282686514	-0.183894682250632
-0.41989336811308475	0.16115839332095483	-0.4132278483650307	-0.005720390200929737
-0.121883765051219	-0.03894755855138832	0.19030568944830906	-0.6488629869490836
0.22953731627170826	-0.5301574982505812	0.05683125148133916	-0.18347393399637135
-0.10341165172039646	0.03566157139907289	0.7654734832515135	0.09545329362901711
0.01892129941439369	-0.11310762337206426	-0.6317354010017044	-0.2362356762118376
0.061112350027211715	0.673014495133901	0.20997962876375476	-0.05589352607513254
-0.06347297079756409	-0.22683923071578493	-0.17039892962984937	0.5392888688568016
-0.2582649763712981	0.2044961006776842	-0.4328057846975084	0.1044331382535093
0.017268260234047927	-0.19240367760529709	0.7519083656233425	0.038419696537312475
-0.28518123250167493	0.32845528028767856	0.29768099581483365	-0.08868249139581286
-0.13453417774329046	-0.09602111167375438	-0.012936316561679151	-0.756508394021276
0.34198118357620055	-0.351003907708175	0.07073483478266529	0.23628007393295913
0.07434947274461501	-0.7056697286941704	0.03453166709329136	0.1854491314679232
-0.13359962645025214	0.10876930360175607	-0.4050493285983183	0.35258174134967346
-0.04706670037737859	-0.08078821773585854	-0.7810662024793653	-0.09107887940739756
0.11194829480251078	0.3222066338898646	0.2932687206747875	-0.27257635063283714
0.4533322378341569	0.10237112814375915	0.33736145275330065	0.10693518126878332
-0.03337215902739654	0.6635039903406608	-0.19644846491430457	-0.10667538571763813
0.2615385082678445	-0.016918047900552402	-0.32736741423415827	-0.3941760295974448
-0.19242571787363438	0.37705090800858976	-0.4083140673167891	-0.02220930680098676
0.2898049917520107	-0.11675490819656931	0.3724070571065421	-0.2210330429448779
0.10804139558406378	0.10997970427292647	-0.2282064606701113	0.5537724394728984
0.03716006664934968	-0.7121310445427207	-0.24724400690896164	0.0034648818989679864
-0.01788819549453513	0.1325389639213288	-0.25610630383179034	-0.5934665367523457
0.1394940911426923	0.08034993506730315	-0.03597409420474951	-0.7441818795852551
-0.19369522170717035	-0.27638972780525073	0.13881786654090145	0.3910971839466775
-0.6142114049955687	0.2113212643564939	-0.07208477659859858	0.10238255404933883
0.07642701151643849	0.27238689270884175	0.0936662644251951	-0.5575198313495247
0.2350386526543009	0.172658338408056	-0.4874716044543048	0.10483140448333828
-0.11890645358379448	0.18808813127159008	0.3773062885507954	-0.31569912659382005
-0.31434736197760227	0.17611583688042076	-0.209198107852143	0.300338693289834
-0.254161661366733	0.04991498851750453	0.6484803827304049	0.04744296738535758
-0.08862469545748675	-0.4364912727327661	0.07240534583493408	0.40247868597481307
0.3859641552071831	0.024994359806338906	-0.2735019064485533	-0.3155395785379247
0.18605304383648136	-0.10305951240540367	0.057626011779448705	0.6532614319786663
-0.07008762024474713	0.02713299155451554	0.039660386096924016	-0.8631190021038133
0.4751031537708583	0.01765047826736632	0.2644908287281036	-0.24275553923367177
0.012595158594865152	0.48516772368763217	0.1906852409137203	0.3115518768037824
0.057796044813090974	0.16064659066120357	0.26082473210417034	0.5207326324215351
-0.5022745069453634	0.15262875024609746	0.16457969097447456	0.18051705183406463
-0.06570567507106251	0.0971428326728343	0.4864297650543117	-0.3507217272017915
-0.033170434042450125	0.04327324652212772	0.5009043732897265	0.4226519461456957
0.381957838004515	-0.09634406647018512	-0.3229214499316204	0.19877664559367947
0.014807940221295057	0.3062390841164808	0.5053317031762896	-0.1736212724859345
-0.002493214280924416	0.2760287500935248	-0.33005301679560084	0.39142501882994996
-0.24416986959690568	-0.35385488847918545	-0.040230958389992466	0.3617442835339164
-0.050749804077258265	0.09503670924028085	-0.7512919095734367	0.10292157710902416
-0.3150786786049633	0.31680983384543615	-0.33853446989704694	0.029577017652553605
0.43666392247186825	0.43004979725621983	-0.01751579016793703	0.11577049010397489
0.1384220579573998	-0.22764635632776642	-0.6111901418235246	0.022741443891309165
0.3217572134206097	0.17655515940182753	-0.05572480995574747	0.4459628172218153
-0.20682891847064688	-0.009655918595374846	0.2430328407846738	0.5404823221493045
0.35071613536209134	-0.1347254630336654	0.4989540729723059	-0.015604328631937392
-0.21989743739386802	0.3330181623893238	-0.43565286993081664	-0.011431530285991531
0.2991740438864863	-0.2493419683131206	-0.3091486192757562	0.1423353685246369
-0.3212761901675154	-0.20228969063851565	0.04694420517233877	0.42948991402163017
-0.20132537575127674	-0.01617594028928404	0.045290717994240115	-0.7372079659651991
-0.10901440608195534	0.7671264177993995	-0.07160123349827852	-0.05225794262036665
0.12469682483821831	-0.10063550665031262	-0.6329901981655279	0.14167747034594114
0.0738465397674044	0.18788380437409602	-0.3439599938924305	-0.3943096619660691
-0.08503231700331271	-0.13725619612771256	-0.4320040266687786	0.34570746020019616
FactorLoading_Ψ
0.345824786470873	0.5621562080594105	0.018095884069038393	-0.07392312140067814
0.3160637220564426	0.2820769153155993	0.23444587897104174	-0.16741348365691633
-0.47664733455866815	0.10470885614248071	-0.35517012569945305	-0.06347368359939809
-0.418451768803076	0.3516466354229797	-0.18690114231757482	-0.04300045345636949
-0.18552010674303565	-0.3675454602564807	-0.3277730329996409	0.11916140000084274
0.08478041232264921	-0.23109118941183926	0.1346899676241058	-0.5494384306414057
-0.5070347227851262	0.10217725115065646	-0.26612004479118645	0.12466798127303091
0.16914932149203277	0.4675751415748195	-0.0883986188700625	-0.27487691806308523
-0.7640092477352822	0.03950426030442822	0.17280883011839698	0.023677661841892572
0.20009521661369023	0.013455280650396917	0.17274473829394266	-0.6137047644419702
0.5832111540774794	0.05404691966437447	0.02400443957006293	0.33873748668808323
-0.09684740613705123	-0.22567282480495088	0.6767684642498502	0.0007113048081477391
0.09787281696596262	-0.45912603133286334	0.29276395665870214	0.1502371950424719
0.27051897247256584	-0.19500213559919066	-0.46156440533722387	-0.07291448659101962
0.2343276793651654	-0.45347189281059386	-0.011321786482439977	-0.30087864134180076
-0.2977201466535515	0.1031876253757178	-0.35815774985348026	-0.24093447811725044
-0.025254888925566155	-0.0037007868809757483	0.24312979953233071	-0.7279145246611274
0.34779890971639493	0.10306459988463246	0.5089341525408844	0.040202337858088244
-0.7695523903467312	0.01832729586906723	-0.0028335666068677323	-0.20928674717733387
-0.1436837460774001	-0.2312763398333071	0.012300066596949932	0.6127398474923429
-0.1796341140550053	0.5356126465094777	0.1839811245937477	0.10077211484176929
0.4119454845746442	-0.18045848702539935	0.025850685389841477	-0.381745343010115
0.1364064934157292	0.14612216096166186	0.37215926617525685	-0.3453120794473521
0.04469304345894809	0.5072344820502859	0.10523997655358652	0.3428324979371795
-0.12530056000545287	0.39354401114755544	-0.17891397554558863	-0.30224145330140306
-0.029377728698104733	0.02925284078296775	-0.7291732534698419	0.21219617704908567
0.34897670444061646	0.3381550112804843	-0.1748060512842471	-0.13806223299465215
0.4908539799159177	-0.03545881463903089	0.2084459208361067	-0.2652412846089447
-0.41253166695089116	-0.2831241271161369	0.20353643713871294	0.10080776879425901
-0.17037135385261815	0.10175749135580281	-0.08654310744167604	0.641328047349903
0.388780464409503	-0.48916730088002436	-0.07383875736304968	0.048213477347422984
0.1855760023297326	0.3595352725973584	-0.1140279659091481	0.3408607591637609
-0.35485171227212997	0.1155108988653406	-0.40915767965613337	0.12047970920639606
0.18702523400069437	0.028806606106708488	0.6884588749535479	-0.09570928493904929
-0.8037405002888447	-0.1219635252559006	0.002806809710241387	0.07148916474501332
-0.13493651477200475	-0.21371695018316617	-0.09697611123817285	0.5543704238066562
0.43370388512195324	-0.07983217951696076	-0.36411717190534376	0.12234676345574225
0.015458761177725266	0.11639416148389636	0.699035374363477	0.1691117029749014
-0.4767646956546425	0.31368913481203897	-0.025651487282686514	-0.183894682250632
-0.41989336811308475	0.16115839332095483	-0.4132278483650307	-0.005720390200929737
-0.121883765051219	-0.03894755855138832	0.19030568944830906	-0.6488629869490836
0.22953731627170826	-0.5301574982505812	0.05683125148133916	-0.18347393399637135
-0.10341165172039646	0.03566157139907289	0.7654734832515135	0.09545329362901711
0.01892129941439369	-0.11310762337206426	-0.6317354010017044	-0.2362356762118376
0.061112350027211715	0.673014495133901	0.20997962876375476	-0.05589352607513254
-0.06347297079756409	-0.22683923071578493	-0.17039892962984937	0.5392888688568016
-0.2582649763712981	0.2044961006776842	-0.4328057846975084	0.1044331382535093
0.017268260234047927	-0.19240367760529709	0.7519083656233425	0.038419696537312475
-0.28518123250167493	0.32845528028767856	0.29768099581483365	-0.08868249139581286
-0.13453417774329046	-0.09602111167375438	-0.012936316561679151	-0.756508394021276
0.34198118357620055	-0.351003907708175	0.07073483478266529	0.23628007393295913
0.07434947274461501	-0.7056697286941704	0.03453166709329136	0.1854491314679232
-0.13359962645025214	0.10876930360175607	-0.4050493285983183	0.35258174134967346
-0.04706670037737859	-0.08078821773585854	-0.7810662024793653	-0.09107887940739756
0.11194829480251078	0.3222066338898646	0.2932687206747875	-0.27257635063283714
0.4533322378341569	0.10237112814375915	0.33736145275330065	0.10693518126878332
-0.03337215902739654	0.6635039903406608	-0.19644846491430457	-0.10667538571763813
0.2615385082678445	-0.016918047900552402	-0.32736741423415827	-0.3941760295974448
-0.19242571787363438	0.37705090800858976	-0.4083140673167891	-0.02220930680098676
0.2898049917520107	-0.11675490819656931	0.3724070571065421	-0.2210330429448779
0.10804139558406378	0.10997970427292647	-0.2282064606701113	0.5537724394728984
0.03716006664934968	-0.7121310445427207	-0.24724400690896164	0.0034648818989679864
-0.01788819549453513	0.1325389639213288	-0.25610630383179034	-0.5934665367523457
0.1394940911426923	0.08034993506730315	-0.03597409420474951	-0.7441818795852551
-0.19369522170717035	-0.27638972780525073	0.13881786654090145	0.3910971839466775
-0.6142114049955687	0.2113212643564939	-0.07208477659859858	0.10238255404933883
0.07642701151643849	0.27238689270884175	0.0936662644251951	-0.5575198313495247
0.2350386526543009	0.172658338408056	-0.4874716044543048	0.10483140448333828
-0.11890645358379448	0.18808813127159008	0.3773062885507954	-0.31569912659382005
-0.31434736197760227	0.17611583688042076	-0.209198107852143	0.300338693289834
-0.254161661366733	0.04991498851750453	0.6484803827304049	0.04744296738535758
-0.08862469545748675	-0.4364912727327661	0.07240534583493408	0.40247868597481307
0.3859641552071831	0.024994359806338906	-0.2735019064485533	-0.3155395785379247
0.18605304383648136	-0.10305951240540367	0.057626011779448705	0.6532614319786663
-0.07008762024474713	0.02713299155451554	0.039660386096924016	-0.8631190021038133
0.4751031537708583	0.01765047826736632	0.2644908287281036	-0.24275553923367177
0.012595158594865152	0.48516772368763217	0.1906852409137203	0.3115518768037824
0.057796044813090974	0.16064659066120357	0.26082473210417034	0.5207326324215351
-0.5022745069453634	0.15262875024609746	0.16457969097447456	0.18051705183406463
-0.06570567507106251	0.0971428326728343	0.4864297650543117	-0.3507217272017915
-0.033170434042450125	0.04327324652212772	0.5009043732897265	0.4226519461456957
0.381957838004515	-0.09634406647018512	-0.3229214499316204	0.19877664559367947
0.014807940221295057	0.3062390841164808	0.5053317031762896	-0.1736212724859345
-0.002493214280924416	0.2760287500935248	-0.33005301679560084	0.39142501882994996
-0.24416986959690568	-0.35385488847918545	-0.040230958389992466	0.3617442835339164
-0.050749804077258265	0.09503670924028085	-0.7512919095734367	0.10292157710902416
-0.3150786786049633	0.31680983384543615	-0.33853446989704694	0.029577017652553605
0.43666392247186825	0.43004979725621983	-0.01751579016793703	0.11577049010397489
0.1384220579573998	-0.22764635632776642	-0.6111901418235246	0.022741443891309165
0.3217572134206097	0.17655515940182753	-0.05572480995574747	0.4459628172218153
-0.20682891847064688	-0.009655918595374846	0.2430328407846738	0.5404823221493045
0.35071613536209134	-0.1347254630336654	0.4989540729723059	-0.015604328631937392
-0.21989743739386802	0.3330181623893238	-0.43565286993081664	-0.011431530285991531
0.2991740438864863	-0.2493419683131206	-0.3091486192757562	0.1423353685246369
-0.3212761901675154	-0.20228969063851565	0.04694420517233877	0.42948991402163017
-0.20132537575127674	-0.01617594028928404	0.045290717994240115	-0.7372079659651991
-0.10901440608195534	0.7671264177993995	-0.07160123349827852	-0.05225794262036665
0.12469682483821831	-0.10063550665031262	-0.6329901981655279	0.14167747034594114
0.0738465397674044	0.18788380437409602	-0.3439599938924305	-0.3943096619660691
-0.08503231700331271	-0.13725619612771256	-0.4320040266687786	0.34570746020019616
Conflicts
79 46
34 30
35 36
43 30
98 30
50 64
17 70
64 70
62 97
59 20
48 12
47 31
27 46
71 36
95 38
23 84
31 22
83 59
71 9
11 18
66 2
25 61
43 59
7 74
81 49
72 22
91 45
10 66
98 93
19 59
19 57
7 19
56 57
9 1
39 73
54 84
53 17
4 72
95 20
78 21
55 27
62 48
47 5
35 64
58 11
83 17
37 4
7 70
98 20
7 6
47 92
9 34
55 83
14 40
69 41
99 44
6 88
71 79
47 16
16 6
23 33
76 24
86 22
37 95
15 85
83 46
32 87
65 85
51 84
51 45
80 89
75 45
58 52
56 41
43 7
34 88
4 40
98 91
94 6
94 70
75 33
37 48
23 87
54 74
69 20
10 72
99 72
26 10
59 21
67 65
99 56
80 61
71 83
8 24
38 30
97 57
46 30
26 99
100 96
74 38
25 21
94 33
10 61
7 23
26 73
35 30
53 21
34 61
29 19
69 62
68 95
14 99
82 18
62 6
16 88
63 61
14 36
17 59
72 49
4 53
38 24
95 1
37 19
2 45
58 49
86 59
8 79
13 5
53 36
75 29
2 73
28 12
87 18
53 39
7 94
54 98
48 88
84 91
78 87
58 48
77 95
25 30
99 1
45 85
3 45
80 21
83 19
68 60
66 49
43 89
35 76
81 8
13 60
50 8
69 64
64 17
10 49
32 81
92 38
31 100
75 8
28 94
13 99
37 68
26 18
9 5
7 51
28 38
68 65
80 79
71 1
14 67
40 48
7 79
54 15
31 42
36 84
4 21
93 6
29 8
17 91
70 88
15 12
59 84
34 62
67 95
13 69
75 55
3 76
33 18
67 99
69 15
68 96
43 32
77 74
66 61
89 8
37 10
53 18
23 89
7 55
34 59
86 82
68 84
11 22
99 12
59 38
53 93
48 6
60 3
13 25
12 1
35 52
53 88
43 19
83 44
86 58
54 97
28 62
43 73
75 12
78 66
48 11
48 82
16 22
29 93
96 52
26 40
48 91
100 22
4 35
54 65
75 48
58 22
62 82
81 84
40 11
27 38
56 90
51 49
94 15
51 33
17 6
47 49
24 1
9 83
55 85
4 41
75 36
9 21
27 91
75 88
31 99
34 27
37 59
54 60
58 6
87 79
58 8
13 3
43 68
47 81
19 49
50 45
40 27
28 91
66 84
94 52
90 18
83 5
34 81
54 69
10 28
2 39
84 73
96 91
65 76
29 91
36 38
39 90
89 33
11 39
7 84
7 97
74 22
92 62
23 1
2 8
69 30
4 36
32 6
5 88
91 52
86 93
72 28
28 24
74 16
100 70
71 94
63 56
62 51
77 57
79 33
79 12
15 21
86 96
62 59
64 33
79 39
37 57
40 33
55 19
47 87
50 33
49 57
86 84
96 46
62 85
95 11
4 12
19 5
55 89
78 53
42 22
31 74
94 41
61 52
64 57
55 51
92 1
23 26
8 22
10 91
8 90
99 49
26 68
94 84
14 16
28 44
55 20
28 95
78 30
63 55
97 18
41 44
3 28
36 15
87 44
71 35
83 73
77 67
35 83
4 15
19 17
17 76
75 56
48 18
56 97
83 57
53 8
88 18
56 15
69 82
2 94
9 27
68 77
4 17
66 76
50 29
10 88
47 22
32 33
42 49
31 1
56 96
54 1
26 31
35 88
35 89
38 57
80 97
100 15
78 91
83 16
81 89
3 22
92 36
10 17
74 1
8 96
63 2
78 45
59 85
80 12
29 73
26 36
61 6
25 80
100 73
79 88
14 72
75 41
13 29
91 44
37 86
15 73
4 10
81 62
32 86
14 60
9 84
74 73
100 16
43 97
68 14
98 1
68 97
40 99
62 15
14 15
32 28
2 29
61 44
59 96
69 52
13 57
65 59
65 84
69 51
4 83
98 28
50 24
55 77
72 36
68 12
41 6
78 90
50 95
49 24
7 33
7 90
86 1
74 82
58 79
8 41
74 12
7 32
89 49
29 98
38 44
69 16
89 61
80 20
42 3
48 56
31 90
32 59
43 75
13 14
40 44
92 89
61 21
8 46
27 59
95 96
13 89
35 77
93 19
60 27
78 11
53 67
76 20
98 99
71 21
93 70
86 51
80 1
11 1
93 49
77 58
58 95
67 33
5 18
50 27
67 48
35 53
5 51
26 59
67 21
78 55
19 51
75 70
86 44
17 95
23 55
36 59
65 5
64 96
77 62
66 33
13 18
7 24
74 94
54 85
100 34
63 72
3 84
78 73
95 41
75 20
44 57
41 30
33 1
83 76
34 46
26 90
32 58
14 35
15 22
37 38
49 41
26 42
100 61
41 88
77 27
68 41
61 1
87 52
3 61
10 24
16 36
69 97
53 48
9 45
83 74
13 62
81 20
23 47
43 10
32 98
72 59
40 5
60 97
77 22
14 32
80 94
98 62
32 16
4 44
2 76
7 85
21 82
13 80
42 45
60 39
67 85
59 30
25 90
86 17
71 63
55 94
62 84
68 11
42 84
28 20
78 86
68 55
25 85
81 1
58 62
10 82
69 44
7 54
54 50
23 53
89 56
98 39
2 6
71 52
56 49
4 64
65 97
50 40
88 52
100 28
100 24
13 79
7 30
26 57
63 27
49 38
69 98
43 35
71 25
66 69
25 29
66 57
83 70
75 85
44 45
54 63
4 8
97 46
63 85
14 45
4 14
66 40
9 99
66 51
46 12
55 21
92 10
15 6
42 11
7 39
66 19
77 52
66 24
95 84
86 20
15 84
64 12
65 30
7 21
76 6
44 1
26 13
71 6
60 64
82 6
3 48
66 1
64 84
11 49
98 51
68 59
14 91
71 22
3 79
78 22
25 92
66 3
86 38
63 92
2 21
13 81
83 53
75 3
13 70
26 84
45 18
55 48
23 86
77 30
35 90
32 93
62 20
26 47
71 61
69 91
48 97
90 24
3 36
92 57
56 45
68 6
65 36
35 73
61 15
26 14
17 52
78 6
72 11
94 8
65 24
43 63
89 15
3 5
56 21
78 5
31 67
67 94
78 49
89 59
42 80
13 34
56 51
28 90
92 88
26 39
58 33
66 52
4 75
58 84
82 73
66 16
71 66
76 90
53 15
98 53
80 58
63 95
13 97
61 22
19 90
94 82
34 93
10 86
31 21
47 96
28 84
19 15
71 54
29 6
27 82
34 73
80 18
58 17
48 41
82 46
35 12
71 24
35 42
5 41
23 62
100 1
2 17
26 69
70 96
11 44
63 19
27 90
32 61
43 85
34 21
47 97
55 29
68 52
96 33
92 76
71 47
87 12
21 57
4 73
100 6
67 11
5 44
34 87
25 66
96 82
54 49
53 45
66 53
99 52
83 20
66 39
86 70
28 57
55 90
99 84
9 72
63 47
36 12
29 69
35 20
98 16
75 51
31 65
21 85
29 52
48 73
31 29
56 30
27 39
26 4
55 39
74 84
62 96
81 99
17 36
56 79
28 15
43 25
9 39
100 66
71 50
91 57
54 100
3 12
25 6
29 99
31 87
15 30
66 65
49 44
36 11
84 24
68 5
3 93
65 8
35 65
35 84
31 12
68 83
3 33
55 46
53 27
97 52
70 21
12 6
74 6
75 16
26 53
94 51
100 20
99 39
3 17
69 49
93 76
23 61
83 91
64 59
54 96
25 36
37 27
40 91
14 95
32 97
14 77
53 58
100 98
95 15
4 34
69 3
51 8
3 56
31 98
63 4
4 19
89 90
54 44
14 1
89 44
92 15
100 74
89 88
83 11
14 81
41 46
50 18
26 20
75 5
60 21
26 74
41 84
77 97
81 61
25 2
43 49
14 52
64 90
7 9
43 92
83 98
63 33
43 64
19 82
53 87
26 62
82 20
81 90
32 2
14 69
66 87
56 76
17 90
17 24
29 39
55 70
43 21
74 5
61 62
17 18
50 61
43 51
98 3
96 30
71 5
68 99
31 77
37 49
42 36
68 8
79 30
26 21
75 61
69 95
58 74
6 24
31 88
64 5
22 33
100 36
28 33
68 69
97 15
99 96
80 87
2 82
49 85
33 46
36 52
67 19
7 47
74 62
77 59
43 72
92 95
67 93
36 45
55 22
63 36
64 51
93 24
50 62
28 59
13 33
48 46
44 73
56 46
15 33
61 79
23 76
42 19
77 76
48 21
2 20
7 89
35 96
3 95
66 59
18 30
43 54
60 8
50 97
53 61
26 92
8 6
25 70
53 40
14 56
10 95
50 10
10 18
47 1
100 94
64 41
98 41
13 98
71 89
4 94
10 51
75 19
48 38
83 1
96 84
62 30
32 3
11 45
23 78
55 24
67 96
11 12
38 82
79 5
31 39
94 85
77 89
48 51
25 93
53 57
95 90
3 6
57 88
100 2
37 81
3 58
9 85
23 38
72 97
32 66
68 81
10 99
37 79
31 38
66 38
4 38
100 56
66 30
5 12
25 1
74 17
34 72
87 97
66 45
26 11
38 18
75 65
89 28
62 41
17 15
16 30
59 1
25 82
71 11
69 56
78 3
7 67
77 6
7 64
43 50
99 65
86 28
100 5
65 22
92 90
34 66
71 72
9 98
23 52
28 70
2 62
23 37
86 87
40 24
12 33
32 64
26 91
54 12
31 5
84 85
75 13
47 36
86 21
90 1
21 46
31 53
32 70
10 1
87 11
71 37
27 61
42 16
65 12
87 85
63 81
35 69
63 88
53 44
59 6
4 11
71 2
60 46
9 28
100 58
63 12
79 22
77 82
98 40
19 52
69 11
78 99
45 1
34 53
10 48
23 13
92 53
36 22
87 64
40 28
47 86
17 38
29 88
87 73
98 85
19 46
81 64
31 33
70 57
23 44
21 33
5 21
19 12
81 19
75 86
22 91
64 56
90 85
42 85
4 16
72 24
92 39
9 30
36 97
52 82
55 97
19 94
78 61
80 73
10 69
90 30
4 47
79 24
72 96
92 20
81 82
79 90
19 45
43 47
51 41
34 65
7 8
8 82
72 62
2 58
89 74
78 40
35 33
31 15
100 39
42 21
54 19
53 62
77 28
48 96
16 56
23 65
7 53
92 40
49 15
80 85
47 40
63 48
9 4
76 88
61 18
42 65
19 48
60 10
70 12
58 64
6 84
72 45
26 54
39 12
49 45
29 49
8 45
60 82
49 90
47 58
95 52
11 97
81 27
63 18
80 65
42 20
7 66
87 1
33 85
97 24
68 94
29 40
53 89
12 90
10 59
57 6
92 48
94 44
34 36
55 59
46 73
42 41
42 87
48 90
34 74
69 96
95 22
62 73
3 46
17 97
40 62
31 18
47 85
63 16
2 24
95 30
47 44
71 59
53 95
62 11
63 8
68 19
2 12
3 94
55 53
39 15
4 97
47 30
50 76
59 33
37 99
27 88
64 11
31 30
3 74
42 51
25 79
91 73
54 10
86 12
26 75
25 89
67 56
68 34
81 3
74 95
37 18
64 73
78 59
72 38
10 98
7 95
78 27
52 30
36 91
10 94
43 98
68 82
15 57
34 56
19 38
77 64
100 14
100 45
100 99
58 99
42 40
32 72
84 1
32 53
92 64
32 77
8 39
68 33
23 50
60 69
100 64
31 73
75 94
38 1
26 95
75 66
51 57
50 67
70 91
28 96
65 39
78 14
27 84
71 60
32 96
78 60
77 81
26 41
42 18
17 30
8 20
54 6
13 58
77 2
78 69
81 51
55 5
99 33
14 53
78 46
67 44
31 94
49 12
47 84
34 11
68 100
61 38
13 91
49 88
77 19
26 77
67 12
13 74
9 80
92 31
94 12
47 88
79 82
78 17
9 93
13 46
9 44
29 87
25 28
7 41
98 15
10 81
26 60
16 19
54 39
9 97
38 73
3 82
81 58
26 56
66 21
55 84
68 20
47 80
7 56
60 83
100 33
54 2
100 8
25 95
16 97
81 6
34 86
100 60
68 53
8 88
28 36
16 79
93 15
48 15
25 65
86 40
27 96
69 24
9 92
74 33
3 62
29 82
43 48
36 94
7 75
13 12
77 70
4 42
10 84
83 18
52 84
47 3
92 50
94 30
69 22
14 61
7 87
42 52
65 46
4 80
74 20
50 38
68 32
9 96
74 15
47 75
29 94
32 24
15 1
32 89
81 48
25 96
86 89
65 15
65 90
84 30
71 95
94 21
50 22
67 28
46 84
9 40
13 73
94 46
58 45
32 45
72 12
80 24
32 51
92 93
37 2
69 76
95 82
2 33
40 64
13 85
62 56
60 57
86 95
67 64
66 82
25 22
48 84
98 17
92 86
36 64
2 56
9 42
55 88
21 73
9 32
42 48
37 55
7 86
99 64
55 79
26 50
70 44
14 75
83 90
78 36
87 84
13 77
79 52
89 76
47 52
42 12
34 16
100 12
37 5
41 82
48 5
26 83
82 85
25 59
91 24
36 24
38 20
83 52
19 91
55 52
93 65
40 94
58 96
32 22
25 40
27 95
71 97
67 46
50 49
37 46
69 33
48 24
34 69
70 46
76 57
43 11
12 52
75 73
34 95
42 79
38 84
4 85
43 28
27 52
69 38
63 10
100 81
37 36
9 94
81 87
27 11
27 28
79 18
68 75
41 52
78 2
19 87
49 20
91 82
50 5
13 76
54 99
29 56
26 30
72 18
90 91
36 5
53 97
68 88
56 88
70 8
8 73
52 57
37 34
59 73
61 82
35 34
10 70
44 30
2 15
7 58
66 18
14 19
78 18
54 52
10 21
88 33
31 8
61 41
88 90
37 100
37 21
88 24
28 76
26 43
25 18
87 95
77 88
24 30
77 73
63 9
50 2
31 10
32 40
46 24
10 90
58 91
68 42
99 45
14 58
81 98
99 79
14 90
22 82
63 83
40 87
42 88
25 69
10 77
35 58
11 24
23 36
43 9
71 49
32 20
86 79
98 33
72 30
67 72
81 44
79 21
37 94
50 56
77 36
16 48
54 55
98 56
89 16
29 38
10 5
77 61
55 16
40 57
13 30
55 96
28 52
13 35
13 72
21 12
86 91
93 11
40 89
77 72
4 96
2 40
99 85
7 38
1 85
37 17
17 8
92 2
47 33
49 39
13 65
14 50
100 79
21 6
63 6
55 44
40 46
83 94
55 62
13 52
54 46
9 79
32 1
78 41
27 56
23 69
23 6
14 42
100 18
10 44
92 41
60 77
3 15
11 76
6 30
63 94
100 85
16 52
71 32
75 62
35 98
73 45
47 27
67 38
34 20
19 64
71 16
13 1
67 52
85 24
15 45
88 30
92 21
23 77
64 38
36 70
26 15
97 41
23 71
92 3
83 87
10 64
47 46
29 33
54 20
48 70
71 31
97 96
47 89
35 74
7 26
75 99
23 42
13 92
26 80
61 46
14 21
46 88
27 73
35 46
13 38
47 60
43 41
66 28
37 67
26 3
28 85
81 12
28 1
27 6
2 89
91 1
99 17
43 5
13 86
93 94
71 78
49 73
59 52
53 38
27 93
60 84
5 22
43 27
75 18
99 27
98 2
62 88
13 40
4 79
61 72
23 8
32 41
71 3
43 90
36 21
19 88
75 10
66 46
60 61
54 33
83 81
60 40
19 84
54 36
64 62
80 6
9 15
23 93
69 53
51 52
35 93
2 49
20 24
99 91
4 57
63 31
50 12
23 83
2 90
42 38
93 85
43 23
2 11
87 30
97 85
14 64
34 12
69 27
77 17
35 87
70 73
63 5
37 58
46 52
17 20
66 58
27 41
9 70
13 51
29 58
14 76
27 48
9 46
60 20
50 94
37 54
31 78
27 97
7 68
42 28
29 18
72 64
50 69
37 15
32 52
23 10
43 86
3 99
54 35
34 42
9 10
99 38
57 30
12 82
80 88
89 39
80 99
7 88
60 45
7 76
25 35
11 21
29 21
28 39
37 20
37 80
92 22
70 84
63 76
53 1
9 55
69 21
69 65
92 74
14 2
10 52
15 52
16 38
71 17
69 79
81 53
31 70
93 56
96 24
84 20
66 72
100 62
11 20
5 73
28 18
62 8
29 36
100 42
37 30
63 1
7 63
35 61
72 33
69 46
94 73
32 94
34 58
37 8
42 64
65 57
66 11
35 24
47 62
23 88
21 45
16 11
48 30
72 44
80 41
71 19
41 24
83 69
2 38
70 38
77 90
7 36
67 84
19 56
72 76
7 1
83 89
58 21
54 80
47 11
81 73
75 98
40 74
65 41
63 38
61 48
81 88
22 30
37 97
36 90
63 32
68 25
81 70
79 84
86 8
2 36
48 49
62 49
2 95
29 41
99 76
66 64
78 88
54 22
37 32
55 67
10 67
64 44
35 29
93 20
94 45
26 12
9 14
53 46
59 57
63 97
25 44
98 97
67 39
7 31
40 97
95 59
49 30
74 39
43 29
7 82
15 18
83 96
23 5
98 65
25 41
74 28
4 6
54 29
40 70
13 32
98 59
55 33
22 85
50 86
17 12
49 46
92 72
4 45
4 49
52 73
29 62
83 28
75 83
26 8
75 64
50 93
9 69
92 27
3 97
4 74
54 91
5 24
47 70
10 6
42 89
26 76
67 79
77 46
99 22
22 45
41 45
89 79
54 40
87 8
61 17
46 1
23 11
29 97
69 89
89 21
83 86
71 42
9 17
81 2
54 34
28 45
31 84
77 1
43 84
60 48
47 74
81 40
43 78
83 79
34 99
13 67
80 84
14 22
71 34
31 56
99 93
23 24
81 21
100 88
25 34
57 45
41 73
86 97
95 85
100 91
83 39
63 89
71 77
42 73
23 22
14 18
43 39
78 20
81 85
66 56
100 55
70 6
71 12
19 24
58 57
88 20
3 90
50 87
23 51
47 25
37 61
29 45
79 91
83 64
39 91
72 17
13 50
54 14
67 51
38 15
54 21
63 68
87 82
35 27
10 32
13 21
31 41
26 79
80 76
38 91
59 15
53 3
26 85
81 36
70 49
86 19
65 18
13 55
7 4
13 66
66 22
35 1
100 82
10 73
23 19
29 5
89 46
95 8
76 30
100 65
29 95
25 73
77 16
9 8
7 52
16 84
23 97
13 28
55 30
40 38
75 74
29 67
55 56
75 38
23 59
99 41
29 28
74 70
75 53
47 15
60 2
17 94
3 16
77 86
65 88
61 95
83 8
67 58
98 79
61 84
16 59
11 52
13 39
66 27
50 74
2 93
38 85
68 18
60 66
7 46
60 49
35 51
34 91
63 49
90 84
9 41
14 29
26 51
28 79
26 87
11 91
42 81
92 79
80 70
23 25
36 96
42 24
3 1
4 24
25 52
71 14
97 76
67 6
32 67
54 9
42 70
62 24
62 21
63 62
78 39
55 95
99 48
62 38
11 51
17 82
2 41
42 56
43 36
93 96
50 16
41 91
23 64
9 67
72 15
100 3
40 76
7 48
14 55
65 82
92 73
51 44
42 27
80 2
61 93
54 78
61 94
71 45
36 49
32 91
61 97
77 69
87 96
26 100
74 87
4 91
9 13
37 12
52 1
83 45
39 82
60 87
92 87
93 88
10 87
68 72
69 39
49 33
74 91
9 66
2 3
29 72
27 17
76 96
64 6
10 57
97 1
10 40
14 65
58 51
70 18
40 21
39 20
99 36
92 30
15 24
9 57
61 91
93 8
41 90
50 42
69 84
14 86
39 38
98 8
62 5
16 57
54 88
83 36
75 57
72 51
92 49
50 90
53 74
60 70
4 55
61 65
92 18
75 79
53 28
53 22
83 48
37 24
14 31
68 21
31 52
83 85
33 82
53 24
56 8
4 93
2 87
23 32
21 39
92 66
14 10
71 33
83 51
77 21
8 1
23 49
37 25
3 44
87 59
2 79
25 39
47 39
83 34
78 95
95 91
60 81
38 90
56 20
63 50
23 2
100 13
74 52
51 12
27 57
67 97
7 57
41 21
74 45
58 72
54 30
28 64
47 50
23 81
75 69
93 46
22 24
65 33
55 66
37 3
68 30
6 73
63 93
78 58
100 97
2 5
87 56
70 85
98 49
100 29
7 69
89 91
7 37
89 97
31 44
43 53
19 95
10 80
55 98
86 30
72 79
43 81
42 96
66 89
25 3
7 50
10 11
48 59
78 50
59 56
52 18
53 91
92 80
31 17
54 51
32 38
63 78
99 95
68 38
32 12
74 93
89 70
41 57
68 64
40 22
67 30
47 34
74 61
7 17
29 17
13 31
7 42
69 87
60 67
60 99
23 95
69 99
19 30
65 52
79 57
35 99
14 11
60 80
94 20
42 82
65 91
87 46
92 28
4 88
80 93
98 18
47 35
97 88
37 85
49 22
81 29
68 27
16 24
54 48
86 73
54 11
72 5
66 95
54 42
29 48
31 96
43 56
25 45
5 91
14 44
68 40
47 95
47 79
47 17
78 34
42 29
89 96
56 38
62 44
92 56
59 90
42 5
40 85
93 5
42 86
17 87
47 6
55 8
36 48
49 96
82 45
35 11
53 33
34 28
37 96
59 5
92 78
3 19
9 49
26 70
35 44
14 73
61 30
40 72
87 57
69 73
100 44
77 56
16 39
23 60
91 30
2 65
22 44
59 91
54 13
33 73
100 17
68 74
42 46
58 24
26 61
86 53
47 91
81 22
32 34
86 62
25 99
86 48
60 88
61 76
15 96
21 90
25 50
98 61
47 73
83 62
66 41
86 36
32 39
63 42
75 49
55 6
40 3
59 44
25 19
86 57
48 64
67 73
94 22
60 95
3 51
92 60
37 65
35 85
10 3
26 88
68 16
55 2
65 94
7 25
23 35
13 42
77 29
74 30
58 39
72 1
30 45
69 58
74 21
50 39
71 91
56 85
87 70
68 10
78 32
14 5
10 96
71 20
75 42
66 83
77 20
53 56
97 90
13 44
13 83
62 1
97 20
41 96
25 83
71 76
8 18
92 83
43 70
17 96
63 44
89 65
83 22
34 84
74 59
59 12
66 80
37 98
68 46
31 83
37 89
68 66
26 38
32 49
34 2
60 94
24 18
42 72
9 3
55 69
5 57
