InstanceID
7_150_4
NumObjects
150
NumFactors
4
Weights
81.24385822007527
65.49774646337252
48.96133803478428
7.875953556887483
58.15906311251917
25.805333157677303
19.64649019558198
19.392536240567605
84.29510710331931
66.19303282513103
40.13518161037963
63.59044269989988
48.83636546924342
98.6985622113955
45.92306948614839
79.23560381723036
38.14143485237391
72.28732924471907
73.80915162156754
74.50442509510245
33.438342217325356
1.2122539899107165
73.47466497855586
80.40222425985333
75.9540016305056
6.486169314089607
28.779459400092232
26.075409337816268
26.812754456766584
23.983200203808643
98.31045491229624
18.976665278178206
67.21467520300546
28.922693449038416
44.10718068472461
96.43324156758403
67.16894142832939
76.21546430337038
69.60890021481822
14.52220154560042
70.86634520953979
6.051726649515299
90.55911220822284
91.76458993797551
11.32209653078069
33.34420192893867
56.25464419856765
6.550179513679866
38.694373863025945
98.10415016218734
70.23633859454507
45.20577025698702
49.46188873496724
85.24452694601048
62.7239383069959
21.130423746783155
88.86461124980845
34.38796968409752
88.64711048516001
92.11901592860163
12.71641014127647
85.93491012500785
30.62661537416156
75.28287768944497
48.292849238071845
58.37856146283058
33.57597967196262
75.95377756396593
45.11861783881728
18.03269784580688
14.074628587484117
38.561053453057866
71.54071623136798
12.023289092182221
59.733465019021324
4.8732888500185645
2.379618494797664
94.5322514589955
86.1029925795926
48.39318888342889
56.712747456103216
96.60234397622737
80.02338354480858
86.42532927945288
48.58659332037525
46.47208077762856
39.39496910624509
30.791898395901796
8.426934036598244
35.24062343461163
84.17169580046331
18.74671095456668
49.40739926133546
44.828359467938704
50.38905049953091
5.700582930977838
99.06982705967276
91.06467932917272
50.55955820521096
24.563797031692026
34.5824786470873
92.60768785993218
90.79809945302834
72.98201340452697
60.82640564979893
93.6785495794042
11.753091942199024
31.606372205644263
59.814063737204194
83.25865163430836
91.7523449791198
57.40965400151046
73.98345793298513
16.469721378774913
47.664733455866816
93.65263164006019
58.135619070114885
39.306407443664824
84.02333504366439
47.64372899603935
24.2685938543276
95.69995465436305
77.00984042260556
41.8451768803076
6.100034886040451
99.52945390202426
40.174644922106026
19.372232681000412
88.08385999991573
18.552010674303567
55.306556699951635
3.1507291249253777
0.5995937763022541
33.848551421713616
52.097745514305906
31.587160173448847
8.478041232264921
45.05615693585943
51.12015065802365
43.45725029482268
98.38366320616316
8.45702295703119
50.70347227851262
60.92119739357826
87.5332018726969
43.76987972028643
58.869004797199494
33.9747547563596
57.906389991238896
72.51230819369148
Budget
3912.7439864650737
Profits
-16.248771644015054
-13.099549292674505
-9.792267606956857
-1.5751907113774966
-11.631812622503833
-5.16106663153546
-3.9292980391163956
-3.8785072481135208
-16.85902142066386
-13.238606565026206
-8.027036322075926
-12.718088539979977
-9.767273093848683
-19.7397124422791
-9.184613897229678
-15.847120763446071
-7.628286970474782
-14.457465848943816
-14.761830324313507
-14.900885019020489
-6.687668443465071
-0.2424507979821433
-14.694932995711174
-16.080444851970665
-15.19080032610112
-1.2972338628179214
-5.755891880018447
-5.215081867563254
-5.362550891353317
-4.796640040761728
-19.662090982459247
-3.7953330556356413
-13.44293504060109
-5.784538689807683
-8.821436136944921
-19.286648313516807
-13.433788285665878
-15.243092860674077
-13.921780042963643
-2.9044403091200843
-14.173269041907957
-1.2103453299030598
-18.11182244164457
-18.352917987595102
-2.264419306156138
-6.6688403857877345
-11.250928839713529
-1.3100359027359731
-7.738874772605189
-19.620830032437468
-14.047267718909016
-9.041154051397404
-9.892377746993448
-17.048905389202098
-12.54478766139918
-4.226084749356631
-17.772922249961688
-6.877593936819504
-17.729422097032003
-18.423803185720324
-2.5432820282552937
-17.18698202500157
-6.125323074832312
-15.056575537888994
-9.65856984761437
-11.675712292566116
-6.715195934392524
-15.190755512793185
-9.023723567763456
-3.606539569161376
-2.8149257174968234
-7.712210690611573
-14.308143246273596
-2.404657818436444
-11.946693003804265
-0.9746577700037129
-0.4759236989595328
-18.9064502917991
-17.220598515918518
-9.678637776685779
-11.342549491220643
-19.320468795245475
-16.004676708961718
-17.285065855890576
-9.71731866407505
-9.294416155525713
-7.8789938212490185
-6.158379679180359
-1.6853868073196487
-7.048124686922326
-16.83433916009266
-3.749342190913336
-9.881479852267093
-8.965671893587741
-10.077810099906182
-1.1401165861955675
-19.813965411934554
-18.212935865834545
-10.111911641042193
-4.912759406338405
-6.91649572941746
-18.521537571986435
-18.15961989060567
-14.596402680905394
-12.165281129959785
-18.73570991588084
-2.3506183884398046
-6.321274441128852
-11.96281274744084
-16.651730326861674
-18.35046899582396
-11.481930800302091
-14.796691586597026
-3.2939442757549826
-9.532946691173363
-18.73052632801204
-11.627123814022976
-7.861281488732965
-16.804667008732878
-9.52874579920787
-4.8537187708655205
-19.13999093087261
-15.401968084521112
-8.36903537606152
-1.2200069772080901
-19.905890780404853
-8.034928984421205
-3.8744465362000824
-17.616771999983147
-3.7104021348607135
-11.061311339990327
-0.6301458249850755
-0.11991875526045082
-6.7697102843427235
-10.41954910286118
-6.317432034689769
-1.6956082464529842
-9.011231387171886
-10.22403013160473
-8.691450058964536
-19.676732641232633
-1.6914045914062381
-10.140694455702524
-12.184239478715652
-17.50664037453938
-8.753975944057286
-11.7738009594399
-6.79495095127192
-11.58127799824778
-14.502461638738296
FactorLoading_Φ
0.16914932149203277	-0.4675751415748195	-0.044922705783938977	0.31835283114920876
0.29138939766246463	0.4726198500728176	0.2123130904228252	-0.023677661841892572
0.20009521661369023	0.18620001894433957	-0.3111863559675925	0.3025184084743777
0.5832111540774794	0.00976087374185064	0.06829048549258676	-0.33873748668808323
-0.09295397540255257	0.22956625553944954	0.6767684642498502	-0.0007113048081477391
-0.556998848298826	0.29276395665870214	0.03304530816558238	-0.11719188687688953
-0.4655211080717565	-0.40669292858688677	-0.0548714767503371	-0.07291448659101962
-0.6525276166375467	-0.03527195553821261	-0.011321786482439977	0.30087864134180076
0.2955658882345962	-0.002154258418955335	-0.1031876253757178	-0.5990922279707307
-0.025254888925566155	0.0037007868809757483	-0.06180235889108143	-0.9092419653023767
0.4508635096010274	0.5033090336160255	0.005625118924858841	0.040202337858088244
0.39654713142062725	-0.3730052589261039	-0.02116086247593496	-0.20928674717733387
-0.1436837460774001	0.09641079689453713	0.13486554293876996	-0.6250399140892928
0.32442427367225335	0.39082248689222965	0.1839811245937477	0.10077211484176929
-0.4119454845746442	0.18045848702539935	-0.363621283020662	-0.043974745379294466
0.28252865437739105	0.3460459585437581	-0.026113307631498772	0.3453120794473521
0.04469304345894809	0.5072344820502859	0.1005983167023694	0.34747415778839663
0.12530056000545287	-0.020417197940315157	-0.5520407887528289	0.30224145330140306
0.029377728698104733	-0.02925284078296775	0.378415403417526	0.5629540271014015
0.34897670444061646	-0.3381550112804843	-0.17335520538660765	0.1395130788922916
-0.4908539799159177	0.1583921009118492	-0.08551263456328839	0.2652412846089447
-0.34627803365017606	0.0662536333007151	0.4866605642548498	-0.10080776879425901
0.09762285656839809	-0.07274849728422006	0.18830059879747885	-0.641328047349903
-0.6701774059802319	-0.20777035930929544	0.07383875736304968	-0.048213477347422984
0.545111274927091	-0.10341142985868368	0.01061653605046442	-0.3408607591637609
0.1790896497789085	-0.29127296135856207	0.40915767965613337	-0.12047970920639606
0.18702523400069437	0.5915439561653992	-0.1257215248948571	0.09570928493904929
-0.10341397753044723	0.7003265227583975	0.1219635252559006	-0.07429597445525471
-0.13493651477200475	-0.20558939483165117	0.008127555351514992	0.6513465350448291
-0.43370388512195324	-0.19287748302569163	0.2510718683966129	-0.12234676345574225
0.015458761177725266	0.8154295358473733	0.08125067280841347	0.08786103016648794
0.047285393567239487	-0.42947930208740304	-0.31368913481203897	0.2095461695333185
0.41629105097872743	-0.0036023171343573246	-0.16115839332095483	-0.4189482385659604
-0.06883818998582258	0.05304557506539642	-0.03894755855138832	0.8391686763973927
-0.22953731627170826	0.3310257158880541	-0.19913178236252715	-0.24030518547771051
0.13907322311946935	0.280712205187045	0.48476127806446856	-0.09545329362901711
-0.01892129941439369	-0.5545351316886469	-0.19030789268512183	-0.2362356762118376
0.7332796142131353	0.0008472309479774509	-0.20997962876375476	-0.05589352607513254
-0.03700158614365612	-0.2533106153696929	0.17039892962984937	0.5392888688568016
0.12224044704052028	-0.1360245293307778	0.2044961006776842	-0.5372389229510177
-0.209671937839345	0.5026121263568692	0.24929623926647326	0.038419696537312475
0.13960865309460235	0.14557257940707258	-0.6261362761025122	-0.08868249139581286
-0.02170245065747367	-0.11283172708581679	-0.09602111167375438	0.7694447105829552
-0.34198118357620055	0.28209346891652154	0.13964527357431877	0.23628007393295913
-0.07434947274461501	0.7056697286941704	0.18098268341081813	-0.03899811515039642
0.16742226144603967	-0.07494666860596855	0.4050493285983183	0.35258174134967346
-0.04706670037737859	-0.08078821773585854	-0.3503397690511292	-0.5218053128356337
0.4341549286923754	0.2932687206747875	-0.22077743735162914	-0.051798913281208
0.555703365977916	0.19106461710351041	0.14629683564979024	0.10693518126878332
0.03337215902739654	-0.2890314159572358	-0.5709210392977295	0.10667538571763813
-0.2615385082678445	-0.016918047900552402	-0.6438035777852011	0.07773986604640193
0.19242571787363438	-0.2669140429912198	-0.11013686501736997	-0.43052337411777586
-0.2898049917520107	0.476769594076089	-0.012392371227022414	-0.2210330429448779
0.21802109985699025	-0.2282064606701113	0.10713043207479234	-0.4466420073981061
-0.6663147233406976	-0.08297638785137273	0.24724400690896164	-0.0034648818989679864
0.033427936861499585	-0.11699922255436435	-0.25610630383179034	-0.5934665367523457
0.1394940911426923	-0.11632402927205265	-0.5573715188920441	-0.186810360693211
-0.24890157787762002	0.22118337163480106	0.13881786654090145	0.3910971839466775
0.46312755528502003	-0.15108384971054867	0.2834060409550925	-0.10238255404933883
0.34881390422528025	0.0936662644251951	-0.2608018703386785	-0.29671796101084613
0.4076969910623569	-0.29487505891489074	0.19259654553941408	-0.10483140448333828
0.29922089228651383	0.007773692568870727	-0.3773062885507954	0.31569912659382005
0.09694015839169579	-0.21740720358590648	0.17611583688042076	-0.509536801141977
0.12646407760323863	0.12769758376349438	0.6983953712479094	-0.04744296738535758
-0.3967811160561172	0.12833485213413565	0.07240534583493408	-0.40247868597481307
0.3859641552071831	-0.29849626625489223	-0.03385023430036993	-0.28168934423755476
-0.18605304383648136	0.10305951240540367	0.6601532638243957	-0.050734179933719314
0.07008762024474713	0.014445151932780176	-0.012687839621735364	-0.9027793882007373
0.4751031537708583	0.2821413069954699	-0.032336150652403584	-0.21041938858126819
0.4977628822824973	0.0758547471731359	0.1148304937405844	-0.3115518768037824
0.057796044813090974	0.4214713227653739	0.3630279073675535	0.1577047250539816
0.3548317378306427	0.14744276911472065	0.15262875024609746	-0.3450967428085392
0.06570567507106251	0.3036428901004373	-0.27992970762670866	-0.3507217272017915
0.033170434042450125	0.3665673072839659	0.17761031252788828	0.4226519461456957
-0.381957838004515	-0.09634406647018512	0.09039333059624943	-0.43130476492905045
0.014807940221295057	0.8056855550191739	-0.005885232273596497	-0.1736212724859345
0.002493214280924416	-0.4354630100570136	0.17061875683211203	0.39142501882994996
-0.24416986959690568	-0.2550666665690786	0.1390191803000993	-0.3617442835339164
0.1457865133175391	-0.06301496281462104	0.6882769467588157	0.10292157710902416
0.3150786786049633	-0.1256338315911858	0.5297104721512973	0.029577017652553605
0.43666392247186825	-0.2168125395593754	0.21323725769684443	-0.13328628027191192
-0.1384220579573998	-0.44080555387618414	0.3980309442751069	-0.022741443891309165
0.3217572134206097	-0.232279969357575	0.2608902897291059	-0.18507252749270942
-0.20682891847064688	0.009655918595374846	0.2004712951907348	-0.5830438677432435
-0.48544159839575673	0.39382424277763173	-0.10512983019467415	0.015604328631937392
0.21989743739386802	-0.04610280318457738	-0.7225682291355631	0.011431530285991531
-0.2991740438864863	-0.2493419683131206	0.010847196490625599	0.4406367913097675
-0.2202558958598504	0.10102029430766502	0.24923389581085442	-0.42948991402163017
-0.20132537575127674	0.061466658283524156	-0.15496692810019197	0.5822410378650071
0.10901440608195534	-0.062040148345454904	-0.7766875029522231	0.05225794262036665
-0.12469682483821831	-0.10063550665031262	0.6370242317810568	0.13764343673041224
0.0738465397674044	-0.18788380437409602	-0.7099799594427842	0.028289696415715326
-0.08503231700331271	-0.13725619612771256	0.06567832629263526	0.7120331605763395
0.2125340907086004	0.33821059498002604	-0.13788938053054256	-0.311365933780831
-0.050893984433153516	0.2005605021530492	-0.4662222452900995	0.2823232681236978
0.1960395179305119	0.03413037408904396	0.7188504554411164	-0.05097965253932779
-0.07201243537609492	0.24734645342200867	-0.37445376344532333	0.3061873477565731
-0.09067605503670406	0.6708474999658125	0.018404343146109836	0.2200721018513736
-0.27204258139146464	-0.19833083508993954	-0.3866479389916768	-0.142978644526919
0.30659173907975856	0.04018710008563575	0.11276293637824963	0.540458224456356
0.14867787052729375	-0.07190266729557293	-0.24027910742032144	0.5391403547568119
-0.05578121077582576	0.1827825733563968	0.22138587608218474	-0.5400503397855927
0.37732591012385175	-0.20247573640682726	-0.15538800253837493	-0.26481035093094607
0.14843376214880744	0.24968515681343728	0.09101038030109887	-0.5108707007366564
0.24018689848661823	0.579502161961259	-0.046006858971022746	0.1343040805811
0.6903136634378575	-0.057003854760455	-0.08139979955874788	-0.17128268224293963
0.16112849682937225	0.2573652382160989	-0.01837249619472847	0.5631337687598004
0.44950931719663934	0.049279383613121786	0.37192202566277976	0.12928927352745911
-0.07294521822518152	-0.34971816593477834	0.3740809385209767	0.20325567731906347
0.13105407577241635	0.06299540348358712	0.1949217882531733	-0.6110287324908232
-0.697806767368951	-0.02513187159471242	-0.254433194291102	0.0226281667452346
0.22640230035715803	0.25040064265083806	-0.29310794307471366	0.23008911391729026
-0.27815655888284274	0.12866795378410179	-0.5772239733931597	-0.0159515139398958
-0.07852113712469899	0.7739746327818238	-0.07209161689263643	0.0754126132008408
-0.02436145775819698	0.06815388224425067	0.6145472601738524	0.29293739982369993
-0.274389749116021	-0.4076502671780633	-0.05777545172740517	-0.26018453197851055
0.5664626919368752	0.08750137912640454	0.2564854244478143	-0.089550504488906
-0.07040104333284614	-0.2675437298793444	-0.44774936758406314	-0.21430585920374634
-0.5326300843759117	0.34585800211972817	-0.02072835349188651	0.10078356001247357
-0.26021323367724136	0.0025238813222883127	-0.10317221968732504	-0.6340906653131453
-0.49524875180767003	0.2782775070214081	0.0389637434362573	0.1875099977346646
0.15516012232613163	0.005727131462033519	-0.7961834284102225	-0.042929317801612354
0.3208936455983036	0.016181695650937744	-0.456441715597687	0.2064829431530717
-0.20252719045076462	-0.16118687427967582	0.5949752962102139	0.04131063905934562
0.022556191681973425	0.09139601990957225	-0.3664408530583061	0.5196069353501482
-0.21885466305467816	0.47184417694097625	0.2189072401037948	0.09039391990055079
-0.3661423188151458	0.09121006061923431	-0.045608815068328035	-0.49703880549729185
0.03064832145465024	-0.5368910152685444	0.18556227122397617	0.24689839205282915
-0.30039823664980925	0.31017229522591094	-0.3286875600200678	0.060741908104211983
-0.04237108113580734	-0.29559302452603076	0.49915022198204007	0.16288567235612184
-0.28012667224511856	0.18072784376224993	0.20505292051070723	0.3340925634819243
-0.324614673878316	0.014783243909809674	0.1742122697015045	0.48638981251036983
0.20041592131742236	0.06763715796921654	0.03335939289009149	-0.6985875278232696
-0.05729023245346632	-0.6140727862760345	-0.056649325780915305	0.2719876554895839
-0.2703618582199696	0.3823725529830775	0.3355239278634732	0.011741660933479725
0.05125202587000022	0.1918017388268134	0.4911754327896791	-0.26577080251350726
0.20523284520167961	-0.49135784912526637	-0.20614579111142128	-0.09726351456163274
-0.33552150275144954	-0.26073268991087994	0.37970702805076284	-0.024038779286907674
-0.03542130543856037	-0.24060215107950844	0.3541903821549168	0.36978616132701436
-0.40229926117719517	-0.027942101499258243	-0.27188458074628397	-0.2978740565772626
-0.13890864016297622	0.2853652634068595	0.4660667966889662	0.10965929974119804
-0.004496533906221956	-0.1297620055899873	0.47929578149583874	0.386445679007952
0.3423971327543156	0.20255570611572926	0.2238429466865497	0.23120421444340544
0.0888161226341484	-0.25557468756927215	0.12623721038177016	-0.5293719794148093
-0.16983626810376906	-0.09244080825468637	-0.05829928701627063	0.6794236366252739
-0.29834098448008084	0.2446062958644859	-0.005478178247350751	-0.4515745414080825
-0.16201655616142063	0.24225403964431047	-0.3088127885718299	0.286916615622439
0.5101938497049254	-0.047206493959566	0.27412305175294005	0.16847660458256852
-0.1206376537047733	0.09886165894435694	0.03752406351140314	0.7429766238394666
0.11732100053933325	-0.15122304828750344	-0.4319993715721515	0.2994565796010118
FactorLoading_Ψ
0.16914932149203277	-0.4675751415748195	-0.044922705783938977	0.31835283114920876
0.29138939766246463	0.4726198500728176	0.2123130904228252	-0.023677661841892572
0.20009521661369023	0.18620001894433957	-0.3111863559675925	0.3025184084743777
0.5832111540774794	0.00976087374185064	0.06829048549258676	-0.33873748668808323
-0.09295397540255257	0.22956625553944954	0.6767684642498502	-0.0007113048081477391
-0.556998848298826	0.29276395665870214	0.03304530816558238	-0.11719188687688953
-0.4655211080717565	-0.40669292858688677	-0.0548714767503371	-0.07291448659101962
-0.6525276166375467	-0.03527195553821261	-0.011321786482439977	0.30087864134180076
0.2955658882345962	-0.002154258418955335	-0.1031876253757178	-0.5990922279707307
-0.025254888925566155	0.0037007868809757483	-0.06180235889108143	-0.9092419653023767
0.4508635096010274	0.5033090336160255	0.005625118924858841	0.040202337858088244
0.39654713142062725	-0.3730052589261039	-0.02116086247593496	-0.20928674717733387
-0.1436837460774001	0.09641079689453713	0.13486554293876996	-0.6250399140892928
0.32442427367225335	0.39082248689222965	0.1839811245937477	0.10077211484176929
-0.4119454845746442	0.18045848702539935	-0.363621283020662	-0.043974745379294466
0.28252865437739105	0.3460459585437581	-0.026113307631498772	0.3453120794473521
0.04469304345894809	0.5072344820502859	0.1005983167023694	0.34747415778839663
0.12530056000545287	-0.020417197940315157	-0.5520407887528289	0.30224145330140306
0.029377728698104733	-0.02925284078296775	0.378415403417526	0.5629540271014015
0.34897670444061646	-0.3381550112804843	-0.17335520538660765	0.1395130788922916
-0.4908539799159177	0.1583921009118492	-0.08551263456328839	0.2652412846089447
-0.34627803365017606	0.0662536333007151	0.4866605642548498	-0.10080776879425901
0.09762285656839809	-0.07274849728422006	0.18830059879747885	-0.641328047349903
-0.6701774059802319	-0.20777035930929544	0.07383875736304968	-0.048213477347422984
0.545111274927091	-0.10341142985868368	0.01061653605046442	-0.3408607591637609
0.1790896497789085	-0.29127296135856207	0.40915767965613337	-0.12047970920639606
0.18702523400069437	0.5915439561653992	-0.1257215248948571	0.09570928493904929
-0.10341397753044723	0.7003265227583975	0.1219635252559006	-0.07429597445525471
-0.13493651477200475	-0.20558939483165117	0.008127555351514992	0.6513465350448291
-0.43370388512195324	-0.19287748302569163	0.2510718683966129	-0.12234676345574225
0.015458761177725266	0.8154295358473733	0.08125067280841347	0.08786103016648794
0.047285393567239487	-0.42947930208740304	-0.31368913481203897	0.2095461695333185
0.41629105097872743	-0.0036023171343573246	-0.16115839332095483	-0.4189482385659604
-0.06883818998582258	0.05304557506539642	-0.03894755855138832	0.8391686763973927
-0.22953731627170826	0.3310257158880541	-0.19913178236252715	-0.24030518547771051
0.13907322311946935	0.280712205187045	0.48476127806446856	-0.09545329362901711
-0.01892129941439369	-0.5545351316886469	-0.19030789268512183	-0.2362356762118376
0.7332796142131353	0.0008472309479774509	-0.20997962876375476	-0.05589352607513254
-0.03700158614365612	-0.2533106153696929	0.17039892962984937	0.5392888688568016
0.12224044704052028	-0.1360245293307778	0.2044961006776842	-0.5372389229510177
-0.209671937839345	0.5026121263568692	0.24929623926647326	0.038419696537312475
0.13960865309460235	0.14557257940707258	-0.6261362761025122	-0.08868249139581286
-0.02170245065747367	-0.11283172708581679	-0.09602111167375438	0.7694447105829552
-0.34198118357620055	0.28209346891652154	0.13964527357431877	0.23628007393295913
-0.07434947274461501	0.7056697286941704	0.18098268341081813	-0.03899811515039642
0.16742226144603967	-0.07494666860596855	0.4050493285983183	0.35258174134967346
-0.04706670037737859	-0.08078821773585854	-0.3503397690511292	-0.5218053128356337
0.4341549286923754	0.2932687206747875	-0.22077743735162914	-0.051798913281208
0.555703365977916	0.19106461710351041	0.14629683564979024	0.10693518126878332
0.03337215902739654	-0.2890314159572358	-0.5709210392977295	0.10667538571763813
-0.2615385082678445	-0.016918047900552402	-0.6438035777852011	0.07773986604640193
0.19242571787363438	-0.2669140429912198	-0.11013686501736997	-0.43052337411777586
-0.2898049917520107	0.476769594076089	-0.012392371227022414	-0.2210330429448779
0.21802109985699025	-0.2282064606701113	0.10713043207479234	-0.4466420073981061
-0.6663147233406976	-0.08297638785137273	0.24724400690896164	-0.0034648818989679864
0.033427936861499585	-0.11699922255436435	-0.25610630383179034	-0.5934665367523457
0.1394940911426923	-0.11632402927205265	-0.5573715188920441	-0.186810360693211
-0.24890157787762002	0.22118337163480106	0.13881786654090145	0.3910971839466775
0.46312755528502003	-0.15108384971054867	0.2834060409550925	-0.10238255404933883
0.34881390422528025	0.0936662644251951	-0.2608018703386785	-0.29671796101084613
0.4076969910623569	-0.29487505891489074	0.19259654553941408	-0.10483140448333828
0.29922089228651383	0.007773692568870727	-0.3773062885507954	0.31569912659382005
0.09694015839169579	-0.21740720358590648	0.17611583688042076	-0.509536801141977
0.12646407760323863	0.12769758376349438	0.6983953712479094	-0.04744296738535758
-0.3967811160561172	0.12833485213413565	0.07240534583493408	-0.40247868597481307
0.3859641552071831	-0.29849626625489223	-0.03385023430036993	-0.28168934423755476
-0.18605304383648136	0.10305951240540367	0.6601532638243957	-0.050734179933719314
0.07008762024474713	0.014445151932780176	-0.012687839621735364	-0.9027793882007373
0.4751031537708583	0.2821413069954699	-0.032336150652403584	-0.21041938858126819
0.4977628822824973	0.0758547471731359	0.1148304937405844	-0.3115518768037824
0.057796044813090974	0.4214713227653739	0.3630279073675535	0.1577047250539816
0.3548317378306427	0.14744276911472065	0.15262875024609746	-0.3450967428085392
0.06570567507106251	0.3036428901004373	-0.27992970762670866	-0.3507217272017915
0.033170434042450125	0.3665673072839659	0.17761031252788828	0.4226519461456957
-0.381957838004515	-0.09634406647018512	0.09039333059624943	-0.43130476492905045
0.014807940221295057	0.8056855550191739	-0.005885232273596497	-0.1736212724859345
0.002493214280924416	-0.4354630100570136	0.17061875683211203	0.39142501882994996
-0.24416986959690568	-0.2550666665690786	0.1390191803000993	-0.3617442835339164
0.1457865133175391	-0.06301496281462104	0.6882769467588157	0.10292157710902416
0.3150786786049633	-0.1256338315911858	0.5297104721512973	0.029577017652553605
0.43666392247186825	-0.2168125395593754	0.21323725769684443	-0.13328628027191192
-0.1384220579573998	-0.44080555387618414	0.3980309442751069	-0.022741443891309165
0.3217572134206097	-0.232279969357575	0.2608902897291059	-0.18507252749270942
-0.20682891847064688	0.009655918595374846	0.2004712951907348	-0.5830438677432435
-0.48544159839575673	0.39382424277763173	-0.10512983019467415	0.015604328631937392
0.21989743739386802	-0.04610280318457738	-0.7225682291355631	0.011431530285991531
-0.2991740438864863	-0.2493419683131206	0.010847196490625599	0.4406367913097675
-0.2202558958598504	0.10102029430766502	0.24923389581085442	-0.42948991402163017
-0.20132537575127674	0.061466658283524156	-0.15496692810019197	0.5822410378650071
0.10901440608195534	-0.062040148345454904	-0.7766875029522231	0.05225794262036665
-0.12469682483821831	-0.10063550665031262	0.6370242317810568	0.13764343673041224
0.0738465397674044	-0.18788380437409602	-0.7099799594427842	0.028289696415715326
-0.08503231700331271	-0.13725619612771256	0.06567832629263526	0.7120331605763395
0.2125340907086004	0.33821059498002604	-0.13788938053054256	-0.311365933780831
-0.050893984433153516	0.2005605021530492	-0.4662222452900995	0.2823232681236978
0.1960395179305119	0.03413037408904396	0.7188504554411164	-0.05097965253932779
-0.07201243537609492	0.24734645342200867	-0.37445376344532333	0.3061873477565731
-0.09067605503670406	0.6708474999658125	0.018404343146109836	0.2200721018513736
-0.27204258139146464	-0.19833083508993954	-0.3866479389916768	-0.142978644526919
0.30659173907975856	0.04018710008563575	0.11276293637824963	0.540458224456356
0.14867787052729375	-0.07190266729557293	-0.24027910742032144	0.5391403547568119
-0.05578121077582576	0.1827825733563968	0.22138587608218474	-0.5400503397855927
0.37732591012385175	-0.20247573640682726	-0.15538800253837493	-0.26481035093094607
0.14843376214880744	0.24968515681343728	0.09101038030109887	-0.5108707007366564
0.24018689848661823	0.579502161961259	-0.046006858971022746	0.1343040805811
0.6903136634378575	-0.057003854760455	-0.08139979955874788	-0.17128268224293963
0.16112849682937225	0.2573652382160989	-0.01837249619472847	0.5631337687598004
0.44950931719663934	0.049279383613121786	0.37192202566277976	0.12928927352745911
-0.07294521822518152	-0.34971816593477834	0.3740809385209767	0.20325567731906347
0.13105407577241635	0.06299540348358712	0.1949217882531733	-0.6110287324908232
-0.697806767368951	-0.02513187159471242	-0.254433194291102	0.0226281667452346
0.22640230035715803	0.25040064265083806	-0.29310794307471366	0.23008911391729026
-0.27815655888284274	0.12866795378410179	-0.5772239733931597	-0.0159515139398958
-0.07852113712469899	0.7739746327818238	-0.07209161689263643	0.0754126132008408
-0.02436145775819698	0.06815388224425067	0.6145472601738524	0.29293739982369993
-0.274389749116021	-0.4076502671780633	-0.05777545172740517	-0.26018453197851055
0.5664626919368752	0.08750137912640454	0.2564854244478143	-0.089550504488906
-0.07040104333284614	-0.2675437298793444	-0.44774936758406314	-0.21430585920374634
-0.5326300843759117	0.34585800211972817	-0.02072835349188651	0.10078356001247357
-0.26021323367724136	0.0025238813222883127	-0.10317221968732504	-0.6340906653131453
-0.49524875180767003	0.2782775070214081	0.0389637434362573	0.1875099977346646
0.15516012232613163	0.005727131462033519	-0.7961834284102225	-0.042929317801612354
0.3208936455983036	0.016181695650937744	-0.456441715597687	0.2064829431530717
-0.20252719045076462	-0.16118687427967582	0.5949752962102139	0.04131063905934562
0.022556191681973425	0.09139601990957225	-0.3664408530583061	0.5196069353501482
-0.21885466305467816	0.47184417694097625	0.2189072401037948	0.09039391990055079
-0.3661423188151458	0.09121006061923431	-0.045608815068328035	-0.49703880549729185
0.03064832145465024	-0.5368910152685444	0.18556227122397617	0.24689839205282915
-0.30039823664980925	0.31017229522591094	-0.3286875600200678	0.060741908104211983
-0.04237108113580734	-0.29559302452603076	0.49915022198204007	0.16288567235612184
-0.28012667224511856	0.18072784376224993	0.20505292051070723	0.3340925634819243
-0.324614673878316	0.014783243909809674	0.1742122697015045	0.48638981251036983
0.20041592131742236	0.06763715796921654	0.03335939289009149	-0.6985875278232696
-0.05729023245346632	-0.6140727862760345	-0.056649325780915305	0.2719876554895839
-0.2703618582199696	0.3823725529830775	0.3355239278634732	0.011741660933479725
0.05125202587000022	0.1918017388268134	0.4911754327896791	-0.26577080251350726
0.20523284520167961	-0.49135784912526637	-0.20614579111142128	-0.09726351456163274
-0.33552150275144954	-0.26073268991087994	0.37970702805076284	-0.024038779286907674
-0.03542130543856037	-0.24060215107950844	0.3541903821549168	0.36978616132701436
-0.40229926117719517	-0.027942101499258243	-0.27188458074628397	-0.2978740565772626
-0.13890864016297622	0.2853652634068595	0.4660667966889662	0.10965929974119804
-0.004496533906221956	-0.1297620055899873	0.47929578149583874	0.386445679007952
0.3423971327543156	0.20255570611572926	0.2238429466865497	0.23120421444340544
0.0888161226341484	-0.25557468756927215	0.12623721038177016	-0.5293719794148093
-0.16983626810376906	-0.09244080825468637	-0.05829928701627063	0.6794236366252739
-0.29834098448008084	0.2446062958644859	-0.005478178247350751	-0.4515745414080825
-0.16201655616142063	0.24225403964431047	-0.3088127885718299	0.286916615622439
0.5101938497049254	-0.047206493959566	0.27412305175294005	0.16847660458256852
-0.1206376537047733	0.09886165894435694	0.03752406351140314	0.7429766238394666
0.11732100053933325	-0.15122304828750344	-0.4319993715721515	0.2994565796010118
Conflicts
112 11
150 106
130 129
69 8
132 36
32 134
5 91
93 52
86 115
72 28
144 28
122 70
77 113
105 115
120 12
15 21
86 59
37 62
57 33
19 84
50 87
125 49
86 85
123 11
4 95
140 19
133 55
53 150
124 41
61 106
102 129
23 111
119 22
136 138
136 90
108 49
14 84
44 20
78 102
63 146
28 41
131 15
35 44
117 18
54 73
125 77
35 83
132 15
147 17
145 76
119 56
146 105
126 56
83 57
136 53
107 18
2 143
9 127
132 77
66 145
101 76
104 115
29 88
10 150
104 33
31 129
31 1
26 89
97 38
100 80
143 91
78 144
86 104
81 89
3 115
121 22
92 36
145 138
109 1
136 96
120 130
78 59
31 12
80 115
17 110
118 73
26 36
61 134
88 73
79 142
13 2
86 91
37 73
4 15
81 138
119 62
14 127
60 107
9 73
100 106
119 144
68 109
129 142
99 88
40 15
143 62
14 28
2 96
69 141
119 57
65 51
132 28
77 24
55 36
41 12
24 134
135 33
7 90
129 106
79 41
136 140
7 105
102 29
144 38
131 20
48 127
120 90
43 59
13 142
40 44
92 108
149 8
123 108
95 46
13 96
35 89
77 123
46 115
93 19
60 52
103 139
53 67
76 20
71 105
149 129
93 70
102 86
80 107
129 111
127 1
93 11
123 58
114 95
67 33
5 18
69 15
50 27
53 106
133 109
147 21
28 70
75 44
86 107
103 112
145 127
23 109
36 59
133 116
77 96
121 116
66 62
13 146
7 24
137 109
54 106
34 116
63 72
78 3
95 73
148 41
57 30
33 1
128 36
116 65
83 46
32 69
14 90
143 150
37 41
100 61
41 88
68 77
52 1
87 118
3 61
56 24
10 142
16 36
9 97
16 6
13 74
148 62
47 121
10 117
40 5
77 111
109 150
32 142
80 94
35 62
144 115
132 32
130 76
122 19
135 85
149 82
13 80
55 19
42 123
67 30
17 59
63 86
78 70
128 64
128 62
42 139
84 111
28 20
78 55
25 111
81 85
115 1
82 138
7 69
54 109
66 84
23 53
89 39
130 6
71 111
4 114
97 11
120 40
28 141
7 126
27 73
35 49
66 29
112 107
70 85
75 45
125 123
136 4
107 85
63 142
42 45
14 42
132 66
128 121
23 71
139 111
9 99
66 46
114 12
93 109
21 134
15 138
105 134
11 110
7 19
126 52
86 20
15 84
64 127
119 12
149 30
7 6
76 8
128 50
129 118
26 141
103 6
60 122
131 134
48 129
120 139
59 12
68 142
71 22
131 22
92 3
2 21
13 131
13 84
45 18
55 127
40 48
117 20
26 61
71 69
90 24
131 36
109 106
92 45
119 6
68 35
116 106
106 44
120 111
14 15
120 17
72 134
139 94
65 8
143 115
133 3
56 149
133 78
31 67
128 94
78 49
80 89
34 141
128 28
26 33
66 58
4 52
108 73
121 150
71 66
66 16
71 15
53 58
80 24
63 95
141 127
19 22
104 82
34 121
10 86
31 149
96 127
147 143
107 134
119 105
146 27
80 91
17 46
128 107
35 12
71 24
133 35
23 100
130 1
120 108
26 145
128 96
70 139
112 44
147 116
32 61
34 85
149 97
52 33
71 12
87 21
4 73
67 6
11 5
102 44
34 87
66 105
135 96
94 1
124 110
54 44
53 49
99 45
148 52
66 143
39 115
126 90
55 99
121 122
9 72
47 118
140 36
148 144
75 51
31 65
149 52
102 73
89 109
27 52
4 112
55 39
74 96
13 3
81 94
17 36
117 56
43 143
9 25
66 39
91 57
54 100
140 3
25 6
143 149
128 72
72 130
29 115
143 87
124 30
11 44
36 115
5 84
68 3
136 35
31 140
3 104
108 110
33 46
55 110
53 70
21 106
55 101
31 22
140 6
120 6
101 74
112 16
94 20
116 127
3 17
34 93
69 76
61 91
54 101
25 36
66 57
128 70
7 91
40 95
77 142
53 142
103 98
112 1
128 24
143 106
112 110
4 106
3 51
136 131
31 98
63 132
4 147
118 90
89 114
103 129
142 44
92 15
54 130
128 74
11 88
142 41
50 18
26 20
133 101
54 60
117 149
26 74
100 41
119 123
25 2
142 90
7 137
43 98
43 63
147 120
66 87
82 20
106 90
104 137
135 32
42 2
14 66
130 17
60 39
145 24
125 39
70 21
133 74
62 18
145 126
50 51
98 104
145 131
121 95
5 96
69 103
42 104
128 8
107 30
43 149
25 62
34 104
119 74
58 134
88 24
133 140
126 64
64 22
100 39
27 134
28 24
68 33
69 96
143 6
143 96
80 82
124 2
67 36
47 147
135 62
63 33
59 127
43 77
117 88
67 79
71 5
36 45
150 73
40 36
43 117
64 51
93 62
50 109
66 141
122 48
107 73
120 44
56 46
79 15
132 61
123 36
42 147
77 76
48 21
127 20
135 130
124 142
96 1
35 137
125 95
131 18
54 8
53 97
53 107
26 92
44 91
8 134
40 70
56 142
95 76
10 44
133 125
50 138
12 1
10 146
47 1
94 44
64 41
98 113
141 106
132 125
75 138
147 38
129 96
32 84
3 139
127 24
113 141
67 96
140 139
38 82
133 141
101 39
31 85
77 94
70 94
120 93
89 61
117 90
3 52
130 87
37 81
3 137
44 85
122 139
32 127
68 116
146 90
99 138
31 38
66 127
27 137
132 121
56 30
133 12
145 129
128 2
87 149
125 11
112 38
146 118
75 28
89 115
145 62
16 15
59 129
71 139
69 115
83 56
3 76
135 67
135 6
50 127
120 5
100 65
150 41
40 90
122 99
23 98
119 70
28 62
104 130
128 125
23 86
87 57
19 39
29 24
140 40
128 4
10 32
5 12
119 85
75 141
86 36
129 21
149 46
53 21
31 32
70 129
75 10
128 85
87 139
71 126
37 27
61 142
42 16
144 65
12 88
87 85
63 81
114 110
106 111
69 127
35 88
63 104
53 122
59 110
139 134
4 2
126 113
9 140
63 110
123 101
79 22
132 17
98 111
19 52
10 66
124 149
69 11
128 99
129 45
48 115
10 20
23 13
92 53
36 22
47 28
17 38
43 29
88 85
147 46
77 74
31 64
23 21
133 21
10 120
140 118
81 150
56 108
83 64
42 144
4 127
114 108
92 116
77 107
98 27
137 30
117 97
75 99
15 82
97 12
19 138
116 88
4 47
124 79
143 36
72 96
26 138
148 92
2 116
82 90
116 79
102 147
26 45
13 138
7 136
136 107
124 82
7 62
2 74
78 33
65 106
143 70
83 149
101 99
54 72
147 53
77 114
28 48
125 96
144 56
65 111
23 116
7 53
63 88
92 114
143 109
83 85
80 40
9 112
126 114
132 108
60 88
46 18
136 29
19 48
60 138
125 48
62 12
70 111
64 94
7 134
54 102
52 12
39 45
128 49
125 127
29 8
60 45
56 15
47 90
58 11
97 105
63 18
7 103
47 75
62 118
2 111
61 118
99 65
148 104
135 87
42 1
33 24
40 94
19 12
52 88
10 59
77 28
118 138
104 57
62 6
48 94
36 46
26 42
68 139
17 139
132 127
116 122
47 123
95 105
71 125
115 73
3 88
121 145
101 97
62 115
81 40
126 18
3 112
47 63
124 16
2 24
47 105
121 94
116 59
71 42
145 139
136 36
68 147
106 30
15 111
119 107
10 17
2 12
102 48
3 90
143 39
4 97
50 30
76 84
130 20
103 33
59 44
101 20
37 88
64 11
31 30
40 131
74 106
98 112
25 79
10 91
26 140
25 89
56 138
148 113
4 81
83 117
146 59
10 135
78 106
91 30
112 138
98 82
68 57
34 143
64 118
100 77
14 45
100 99
100 58
32 40
124 72
84 1
53 64
32 8
60 46
68 117
31 73
129 38
61 105
103 67
116 91
96 39
4 102
14 8
121 53
60 110
60 96
26 41
42 44
83 18
17 30
109 20
148 59
126 8
13 6
53 73
2 101
121 103
78 118
81 51
133 90
78 44
122 94
128 140
47 141
100 103
141 88
147 77
63 64
55 150
9 125
26 73
37 31
26 12
119 47
78 138
125 145
9 93
13 44
9 87
9 34
102 28
124 29
126 96
7 143
26 144
137 97
131 82
29 104
26 56
66 149
148 55
80 111
7 56
83 8
119 100
2 33
100 117
95 8
25 130
16 45
86 6
60 34
37 86
68 53
125 88
28 8
143 16
79 39
15 115
25 123
7 65
116 69
137 24
92 134
131 112
74 118
62 33
103 131
51 82
9 103
75 94
135 12
119 13
77 70
132 42
49 138
83 12
119 18
47 131
50 117
125 89
120 150
69 150
103 87
135 52
121 42
80 137
132 65
124 80
120 20
50 38
87 73
32 121
102 108
137 15
32 74
143 24
80 129
89 108
81 1
89 95
65 15
34 30
50 21
110 22
120 28
46 84
124 40
13 45
111 12
118 24
32 51
92 93
135 41
74 39
2 127
130 139
64 141
121 85
60 150
67 139
116 82
71 149
25 150
110 84
124 115
48 17
92 27
86 49
2 144
42 137
122 88
103 122
149 118
42 86
37 48
121 139
148 2
7 39
92 46
64 49
99 110
55 79
26 127
50 49
29 70
14 126
87 84
106 52
79 141
76 118
107 62
47 76
49 52
42 12
102 34
147 16
133 31
12 20
116 5
59 82
5 138
25 59
36 110
38 20
131 52
102 19
104 91
67 108
40 107
32 96
95 22
71 27
122 97
126 107
114 19
121 38
8 22
50 116
37 46
48 24
95 33
72 49
76 46
57 127
43 11
75 73
34 129
81 90
79 84
4 85
43 147
4 107
125 38
100 138
37 137
101 11
27 18
68 75
130 41
78 147
92 87
54 148
148 42
128 117
78 5
141 12
124 104
98 110
10 130
56 73
29 112
26 30
146 72
83 122
36 5
56 88
70 8
136 73
136 52
103 57
37 104
107 139
123 59
61 108
71 54
34 127
70 138
55 149
113 30
2 15
54 97
37 101
7 63
124 18
61 38
14 19
74 18
120 105
68 10
56 21
31 114
107 8
88 90
37 100
37 149
40 28
76 88
26 111
43 146
25 100
2 99
148 105
87 95
40 110
128 77
63 77
114 137
119 2
31 138
32 46
10 1
58 91
14 115
58 79
22 82
83 40
87 41
42 126
68 138
35 36
35 52
139 24
9 36
43 86
45 1
71 108
49 127
119 20
109 84
119 14
98 115
67 72
81 72
149 44
37 55
56 38
36 90
31 55
137 21
125 144
102 112
68 78
144 108
123 38
133 29
10 110
77 69
3 114
148 82
55 16
141 30
40 109
55 96
133 149
13 112
141 21
140 110
4 130
148 100
7 31
128 124
98 129
145 59
117 127
119 17
136 17
130 115
139 5
103 49
109 49
147 11
14 50
100 30
13 134
122 149
107 6
94 46
55 83
139 141
54 46
9 79
78 129
63 56
23 85
142 134
100 42
23 146
129 138
92 41
77 20
131 84
143 76
78 11
55 30
109 6
100 85
144 52
92 115
2 62
35 98
99 49
51 115
47 27
67 38
34 20
55 88
147 64
144 84
129 141
117 141
118 52
125 24
59 85
8 138
128 79
143 30
149 88
9 92
144 150
23 64
116 36
46 30
49 41
26 15
29 56
146 97
71 41
3 113
92 84
4 44
83 87
10 64
71 114
47 5
54 20
71 70
102 135
75 20
128 42
23 149
80 22
14 139
125 21
46 88
27 106
126 59
62 46
60 141
56 41
43 41
67 134
107 5
85 30
81 12
24 1
28 1
5 21
5 38
126 144
37 13
103 94
120 107
78 122
71 49
59 73
35 64
53 104
8 105
43 27
117 84
8 106
4 113
5 22
75 18
126 97
27 30
40 130
13 79
132 137
54 116
100 72
131 8
71 90
21 115
10 147
136 103
66 24
54 145
29 82
16 107
120 73
136 40
60 115
54 64
145 104
37 59
83 109
80 134
131 95
9 143
53 52
35 51
10 93
126 130
83 20
140 81
14 149
132 11
63 31
102 12
23 83
130 90
42 49
21 12
43 21
23 8
139 6
71 2
130 45
132 30
97 15
124 126
142 105
131 142
64 91
78 140
124 111
69 143
145 114
77 104
103 70
5 105
142 52
148 120
145 58
66 20
104 28
114 41
9 141
42 22
116 111
29 58
14 76
27 48
137 46
148 67
92 50
37 54
31 107
78 137
133 72
63 118
71 68
135 112
145 146
29 146
50 64
37 52
99 142
93 138
43 3
54 99
34 138
9 38
122 127
99 30
140 57
80 59
123 110
135 88
60 12
103 105
127 30
71 35
149 139
149 20
37 114
92 150
50 70
75 140
126 76
9 1
69 149
124 69
74 65
130 142
25 10
16 17
71 102
79 111
69 107
31 117
148 112
10 129
139 106
69 114
103 62
139 20
101 5
100 1
28 18
133 147
136 62
36 64
37 67
23 129
128 104
63 102
7 35
135 122
69 94
66 40
93 110
72 97
148 110
86 58
136 64
42 105
126 111
131 57
66 11
35 24
130 62
23 47
21 88
140 111
120 29
16 106
124 139
72 118
19 24
2 38
117 70
72 1
7 83
106 41
147 69
21 52
47 11
81 98
132 75
40 74
132 37
47 12
4 38
63 109
77 48
22 30
83 1
58 97
69 41
32 114
63 68
81 84
60 131
136 106
130 49
68 120
145 141
62 49
86 130
119 64
87 44
27 90
54 110
67 22
67 138
86 87
25 126
148 134
87 94
140 142
9 120
53 85
63 57
25 44
149 111
25 29
40 97
126 110
59 30
74 109
7 115
80 99
15 18
124 96
23 124
65 5
25 41
124 77
132 74
29 6
125 22
135 126
51 20
32 108
13 109
124 98
55 77
133 88
109 85
50 22
86 117
140 145
126 127
92 55
4 49
132 93
62 108
55 24
101 12
83 59
75 8
133 27
103 93
93 1
7 50
55 93
9 2
66 27
77 90
4 131
74 91
54 5
138 134
42 3
26 112
99 46
150 22
66 49
117 41
54 40
71 1
136 30
145 109
61 129
139 46
29 97
89 143
117 137
109 149
89 106
83 86
88 115
9 17
81 2
71 113
4 72
2 109
64 82
35 135
43 22
60 74
47 125
81 108
78 40
43 109
83 79
67 84
102 142
34 22
124 116
104 24
81 149
100 88
101 126
13 73
26 86
107 20
95 85
100 116
50 115
64 76
42 56
19 142
146 112
148 85
100 81
70 134
140 24
19 36
58 57
67 111
88 20
10 131
47 110
104 61
91 45
135 64
72 59
107 24
39 91
43 138
72 17
50 141
110 142
120 15
126 21
81 61
10 53
32 146
108 41
3 143
3 59
112 115
70 127
114 49
117 19
146 111
7 132
141 22
35 129
121 82
23 19
118 46
136 95
43 75
17 70
76 30
65 105
100 29
4 36
136 77
135 137
116 141
77 145
114 56
67 106
55 109
118 38
119 75
121 97
146 143
139 105
123 115
28 107
148 24
74 11
47 15
60 2
145 94
144 131
104 149
77 65
99 95
136 120
128 83
112 30
72 109
29 67
61 16
11 52
13 32
66 74
34 130
38 85
139 82
119 125
101 18
68 104
101 8
7 108
60 49
49 91
90 20
9 29
65 142
31 113
51 118
26 110
147 79
26 139
69 104
148 81
92 79
148 101
63 144
140 115
80 101
7 25
33 84
103 115
59 6
131 129
6 24
109 91
132 79
114 6
143 56
71 142
83 16
89 97
103 76
59 134
102 72
55 53
89 137
13 123
104 21
63 62
137 96
95 39
99 48
104 62
7 60
102 109
2 115
98 118
75 108
2 17
42 41
36 105
43 96
50 144
41 91
107 118
9 10
113 87
139 97
72 15
53 93
100 129
100 59
3 131
81 99
7 102
25 48
14 55
51 73
27 44
102 39
23 115
94 49
131 91
25 124
13 147
55 61
77 34
26 100
74 87
61 39
126 95
132 141
137 17
86 140
37 45
87 70
7 93
144 82
43 115
10 72
68 69
107 33
125 113
10 84
67 137
66 131
2 72
123 145
76 96
64 6
57 138
136 129
112 108
40 138
14 65
43 106
144 30
58 51
122 28
28 87
43 142
109 18
149 70
148 36
136 50
126 30
14 109
15 24
16 137
124 15
69 61
86 82
69 16
9 86
142 39
47 108
117 79
98 8
68 113
29 38
133 107
144 57
54 124
62 134
36 111
75 57
7 76
135 111
36 95
4 55
92 49
28 22
92 117
43 135
39 85
53 74
55 33
106 84
4 77
117 6
79 18
74 17
117 110
34 48
119 24
118 57
76 91
14 31
61 21
41 52
28 127
122 33
53 82
8 24
4 93
2 20
23 63
123 149
92 39
66 121
51 33
83 21
104 1
136 28
25 49
9 42
104 44
3 129
2 87
112 39
77 83
78 95
60 24
81 130
56 90
63 126
23 130
75 100
74 5
10 111
140 82
54 51
7 67
149 45
42 84
117 1
133 123
120 58
28 30
23 50
117 62
49 115
22 46
93 33
66 129
11 85
36 11
131 109
37 3
105 30
68 82
149 57
78 126
49 105
93 139
58 3
100 97
62 73
2 5
116 87
135 115
65 85
63 134
49 88
56 39
100 62
7 109
38 127
78 142
132 144
124 89
7 101
37 97
31 44
69 91
53 123
147 80
14 138
14 86
42 19
9 18
98 86
81 117
43 55
83 39
15 12
123 41
66 120
89 118
109 73
67 131
124 39
135 11
146 52
54 137
53 80
67 56
119 103
100 145
133 103
54 78
140 141
64 107
41 57
10 30
142 111
132 147
47 50
7 86
17 111
145 84
7 141
42 131
67 87
99 18
68 150
23 69
109 30
52 134
79 115
35 139
80 142
148 94
42 91
122 65
87 46
4 92
117 61
47 149
132 145
97 88
113 142
65 62
49 24
81 22
29 27
16 109
43 137
104 46
107 106
133 139
123 105
66 98
42 83
92 20
122 114
120 96
25 45
40 127
95 79
47 136
47 3
47 17
34 123
81 113
81 111
87 59
10 94
89 96
62 44
32 103
25 65
101 22
75 36
92 59
42 90
121 5
130 5
26 105
131 99
17 87
47 6
136 114
48 113
117 150
82 45
9 139
53 33
63 137
116 96
37 5
135 117
131 19
135 104
137 38
130 64
26 96
86 40
40 27
72 87
57 73
56 44
81 39
67 144
60 70
130 57
58 59
7 22
42 110
59 118
62 82
141 138
17 73
74 28
68 86
111 46
111 24
53 91
62 150
147 15
47 100
87 88
149 12
14 40
121 112
65 96
25 149
109 108
98 137
47 62
148 39
66 41
36 49
32 28
49 57
26 107
22 6
3 33
59 91
147 149
68 25
72 57
83 62
77 64
25 110
10 108
60 105
92 51
26 128
138 18
2 117
25 135
23 35
28 95
77 141
29 106
74 30
39 46
66 22
72 129
69 3
108 45
69 74
3 145
71 91
35 124
143 49
135 95
14 35
43 131
136 148
117 118
119 10
75 27
59 106
34 3
37 72
116 49
23 59
67 114
98 49
66 130
141 1
9 108
50 145
56 5
86 97
13 129
50 62
125 20
103 8
60 80
128 148
41 96
136 76
10 83
27 70
78 14
113 84
145 137
123 96
119 83
55 126
63 44
124 108
89 5
65 150
34 112
32 150
122 61
70 12
102 66
98 65
117 112
83 48
146 88
112 113
55 5
141 46
32 34
146 101
9 3
133 146
113 33
147 30
32 122
63 103
80 52
26 31
140 134
137 48
74 108
2 95
120 101
67 15
127 18
23 96
22 88
58 88
87 105
40 113
25 69
76 111
117 72
35 55
46 91
99 96
148 142
145 39
32 67
103 134
140 16
39 105
55 34
100 53
136 63
125 90
77 98
92 137
135 39
28 6
49 82
64 96
58 96
126 104
137 18
34 16
55 114
55 90
13 83
69 67
83 142
47 18
47 79
43 52
126 141
126 117
62 70
132 52
59 139
13 61
32 24
15 22
25 134
68 106
74 22
109 44
64 139
58 8
3 41
146 64
80 62
14 111
132 73
16 73
92 130
125 150
10 39
61 64
148 53
145 108
33 115
61 17
7 111
19 20
43 103
138 105
13 135
66 77
71 37
3 96
120 143
147 65
66 96
111 20
27 65
78 51
120 123
124 45
116 19
8 129
66 64
72 88
147 8
116 39
32 123
63 141
15 57
81 21
83 15
11 15
128 118
92 89
101 93
56 96
104 6
136 78
15 88
63 67
98 56
98 140
11 46
89 27
136 80
102 97
21 18
80 85
132 143
29 96
97 30
81 49
67 1
23 73
104 96
41 105
116 86
122 93
11 22
60 149
43 91
53 138
78 29
86 108
6 134
16 105
128 98
63 55
74 141
102 126
74 36
66 44
28 56
149 85
149 49
29 110
124 121
110 30
32 110
16 110
25 125
116 142
140 84
148 5
71 76
27 93
135 131
31 5
8 46
63 12
21 96
146 122
133 126
95 129
3 146
92 17
136 13
120 117
124 99
132 6
59 150
115 52
54 66
34 96
108 129
60 51
69 58
58 76
71 94
71 120
77 131
98 33
64 5
64 79
63 117
59 94
86 27
34 8
96 84
60 98
124 64
125 112
116 52
101 112
146 48
98 130
60 62
121 64
60 99
16 149
23 84
71 74
37 147
131 93
14 130
135 94
75 137
62 1
138 45
18 24
47 139
76 115
35 59
75 89
123 87
131 74
32 12
102 123
68 55
130 91
25 129
32 88
95 115
128 86
58 85
59 11
147 85
50 74
66 36
108 141
113 39
74 137
42 140
86 52
8 142
50 104
50 114
66 116
98 5
48 149
125 59
19 18
144 137
126 115
37 125
23 89
144 16
63 60
105 88
16 8
75 93
54 11
66 82
91 127
77 73
53 81
83 94
149 91
19 127
27 141
25 84
83 82
140 59
132 98
136 116
110 46
93 51
80 17
35 143
106 1
147 98
140 76
116 17
23 134
16 49
62 21
17 107
37 10
60 41
93 18
28 110
128 149
117 44
136 39
22 44
5 82
112 106
77 130
64 150
109 59
133 6
46 90
103 96
67 113
10 35
54 4
51 106
25 70
71 123
110 5
114 79
114 94
113 5
14 81
65 90
135 30
125 110
47 96
3 95
125 106
74 19
132 10
2 149
72 19
133 77
145 5
126 143
7 148
72 149
29 113
142 15
53 87
60 114
119 68
47 42
103 73
4 51
132 57
111 115
146 139
68 52
148 90
125 107
75 52
68 89
116 118
78 89
34 131
56 52
17 118
36 76
124 90
102 55
69 87
137 118
25 34
69 113
36 41
74 79
135 150
99 22
74 56
10 107
83 22
148 29
2 82
28 96
59 24
80 45
129 44
29 3
96 90
83 101
94 96
59 52
121 114
37 135
109 138
80 150
62 38
121 41
121 84
99 61
48 8
95 96
36 44
112 27
121 16
107 22
116 64
81 139
95 110
148 93
19 110
122 82
66 81
132 150
26 77
23 123
23 67
66 146
106 91
23 68
104 111
95 20
137 85
77 143
114 16
102 116
15 20
148 107
116 44
84 45
128 144
102 53
55 17
75 91
103 3
106 24
10 11
133 84
122 126
131 76
10 56
13 118
27 57
100 131
129 90
68 44
137 110
19 106
109 141
32 90
2 90
116 1
32 41
137 113
102 120
117 24
77 82
97 138
26 24
99 109
124 74
67 19
13 85
5 85
71 80
47 25
100 31
92 131
103 39
109 24
81 134
93 84
131 110
149 141
92 102
81 122
26 116
68 47
43 121
150 18
117 106
147 130
140 61
133 97
3 118
44 1
14 118
102 111
75 53
54 90
61 141
123 70
63 78
21 30
89 88
39 106
47 32
89 56
75 121
124 21
69 44
140 30
70 52
115 134
37 65
77 42
128 133
40 49
81 3
60 94
42 142
59 41
57 85
122 76
78 107
77 117
132 80
94 11
142 20
131 38
83 88
147 111
61 115
54 12
123 6
109 62
144 15
63 79
80 127
50 34
42 33
27 38
28 142
17 84
80 79
146 85
68 114
42 67
43 120
124 114
69 106
147 19
117 76
103 140
95 52
117 111
102 141
69 36
71 82
71 46
36 6
99 6
61 150
3 15
65 46
32 111
28 139
78 115
102 51
52 57
147 137
81 95
133 28
89 41
100 126
7 78
112 21
144 46
35 115
92 118
144 22
143 28
78 130
117 11
136 1
145 90
19 59
75 81
100 51
53 36
4 58
148 75
128 19
19 8
40 6
68 6
74 82
17 33
48 12
80 122
58 129
14 34
66 122
8 150
9 65
123 81
95 49
75 80
54 34
72 18
125 131
77 91
7 9
36 97
17 79
2 105
119 87
58 127
60 38
125 67
96 115
126 5
80 86
124 94
50 89
83 91
144 88
70 46
108 20
14 61
55 46
47 138
68 111
83 106
107 70
69 49
26 58
114 138
95 38
123 28
37 44
53 137
19 91
98 108
89 67
41 20
83 143
92 34
142 45
68 140
104 22
60 83
130 22
98 15
89 93
79 85
86 112
56 150
133 53
4 33
47 103
119 113
116 21
29 127
117 104
122 109
87 12
72 91
61 72
54 21
4 78
74 52
130 131
144 20
39 24
126 138
35 74
69 137
41 84
16 44
140 149
31 86
135 51
54 147
49 21
117 21
89 1
72 137
72 16
13 67
4 56
92 80
113 118
135 144
25 52
99 19
58 94
57 88
32 85
81 110
3 99
83 112
107 97
102 118
43 82
146 149
135 90
78 97
102 45
117 139
25 27
86 90
15 127
66 97
50 98
131 12
98 87
114 84
147 108
25 102
141 90
58 109
96 18
51 138
108 127
120 52
31 84
22 33
47 130
35 116
17 51
50 12
83 84
9 101
124 147
13 89
102 76
31 10
53 45
68 127
4 135
94 115
10 6
23 31
47 69
118 44
86 149
35 79
133 121
125 40
9 33
37 28
80 12
26 17
121 44
98 58
68 97
58 143
141 84
149 11
144 39
11 118
22 52
121 58
101 82
128 55
69 108
32 113
101 95
120 2
13 87
79 106
137 36
68 54
32 145
53 38
66 48
40 84
102 106
125 103
136 18
124 101
4 86
128 15
48 22
43 42
109 51
47 30
113 20
99 24
68 61
134 30
128 65
53 144
103 22
7 82
121 146
14 83
47 53
60 146
103 142
81 104
27 113
106 115
6 111
112 97
65 33
131 39
71 99
101 19
71 136
97 21
27 21
120 38
68 92
131 48
137 5
32 73
69 95
124 138
31 97
23 125
13 22
136 150
26 124
35 95
65 127
68 108
116 73
102 94
98 6
123 131
136 147
67 40
87 5
77 86
83 81
146 104
143 90
133 19
92 65
37 123
89 20
2 76
9 150
125 3
117 39
79 73
58 73
68 2
89 38
113 8
67 8
86 24
42 112
75 104
139 79
148 1
86 19
34 15
110 49
25 107
137 59
140 45
126 150
48 111
125 45
21 24
92 52
4 35
37 9
43 36
37 98
29 28
81 106
149 79
23 58
101 108
90 84
99 94
8 118
4 76
100 10
100 79
144 127
132 113
112 84
69 20
7 121
48 41
13 94
67 122
104 95
69 38
35 11
4 126
35 126
5 141
136 34
55 57
32 3
145 45
9 147
42 57
122 72
132 60
59 96
37 51
117 49
43 123
135 99
121 141
15 106
125 105
71 13
50 149
109 45
9 91
23 137
32 95
10 42
108 24
66 15
63 41
35 30
136 124
146 76
146 142
116 97
7 58
101 122
70 105
36 39
83 51
66 17
94 110
64 20
7 30
28 137
26 88
62 5
67 48
14 64
42 130
3 93
7 99
109 57
140 51
41 138
143 95
133 106
146 62
71 84
60 3
86 11
48 59
137 142
31 145
133 91
92 113
9 135
10 40
103 51
31 79
125 139
23 105
89 16
7 49
83 74
68 1
102 84
41 134
128 41
82 30
11 18
96 30
35 150
25 142
106 45
47 58
116 57
119 143
77 109
56 51
147 107
5 76
37 64
60 97
107 48
3 21
113 11
66 30
60 101
132 122
38 52
90 1
26 18
16 59
128 100
22 18
135 107
31 58
145 44
26 91
25 93
148 137
62 95
114 22
30 18
34 81
53 116
78 81
63 83
143 129
34 146
28 38
33 18
47 14
125 30
148 34
14 62
146 108
69 112
71 38
124 48
106 88
87 51
112 141
47 20
35 97
9 77
35 87
98 105
108 88
129 88
38 111
51 41
66 3
47 39
38 22
63 92
53 8
128 78
23 38
83 144
63 145
29 65
130 137
76 21
56 1
135 123
63 2
4 118
71 8
81 143
29 150
121 61
13 42
136 123
150 20
108 18
67 115
147 1
131 51
3 56
78 58
116 12
48 79
120 79
12 57
81 44
66 51
49 22
4 150
68 98
86 110
130 38
32 129
128 91
63 90
75 135
31 130
133 110
83 115
131 44
89 33
135 58
75 22
38 18
92 31
55 139
57 20
46 20
80 117
102 138
16 94
81 67
149 84
128 53
78 111
17 142
80 67
72 56
119 52
110 73
14 96
121 65
69 85
135 70
41 118
14 48
60 127
11 33
51 12
13 150
86 16
83 129
19 79
25 12
47 112
40 72
128 115
117 129
85 1
146 28
53 29
62 8
36 33
71 3
77 18
72 48
54 70
121 59
12 73
120 22
50 61
4 139
4 108
36 84
37 120
149 33
145 91
13 100
103 108
76 105
126 11
81 6
54 103
72 108
120 82
43 140
58 62
93 39
143 41
141 82
147 122
10 8
135 109
17 1
83 93
26 104
130 30
26 135
54 22
140 129
84 85
29 93
78 57
111 134
122 21
68 22
133 66
71 97
99 70
108 96
150 141
32 1
149 150
35 80
122 27
123 140
117 74
78 27
86 48
13 111
69 84
101 141
83 99
92 57
19 129
74 88
14 32
25 32
112 109
78 64
43 67
28 51
49 84
32 147
68 56
75 90
120 1
86 70
3 16
43 19
37 11
9 145
102 85
103 41
50 112
31 70
86 22
78 93
8 52
16 111
50 39
19 109
29 41
125 98
130 94
119 60
60 139
145 79
99 144
97 82
63 107
80 64
126 16
28 17
112 6
34 29
63 9
95 44
116 150
56 57
117 115
112 49
132 149
97 70
122 91
149 38
132 35
14 20
121 125
55 69
120 127
80 106
123 24
2 106
130 65
117 15
116 130
42 146
59 138
2 107
138 127
23 78
69 105
48 62
121 57
25 121
139 150
75 34
121 142
133 40
71 10
55 20
123 52
144 112
37 78
147 105
23 97
100 123
71 140
148 17
102 140
63 143
25 28
14 79
106 38
26 147
77 88
104 87
7 89
58 12
89 94
37 83
27 6
146 137
86 5
13 39
64 56
91 18
42 72
143 144
55 138
9 114
47 72
131 6
81 73
129 105
112 24
32 115
127 45
31 49
23 30
147 45
10 48
63 39
13 97
124 97
75 79
58 65
42 76
111 105
121 109
131 41
135 28
133 92
144 106
31 45
95 106
139 11
133 115
124 57
98 84
7 3
3 74
98 48
37 74
114 8
40 104
110 57
37 14
146 95
35 3
56 91
68 60
40 85
104 15
68 107
72 93
64 149
100 32
13 65
6 45
78 38
58 108
35 140
61 79
31 91
5 41
93 127
78 2
132 81
124 93
72 73
7 26
147 110
69 24
99 114
47 80
132 68
144 97
109 88
56 94
55 27
125 134
77 44
113 56
112 118
95 70
35 46
92 60
107 15
124 109
124 131
70 33
60 79
43 17
13 116
109 21
23 87
43 34
64 73
26 52
121 105
87 96
132 116
98 21
2 53
145 97
57 18
69 134
131 64
4 28
137 88
81 56
68 137
81 131
75 64
86 67
106 138
136 33
119 114
147 44
65 73
63 54
12 18
60 134
136 108
65 52
58 40
25 105
119 147
36 48
59 8
78 104
9 109
104 94
3 94
54 132
94 57
54 96
116 84
147 73
87 30
69 82
98 18
48 45
102 89
124 127
31 20
108 30
80 74
101 45
95 134
54 42
128 123
76 41
43 108
100 112
122 110
92 82
123 20
100 105
145 130
33 30
94 22
133 18
103 44
104 106
23 54
132 48
116 24
135 97
10 114
7 5
11 106
40 62
136 99
2 59
144 64
51 15
5 73
135 93
27 144
40 82
39 15
67 145
82 1
61 127
140 28
37 21
25 122
13 62
132 138
123 1
148 99
108 84
109 38
140 104
4 27
5 115
46 57
7 44
66 5
10 41
38 24
50 134
14 95
67 143
75 40
119 61
78 1
148 10
137 6
43 53
53 141
100 143
133 138
67 62
60 66
133 95
54 88
40 88
82 18
65 138
129 33
145 15
19 64
32 120
98 85
146 131
83 3
10 19
27 114
70 73
25 21
107 115
77 87
58 64
43 5
121 24
54 62
29 74
145 72
119 73
93 95
148 115
77 105
121 106
54 48
135 17
26 81
124 84
49 142
122 59
60 36
110 129
67 118
2 40
76 15
31 52
67 39
105 45
113 49
146 15
29 118
147 74
135 110
149 105
119 138
100 84
14 122
37 96
135 48
145 56
78 150
76 24
147 18
10 122
126 65
133 82
140 15
62 57
34 114
110 39
37 85
45 85
135 1
105 20
80 144
31 72
75 17
31 144
37 34
60 56
121 29
34 17
59 22
35 34
80 46
68 64
31 134
135 82
133 39
53 86
83 28
122 90
71 18
63 124
29 12
75 70
109 107
127 82
37 36
4 75
63 38
74 64
5 150
28 79
150 90
89 64
10 125
37 130
133 50
67 17
70 18
118 134
17 91
92 35
112 150
128 58
9 24
77 49
126 39
148 22
89 107
115 24
137 111
67 82
13 15
131 115
50 24
14 58
74 114
135 83
112 61
92 6
146 49
60 28
32 53
121 130
135 81
3 18
33 20
86 131
104 138
135 65
55 38
61 36
68 70
89 40
42 66
128 136
102 41
135 120
59 142
16 48
8 82
148 86
140 89
56 127
97 85
97 96
9 52
143 19
17 95
108 111
59 46
67 126
89 138
140 20
102 127
35 109
87 79
66 95
120 81
2 89
141 57
65 24
32 30
10 49
62 106
104 113
124 103
104 76
47 104
86 15
79 76
94 88
34 117
132 140
86 99
61 22
66 70
103 80
92 140
8 38
110 51
3 73
121 30
119 104
143 73
147 101
4 141
50 45
143 12
21 142
41 90
119 86
86 46
112 130
86 113
145 105
32 139
76 39
97 94
51 22
55 41
2 139
14 25
116 40
140 73
113 88
127 134
98 126
101 24
12 24
132 49
71 129
52 85
75 38
40 24
32 58
27 107
7 54
42 107
9 111
114 44
80 112
136 12
28 57
78 105
17 115
68 62
132 114
141 96
139 96
7 47
42 114
75 24
100 45
63 36
94 90
54 108
78 34
114 106
102 87
136 142
116 117
62 141
145 107
128 143
5 52
10 76
146 5
25 78
23 2
55 22
62 97
26 46
60 109
56 111
136 86
53 112
92 126
13 127
128 43
147 6
80 76
126 22
7 85
57 45
121 137
23 141
123 5
119 89
26 39
37 35
123 97
27 95
10 24
135 57
113 108
61 44
93 90
77 149
130 113
146 82
4 34
142 85
106 105
143 139
35 127
135 49
149 115
4 117
103 91
83 89
5 15
132 148
46 138
124 67
149 106
92 109
36 12
109 94
4 94
4 20
26 6
25 108
68 37
25 17
29 107
27 59
10 55
8 85
147 41
75 88
142 141
60 84
144 36
81 141
31 124
51 84
125 149
141 105
55 76
64 115
130 15
117 16
37 133
108 11
121 39
60 8
52 18
60 69
48 88
131 21
117 108
123 141
35 81
125 87
135 146
148 91
93 105
80 84
143 46
75 114
148 130
68 21
38 45
49 111
144 62
7 106
123 57
50 8
103 145
60 112
25 91
78 42
31 33
142 96
14 150
141 39
103 97
149 24
113 65
100 17
149 127
55 111
27 142
119 39
94 41
42 129
86 123
37 124
140 48
135 36
120 24
131 11
48 142
136 51
43 58
11 21
88 84
83 80
19 88
124 22
128 12
5 46
50 81
130 16
94 33
79 6
48 49
38 6
71 14
109 134
148 135
14 38
89 111
8 127
26 149
35 66
43 66
124 1
100 35
131 111
131 49
102 21
83 147
125 12
71 30
133 79
17 8
114 62
98 117
72 70
138 85
32 48
93 28
117 87
28 94
86 141
10 138
92 42
16 141
6 30
130 44
7 100
8 96
27 5
119 67
107 51
37 4
31 90
101 149
116 70
116 16
61 15
149 41
105 18
87 56
102 70
15 6
59 88
130 73
41 33
75 77
127 90
124 87
40 111
74 90
13 82
19 141
119 132
63 97
27 51
136 126
87 82
61 49
27 8
9 146
99 106
43 84
55 140
53 145
78 116
133 104
17 127
149 39
148 116
104 109
130 109
14 75
119 80
98 70
89 8
68 126
140 8
7 29
81 58
47 101
136 44
72 143
14 88
58 114
47 55
32 27
122 18
50 108
128 32
148 129
25 99
100 11
128 73
25 50
25 90
114 15
26 55
83 36
25 85
35 147
143 127
29 129
26 57
31 29
54 86
10 82
124 61
67 129
147 3
37 99
60 16
118 111
55 120
52 20
48 90
116 28
139 30
29 15
68 46
77 51
54 135
74 129
113 90
3 1
132 97
103 21
126 142
98 143
53 115
75 39
53 110
43 104
144 96
60 82
81 91
76 45
68 67
94 129
68 100
25 87
27 79
66 90
113 38
81 146
31 102
83 103
74 38
124 38
86 33
127 33
68 101
35 22
54 138
19 107
97 150
11 115
110 45
56 33
136 141
136 117
53 65
55 95
4 124
131 45
23 75
55 87
8 6
31 148
74 76
63 73
102 18
114 65
89 36
47 84
100 28
9 47
66 69
135 27
148 73
86 144
13 64
34 74
133 1
124 33
2 88
121 127
61 97
101 114
66 108
23 132
32 39
92 88
116 123
32 5
125 130
3 30
98 139
13 28
102 131
54 59
80 141
97 46
102 125
7 87
104 11
47 24
78 146
125 1
59 18
117 52
4 45
15 90
121 36
124 12
92 143
31 62
148 117
77 40
112 127
13 81
123 137
83 140
47 89
123 29
135 125
5 79
120 11
107 12
43 54
92 141
42 21
132 107
140 114
19 105
53 114
47 114
98 80
145 73
49 73
23 33
122 3
7 14
28 111
36 85
40 137
72 90
16 57
2 11
121 74
53 130
51 46
93 94
32 109
101 115
77 45
100 36
67 65
47 144
65 45
85 134
128 30
43 113
26 9
9 131
58 138
61 93
34 134
14 112
61 85
39 84
98 146
130 110
60 42
7 2
40 65
13 50
105 1
94 79
76 138
148 64
121 131
74 46
145 95
120 19
120 87
89 149
26 53
50 97
126 74
78 108
123 117
100 142
37 22
83 11
78 120
117 122
133 96
29 138
119 3
53 76
101 1
35 27
130 79
140 107
26 84
7 16
114 129
75 12
136 3
77 57
75 86
43 150
74 115
66 115
79 82
92 138
29 142
37 111
37 57
22 91
133 81
53 79
101 65
100 141
62 94
148 84
57 1
108 139
34 139
128 132
113 110
150 88
68 102
60 20
97 22
86 88
51 91
50 1
117 130
126 17
149 110
132 92
136 125
11 20
47 77
11 38
71 47
36 139
86 17
25 66
141 115
128 45
118 12
31 74
133 111
12 84
116 22
72 106
37 56
50 86
43 72
65 11
77 122
117 36
54 58
114 88
43 94
120 27
76 52
29 79
78 109
43 8
9 90
42 80
120 149
74 112
50 83
75 67
15 85
77 46
67 94
42 65
120 48
57 24
103 106
136 70
136 22
129 85
2 45
62 88
63 74
39 57
10 74
95 138
47 86
23 60
40 126
75 97
135 66
10 95
128 60
149 51
63 106
118 91
14 46
35 61
147 86
71 59
107 141
28 91
119 149
92 77
48 44
113 134
42 89
114 70
5 44
100 38
93 22
114 46
106 6
98 106
121 87
14 18
123 90
97 115
93 59
58 101
135 105
23 114
122 150
100 93
19 95
126 28
126 1
75 145
53 18
102 98
38 30
150 46
68 11
145 12
48 11
21 44
78 98
80 139
124 19
101 131
89 145
60 130
27 33
51 76
4 103
144 70
37 93
93 24
130 84
147 94
96 12
42 111
93 96
136 88
120 114
71 146
54 92
13 48
125 5
50 42
146 144
67 21
34 33
144 111
89 73
119 40
47 46
58 93
92 38
132 94
123 89
35 82
61 84
135 18
27 84
116 8
137 65
60 81
120 140
116 15
55 97
149 96
132 56
54 136
77 56
68 59
66 139
107 150
51 38
131 33
26 8
25 51
63 114
41 24
100 118
63 139
63 11
116 76
34 91
69 131
80 126
34 61
72 21
34 82
23 51
87 90
73 24
93 56
135 76
113 105
62 138
121 140
63 65
43 76
146 106
101 142
123 51
110 111
100 55
58 105
13 106
92 123
32 21
31 42
37 108
31 24
148 66
28 64
83 30
28 46
69 27
122 51
114 30
58 22
14 6
69 19
27 19
43 32
58 118
31 50
140 56
59 33
47 40
77 16
26 136
66 80
127 84
132 55
140 126
81 105
19 56
29 36
81 96
4 59
10 98
133 8
63 140
27 109
49 39
9 58
14 24
11 76
7 104
130 138
9 80
80 19
15 41
54 80
68 5
140 74
34 42
33 134
132 104
129 5
43 112
123 30
63 5
100 44
110 8
125 85
71 109
126 20
29 86
43 24
2 86
92 22
137 51
26 131
101 48
102 36
98 123
67 41
53 39
147 81
35 53
31 137
2 19
53 108
13 114
25 141
10 81
25 146
40 149
29 89
32 89
54 117
23 34
124 107
99 76
54 84
113 73
72 139
54 55
25 53
146 94
129 22
23 127
145 64
75 61
38 1
92 90
131 24
146 74
133 142
126 62
110 127
42 97
3 111
30 1
4 61
146 22
34 73
77 150
36 52
136 145
116 56
2 46
47 34
26 32
55 44
136 66
136 100
3 144
55 58
97 41
75 29
29 19
27 115
25 120
146 129
51 21
58 46
133 9
145 150
74 93
65 129
140 99
119 50
131 5
116 129
81 88
144 5
23 48
116 134
103 24
58 104
102 67
128 80
70 57
41 73
55 6
60 142
10 77
103 27
28 149
27 16
92 142
135 98
10 113
133 112
91 20
66 144
10 70
32 91
32 17
10 61
89 15
31 106
64 30
35 57
120 144
43 40
104 59
109 118
99 33
29 61
77 59
32 15
117 65
97 108
141 134
130 56
86 41
52 84
60 10
66 93
75 35
106 73
67 141
121 52
84 18
13 11
54 61
120 76
81 142
14 30
81 17
103 52
100 74
6 18
148 114
23 6
28 82
53 113
66 73
53 61
14 44
99 28
112 18
23 117
104 65
63 53
101 41
135 124
92 121
43 127
102 57
140 91
63 120
37 82
74 134
117 57
71 25
139 39
3 110
58 141
46 134
143 113
119 5
68 58
29 21
32 18
31 60
103 74
83 72
66 83
54 129
28 90
126 36
120 74
13 52
83 120
128 87
66 118
89 49
120 70
143 107
37 144
62 56
99 36
119 129
104 129
7 98
100 3
122 142
98 89
47 81
13 59
75 41
86 146
32 55
103 101
82 73
103 5
64 111
54 112
72 22
112 111
75 50
147 58
40 33
58 5
130 52
132 72
60 64
62 111
44 30
99 113
69 62
47 10
49 1
148 21
14 103
9 142
114 48
55 91
13 93
13 46
26 51
50 77
8 20
21 105
42 51
148 141
80 3
118 115
14 113
146 1
81 36
136 81
9 144
110 33
32 22
10 51
10 144
23 18
131 108
4 90
9 137
80 28
114 144
140 117
43 79
78 65
110 115
13 108
75 82
10 118
22 127
43 124
35 45
92 64
135 139
50 57
82 24
118 141
122 134
10 69
25 86
22 84
116 61
119 110
70 82
97 73
28 134
81 57
26 148
72 111
68 31
58 90
143 138
26 2
121 83
102 33
54 50
4 133
54 14
100 94
119 133
50 143
15 30
126 24
125 126
68 85
114 33
89 105
17 49
126 73
108 12
68 74
17 129
71 83
29 16
6 57
34 49
139 90
31 120
81 114
49 79
50 120
130 39
78 48
28 108
95 118
43 73
8 41
78 56
83 150
7 1
23 118
101 56
63 138
67 24
145 142
14 17
14 67
142 73
129 73
98 67
12 33
54 115
120 64
113 129
35 65
133 76
51 5
79 45
92 147
145 1
77 97
76 33
97 1
146 93
145 36
11 127
9 5
77 5
71 148
108 51
28 11
131 113
112 48
61 113
80 73
116 149
89 65
127 88
47 134
123 106
14 39
100 90
93 41
11 129
113 51
37 80
120 56
119 23
96 134
22 1
14 10
35 113
131 150
88 91
103 84
19 139
51 52
140 80
103 58
98 24
7 48
64 88
144 11
70 30
71 131
26 99
90 111
108 79
53 11
128 23
21 138
75 42
100 125
61 24
74 99
102 88
56 141
27 28
95 127
125 42
17 41
5 24
71 101
130 141
17 108
148 149
70 38
133 144
32 131
72 150
2 70
27 56
55 118
124 91
87 134
110 106
97 5
54 45
36 107
62 85
148 88
67 45
48 15
53 126
3 84
47 150
7 79
145 115
136 27
55 117
27 111
132 95
13 90
142 38
4 120
19 57
9 81
36 108
125 147
70 108
85 20
19 150
32 64
137 57
54 79
14 12
31 88
29 11
9 129
128 135
29 114
86 56
32 76
13 78
13 121
50 121
147 72
103 107
27 1
9 20
116 29
100 2
39 44
50 147
55 64
136 83
56 59
48 20
26 47
135 89
53 17
31 2
114 39
99 21
147 126
136 84
95 51
128 137
100 122
96 33
8 141
14 1
128 57
61 46
105 24
140 85
43 64
137 52
117 138
47 126
86 105
64 15
69 110
21 118
94 5
97 51
73 30
138 30
110 138
52 91
100 67
104 64
7 124
125 8
40 45
23 139
42 11
42 108
143 22
135 84
2 94
16 21
68 134
8 90
34 58
55 48
65 118
87 45
30 20
140 41
13 38
114 91
72 76
54 98
119 82
54 121
103 59
14 85
75 115
35 149
135 69
136 139
3 62
128 5
4 148
75 62
54 150
137 45
9 98
75 110
79 118
117 46
103 46
25 114
94 134
14 82
84 24
126 19
82 134
10 103
128 52
51 129
119 76
114 134
36 79
68 145
64 45
147 87
62 41
112 91
55 134
71 58
124 117
81 107
2 41
117 85
150 118
75 19
74 49
110 85
27 49
125 94
123 127
72 30
35 106
28 33
67 91
99 38
26 28
23 93
71 116
81 8
26 65
26 94
142 127
66 19
64 33
122 44
133 60
148 58
102 58
63 50
19 38
140 79
61 114
35 114
66 89
50 95
2 113
93 8
102 105
114 127
135 91
119 94
43 25
74 72
29 73
9 134
25 46
146 56
124 60
37 92
13 55
4 39
74 41
97 84
41 111
67 73
145 149
54 87
50 67
114 107
75 72
121 62
128 29
16 65
70 5
43 136
78 149
140 49
47 66
135 3
65 38
35 40
50 85
25 95
55 80
109 36
13 137
53 51
19 73
54 2
7 150
119 15
43 12
83 123
144 76
130 118
25 61
36 70
125 72
132 120
148 51
140 87
86 1
88 134
136 137
7 94
32 72
123 15
55 8
9 4
69 130
70 49
124 143
7 37
128 16
114 36
7 66
28 49
109 79
124 145
68 38
143 88
29 30
140 69
144 8
4 101
28 105
3 117
125 83
7 23
2 16
9 70
43 6
1 73
76 106
81 129
92 33
48 30
132 126
112 8
43 20
75 92
26 5
23 49
7 110
89 82
3 150
41 82
84 30
68 144
36 94
50 110
148 60
43 133
124 24
148 57
109 142
118 85
102 52
143 21
95 21
116 115
89 21
92 145
8 45
146 99
62 20
14 72
144 85
148 140
36 18
121 8
104 56
66 137
25 77
127 46
39 6
119 34
124 137
92 67
138 84
6 82
25 137
14 16
49 18
102 144
136 58
89 48
62 96
34 1
71 40
48 91
148 35
126 112
81 79
146 40
136 91
23 24
117 38
29 44
132 70
102 122
80 11
52 45
140 38
23 42
128 141
122 45
71 145
20 45
125 73
136 69
122 115
74 113
32 44
118 82
99 150
16 70
25 38
132 27
58 89
131 85
123 130
45 30
36 21
139 51
61 45
138 111
146 33
77 22
71 121
60 57
89 144
37 109
68 8
128 21
28 88
116 131
37 6
65 97
114 93
2 79
32 137
114 17
75 112
123 82
76 134
140 90
145 48
115 57
141 91
46 24
42 109
71 17
150 82
59 108
7 73
4 42
122 15
27 76
4 31
128 7
91 90
37 138
2 58
74 12
139 118
147 115
107 127
120 45
77 21
63 87
110 6
109 41
142 84
34 150
29 51
123 8
16 150
42 30
77 19
142 18
69 1
87 64
130 95
89 62
33 45
34 106
37 143
51 39
2 140
147 90
105 44
75 120
31 27
136 48
136 112
103 138
109 110
133 25
37 142
70 1
71 98
143 82
72 115
108 44
120 109
126 61
147 146
43 74
124 120
48 84
26 80
40 12
132 76
92 98
45 24
58 142
16 90
7 138
99 105
37 118
83 126
32 79
93 73
148 30
50 76
29 90
76 1
2 30
4 41
136 85
34 88
54 3
54 142
148 72
109 87
135 114
71 28
99 52
67 105
116 110
136 135
78 82
10 121
148 56
10 87
66 28
40 105
140 52
50 106
69 138
146 89
25 143
145 110
54 24
100 69
136 65
16 19
143 17
144 19
99 15
148 97
125 62
63 133
140 5
129 30
3 107
43 78
4 62
133 87
50 105
87 138
7 51
146 67
26 85
79 129
5 134
26 27
68 81
27 150
83 45
75 116
50 15
9 113
2 22
135 134
98 41
50 44
132 111
13 115
98 39
131 1
47 41
86 65
37 90
113 91
50 129
100 64
148 46
