InstanceID
7_20_4
NumObjects
20
NumFactors
4
Weights
81.24385822007527
65.49774646337252
48.96133803478428
7.875953556887483
58.15906311251917
25.805333157677303
19.64649019558198
19.392536240567605
84.29510710331931
66.19303282513103
40.13518161037963
63.59044269989988
48.83636546924342
98.6985622113955
45.92306948614839
79.23560381723036
38.14143485237391
72.28732924471907
73.80915162156754
74.50442509510245
Budget
556.1160125089881
Profits
-16.248771644015054
-13.099549292674505
-9.792267606956857
-1.5751907113774966
-11.631812622503833
-5.16106663153546
-3.9292980391163956
-3.8785072481135208
-16.85902142066386
-13.238606565026206
-8.027036322075926
-12.718088539979977
-9.767273093848683
-19.7397124422791
-9.184613897229678
-15.847120763446071
-7.628286970474782
-14.457465848943816
-14.761830324313507
-14.900885019020489
FactorLoading_Φ
0.012122539899107165	0.3222608822741464	-0.40036322761230503	-0.2652533502144414
0.2398320020380864	-0.020922091340076276	0.007373451189503166	-0.7318724554323341
0.4410718068472461	0.23061760743604776	-0.2926430013925465	0.03566758432415962
-0.06051726649515299	-0.8450738555870754	0.012054777297526797	-0.08235410062024484
-0.38694373863025944	-0.31541964731519134	0.27867811567642264	0.018958498378126576
0.21130423746783156	0.13257545937314363	-0.5447664156571093	0.11135388750191555
0.3062661537416156	-0.17666233863910286	0.26990028451373127	-0.2471712231055503
0.14074628587484117	-0.039580692583227606	0.20528355607250992	-0.6143894654694213
-0.02379618494797664	0.8372337408479493	0.08429258879402912	0.05467748541004491
-0.46472080777628566	-0.021145125427466827	-0.3783873595907763	-0.13574670720547122
-0.1874671095456668	0.3066068830676878	-0.3476429653912785	0.1582830419953669
-0.24563797031692025	0.2599576117351894	0.4050512112396176	0.08935320670827274
-0.11753091942199023	0.4907331370759991	0.3285214392960527	0.06321450420595798
-0.16469721378774915	0.4093993262273554	0.16573803931474673	-0.2601654206701487
0.24268593854327603	0.23375135141711745	-0.36379606047625046	-0.15976664956335607
0.19372232681000412	-0.20802412241105617	0.5935480897991823	-0.0047054609797574365
-0.005995937763022541	-0.3324895764541136	-0.1824919409259229	0.47902254485694096
0.0845702295703119	0.3500022733779149	0.5492641291134048	-0.016163367938368367
0.33974754756359604	-0.2393163523487929	0.009626148059606043	0.411309952028005
0.03182206758414896	0.08235284538769028	0.7497184496008227	-0.13610663742733808
FactorLoading_Ψ
0.012122539899107165	0.3222608822741464	-0.40036322761230503	-0.2652533502144414
0.2398320020380864	-0.020922091340076276	0.007373451189503166	-0.7318724554323341
0.4410718068472461	0.23061760743604776	-0.2926430013925465	0.03566758432415962
-0.06051726649515299	-0.8450738555870754	0.012054777297526797	-0.08235410062024484
-0.38694373863025944	-0.31541964731519134	0.27867811567642264	0.018958498378126576
0.21130423746783156	0.13257545937314363	-0.5447664156571093	0.11135388750191555
0.3062661537416156	-0.17666233863910286	0.26990028451373127	-0.2471712231055503
0.14074628587484117	-0.039580692583227606	0.20528355607250992	-0.6143894654694213
-0.02379618494797664	0.8372337408479493	0.08429258879402912	0.05467748541004491
-0.46472080777628566	-0.021145125427466827	-0.3783873595907763	-0.13574670720547122
-0.1874671095456668	0.3066068830676878	-0.3476429653912785	0.1582830419953669
-0.24563797031692025	0.2599576117351894	0.4050512112396176	0.08935320670827274
-0.11753091942199023	0.4907331370759991	0.3285214392960527	0.06321450420595798
-0.16469721378774915	0.4093993262273554	0.16573803931474673	-0.2601654206701487
0.24268593854327603	0.23375135141711745	-0.36379606047625046	-0.15976664956335607
0.19372232681000412	-0.20802412241105617	0.5935480897991823	-0.0047054609797574365
-0.005995937763022541	-0.3324895764541136	-0.1824919409259229	0.47902254485694096
0.0845702295703119	0.3500022733779149	0.5492641291134048	-0.016163367938368367
0.33974754756359604	-0.2393163523487929	0.009626148059606043	0.411309952028005
0.03182206758414896	0.08235284538769028	0.7497184496008227	-0.13610663742733808
Conflicts
11 18
11 1
9 15
7 4
16 11
3 16
17 1
4 18
8 5
19 16
16 8
19 5
9 1
4 5
5 1
10 1
16 5
16 20
2 1
13 8
16 12
5 18
9 18
17 15
15 18
11 15
9 20
16 15
7 13
19 11
4 16
14 18
4 10
20 18
13 5
5 12
2 16
11 12
10 16
3 1
3 19
2 5
7 14
10 15
9 12
13 16
7 5
17 6
8 12
19 12
15 20
19 1
13 18
14 3
10 2
9 2
4 3
14 20
4 19
17 5
2 15
10 11
9 13
14 17
11 20
14 2
4 17
17 18
2 17
6 18
12 20
19 8
4 12
11 6
7 20
3 12
17 11
14 11
5 15
10 19
2 11
7 6
12 6
14 5
14 8
4 11
16 17
8 18
15 1
13 2
14 15
4 20
5 20
14 16
2 12
