InstanceID
7_40_4
NumObjects
40
NumFactors
4
Weights
81.24385822007527
65.49774646337252
48.96133803478428
7.875953556887483
58.15906311251917
25.805333157677303
19.64649019558198
19.392536240567605
84.29510710331931
66.19303282513103
40.13518161037963
63.59044269989988
48.83636546924342
98.6985622113955
45.92306948614839
79.23560381723036
38.14143485237391
72.28732924471907
73.80915162156754
74.50442509510245
33.438342217325356
1.2122539899107165
73.47466497855586
80.40222425985333
75.9540016305056
6.486169314089607
28.779459400092232
26.075409337816268
26.812754456766584
23.983200203808643
98.31045491229624
18.976665278178206
67.21467520300546
28.922693449038416
44.10718068472461
96.43324156758403
67.16894142832939
76.21546430337038
69.60890021481822
14.52220154560042
Budget
1035.165461696823
Profits
-16.248771644015054
-13.099549292674505
-9.792267606956857
-1.5751907113774966
-11.631812622503833
-5.16106663153546
-3.9292980391163956
-3.8785072481135208
-16.85902142066386
-13.238606565026206
-8.027036322075926
-12.718088539979977
-9.767273093848683
-19.7397124422791
-9.184613897229678
-15.847120763446071
-7.628286970474782
-14.457465848943816
-14.761830324313507
-14.900885019020489
-6.687668443465071
-0.2424507979821433
-14.694932995711174
-16.080444851970665
-15.19080032610112
-1.2972338628179214
-5.755891880018447
-5.215081867563254
-5.362550891353317
-4.796640040761728
-19.662090982459247
-3.7953330556356413
-13.44293504060109
-5.784538689807683
-8.821436136944921
-19.286648313516807
-13.433788285665878
-15.243092860674077
-13.921780042963643
-2.9044403091200843
FactorLoading_Φ
0.06051726649515299	-0.6481461856002448	-0.19692766998683053	0.09440887791777164
0.06550179513679866	-0.3214419434934608	-0.594097762991614	0.018958498378126576
-0.21130423746783156	0.4159351456021274	0.2614067294281255	-0.11135388750191555
-0.3062661537416156	0.4465626231528341	-0.10652032435562875	0.14065089874992154
-0.14074628587484117	0.039580692583227606	-0.270859199930104	0.5488138216118272
0.02379618494797664	-0.024936703552209005	0.8965896260897694	0.05467748541004491
-0.4858659332037525	-0.3143679022443333	-0.06401945734644299	-0.13574670720547122
-0.1874671095456668	-0.16493912480044948	0.4893107236585168	-0.1582830419953669
-0.5055955820521096	-0.4050512112396176	0.08005147730500028	0.009301729403272452
-0.6082640564979893	-0.12155607754728037	0.20696536174877234	0.06321450420595798
-0.5740965400151046	-0.16573803931474673	0.17768887046134663	0.08247655020880207
-0.39306407443664826	0.08337321552374521	0.36379606047625046	-0.15976664956335607
-0.06100034886040451	0.3407461003606558	-0.5935480897991823	0.0047054609797574365
0.005995937763022541	-0.025511353486231236	-0.30697822296788235	-0.6615144857828639
-0.4345725029482268	0.07662900363200964	0.4726351254813952	0.016163367938368367
0.33974754756359604	0.09795124963926827	-0.15099125076913067	0.411309952028005
-0.11417491297183924	0.567472255878952	0.18224619372187068	0.13610663742733808
0.29138939766246463	-0.40971237800684523	-0.041209291175397844	-0.2576889331552923
-0.5723209725192875	0.1251606190063348	0.20873115179604929	0.09378725667832843
0.5885055600330737	-0.004466467786256256	0.23589986762292492	-0.17112810455774508
0.09295397540255257	-0.0632599565090366	0.6429511772462766	0.20083489084213424
0.21542910741685306	-0.6673790057062574	0.01391951621437082	-0.10327237066251871
-0.01771838938079706	-0.01954904700539095	0.8349466002724553	0.12778596334135672
-0.3094594879357593	0.14684926618736416	-0.19621886251442322	-0.34747238336245334
-0.2955658882345962	-0.10090144208478669	-0.30880706102761013	-0.294725608653007
-0.09075803469762334	-0.37895711776316054	-0.08241971833486184	0.4478651292043543
0.5347201323159647	0.2982082850665826	0.12124412583450561	0.045827456782947085
-0.025072739800863664	-0.3714743916197636	-0.5450531525999083	-0.05839971597946447
0.20096348091495342	-0.0391310620569838	0.2692080700644226	0.4906973869636402
0.32442427367225335	0.2768936627149938	0.32150874344058056	-0.07717332017217227
-0.4586709830321989	-0.49735427158850665	0.036366629235561554	-0.0076081161437329126
-0.6285746129211491	0.03990470594959894	-0.15249882598378584	0.1790218551454661
0.6525258422116034	0.2229323783655517	-0.025566301634930122	0.09897547778791482
-0.021412542232521314	0.12430521571324671	-0.6635091874300634	-0.1907730546241686
0.055956375073069164	0.3810895978255293	0.5114668300690524	-0.05148719703234916
-0.060472465532380726	0.8000144555753277	-0.04939464281809913	0.09011843607419245
-0.11766946303003634	0.46883270553190726	0.06274391226582332	-0.3507539191722331
0.06572067469491794	-0.28055735895525813	-0.33433247803355925	-0.3193894883162647
0.09762285656839809	-0.011379597336309333	0.8316405856577296	0.059356960437563
0.07778120829179236	-0.04003988736925579	0.5523563103191838	0.3298225940197681
FactorLoading_Ψ
0.06051726649515299	-0.6481461856002448	-0.19692766998683053	0.09440887791777164
0.06550179513679866	-0.3214419434934608	-0.594097762991614	0.018958498378126576
-0.21130423746783156	0.4159351456021274	0.2614067294281255	-0.11135388750191555
-0.3062661537416156	0.4465626231528341	-0.10652032435562875	0.14065089874992154
-0.14074628587484117	0.039580692583227606	-0.270859199930104	0.5488138216118272
0.02379618494797664	-0.024936703552209005	0.8965896260897694	0.05467748541004491
-0.4858659332037525	-0.3143679022443333	-0.06401945734644299	-0.13574670720547122
-0.1874671095456668	-0.16493912480044948	0.4893107236585168	-0.1582830419953669
-0.5055955820521096	-0.4050512112396176	0.08005147730500028	0.009301729403272452
-0.6082640564979893	-0.12155607754728037	0.20696536174877234	0.06321450420595798
-0.5740965400151046	-0.16573803931474673	0.17768887046134663	0.08247655020880207
-0.39306407443664826	0.08337321552374521	0.36379606047625046	-0.15976664956335607
-0.06100034886040451	0.3407461003606558	-0.5935480897991823	0.0047054609797574365
0.005995937763022541	-0.025511353486231236	-0.30697822296788235	-0.6615144857828639
-0.4345725029482268	0.07662900363200964	0.4726351254813952	0.016163367938368367
0.33974754756359604	0.09795124963926827	-0.15099125076913067	0.411309952028005
-0.11417491297183924	0.567472255878952	0.18224619372187068	0.13610663742733808
0.29138939766246463	-0.40971237800684523	-0.041209291175397844	-0.2576889331552923
-0.5723209725192875	0.1251606190063348	0.20873115179604929	0.09378725667832843
0.5885055600330737	-0.004466467786256256	0.23589986762292492	-0.17112810455774508
0.09295397540255257	-0.0632599565090366	0.6429511772462766	0.20083489084213424
0.21542910741685306	-0.6673790057062574	0.01391951621437082	-0.10327237066251871
-0.01771838938079706	-0.01954904700539095	0.8349466002724553	0.12778596334135672
-0.3094594879357593	0.14684926618736416	-0.19621886251442322	-0.34747238336245334
-0.2955658882345962	-0.10090144208478669	-0.30880706102761013	-0.294725608653007
-0.09075803469762334	-0.37895711776316054	-0.08241971833486184	0.4478651292043543
0.5347201323159647	0.2982082850665826	0.12124412583450561	0.045827456782947085
-0.025072739800863664	-0.3714743916197636	-0.5450531525999083	-0.05839971597946447
0.20096348091495342	-0.0391310620569838	0.2692080700644226	0.4906973869636402
0.32442427367225335	0.2768936627149938	0.32150874344058056	-0.07717332017217227
-0.4586709830321989	-0.49735427158850665	0.036366629235561554	-0.0076081161437329126
-0.6285746129211491	0.03990470594959894	-0.15249882598378584	0.1790218551454661
0.6525258422116034	0.2229323783655517	-0.025566301634930122	0.09897547778791482
-0.021412542232521314	0.12430521571324671	-0.6635091874300634	-0.1907730546241686
0.055956375073069164	0.3810895978255293	0.5114668300690524	-0.05148719703234916
-0.060472465532380726	0.8000144555753277	-0.04939464281809913	0.09011843607419245
-0.11766946303003634	0.46883270553190726	0.06274391226582332	-0.3507539191722331
0.06572067469491794	-0.28055735895525813	-0.33433247803355925	-0.3193894883162647
0.09762285656839809	-0.011379597336309333	0.8316405856577296	0.059356960437563
0.07778120829179236	-0.04003988736925579	0.5523563103191838	0.3298225940197681
Conflicts
11 12
10 15
31 38
28 30
35 5
26 9
9 20
31 12
40 18
36 12
34 36
15 38
23 30
14 35
22 39
29 39
13 40
35 21
17 11
37 13
23 10
5 24
25 15
10 30
5 15
31 13
23 32
16 17
34 11
39 24
38 6
37 14
35 16
14 40
27 36
3 12
4 24
35 29
11 18
8 21
2 1
15 6
36 20
37 20
25 17
37 1
2 28
2 24
31 10
25 3
2 11
37 10
14 34
12 1
29 30
10 28
2 40
23 16
40 39
23 31
7 19
13 22
32 18
21 6
26 24
26 12
29 36
29 11
29 8
17 18
37 32
32 36
28 5
23 19
29 16
26 14
13 18
31 6
35 6
8 33
14 31
9 4
7 25
26 1
28 24
15 24
27 5
4 29
27 33
10 33
4 10
7 3
36 5
16 15
32 17
35 34
23 17
14 33
16 24
40 28
12 24
7 21
10 11
17 1
9 2
26 33
34 38
40 12
23 3
40 20
26 39
24 1
7 39
10 16
34 28
32 12
23 7
3 39
9 1
35 30
5 18
22 18
4 13
6 33
4 30
25 38
40 38
35 28
32 3
10 36
7 24
4 39
11 5
36 15
13 14
27 8
14 12
31 33
4 18
4 22
28 36
7 36
23 24
19 39
23 35
25 8
9 36
4 6
16 22
7 22
29 28
14 29
32 19
8 38
9 29
10 20
9 27
36 33
39 30
23 28
9 17
23 36
7 11
23 33
22 24
4 14
21 20
34 21
17 39
39 1
9 30
22 38
26 30
38 30
7 34
16 6
36 38
9 34
35 27
10 39
23 13
23 1
26 21
24 30
16 12
33 18
26 34
4 12
9 19
12 18
28 11
10 2
31 20
4 36
39 12
7 18
4 17
6 20
9 10
14 27
27 16
22 1
9 38
16 11
35 8
38 1
37 3
26 36
5 38
7 1
40 5
8 22
3 36
34 17
5 21
2 22
37 16
2 36
19 5
4 1
9 12
34 30
35 36
17 30
33 20
7 38
22 20
31 19
7 9
10 17
10 27
34 2
29 19
39 20
17 8
4 20
27 21
37 19
7 4
34 6
8 20
22 6
7 28
40 19
14 5
40 15
33 24
22 12
37 22
31 15
19 21
21 1
16 20
25 11
7 37
34 24
4 40
34 27
6 30
11 33
23 37
5 20
10 8
26 10
3 21
35 1
8 24
38 33
32 10
38 21
25 30
26 38
34 19
29 5
4 31
14 24
36 17
4 8
31 24
2 19
13 15
28 12
23 18
20 24
7 13
31 25
3 16
4 19
25 2
35 12
25 13
8 5
28 38
31 36
11 8
13 35
37 4
26 27
9 18
7 5
14 3
7 40
37 31
4 21
29 6
27 17
6 24
15 12
34 3
35 3
4 32
32 38
13 10
37 18
25 18
34 18
4 11
35 22
29 38
13 3
25 1
19 24
19 22
28 33
9 11
2 12
14 11
32 29
26 40
27 22
11 39
17 20
40 11
27 38
15 39
39 33
17 6
9 21
11 21
27 24
31 11
37 34
23 21
3 8
19 17
40 27
27 28
2 20
18 30
26 19
37 5
17 5
2 39
32 27
29 27
25 33
7 20
7 33
10 22
28 1
23 2
8 30
4 5
5 6
29 22
28 8
36 6
7 30
13 33
21 22
32 33
37 30
23 20
22 33
32 20
19 12
25 5
14 22
23 26
26 8
4 35
14 20
16 28
31 28
14 38
33 30
28 18
3 15
7 35
3 1
