InstanceID
7_80_4
NumObjects
80
NumFactors
4
Weights
81.24385822007527
65.49774646337252
48.96133803478428
7.875953556887483
58.15906311251917
25.805333157677303
19.64649019558198
19.392536240567605
84.29510710331931
66.19303282513103
40.13518161037963
63.59044269989988
48.83636546924342
98.6985622113955
45.92306948614839
79.23560381723036
38.14143485237391
72.28732924471907
73.80915162156754
74.50442509510245
33.438342217325356
1.2122539899107165
73.47466497855586
80.40222425985333
75.9540016305056
6.486169314089607
28.779459400092232
26.075409337816268
26.812754456766584
23.983200203808643
98.31045491229624
18.976665278178206
67.21467520300546
28.922693449038416
44.10718068472461
96.43324156758403
67.16894142832939
76.21546430337038
69.60890021481822
14.52220154560042
70.86634520953979
6.051726649515299
90.55911220822284
91.76458993797551
11.32209653078069
33.34420192893867
56.25464419856765
6.550179513679866
38.694373863025945
98.10415016218734
70.23633859454507
45.20577025698702
49.46188873496724
85.24452694601048
62.7239383069959
21.130423746783155
88.86461124980845
34.38796968409752
88.64711048516001
92.11901592860163
12.71641014127647
85.93491012500785
30.62661537416156
75.28287768944497
48.292849238071845
58.37856146283058
33.57597967196262
75.95377756396593
45.11861783881728
18.03269784580688
14.074628587484117
38.561053453057866
71.54071623136798
12.023289092182221
59.733465019021324
4.8732888500185645
2.379618494797664
94.5322514589955
86.1029925795926
48.39318888342889
Budget
2063.995863565665
Profits
-16.248771644015054
-13.099549292674505
-9.792267606956857
-1.5751907113774966
-11.631812622503833
-5.16106663153546
-3.9292980391163956
-3.8785072481135208
-16.85902142066386
-13.238606565026206
-8.027036322075926
-12.718088539979977
-9.767273093848683
-19.7397124422791
-9.184613897229678
-15.847120763446071
-7.628286970474782
-14.457465848943816
-14.761830324313507
-14.900885019020489
-6.687668443465071
-0.2424507979821433
-14.694932995711174
-16.080444851970665
-15.19080032610112
-1.2972338628179214
-5.755891880018447
-5.215081867563254
-5.362550891353317
-4.796640040761728
-19.662090982459247
-3.7953330556356413
-13.44293504060109
-5.784538689807683
-8.821436136944921
-19.286648313516807
-13.433788285665878
-15.243092860674077
-13.921780042963643
-2.9044403091200843
-14.173269041907957
-1.2103453299030598
-18.11182244164457
-18.352917987595102
-2.264419306156138
-6.6688403857877345
-11.250928839713529
-1.3100359027359731
-7.738874772605189
-19.620830032437468
-14.047267718909016
-9.041154051397404
-9.892377746993448
-17.048905389202098
-12.54478766139918
-4.226084749356631
-17.772922249961688
-6.877593936819504
-17.729422097032003
-18.423803185720324
-2.5432820282552937
-17.18698202500157
-6.125323074832312
-15.056575537888994
-9.65856984761437
-11.675712292566116
-6.715195934392524
-15.190755512793185
-9.023723567763456
-3.606539569161376
-2.8149257174968234
-7.712210690611573
-14.308143246273596
-2.404657818436444
-11.946693003804265
-0.9746577700037129
-0.4759236989595328
-18.9064502917991
-17.220598515918518
-9.678637776685779
FactorLoading_Φ
0.5671274745610322	-0.2331063608870536	-0.165789604314188	-0.03397656023772622
0.08426934036598244	-0.22364964359303552	-0.04448725038709833	-0.6475937656538837
0.05700582930977838	0.4468846756855307	-0.4868077656014185	-0.009301729403272452
0.7298201340452697	0.17816086048501378	-0.018095884069038393	-0.07392312140067814
0.5981406373720419	0.23444587897104174	-0.08493693344811426	-0.08247655020880207
0.39306407443664826	-0.1882921162645006	-0.35517012569945305	0.06347368359939809
0.06100034886040451	-0.3574514199426715	-0.3516466354229797	0.2299015957739443
-0.03150729124925378	-0.15401281549378187	0.3675454602564807	-0.44693443300048363
-0.08478041232264921	0.36578115703594505	-0.06063993722164218	0.48879849341976356
0.4376987972028643	-0.17151317673291833	0.26612004479118645	0.12466798127303091
0.16914932149203277	-0.4675751415748195	-0.044922705783938977	0.31835283114920876
0.29138939766246463	0.4726198500728176	0.2123130904228252	-0.023677661841892572
0.20009521661369023	0.18620001894433957	-0.3111863559675925	0.3025184084743777
0.5832111540774794	0.00976087374185064	0.06829048549258676	-0.33873748668808323
-0.09295397540255257	0.22956625553944954	0.6767684642498502	-0.0007113048081477391
-0.556998848298826	0.29276395665870214	0.03304530816558238	-0.11719188687688953
-0.4655211080717565	-0.40669292858688677	-0.0548714767503371	-0.07291448659101962
-0.6525276166375467	-0.03527195553821261	-0.011321786482439977	0.30087864134180076
0.2955658882345962	-0.002154258418955335	-0.1031876253757178	-0.5990922279707307
-0.025254888925566155	0.0037007868809757483	-0.06180235889108143	-0.9092419653023767
0.4508635096010274	0.5033090336160255	0.005625118924858841	0.040202337858088244
0.39654713142062725	-0.3730052589261039	-0.02116086247593496	-0.20928674717733387
-0.1436837460774001	0.09641079689453713	0.13486554293876996	-0.6250399140892928
0.32442427367225335	0.39082248689222965	0.1839811245937477	0.10077211484176929
-0.4119454845746442	0.18045848702539935	-0.363621283020662	-0.043974745379294466
0.28252865437739105	0.3460459585437581	-0.026113307631498772	0.3453120794473521
0.04469304345894809	0.5072344820502859	0.1005983167023694	0.34747415778839663
0.12530056000545287	-0.020417197940315157	-0.5520407887528289	0.30224145330140306
0.029377728698104733	-0.02925284078296775	0.378415403417526	0.5629540271014015
0.34897670444061646	-0.3381550112804843	-0.17335520538660765	0.1395130788922916
-0.4908539799159177	0.1583921009118492	-0.08551263456328839	0.2652412846089447
-0.34627803365017606	0.0662536333007151	0.4866605642548498	-0.10080776879425901
0.09762285656839809	-0.07274849728422006	0.18830059879747885	-0.641328047349903
-0.6701774059802319	-0.20777035930929544	0.07383875736304968	-0.048213477347422984
0.545111274927091	-0.10341142985868368	0.01061653605046442	-0.3408607591637609
0.1790896497789085	-0.29127296135856207	0.40915767965613337	-0.12047970920639606
0.18702523400069437	0.5915439561653992	-0.1257215248948571	0.09570928493904929
-0.10341397753044723	0.7003265227583975	0.1219635252559006	-0.07429597445525471
-0.13493651477200475	-0.20558939483165117	0.008127555351514992	0.6513465350448291
-0.43370388512195324	-0.19287748302569163	0.2510718683966129	-0.12234676345574225
0.015458761177725266	0.8154295358473733	0.08125067280841347	0.08786103016648794
0.047285393567239487	-0.42947930208740304	-0.31368913481203897	0.2095461695333185
0.41629105097872743	-0.0036023171343573246	-0.16115839332095483	-0.4189482385659604
-0.06883818998582258	0.05304557506539642	-0.03894755855138832	0.8391686763973927
-0.22953731627170826	0.3310257158880541	-0.19913178236252715	-0.24030518547771051
0.13907322311946935	0.280712205187045	0.48476127806446856	-0.09545329362901711
-0.01892129941439369	-0.5545351316886469	-0.19030789268512183	-0.2362356762118376
0.7332796142131353	0.0008472309479774509	-0.20997962876375476	-0.05589352607513254
-0.03700158614365612	-0.2533106153696929	0.17039892962984937	0.5392888688568016
0.12224044704052028	-0.1360245293307778	0.2044961006776842	-0.5372389229510177
-0.209671937839345	0.5026121263568692	0.24929623926647326	0.038419696537312475
0.13960865309460235	0.14557257940707258	-0.6261362761025122	-0.08868249139581286
-0.02170245065747367	-0.11283172708581679	-0.09602111167375438	0.7694447105829552
-0.34198118357620055	0.28209346891652154	0.13964527357431877	0.23628007393295913
-0.07434947274461501	0.7056697286941704	0.18098268341081813	-0.03899811515039642
0.16742226144603967	-0.07494666860596855	0.4050493285983183	0.35258174134967346
-0.04706670037737859	-0.08078821773585854	-0.3503397690511292	-0.5218053128356337
0.4341549286923754	0.2932687206747875	-0.22077743735162914	-0.051798913281208
0.555703365977916	0.19106461710351041	0.14629683564979024	0.10693518126878332
0.03337215902739654	-0.2890314159572358	-0.5709210392977295	0.10667538571763813
-0.2615385082678445	-0.016918047900552402	-0.6438035777852011	0.07773986604640193
0.19242571787363438	-0.2669140429912198	-0.11013686501736997	-0.43052337411777586
-0.2898049917520107	0.476769594076089	-0.012392371227022414	-0.2210330429448779
0.21802109985699025	-0.2282064606701113	0.10713043207479234	-0.4466420073981061
-0.6663147233406976	-0.08297638785137273	0.24724400690896164	-0.0034648818989679864
0.033427936861499585	-0.11699922255436435	-0.25610630383179034	-0.5934665367523457
0.1394940911426923	-0.11632402927205265	-0.5573715188920441	-0.186810360693211
-0.24890157787762002	0.22118337163480106	0.13881786654090145	0.3910971839466775
0.46312755528502003	-0.15108384971054867	0.2834060409550925	-0.10238255404933883
0.34881390422528025	0.0936662644251951	-0.2608018703386785	-0.29671796101084613
0.4076969910623569	-0.29487505891489074	0.19259654553941408	-0.10483140448333828
0.29922089228651383	0.007773692568870727	-0.3773062885507954	0.31569912659382005
0.09694015839169579	-0.21740720358590648	0.17611583688042076	-0.509536801141977
0.12646407760323863	0.12769758376349438	0.6983953712479094	-0.04744296738535758
-0.3967811160561172	0.12833485213413565	0.07240534583493408	-0.40247868597481307
0.3859641552071831	-0.29849626625489223	-0.03385023430036993	-0.28168934423755476
-0.18605304383648136	0.10305951240540367	0.6601532638243957	-0.050734179933719314
0.07008762024474713	0.014445151932780176	-0.012687839621735364	-0.9027793882007373
0.4751031537708583	0.2821413069954699	-0.032336150652403584	-0.21041938858126819
0.4977628822824973	0.0758547471731359	0.1148304937405844	-0.3115518768037824
FactorLoading_Ψ
0.5671274745610322	-0.2331063608870536	-0.165789604314188	-0.03397656023772622
0.08426934036598244	-0.22364964359303552	-0.04448725038709833	-0.6475937656538837
0.05700582930977838	0.4468846756855307	-0.4868077656014185	-0.009301729403272452
0.7298201340452697	0.17816086048501378	-0.018095884069038393	-0.07392312140067814
0.5981406373720419	0.23444587897104174	-0.08493693344811426	-0.08247655020880207
0.39306407443664826	-0.1882921162645006	-0.35517012569945305	0.06347368359939809
0.06100034886040451	-0.3574514199426715	-0.3516466354229797	0.2299015957739443
-0.03150729124925378	-0.15401281549378187	0.3675454602564807	-0.44693443300048363
-0.08478041232264921	0.36578115703594505	-0.06063993722164218	0.48879849341976356
0.4376987972028643	-0.17151317673291833	0.26612004479118645	0.12466798127303091
0.16914932149203277	-0.4675751415748195	-0.044922705783938977	0.31835283114920876
0.29138939766246463	0.4726198500728176	0.2123130904228252	-0.023677661841892572
0.20009521661369023	0.18620001894433957	-0.3111863559675925	0.3025184084743777
0.5832111540774794	0.00976087374185064	0.06829048549258676	-0.33873748668808323
-0.09295397540255257	0.22956625553944954	0.6767684642498502	-0.0007113048081477391
-0.556998848298826	0.29276395665870214	0.03304530816558238	-0.11719188687688953
-0.4655211080717565	-0.40669292858688677	-0.0548714767503371	-0.07291448659101962
-0.6525276166375467	-0.03527195553821261	-0.011321786482439977	0.30087864134180076
0.2955658882345962	-0.002154258418955335	-0.1031876253757178	-0.5990922279707307
-0.025254888925566155	0.0037007868809757483	-0.06180235889108143	-0.9092419653023767
0.4508635096010274	0.5033090336160255	0.005625118924858841	0.040202337858088244
0.39654713142062725	-0.3730052589261039	-0.02116086247593496	-0.20928674717733387
-0.1436837460774001	0.09641079689453713	0.13486554293876996	-0.6250399140892928
0.32442427367225335	0.39082248689222965	0.1839811245937477	0.10077211484176929
-0.4119454845746442	0.18045848702539935	-0.363621283020662	-0.043974745379294466
0.28252865437739105	0.3460459585437581	-0.026113307631498772	0.3453120794473521
0.04469304345894809	0.5072344820502859	0.1005983167023694	0.34747415778839663
0.12530056000545287	-0.020417197940315157	-0.5520407887528289	0.30224145330140306
0.029377728698104733	-0.02925284078296775	0.378415403417526	0.5629540271014015
0.34897670444061646	-0.3381550112804843	-0.17335520538660765	0.1395130788922916
-0.4908539799159177	0.1583921009118492	-0.08551263456328839	0.2652412846089447
-0.34627803365017606	0.0662536333007151	0.4866605642548498	-0.10080776879425901
0.09762285656839809	-0.07274849728422006	0.18830059879747885	-0.641328047349903
-0.6701774059802319	-0.20777035930929544	0.07383875736304968	-0.048213477347422984
0.545111274927091	-0.10341142985868368	0.01061653605046442	-0.3408607591637609
0.1790896497789085	-0.29127296135856207	0.40915767965613337	-0.12047970920639606
0.18702523400069437	0.5915439561653992	-0.1257215248948571	0.09570928493904929
-0.10341397753044723	0.7003265227583975	0.1219635252559006	-0.07429597445525471
-0.13493651477200475	-0.20558939483165117	0.008127555351514992	0.6513465350448291
-0.43370388512195324	-0.19287748302569163	0.2510718683966129	-0.12234676345574225
0.015458761177725266	0.8154295358473733	0.08125067280841347	0.08786103016648794
0.047285393567239487	-0.42947930208740304	-0.31368913481203897	0.2095461695333185
0.41629105097872743	-0.0036023171343573246	-0.16115839332095483	-0.4189482385659604
-0.06883818998582258	0.05304557506539642	-0.03894755855138832	0.8391686763973927
-0.22953731627170826	0.3310257158880541	-0.19913178236252715	-0.24030518547771051
0.13907322311946935	0.280712205187045	0.48476127806446856	-0.09545329362901711
-0.01892129941439369	-0.5545351316886469	-0.19030789268512183	-0.2362356762118376
0.7332796142131353	0.0008472309479774509	-0.20997962876375476	-0.05589352607513254
-0.03700158614365612	-0.2533106153696929	0.17039892962984937	0.5392888688568016
0.12224044704052028	-0.1360245293307778	0.2044961006776842	-0.5372389229510177
-0.209671937839345	0.5026121263568692	0.24929623926647326	0.038419696537312475
0.13960865309460235	0.14557257940707258	-0.6261362761025122	-0.08868249139581286
-0.02170245065747367	-0.11283172708581679	-0.09602111167375438	0.7694447105829552
-0.34198118357620055	0.28209346891652154	0.13964527357431877	0.23628007393295913
-0.07434947274461501	0.7056697286941704	0.18098268341081813	-0.03899811515039642
0.16742226144603967	-0.07494666860596855	0.4050493285983183	0.35258174134967346
-0.04706670037737859	-0.08078821773585854	-0.3503397690511292	-0.5218053128356337
0.4341549286923754	0.2932687206747875	-0.22077743735162914	-0.051798913281208
0.555703365977916	0.19106461710351041	0.14629683564979024	0.10693518126878332
0.03337215902739654	-0.2890314159572358	-0.5709210392977295	0.10667538571763813
-0.2615385082678445	-0.016918047900552402	-0.6438035777852011	0.07773986604640193
0.19242571787363438	-0.2669140429912198	-0.11013686501736997	-0.43052337411777586
-0.2898049917520107	0.476769594076089	-0.012392371227022414	-0.2210330429448779
0.21802109985699025	-0.2282064606701113	0.10713043207479234	-0.4466420073981061
-0.6663147233406976	-0.08297638785137273	0.24724400690896164	-0.0034648818989679864
0.033427936861499585	-0.11699922255436435	-0.25610630383179034	-0.5934665367523457
0.1394940911426923	-0.11632402927205265	-0.5573715188920441	-0.186810360693211
-0.24890157787762002	0.22118337163480106	0.13881786654090145	0.3910971839466775
0.46312755528502003	-0.15108384971054867	0.2834060409550925	-0.10238255404933883
0.34881390422528025	0.0936662644251951	-0.2608018703386785	-0.29671796101084613
0.4076969910623569	-0.29487505891489074	0.19259654553941408	-0.10483140448333828
0.29922089228651383	0.007773692568870727	-0.3773062885507954	0.31569912659382005
0.09694015839169579	-0.21740720358590648	0.17611583688042076	-0.509536801141977
0.12646407760323863	0.12769758376349438	0.6983953712479094	-0.04744296738535758
-0.3967811160561172	0.12833485213413565	0.07240534583493408	-0.40247868597481307
0.3859641552071831	-0.29849626625489223	-0.03385023430036993	-0.28168934423755476
-0.18605304383648136	0.10305951240540367	0.6601532638243957	-0.050734179933719314
0.07008762024474713	0.014445151932780176	-0.012687839621735364	-0.9027793882007373
0.4751031537708583	0.2821413069954699	-0.032336150652403584	-0.21041938858126819
0.4977628822824973	0.0758547471731359	0.1148304937405844	-0.3115518768037824
Conflicts
7 11
33 45
4 78
43 20
21 39
61 15
16 1
42 39
9 27
38 30
26 30
52 30
71 6
60 80
36 38
9 41
27 15
74 44
77 49
64 57
47 1
27 30
47 57
53 64
46 24
14 56
47 42
23 58
80 45
61 76
55 33
23 45
80 44
43 15
26 34
22 45
9 38
34 57
4 76
9 18
51 12
29 11
66 74
74 52
13 52
4 44
31 72
31 29
68 36
76 39
71 36
32 52
4 17
70 20
74 59
61 48
9 8
78 27
16 36
13 14
4 50
48 65
22 38
75 73
31 20
32 12
42 49
75 46
43 16
4 22
50 8
55 53
65 44
37 67
36 5
38 24
65 5
71 57
69 40
53 72
22 52
59 46
67 17
56 73
58 52
60 21
69 56
2 41
37 16
2 36
4 69
58 1
76 73
60 72
50 27
5 79
46 30
35 34
36 30
43 30
50 64
17 70
64 70
62 20
48 59
47 12
31 27
36 46
71 38
23 22
31 59
71 9
11 18
66 2
25 61
43 59
7 74
72 49
10 66
19 59
19 57
7 19
56 57
9 1
39 73
54 17
4 20
78 21
55 27
62 48
47 5
35 64
58 11
37 17
7 4
72 22
7 6
47 34
9 55
14 40
69 41
44 6
71 79
47 16
16 6
23 33
76 24
37 22
15 46
32 65
75 45
56 41
43 7
4 34
40 6
75 70
48 33
23 37
54 74
69 20
10 72
72 38
26 10
59 21
67 65
61 56
71 80
8 24
57 30
26 46
74 38
25 21
10 33
7 61
23 26
30 73
35 21
53 61
34 19
29 62
68 69
14 18
62 6
61 16
63 14
36 17
72 59
53 49
4 38
1 24
37 19
2 45
58 49
59 8
13 79
53 29
75 2
12 73
28 18
53 39
7 54
78 48
58 48
25 77
1 30
3 45
19 21
68 60
66 49
43 76
35 8
43 13
60 50
64 8
69 64
10 17
32 49
31 38
75 8
13 28
37 68
26 45
7 5
51 38
68 28
80 65
14 1
67 40
7 48
79 15
54 42
31 36
4 21
29 6
17 8
70 12
59 15
34 62
13 67
55 69
75 76
3 33
67 18
69 15
68 32
43 74
77 61
66 8
37 10
53 18
23 7
55 59
68 34
11 22
59 12
53 38
48 6
60 3
13 25
12 1
35 52
53 19
43 68
58 44
54 62
28 73
43 75
66 12
78 11
16 22
29 52
26 40
48 22
4 35
54 65
75 48
58 22
40 62
11 38
27 56
51 49
15 33
17 51
49 6
9 24
55 41
4 36
75 21
75 31
34 27
37 59
54 60
58 6
55 79
58 8
13 3
47 49
19 45
40 28
66 52
5 18
34 17
53 69
54 28
10 2
65 76
29 36
38 39
11 33
7 39
62 22
23 1
2 8
69 30
32 6
5 52
72 28
28 24
74 16
71 70
63 56
62 51
77 57
79 33
79 12
15 21
62 59
64 33
79 39
37 57
55 40
47 50
33 57
49 46
62 11
4 12
19 5
78 55
53 22
31 42
74 41
61 52
55 51
26 22
10 8
8 49
26 68
14 16
28 44
55 20
78 28
55 30
63 18
41 44
3 28
36 15
71 44
35 18
54 73
35 77
4 15
19 17
17 76
75 56
48 18
53 8
56 18
9 2
68 27
4 77
66 17
29 76
50 10
47 22
32 33
31 1
56 1
54 31
26 35
35 57
80 38
78 15
3 16
36 22
74 1
63 78
59 45
31 74
80 12
29 73
26 36
61 6
25 80
79 73
14 72
75 41
13 29
37 44
15 73
4 10
32 62
14 60
9 74
16 73
68 53
40 15
62 15
14 28
32 2
29 44
61 59
69 52
13 57
65 59
65 51
50 77
55 72
36 12
68 41
78 6
50 49
7 24
7 33
4 1
74 36
58 79
8 41
74 12
7 32
29 49
38 44
69 16
61 20
42 80
3 56
31 48
32 59
40 44
61 21
8 46
27 59
13 35
77 46
19 46
60 52
67 11
53 76
71 20
21 1
70 24
80 51
11 49
77 58
58 67
5 33
15 18
50 69
27 48
53 67
35 5
59 51
26 67
55 21
78 51
19 28
62 70
75 44
78 66
55 17
23 36
59 5
65 64
77 62
66 33
13 18
63 34
3 72
78 73
41 20
75 36
44 57
36 33
65 38
34 46
26 32
50 24
32 58
14 35
15 22
37 38
49 41
26 42
61 41
77 27
61 1
3 52
10 24
14 67
69 48
9 53
16 45
74 6
13 62
47 20
23 43
10 32
40 5
60 77
32 22
14 80
62 36
35 16
4 32
2 44
59 76
13 21
55 80
60 67
59 30
25 17
71 63
55 62
68 11
42 28
78 20
68 55
25 1
58 62
10 44
7 69
50 66
23 53
56 39
2 6
71 52
56 49
4 64
40 11
50 52
69 44
7 30
26 57
63 27
49 38
35 69
43 71
25 69
66 29
25 66
70 57
54 44
63 8
4 46
42 45
14 42
4 66
23 40
71 25
9 66
51 46
12 6
10 15
11 6
77 66
20 24
64 15
65 12
21 30
76 8
50 44
13 1
26 6
71 60
64 6
3 48
66 1
64 11
49 12
68 59
71 14
3 22
78 79
25 22
66 3
63 38
2 21
13 53
75 3
13 70
26 18
48 45
23 55
77 30
35 48
26 20
47 61
71 69
48 24
3 36
57 45
56 6
68 65
35 36
40 73
14 61
26 17
52 6
78 72
11 8
65 24
43 63
3 15
56 5
5 21
78 31
78 49
42 59
13 80
34 56
28 51
26 39
58 33
4 75
58 73
71 22
66 16
71 66
76 15
80 58
49 24
63 13
61 22
31 10
47 21
71 15
54 6
29 27
34 73
80 18
29 40
40 17
41 46
35 12
71 24
35 42
5 41
23 62
2 1
69 17
26 70
11 44
63 19
32 27
43 61
34 21
47 55
68 29
52 33
71 76
21 57
4 73
67 6
11 5
34 44
7 1
53 45
15 20
66 62
70 39
28 57
9 63
47 36
29 12
75 51
31 65
21 52
29 48
31 56
27 39
77 52
26 4
55 39
74 62
36 56
28 79
9 25
66 39
71 50
54 57
3 12
25 6
63 2
15 30
66 65
49 44
36 11
5 24
68 3
27 65
35 65
31 12
33 46
53 52
70 21
31 22
75 16
26 53
51 20
65 39
31 3
69 49
23 76
61 64
54 59
25 36
66 57
37 27
7 70
54 40
14 65
32 77
14 53
15 24
69 3
51 8
63 31
54 19
44 1
14 44
2 15
63 54
69 74
14 11
50 18
75 5
26 74
31 41
25 2
43 49
14 52
7 64
43 9
63 33
43 64
26 62
66 76
9 20
42 2
66 69
56 76
60 17
39 24
17 39
29 70
43 55
74 21
61 5
62 18
61 17
50 51
43 3
17 30
71 5
68 31
37 77
36 52
42 8
68 79
43 21
25 62
75 34
69 61
58 74
6 24
74 5
60 22
64 36
28 33
15 6
80 15
2 49
67 19
47 24
63 62
59 33
77 72
43 79
71 67
5 45
55 36
35 22
36 73
43 40
64 73
51 24
50 62
28 59
13 33
66 61
48 46
44 73
56 46
61 79
42 19
77 76
48 21
2 20
7 14
35 1
9 3
66 59
18 30
43 54
60 8
50 53
61 45
8 44
40 70
10 77
5 44
10 18
64 41
13 41
71 4
10 51
75 19
48 38
3 11
13 24
67 57
11 12
79 38
13 5
69 39
31 77
71 54
48 70
25 51
57 6
3 57
2 52
37 3
9 58
23 38
32 72
68 66
37 79
66 38
56 30
66 5
25 12
17 1
74 72
34 2
21 45
66 11
26 38
65 18
75 28
62 41
17 15
16 30
59 1
25 11
78 3
7 67
77 6
43 50
28 65
22 41
34 40
9 72
23 52
28 70
2 62
29 39
40 24
12 33
10 64
54 12
31 5
75 13
21 46
53 21
31 53
32 70
10 1
75 11
71 37
27 61
14 69
42 16
63 35
53 44
59 6
4 11
71 2
60 46
9 28
58 12
63 79
77 17
40 19
10 55
11 21
78 69
45 1
34 53
10 48
23 13
53 36
64 22
47 40
47 28
17 38
26 73
77 74
31 64
70 33
23 57
21 44
10 21
12 24
75 22
64 56
53 73
63 29
42 33
4 16
72 24
77 39
41 30
9 36
51 52
15 12
55 19
78 61
80 73
23 44
10 69
53 30
4 47
79 24
26 72
10 20
74 73
19 79
47 45
43 41
34 51
74 65
7 8
72 62
2 58
40 74
78 33
70 15
72 21
53 62
77 28
16 48
65 56
7 63
71 49
80 40
47 48
61 18
42 65
29 8
19 48
60 10
58 64
72 45
26 54
52 12
39 45
60 45
56 15
27 11
7 47
32 61
56 20
42 66
33 24
68 40
19 12
49 52
10 59
10 57
36 59
55 46
42 73
42 41
26 48
17 11
74 64
32 69
71 47
62 73
35 3
71 46
17 62
37 40
31 18
3 61
47 63
16 24
2 30
47 44
71 41
78 42
68 19
2 12
39 15
4 30
76 41
59 20
31 30
40 33
3 74
31 51
25 42
54 10
75 12
26 25
10 49
67 56
3 17
4 72
37 74
64 18
59 38
7 78
27 52
43 10
68 57
64 38
14 77
58 45
42 40
53 1
32 64
8 39
68 33
23 50
60 69
38 1
26 61
75 66
51 57
50 28
67 70
28 39
4 65
78 8
78 60
26 77
44 18
42 30
17 20
54 8
13 66
77 2
51 5
78 46
67 44
13 58
34 11
68 61
13 38
19 49
26 12
67 51
63 64
13 74
55 22
9 80
37 31
47 77
78 10
9 17
13 46
9 44
9 29
25 34
7 41
26 60
16 19
54 39
9 73
3 38
69 29
58 56
26 21
55 66
68 20
47 80
60 56
2 33
34 6
37 60
36 8
28 48
16 79
23 48
25 15
40 65
7 55
69 27
3 6
78 30
74 33
3 62
29 51
9 57
43 48
7 12
77 42
52 18
47 3
50 30
69 22
42 52
65 46
4 80
67 74
50 20
38 73
9 15
47 74
75 29
32 24
15 1
32 48
65 15
34 65
65 30
71 21
50 22
67 28
9 46
32 45
72 12
80 24
32 51
2 76
43 69
69 11
40 64
22 57
66 67
48 17
49 79
2 16
42 56
21 73
9 32
42 48
37 55
2 11
64 79
26 55
14 70
75 78
13 77
79 52
62 76
80 61
47 52
42 34
71 1
80 20
37 5
59 41
10 5
25 59
36 24
65 52
40 27
71 19
67 38
22 46
50 46
37 69
34 24
31 69
53 33
70 46
76 57
26 69
43 11
34 59
42 1
43 4
28 52
27 19
63 69
27 28
79 18
68 75
41 52
78 2
19 20
49 20
50 5
13 76
10 42
2 73
29 56
72 18
56 70
24 73
47 8
31 52
37 11
55 73
59 70
61 57
10 70
44 30
54 37
58 46
14 38
74 19
78 77
54 18
68 10
56 21
31 33
61 8
37 41
37 21
26 28
43 18
25 20
77 40
24 30
77 73
50 2
32 40
58 24
68 42
14 45
14 22
63 40
43 25
35 58
11 24
32 20
14 36
33 30
67 72
72 44
79 21
56 38
9 21
54 55
68 56
16 38
29 5
3 20
55 16
40 57
13 30
55 52
28 5
35 72
2 40
7 20
2 17
47 33
49 39
13 11
50 65
14 79
62 30
13 73
21 6
63 6
55 44
40 46
26 11
54 46
9 79
32 1
78 41
23 63
69 6
23 14
42 18
10 41
11 76
6 30
63 16
75 62
72 39
35 2
49 45
51 73
43 51
47 27
34 20
26 64
71 16
26 13
67 52
59 24
8 79
15 45
23 77
36 70
26 15
46 73
23 41
71 3
64 44
10 58
71 74
29 46
54 33
48 20
7 35
26 75
36 20
23 21
42 51
27 73
35 46
47 60
41 6
66 28
26 3
28 12
28 1
27 6
61 38
43 5
13 16
37 78
59 73
38 20
43 8
26 27
27 5
75 60
13 40
4 79
54 61
72 8
32 3
36 21
23 78
10 19
47 75
60 28
8 38
55 24
66 46
60 61
29 17
16 52
60 40
19 36
54 64
80 6
23 9
35 49
2 24
12 20
14 21
4 57
50 12
23 2
42 38
21 12
8 6
14 15
14 64
78 12
34 15
35 17
70 73
63 5
14 58
37 46
66 58
28 20
27 41
9 70
13 51
42 22
29 58
14 76
67 64
60 20
50 40
9 5
71 68
7 58
29 18
72 64
37 15
14 10
23 29
54 35
9 10
50 38
57 12
80 39
7 80
47 30
7 76
25 35
29 21
37 20
37 80
27 70
55 48
68 63
69 21
14 2
25 10
15 52
71 17
69 79
31 67
53 70
66 72
7 62
11 20
5 73
43 26
60 74
19 18
62 5
42 29
37 30
63 1
35 61
72 33
7 46
69 73
66 51
25 32
72 20
34 58
37 8
42 64
65 57
35 66
17 24
23 47
46 45
67 21
16 11
48 30
19 41
69 24
2 38
70 38
7 77
67 36
19 56
72 76
19 52
58 21
54 80
47 11
4 37
65 41
35 27
22 1
37 58
43 36
63 32
68 25
66 24
70 79
36 48
68 49
62 49
2 29
66 64
27 44
54 78
10 67
37 35
6 20
29 45
9 14
53 46
59 57
63 44
25 67
31 73
7 25
49 30
74 39
43 29
23 5
58 28
4 74
29 22
7 51
40 20
13 59
77 70
5 22
50 17
72 46
4 45
4 49
6 73
28 62
75 59
26 8
27 64
50 55
9 69
4 3
47 70
10 6
42 76
26 79
77 79
41 45
54 79
71 40
8 1
46 1
23 11
47 29
7 9
71 42
9 42
71 53
54 34
28 45
2 64
77 1
43 22
60 48
78 40
13 34
80 67
71 34
23 24
79 45
28 41
13 39
7 59
59 39
63 46
54 50
22 73
23 19
43 39
66 56
55 6
78 36
58 57
67 46
63 20
10 3
25 38
47 37
29 79
72 17
13 50
54 14
38 15
54 21
10 46
32 18
31 21
26 41
79 76
80 3
53 3
70 49
19 65
