InstanceID
8_150_4
NumObjects
150
NumFactors
4
Weights
1.2357704434527994
89.42867224957195
88.08508653790943
76.92526905665427
85.4293355545731
33.585633427546014
51.733761650463485
4.5558528266970155
61.24850977675149
42.357613719339724
23.94476876411793
45.84196354771526
91.62395958733529
95.70170755641996
84.61432604355022
75.10189425329933
40.008186614572885
62.467831109721075
36.31790514760627
9.078122429370916
12.398331292706889
15.012994255759438
95.21306895702149
20.9704138325554
67.2175173509262
57.48944859205203
77.75946770367877
76.47596585974858
64.86590965826076
56.75506344134562
96.103119182531
76.14614958158754
92.52390880524945
69.35252716825066
72.00123126748078
76.8611826211367
23.84646334248042
78.70138423403634
91.43269632832853
56.50994760076165
81.32575613553124
22.437662747188813
27.534290185846324
35.913756540448546
72.95090079475442
31.57988469796964
82.10190951727061
14.551498650564575
99.46708317326278
22.286526940524887
97.41222628842674
87.12061119841321
17.926692839725057
67.14784067750308
26.078885166038468
76.02663798992855
1.143603815612293
76.7642006235782
14.070121363915256
84.64227923098755
88.38583182399881
68.12673198463133
40.78143365496649
88.4032120936662
84.92705268027262
45.29227170642598
17.496742677410747
56.682773485256455
42.89912564415912
33.14257439043025
18.179985907095976
74.16313120688976
20.762631981852397
46.26871074372281
83.58760006756228
56.00267862765382
22.57770159179291
22.38777201553699
94.65365936293513
88.79229583679805
14.417500680828388
46.208570059867625
46.47237907716186
72.01626746170544
6.3504906647345205
55.62361741149815
29.8282402923703
57.762010294317356
86.26133574059112
52.652173173474125
93.8225275597965
79.66051767237359
89.5818174073398
4.345834027036521
33.27468708003705
13.433138249713018
99.8784169334522
99.73941164309097
84.23737471588795
74.74763406728033
69.9457766232727
47.93930761994349
94.4226673303051
53.07462632979314
69.66529740791965
94.77098433218625
64.01074610351985
51.62244975434152
74.85204749407175
62.07779936050963
63.921288825425
2.786875560411639
87.22400964441977
37.827643322264514
98.2092061336938
81.58500348364683
45.18189317506136
3.6724825524153903
6.124051274941511
3.707415100285405
61.2776824075816
24.255667181697227
37.09059262502781
75.62810781472042
61.83521612450031
26.705108629697083
66.1938317422625
32.50461738347716
59.74630418460492
1.0290076798638026
33.01533933539147
90.77308134343123
78.569101013267
9.790973220938447
78.07523046799622
73.01459418574811
65.17506257859151
64.07702053570694
30.251062499728132
2.430915111909715
84.01074327757891
7.365955813040803
58.97190695872692
70.65872470870653
47.57460537696796
5.397177693921695
44.53312276590915
40.08372899152546
79.4631144273828
31.22652908206598
Budget
4101.289444118033
Profits
-0.24715408869055988
-17.885734449914388
-17.617017307581886
-15.385053811330854
-17.08586711091462
-6.717126685509203
-10.346752330092697
-0.9111705653394031
-12.249701955350298
-8.471522743867945
-4.788953752823586
-9.168392709543053
-18.32479191746706
-19.140341511283992
-16.922865208710043
-15.020378850659867
-8.001637322914577
-12.493566221944215
-7.263581029521253
-1.8156244858741832
-2.4796662585413776
-3.0025988511518875
-19.0426137914043
-4.19408276651108
-13.44350347018524
-11.497889718410406
-15.551893540735753
-15.295193171949716
-12.973181931652153
-11.351012688269124
-19.2206238365062
-15.229229916317507
-18.50478176104989
-13.870505433650132
-14.400246253496155
-15.372236524227342
-4.7692926684960835
-15.740276846807268
-18.286539265665706
-11.301989520152329
-16.265151227106248
-4.487532549437763
-5.506858037169264
-7.182751308089709
-14.590180158950883
-6.315976939593928
-16.42038190345412
-2.910299730112915
-19.893416634652556
-4.457305388104977
-19.48244525768535
-17.424122239682642
-3.585338567945011
-13.429568135500617
-5.215777033207694
-15.20532759798571
-0.2287207631224586
-15.352840124715641
-2.814024272783051
-16.92845584619751
-17.677166364799763
-13.625346396926266
-8.156286730993298
-17.68064241873324
-16.985410536054523
-9.058454341285195
-3.4993485354821496
-11.336554697051291
-8.579825128831825
-6.628514878086049
-3.635997181419195
-14.832626241377952
-4.1525263963704795
-9.25374214874456
-16.717520013512456
-11.200535725530765
-4.515540318358582
-4.477554403107398
-18.930731872587025
-17.75845916735961
-2.8835001361656776
-9.241714011973524
-9.294475815432373
-14.403253492341088
-1.270098132946904
-11.12472348229963
-5.96564805847406
-11.552402058863471
-17.252267148118225
-10.530434634694824
-18.7645055119593
-15.932103534474717
-17.91636348146796
-0.8691668054073043
-6.654937416007409
-2.6866276499426034
-19.97568338669044
-19.947882328618196
-16.84747494317759
-14.949526813456066
-13.989155324654542
-9.587861523988698
-18.884533466061022
-10.614925265958629
-13.93305948158393
-18.95419686643725
-12.80214922070397
-10.324489950868303
-14.970409498814352
-12.415559872101927
-12.784257765085
-0.5573751120823278
-17.444801928883955
-7.565528664452903
-19.64184122673876
-16.317000696729366
-9.036378635012273
-0.7344965104830781
-1.2248102549883022
-0.741483020057081
-12.25553648151632
-4.851133436339445
-7.418118525005562
-15.125621562944085
-12.367043224900062
-5.341021725939417
-13.2387663484525
-6.500923476695432
-11.949260836920983
-0.20580153597276052
-6.603067867078293
-18.154616268686247
-15.7138202026534
-1.9581946441876894
-15.615046093599243
-14.602918837149621
-13.035012515718302
-12.815404107141386
-6.050212499945626
-0.486183022381943
-16.802148655515783
-1.4731911626081606
-11.794381391745384
-14.131744941741307
-9.514921075393591
-1.079435538784339
-8.90662455318183
-8.016745798305092
-15.89262288547656
-6.245305816413196
FactorLoading_Φ
0.041042928005122103	-0.460764004144397	-0.08639537512721729	-0.4117976927232636
-0.08632009355736381	-0.19580029943070376	0.14599149585980697	0.5718881111521255
0.1135944605536594	-0.19911875301234883	0.5279441536092224	0.15934263282476935
0.47691860009982023	0.4325345728648071	0.0812196156546452	0.009327211380727451
-0.2005318394984339	0.03789786211555879	-0.7339529511088667	0.027617347277140603
-0.2958312960268239	-0.08806249198853022	-0.6084220892709222	-0.007684122713723651
0.09886651338245422	0.26263279729881184	0.2637433812031116	0.37475730811562236
-0.18656934050513585	0.09211206111106929	0.01625373183681811	-0.7050648665469768
0.06525861012568446	-0.24906704077546138	-0.2246936368952821	-0.46098071220357206
0.4320835576021007	0.08472857761928698	-0.27904244458359173	0.20414542019502058
-0.4411607867394167	0.418822292767169	0.015967942242453903	-0.1240489782509604
0.13808426356441283	-0.16915428341851557	0.38577097718549513	-0.30699047583157646
0.5549293817293395	-0.04155968319286352	0.07932536855396677	-0.32418556652383024
-0.2141957172595168	-0.05160793465903546	-0.7258118339088477	-0.0083845141726
-0.3163032456632986	-0.016662957700999348	0.37895286669772	-0.28808092993798207
0.4346436536994587	-0.4222638323769978	0.05825899625952502	0.08483351766401848
0.5506349856682367	0.17342668676662898	0.22720651076983178	-0.048731816795302585
-0.08851193316300421	0.3787457974041928	0.3611921486923628	-0.17155012074044018
0.009435010845195269	-0.39986589300365605	0.011566290642323507	0.5791328055088252
-0.017637798447749153	-0.06413098754814328	-0.41016056264994205	0.5080706513541655
-0.41203516616577907	0.28400280309133885	0.2542954576723706	-0.04966657307051148
-0.006381063233626305	-0.46184233510130257	0.34290180140463966	-0.18887480026043146
0.33969838463246393	0.17522658077800868	-0.041221775191352616	-0.44385325939817477
0.5247969688511593	0.16803435353354157	-0.12531341352112157	-0.18185526409417752
-0.07970106507322217	0.5020232601354011	0.3400168590192949	0.07825881577208182
0.2570423766878469	-0.45258867984021944	-0.238112084940437	0.05225685853149664
0.25560910370286916	0.06308960403311481	0.009636332480816412	-0.6716649597831996
0.16080114586299432	-0.19361647935726944	0.30618957569996197	0.33939279907977427
0.000718835747422375	0.442606248339805	0.5197867317157832	0.03688818419698947
-0.26091274659819175	0.24104349266672798	0.2835437960669134	0.2144999646681669
0.1323408533843975	0.42973003818189315	0.34195523845492115	-0.0959738699787882
0.10575297175087495	-0.06473077941063043	0.6585838765836967	-0.17093237225479796
-0.18670523791539817	-0.412355379490005	0.28445197088458385	-0.11648741171001298
0.2862828275264544	-0.20620205288642435	-0.36485138270889594	-0.1426637368782253
0.030083797080494357	-0.34615982024686276	0.2569556235890631	0.3668007590835798
0.22406579373510516	-0.1122585133791194	-0.19255818475709918	0.47111750812867625
0.17555447920799994	-0.03291529917247016	-0.1342836575011157	-0.6572465641184142
-0.10502923702394451	-0.6249526243508261	0.1952492014461955	0.07476893717903388
-0.14943437256709546	0.41261114497633655	-0.08703360048998854	-0.35092088196657945
-0.30960404491377513	0.08514919617060901	-0.40933442365909145	-0.1959123352565244
-0.1670126577678983	-0.11402273066072643	-0.7160368742196752	0.002927737351700044
-0.1378885267032408	-0.3270963961143738	0.3378103174139786	0.1972047597684068
0.03865757880851772	0.26508107700330963	0.24586206745775985	-0.4503992767304128
0.13602131423360886	-0.249993971807283	0.5538228096464954	-0.0601619043126127
0.22986897639530146	-0.4651320940243593	-0.041531011558908704	-0.26346791802143055
-0.04947185150634925	-0.052764187400595075	-0.055857594825314605	0.8419063662677411
0.36447774166869684	0.393875605499761	-0.21601835278362547	0.02562830004791672
0.024013128179088072	0.10220511623948414	0.09357265897212552	0.7802090966093023
0.431956556308815	-0.0662778898991978	-0.266462362141596	0.23530319165039115
0.24445009765701498	0.05112718200682198	-0.06833880602099729	0.6360839143151658
0.6725987021876498	-0.01800147590478063	0.07338846817744882	0.23601135373012072
0.3935860441980037	-0.17820617001445282	-0.16675437785382186	-0.2614534079337216
-0.5611731101272028	-0.17164688909017678	-0.13016870458997887	0.13701129619264152
0.21688166355439065	0.0198901340596096	0.31314609322507403	-0.4500821091609257
0.23883786432235166	-0.3974979929480267	0.17923437604295334	0.18442976668666833
-0.08136771816627131	0.31193143212632446	-0.15028111220688145	0.4564197375005228
-0.026073960456152845	0.491904039135038	-0.02308072107978809	-0.45894127932902107
-0.49105251439666087	-0.25595844757575503	0.030116788406717276	-0.22287224962086682
-0.3334459855032492	-0.16841223647678394	-0.47625815895529144	0.021883619064675397
0.28622185749452744	-0.49870382867380036	0.15792049817575027	-0.057153815655921925
-0.06320102576218467	0.1259879651056517	-0.013403957293730118	-0.7974070518384335
-0.3154566869406674	-0.06630401439668465	-0.04707699239967478	0.5711623062629732
0.12274715117783908	-0.3454995135417589	0.30659986146112206	0.22515347381927997
-0.4153463939484032	0.21253850797515672	-0.2827105323491357	-0.08940456572730437
-0.11167204743674253	-0.12657155817895882	0.4802691407234967	-0.28148725366080196
-0.5021684475410519	0.15553984958302536	0.18456053406216344	0.15773116881375926
0.516123633142378	0.05493062961359785	-0.2995764554031468	0.12936928184087737
0.2175789609925154	0.374427282736554	0.4013063623877846	0.006687393883145987
-0.6496456955506007	0.06853169354742517	0.19988181551073603	-0.08194079539123811
0.10800784493216331	-0.012697791069041786	0.39340551941543644	-0.48588884458335846
0.3137364248472043	0.19154039286341895	0.28869400349411345	0.20602917879526328
-0.035321455450786354	0.23493382599531665	0.4471536477061455	-0.2825910708477515
-0.13004932486250276	0.23538425842986999	-0.6041205454146261	0.030445871293001137
-0.13930715390503234	0.5398898569789177	0.0713153576678549	-0.24948763144819508
-0.21358769445627335	-0.091030813470937	-0.19842557286075269	0.49695591921203697
-0.49751686864669176	-0.005101728121749138	0.015286999732471607	-0.4820944034990875
0.5506530322252718	0.3719898661436494	0.008345199635494183	0.0690119019955846
-0.33155099068788774	0.13735609899419687	0.5115899742567056	0.019502936061209786
-0.1777782697890684	0.05245692077480424	0.1940373815935048	0.5757274278426225
-0.09695771973157474	0.34935657945843657	0.013626553707073441	0.5400591471029152
0.42581294315588347	0.32504636201471215	-0.10294650649111659	0.1461941883382878
0.298524324650433	-0.08604479525271591	-0.026011752753912765	0.5894191273429383
0.24434183031775825	-0.28113108836062417	-0.027277119529473648	0.44724996179214394
0.17070030240921752	0.22793387986708646	-0.11905127685945449	-0.4823145408642415
-0.03601768027111385	-0.20316486166808057	-0.5509018048048153	0.20991565325599026
0.07145794988236709	0.058671108591070054	-0.46422646375763854	-0.4056444777689243
-0.2972493909947549	0.05139723156085774	0.11736485017347764	-0.5339885272709097
-0.07262740464451234	0.6198201086728021	-0.0946840539437499	0.21286843273893563
0.15302465739940208	0.030890555427042665	0.594772925148213	0.22131186202534225
-0.5728904312364611	0.29674858258388825	0.08643591150592389	0.04392507467372675
-0.36324731192212134	-0.20025124717305953	0.4263867951336888	0.010114645771130304
0.06263534423508643	0.2554743548223406	-0.3720051731931755	0.30988512774939747
0.1627119256381262	0.3470882773442727	0.09725635229704044	0.39294344472056064
-0.09579042326057996	-0.42162923032996336	-0.32367164019479056	-0.15890870621466613
0.6484431441365175	0.15435969577260433	0.007081474268573196	0.19011568582230498
-0.07851780743203784	-0.3833669090575993	0.2024451196059751	0.33567016390438775
0.11731469731620603	0.01955799262872704	0.8024455336860119	0.06068177636905503
0.37818833611083336	-0.11099281155474117	-0.3337903727142948	-0.17702847962013069
0.325283952806527	0.36294410078981976	-0.130535773919507	-0.18123617248414625
-0.16044875725555707	-0.09020183757817724	0.3376607378903034	-0.4116886672759623
0.3282564559947596	-0.2830041860086723	0.272825233443305	-0.11591412455326311
-0.04783261346594059	-0.5551926115471664	-0.04006486423351374	-0.3569099107533793
-0.6276279304452352	0.20458763851736328	0.09484739975608747	0.07293703128131401
0.4591338685510731	0.27931506701295805	-0.01151158231834537	0.2500394821176235
0.16922433041627594	0.4816589054741063	-0.2690110855093715	0.08010567860024631
0.17729613392178423	0.3909143959843895	-0.355926780356669	-0.07586268973715726
0.24162835313941833	0.5019462945468092	-0.14591930801225894	0.11050604430151356
0.27180340608732356	0.27318989393292314	0.26665520065391535	-0.18835149932583795
-0.12180855407354851	-0.6233215700559926	0.11668423471147493	0.1381856411589839
-0.2723735563571503	0.603418480419339	-0.0927395592047453	-0.031468404018765384
-0.09627141733676692	-0.4062651771396655	-0.28371245609506746	0.21375094942850015
0.5082295158217758	-0.07485361542643898	-0.12808020754916605	0.2888366612026192
0.04435732516079538	0.7020927046340981	0.04243852144593774	0.21111144875916876
0.3791400630750297	0.04672331680124797	-0.16411962235970368	0.4100169977640187
-0.5323450407744816	0.188534965555746	0.03861327354087174	-0.24050672012890062
-0.33082907493090086	-0.030874845876771806	0.15159534075205183	-0.4867007384402755
-0.05992471231148344	0.07331630872240402	-0.6264623419458497	0.24029663702026283
0.06970672257806498	0.46417653705475903	-0.455562944063546	-0.010553796303629959
-0.055377032128109294	-0.3040687522159047	-0.4453479925569066	-0.19520622309907942
0.7343415545967897	-0.16957336241121124	-0.03085999483620805	0.06522508815579098
0.0816363853815647	0.3343677885546932	-0.18127813883221688	0.40271768723152523
0.009437767816698805	0.5375648910737436	0.44996889783935057	-0.003028443270207015
0.0019116127123923743	0.2003848328258695	-0.2956239766420483	0.5020795778196898
-0.2726570602253249	0.6179778728087566	0.07179180162229604	-0.037573265343622486
0.39376625333381154	0.174035740548393	-0.14847566917888821	-0.28372233693890725
0.046160048934067444	0.5186900530902421	-0.09684683505126146	0.338303062924429
0.16158302442549521	0.44517030483146813	0.20019914205280354	0.19304752869023312
0.26543909516554187	0.05801108121478182	0.377315445702588	0.2992343779170883
0.0012425535026792112	0.1362336932551469	0.06050310818483773	0.8020206450573362
0.016103451991370976	-0.6774247035888783	-0.03132998698113543	-0.2751418574386153
0.19721065233058033	-0.6179386204895394	-0.13483652831710335	0.050014198862776915
0.23621702745092987	0.23940863585210992	-0.4339062194497785	0.09046811724718173
-0.40995887670540254	-0.48375709626038343	-0.06827039763710618	-0.03801362939710784
-0.23143808181631154	-0.01992508339887178	0.08645448132055877	0.6621823534642579
-0.2507580998938681	-0.30906682020041987	-0.027618051140353428	0.4125570287653586
-0.3043558598817466	-0.12053139523202061	0.3725018803716822	-0.20261086451455057
0.4120338452465937	0.25415645773996975	-0.036884536195501916	-0.29692516081793463
0.1216993125696777	-0.5349725997228263	-0.2805942042644196	0.0627338834430764
0.3693365682296821	-0.037474688994823424	0.048109329606484064	0.5450794131690104
-0.12042341419319325	-0.29455009471787963	-0.3592621688425748	-0.22576432224635234
0.0999203781395277	0.09845151890151937	0.7714389463409745	-0.030189156617978385
-0.17234936977219473	-0.19493097800070358	0.30645080305586014	0.32626884917124155
0.3815389955781452	-0.28783269473232953	0.25406887974387415	0.07655942994565113
-0.2967334180286827	-0.027218069013257296	0.42438130541775254	-0.25166720754030747
-0.4362880627268477	-0.07931476016244332	0.1206605716416067	0.36373660546910225
-0.2634944294271775	-0.04260057036493525	0.4175743833579406	0.27633061684994664
0.14959693516227235	-0.08603157575821796	-0.040547524152984904	-0.7238239649265248
-0.49454226292810577	-0.328020023568123	0.14476128170870362	0.03267643179506763
0.28915977483227406	-0.2150741556341147	-0.3713197719148911	-0.12444629761872017
0.0035152171519621245	-0.4302202596379694	0.02327953854498377	0.5429849846650847
FactorLoading_Ψ
0.041042928005122103	-0.460764004144397	-0.08639537512721729	-0.4117976927232636
-0.08632009355736381	-0.19580029943070376	0.14599149585980697	0.5718881111521255
0.1135944605536594	-0.19911875301234883	0.5279441536092224	0.15934263282476935
0.47691860009982023	0.4325345728648071	0.0812196156546452	0.009327211380727451
-0.2005318394984339	0.03789786211555879	-0.7339529511088667	0.027617347277140603
-0.2958312960268239	-0.08806249198853022	-0.6084220892709222	-0.007684122713723651
0.09886651338245422	0.26263279729881184	0.2637433812031116	0.37475730811562236
-0.18656934050513585	0.09211206111106929	0.01625373183681811	-0.7050648665469768
0.06525861012568446	-0.24906704077546138	-0.2246936368952821	-0.46098071220357206
0.4320835576021007	0.08472857761928698	-0.27904244458359173	0.20414542019502058
-0.4411607867394167	0.418822292767169	0.015967942242453903	-0.1240489782509604
0.13808426356441283	-0.16915428341851557	0.38577097718549513	-0.30699047583157646
0.5549293817293395	-0.04155968319286352	0.07932536855396677	-0.32418556652383024
-0.2141957172595168	-0.05160793465903546	-0.7258118339088477	-0.0083845141726
-0.3163032456632986	-0.016662957700999348	0.37895286669772	-0.28808092993798207
0.4346436536994587	-0.4222638323769978	0.05825899625952502	0.08483351766401848
0.5506349856682367	0.17342668676662898	0.22720651076983178	-0.048731816795302585
-0.08851193316300421	0.3787457974041928	0.3611921486923628	-0.17155012074044018
0.009435010845195269	-0.39986589300365605	0.011566290642323507	0.5791328055088252
-0.017637798447749153	-0.06413098754814328	-0.41016056264994205	0.5080706513541655
-0.41203516616577907	0.28400280309133885	0.2542954576723706	-0.04966657307051148
-0.006381063233626305	-0.46184233510130257	0.34290180140463966	-0.18887480026043146
0.33969838463246393	0.17522658077800868	-0.041221775191352616	-0.44385325939817477
0.5247969688511593	0.16803435353354157	-0.12531341352112157	-0.18185526409417752
-0.07970106507322217	0.5020232601354011	0.3400168590192949	0.07825881577208182
0.2570423766878469	-0.45258867984021944	-0.238112084940437	0.05225685853149664
0.25560910370286916	0.06308960403311481	0.009636332480816412	-0.6716649597831996
0.16080114586299432	-0.19361647935726944	0.30618957569996197	0.33939279907977427
0.000718835747422375	0.442606248339805	0.5197867317157832	0.03688818419698947
-0.26091274659819175	0.24104349266672798	0.2835437960669134	0.2144999646681669
0.1323408533843975	0.42973003818189315	0.34195523845492115	-0.0959738699787882
0.10575297175087495	-0.06473077941063043	0.6585838765836967	-0.17093237225479796
-0.18670523791539817	-0.412355379490005	0.28445197088458385	-0.11648741171001298
0.2862828275264544	-0.20620205288642435	-0.36485138270889594	-0.1426637368782253
0.030083797080494357	-0.34615982024686276	0.2569556235890631	0.3668007590835798
0.22406579373510516	-0.1122585133791194	-0.19255818475709918	0.47111750812867625
0.17555447920799994	-0.03291529917247016	-0.1342836575011157	-0.6572465641184142
-0.10502923702394451	-0.6249526243508261	0.1952492014461955	0.07476893717903388
-0.14943437256709546	0.41261114497633655	-0.08703360048998854	-0.35092088196657945
-0.30960404491377513	0.08514919617060901	-0.40933442365909145	-0.1959123352565244
-0.1670126577678983	-0.11402273066072643	-0.7160368742196752	0.002927737351700044
-0.1378885267032408	-0.3270963961143738	0.3378103174139786	0.1972047597684068
0.03865757880851772	0.26508107700330963	0.24586206745775985	-0.4503992767304128
0.13602131423360886	-0.249993971807283	0.5538228096464954	-0.0601619043126127
0.22986897639530146	-0.4651320940243593	-0.041531011558908704	-0.26346791802143055
-0.04947185150634925	-0.052764187400595075	-0.055857594825314605	0.8419063662677411
0.36447774166869684	0.393875605499761	-0.21601835278362547	0.02562830004791672
0.024013128179088072	0.10220511623948414	0.09357265897212552	0.7802090966093023
0.431956556308815	-0.0662778898991978	-0.266462362141596	0.23530319165039115
0.24445009765701498	0.05112718200682198	-0.06833880602099729	0.6360839143151658
0.6725987021876498	-0.01800147590478063	0.07338846817744882	0.23601135373012072
0.3935860441980037	-0.17820617001445282	-0.16675437785382186	-0.2614534079337216
-0.5611731101272028	-0.17164688909017678	-0.13016870458997887	0.13701129619264152
0.21688166355439065	0.0198901340596096	0.31314609322507403	-0.4500821091609257
0.23883786432235166	-0.3974979929480267	0.17923437604295334	0.18442976668666833
-0.08136771816627131	0.31193143212632446	-0.15028111220688145	0.4564197375005228
-0.026073960456152845	0.491904039135038	-0.02308072107978809	-0.45894127932902107
-0.49105251439666087	-0.25595844757575503	0.030116788406717276	-0.22287224962086682
-0.3334459855032492	-0.16841223647678394	-0.47625815895529144	0.021883619064675397
0.28622185749452744	-0.49870382867380036	0.15792049817575027	-0.057153815655921925
-0.06320102576218467	0.1259879651056517	-0.013403957293730118	-0.7974070518384335
-0.3154566869406674	-0.06630401439668465	-0.04707699239967478	0.5711623062629732
0.12274715117783908	-0.3454995135417589	0.30659986146112206	0.22515347381927997
-0.4153463939484032	0.21253850797515672	-0.2827105323491357	-0.08940456572730437
-0.11167204743674253	-0.12657155817895882	0.4802691407234967	-0.28148725366080196
-0.5021684475410519	0.15553984958302536	0.18456053406216344	0.15773116881375926
0.516123633142378	0.05493062961359785	-0.2995764554031468	0.12936928184087737
0.2175789609925154	0.374427282736554	0.4013063623877846	0.006687393883145987
-0.6496456955506007	0.06853169354742517	0.19988181551073603	-0.08194079539123811
0.10800784493216331	-0.012697791069041786	0.39340551941543644	-0.48588884458335846
0.3137364248472043	0.19154039286341895	0.28869400349411345	0.20602917879526328
-0.035321455450786354	0.23493382599531665	0.4471536477061455	-0.2825910708477515
-0.13004932486250276	0.23538425842986999	-0.6041205454146261	0.030445871293001137
-0.13930715390503234	0.5398898569789177	0.0713153576678549	-0.24948763144819508
-0.21358769445627335	-0.091030813470937	-0.19842557286075269	0.49695591921203697
-0.49751686864669176	-0.005101728121749138	0.015286999732471607	-0.4820944034990875
0.5506530322252718	0.3719898661436494	0.008345199635494183	0.0690119019955846
-0.33155099068788774	0.13735609899419687	0.5115899742567056	0.019502936061209786
-0.1777782697890684	0.05245692077480424	0.1940373815935048	0.5757274278426225
-0.09695771973157474	0.34935657945843657	0.013626553707073441	0.5400591471029152
0.42581294315588347	0.32504636201471215	-0.10294650649111659	0.1461941883382878
0.298524324650433	-0.08604479525271591	-0.026011752753912765	0.5894191273429383
0.24434183031775825	-0.28113108836062417	-0.027277119529473648	0.44724996179214394
0.17070030240921752	0.22793387986708646	-0.11905127685945449	-0.4823145408642415
-0.03601768027111385	-0.20316486166808057	-0.5509018048048153	0.20991565325599026
0.07145794988236709	0.058671108591070054	-0.46422646375763854	-0.4056444777689243
-0.2972493909947549	0.05139723156085774	0.11736485017347764	-0.5339885272709097
-0.07262740464451234	0.6198201086728021	-0.0946840539437499	0.21286843273893563
0.15302465739940208	0.030890555427042665	0.594772925148213	0.22131186202534225
-0.5728904312364611	0.29674858258388825	0.08643591150592389	0.04392507467372675
-0.36324731192212134	-0.20025124717305953	0.4263867951336888	0.010114645771130304
0.06263534423508643	0.2554743548223406	-0.3720051731931755	0.30988512774939747
0.1627119256381262	0.3470882773442727	0.09725635229704044	0.39294344472056064
-0.09579042326057996	-0.42162923032996336	-0.32367164019479056	-0.15890870621466613
0.6484431441365175	0.15435969577260433	0.007081474268573196	0.19011568582230498
-0.07851780743203784	-0.3833669090575993	0.2024451196059751	0.33567016390438775
0.11731469731620603	0.01955799262872704	0.8024455336860119	0.06068177636905503
0.37818833611083336	-0.11099281155474117	-0.3337903727142948	-0.17702847962013069
0.325283952806527	0.36294410078981976	-0.130535773919507	-0.18123617248414625
-0.16044875725555707	-0.09020183757817724	0.3376607378903034	-0.4116886672759623
0.3282564559947596	-0.2830041860086723	0.272825233443305	-0.11591412455326311
-0.04783261346594059	-0.5551926115471664	-0.04006486423351374	-0.3569099107533793
-0.6276279304452352	0.20458763851736328	0.09484739975608747	0.07293703128131401
0.4591338685510731	0.27931506701295805	-0.01151158231834537	0.2500394821176235
0.16922433041627594	0.4816589054741063	-0.2690110855093715	0.08010567860024631
0.17729613392178423	0.3909143959843895	-0.355926780356669	-0.07586268973715726
0.24162835313941833	0.5019462945468092	-0.14591930801225894	0.11050604430151356
0.27180340608732356	0.27318989393292314	0.26665520065391535	-0.18835149932583795
-0.12180855407354851	-0.6233215700559926	0.11668423471147493	0.1381856411589839
-0.2723735563571503	0.603418480419339	-0.0927395592047453	-0.031468404018765384
-0.09627141733676692	-0.4062651771396655	-0.28371245609506746	0.21375094942850015
0.5082295158217758	-0.07485361542643898	-0.12808020754916605	0.2888366612026192
0.04435732516079538	0.7020927046340981	0.04243852144593774	0.21111144875916876
0.3791400630750297	0.04672331680124797	-0.16411962235970368	0.4100169977640187
-0.5323450407744816	0.188534965555746	0.03861327354087174	-0.24050672012890062
-0.33082907493090086	-0.030874845876771806	0.15159534075205183	-0.4867007384402755
-0.05992471231148344	0.07331630872240402	-0.6264623419458497	0.24029663702026283
0.06970672257806498	0.46417653705475903	-0.455562944063546	-0.010553796303629959
-0.055377032128109294	-0.3040687522159047	-0.4453479925569066	-0.19520622309907942
0.7343415545967897	-0.16957336241121124	-0.03085999483620805	0.06522508815579098
0.0816363853815647	0.3343677885546932	-0.18127813883221688	0.40271768723152523
0.009437767816698805	0.5375648910737436	0.44996889783935057	-0.003028443270207015
0.0019116127123923743	0.2003848328258695	-0.2956239766420483	0.5020795778196898
-0.2726570602253249	0.6179778728087566	0.07179180162229604	-0.037573265343622486
0.39376625333381154	0.174035740548393	-0.14847566917888821	-0.28372233693890725
0.046160048934067444	0.5186900530902421	-0.09684683505126146	0.338303062924429
0.16158302442549521	0.44517030483146813	0.20019914205280354	0.19304752869023312
0.26543909516554187	0.05801108121478182	0.377315445702588	0.2992343779170883
0.0012425535026792112	0.1362336932551469	0.06050310818483773	0.8020206450573362
0.016103451991370976	-0.6774247035888783	-0.03132998698113543	-0.2751418574386153
0.19721065233058033	-0.6179386204895394	-0.13483652831710335	0.050014198862776915
0.23621702745092987	0.23940863585210992	-0.4339062194497785	0.09046811724718173
-0.40995887670540254	-0.48375709626038343	-0.06827039763710618	-0.03801362939710784
-0.23143808181631154	-0.01992508339887178	0.08645448132055877	0.6621823534642579
-0.2507580998938681	-0.30906682020041987	-0.027618051140353428	0.4125570287653586
-0.3043558598817466	-0.12053139523202061	0.3725018803716822	-0.20261086451455057
0.4120338452465937	0.25415645773996975	-0.036884536195501916	-0.29692516081793463
0.1216993125696777	-0.5349725997228263	-0.2805942042644196	0.0627338834430764
0.3693365682296821	-0.037474688994823424	0.048109329606484064	0.5450794131690104
-0.12042341419319325	-0.29455009471787963	-0.3592621688425748	-0.22576432224635234
0.0999203781395277	0.09845151890151937	0.7714389463409745	-0.030189156617978385
-0.17234936977219473	-0.19493097800070358	0.30645080305586014	0.32626884917124155
0.3815389955781452	-0.28783269473232953	0.25406887974387415	0.07655942994565113
-0.2967334180286827	-0.027218069013257296	0.42438130541775254	-0.25166720754030747
-0.4362880627268477	-0.07931476016244332	0.1206605716416067	0.36373660546910225
-0.2634944294271775	-0.04260057036493525	0.4175743833579406	0.27633061684994664
0.14959693516227235	-0.08603157575821796	-0.040547524152984904	-0.7238239649265248
-0.49454226292810577	-0.328020023568123	0.14476128170870362	0.03267643179506763
0.28915977483227406	-0.2150741556341147	-0.3713197719148911	-0.12444629761872017
0.0035152171519621245	-0.4302202596379694	0.02327953854498377	0.5429849846650847
Conflicts
7 64
58 105
53 72
144 141
81 115
121 87
150 20
119 2
76 8
35 80
63 94
32 130
135 48
121 82
42 62
122 104
63 31
23 150
103 3
148 25
34 98
71 1
109 20
129 106
133 54
86 118
51 20
149 8
9 10
7 127
28 65
129 41
99 52
117 72
74 17
68 45
2 8
81 52
128 3
102 27
27 30
38 24
123 36
147 130
137 46
78 79
23 60
55 59
114 76
7 114
140 145
118 73
132 107
66 79
7 32
98 49
78 52
103 88
19 93
8 73
59 90
92 36
14 81
96 105
87 65
55 45
131 149
95 12
104 62
100 117
130 93
109 79
132 12
137 17
67 6
83 117
128 70
109 106
79 88
37 149
144 111
67 19
55 150
68 142
23 149
34 81
97 129
98 74
77 84
65 115
103 22
136 97
80 131
53 118
100 66
4 95
131 56
19 21
26 13
120 52
120 108
55 24
92 40
48 85
63 80
83 69
48 30
104 141
88 18
133 63
72 39
103 51
75 8
102 70
80 137
97 138
60 97
147 101
4 135
141 90
5 91
27 19
143 97
73 18
51 57
32 117
29 70
136 66
98 130
81 16
75 41
103 113
29 91
141 85
4 149
104 94
149 84
98 22
118 115
121 147
21 6
133 77
43 91
117 22
9 13
60 11
12 18
112 91
31 122
71 84
110 115
11 134
117 85
57 85
91 1
98 30
125 89
55 125
65 39
103 65
69 67
78 55
25 85
44 46
81 12
14 79
132 105
37 31
140 81
53 87
93 84
16 44
130 65
81 29
105 45
37 85
103 58
119 77
53 80
35 137
116 62
75 95
47 86
13 66
43 90
124 29
25 79
144 105
54 148
67 49
128 109
144 114
23 66
27 118
13 27
117 46
136 21
68 58
103 112
23 102
75 76
7 131
116 108
27 113
62 79
71 67
68 70
71 131
8 21
51 96
54 87
25 11
46 84
131 44
109 12
104 1
97 41
125 103
94 24
75 11
103 74
124 21
19 107
140 97
32 129
117 115
5 73
61 28
50 59
23 105
47 150
98 94
62 150
143 109
81 139
69 93
66 145
133 95
25 81
35 1
13 8
48 44
114 93
63 81
68 111
102 61
35 65
72 143
63 67
60 102
122 93
145 104
53 138
15 12
122 141
140 15
7 92
32 149
28 56
53 93
116 73
25 46
47 15
2 82
55 42
103 72
132 59
2 15
68 132
99 127
47 78
27 56
91 12
148 91
120 129
147 116
146 114
92 134
119 42
7 17
138 6
132 115
55 121
125 6
32 139
117 110
120 98
124 139
11 142
60 42
37 107
19 79
110 38
7 57
31 38
137 51
113 85
10 115
54 90
128 61
31 34
26 51
101 91
13 124
122 8
4 49
60 74
101 64
48 22
144 70
40 17
56 46
121 137
139 20
80 105
4 60
49 24
25 12
37 40
136 87
99 8
55 51
126 96
71 86
62 88
66 11
128 18
4 31
120 143
14 16
105 134
78 127
7 51
19 88
53 44
56 108
65 36
137 24
31 11
31 58
80 123
142 134
75 129
102 44
126 51
34 69
63 40
63 136
29 5
58 12
7 13
96 30
117 149
109 21
112 39
139 96
86 58
27 79
98 73
93 105
31 65
42 141
39 20
70 118
32 62
147 114
106 88
4 44
74 108
112 22
3 104
22 90
4 16
69 80
60 39
86 80
132 123
26 146
72 30
77 85
81 22
119 28
37 81
110 8
144 127
109 97
40 94
80 65
27 149
78 146
87 70
48 88
89 105
53 146
126 64
59 46
83 114
66 39
60 49
9 30
9 77
77 142
26 120
63 45
7 86
60 86
80 3
65 134
17 38
139 8
40 62
133 30
27 90
80 95
50 149
43 24
4 46
23 133
122 45
84 88
78 81
102 138
50 145
14 101
37 16
116 21
114 24
87 85
140 3
66 114
87 97
40 46
72 118
83 140
136 149
87 12
25 111
32 79
31 64
78 135
89 19
142 24
110 90
51 142
128 68
78 60
144 139
4 122
117 39
69 85
92 104
28 22
98 61
14 10
132 122
98 134
62 44
40 24
9 57
113 141
138 45
109 1
20 18
60 28
60 21
68 114
145 24
6 45
47 122
150 21
115 90
132 14
52 1
114 15
130 107
132 89
35 93
76 106
42 57
9 8
119 46
142 73
121 115
56 18
119 115
34 11
10 83
68 130
140 131
75 114
22 39
43 62
37 144
13 1
149 134
36 11
149 115
112 73
147 139
109 24
53 38
15 90
141 57
114 11
68 81
22 1
26 62
117 143
136 13
29 103
68 149
114 149
99 111
101 126
99 48
7 145
23 113
135 94
51 33
26 60
124 64
63 55
25 32
68 69
140 11
10 96
93 70
80 149
93 127
31 134
89 45
143 111
5 90
54 1
92 142
27 51
50 22
34 21
68 36
10 12
127 88
77 112
105 138
58 138
83 5
72 85
27 87
34 114
9 102
13 116
54 116
123 82
51 38
13 48
126 93
60 149
130 141
132 144
130 16
55 77
11 5
43 140
101 137
132 4
117 8
116 109
132 96
80 97
3 79
116 49
111 45
35 107
33 18
47 94
132 80
116 89
68 15
26 117
135 115
47 115
11 90
97 82
125 61
50 17
86 114
7 34
101 20
135 22
13 39
143 33
99 142
34 33
120 139
132 149
144 17
124 19
65 12
141 18
108 8
130 70
42 138
4 25
14 21
125 33
3 51
147 126
13 57
58 65
133 99
93 21
24 85
115 57
31 150
92 21
47 62
104 79
80 144
63 92
121 52
93 44
144 21
149 30
19 142
108 79
123 122
3 11
104 130
138 24
11 15
133 10
128 85
101 51
17 95
3 38
74 62
69 30
25 24
63 64
18 134
32 72
64 88
120 70
128 125
121 17
142 91
148 18
119 10
34 61
37 27
15 18
70 49
10 15
114 36
113 118
146 30
35 118
71 33
125 146
9 111
9 142
86 88
132 108
129 57
75 150
149 142
60 30
37 101
4 59
71 106
17 41
19 111
140 98
79 73
49 129
50 48
10 87
101 146
148 79
4 21
117 84
53 122
59 82
107 22
148 81
56 91
43 146
35 53
65 11
122 21
128 131
81 3
27 6
122 73
102 89
10 103
125 22
126 72
50 11
77 45
130 8
82 52
100 130
34 125
89 44
66 36
79 85
147 48
27 73
42 70
37 73
103 17
58 28
138 46
47 99
53 56
102 38
116 53
55 70
145 130
9 80
127 105
146 18
119 69
7 133
54 143
40 118
81 130
37 49
119 132
37 147
13 147
123 74
89 90
120 97
78 29
35 113
47 13
45 20
113 90
26 114
58 46
25 69
25 149
125 134
137 88
54 19
71 126
98 118
66 139
69 76
78 51
51 6
16 24
29 149
64 12
137 39
26 58
119 75
42 115
26 78
51 12
105 84
40 73
28 30
49 111
60 58
94 46
94 118
135 45
102 111
81 112
119 102
148 125
71 47
119 117
114 99
110 6
104 70
37 123
34 131
25 97
65 21
75 131
100 41
38 141
69 87
136 147
51 138
148 12
71 111
140 143
140 104
37 35
2 99
109 52
66 127
10 111
47 104
110 39
43 125
39 115
79 22
50 28
3 149
76 91
37 59
75 21
71 66
140 17
65 91
142 88
23 51
71 91
93 115
19 18
81 24
103 15
37 11
135 149
136 72
50 35
7 118
98 52
66 96
110 1
137 106
55 1
88 105
145 11
42 61
81 76
135 57
78 62
56 95
53 12
37 3
139 79
123 87
139 49
109 90
16 56
124 116
133 145
117 49
125 2
31 102
2 138
37 15
139 39
35 109
86 17
34 103
19 45
60 32
69 97
93 138
43 103
133 50
4 81
60 108
97 90
53 130
50 38
22 12
43 107
83 42
63 27
10 30
121 140
137 87
23 24
14 127
135 81
41 57
102 24
32 22
122 110
80 113
116 59
23 43
80 122
147 149
132 138
87 33
59 142
147 41
103 38
147 80
43 82
7 9
53 1
59 88
55 27
104 127
63 88
124 72
39 52
47 103
103 143
126 18
96 88
89 12
50 29
13 2
147 6
128 135
38 52
75 115
102 99
128 53
55 93
92 35
9 32
4 94
120 82
50 70
123 93
128 4
109 105
121 19
86 137
112 1
78 31
14 72
50 106
27 8
47 2
125 116
23 120
125 39
135 74
26 40
68 5
123 99
118 90
71 63
116 46
96 106
25 84
108 24
130 51
122 20
123 94
47 147
61 59
78 150
43 50
5 44
54 129
69 57
120 12
106 57
122 17
43 44
71 12
50 122
92 111
40 106
117 134
2 29
19 91
129 138
47 126
35 12
35 127
146 99
74 137
140 56
130 105
43 97
132 124
109 76
49 84
43 85
136 36
103 108
61 52
7 113
147 51
42 99
16 12
61 91
4 137
101 49
135 112
119 123
123 24
119 118
25 75
148 149
36 139
120 44
61 21
75 44
117 108
60 1
92 58
117 150
87 107
86 108
120 77
81 30
145 5
10 106
120 112
54 82
16 36
7 39
26 52
49 90
117 67
57 91
56 142
149 118
59 149
136 16
34 56
80 58
9 34
47 32
5 20
54 81
13 64
147 44
133 87
83 74
136 103
16 48
120 3
98 44
4 52
2 52
132 35
138 73
146 115
137 111
3 12
47 17
7 84
65 82
35 52
122 65
119 129
78 103
128 136
140 130
47 44
5 33
86 146
37 66
137 96
28 106
132 117
100 85
32 96
71 144
66 109
35 145
145 79
63 99
35 104
18 30
32 144
116 24
25 33
71 100
54 42
128 77
135 88
124 103
109 59
35 83
66 72
34 48
26 19
27 1
144 138
126 57
116 61
63 32
83 79
103 84
3 16
3 101
37 48
140 91
130 91
147 70
35 32
126 91
69 89
49 5
89 56
79 44
124 22
8 84
131 108
110 49
100 75
128 30
68 13
89 143
32 94
148 96
42 91
56 52
146 91
83 46
123 107
4 108
9 74
75 30
66 146
86 3
31 98
100 79
131 72
64 94
79 76
77 110
31 12
4 75
71 104
7 120
102 77
83 22
80 117
142 85
118 6
54 144
2 115
40 15
139 88
137 79
120 140
104 106
26 5
84 57
25 83
23 123
69 82
3 73
116 3
74 48
77 140
109 88
124 122
71 34
130 24
128 111
75 46
78 90
29 73
53 24
97 52
124 61
146 89
133 108
108 12
50 114
105 20
101 110
61 137
7 62
72 142
19 11
133 65
29 127
71 109
78 58
55 143
135 91
78 49
26 88
37 95
72 16
66 108
60 111
34 150
34 73
5 84
144 112
74 94
70 24
74 76
69 65
74 138
10 34
69 139
72 112
68 98
129 90
125 96
121 134
29 142
71 121
121 45
31 146
125 12
74 6
103 73
121 48
68 78
43 57
71 115
64 150
23 48
60 93
40 11
11 45
26 59
55 138
34 97
75 123
104 6
2 94
10 66
112 21
107 105
108 90
26 107
114 70
80 59
14 6
107 118
122 16
136 116
116 134
140 12
43 110
23 100
35 45
83 80
148 72
100 105
103 20
140 5
101 73
104 24
36 129
93 91
123 127
83 16
65 84
67 96
7 48
78 138
25 80
23 35
125 139
146 62
103 21
55 134
31 87
99 46
145 84
135 84
72 62
13 17
27 11
25 27
69 112
54 11
104 118
8 96
83 104
135 33
54 122
119 95
108 134
94 138
13 146
68 44
26 55
29 129
78 86
107 141
66 82
87 64
89 79
135 72
19 129
26 20
125 121
136 117
94 141
10 127
137 97
67 94
119 36
103 85
97 106
98 86
26 122
57 105
74 36
34 87
103 106
12 24
33 6
60 61
81 59
4 123
65 17
124 5
43 102
49 30
35 48
37 113
90 111
126 27
87 45
68 104
126 122
40 130
108 41
93 57
42 76
74 111
47 127
136 33
108 118
61 108
132 150
98 123
124 36
125 113
100 61
124 24
71 81
54 89
98 72
126 5
140 80
75 32
43 61
87 94
138 30
43 60
106 105
83 3
120 123
35 141
140 126
120 131
143 137
87 138
7 3
103 109
123 18
100 144
98 146
119 56
139 1
94 41
80 118
34 89
9 141
121 67
120 39
129 85
31 135
93 39
119 1
86 122
42 45
73 134
58 137
114 73
124 99
121 40
32 142
87 82
32 30
123 41
89 59
50 56
125 105
128 24
101 59
54 135
148 141
57 6
116 30
32 17
101 74
42 51
133 97
6 52
75 61
64 18
63 60
47 51
78 77
89 137
3 20
99 70
71 113
7 93
86 145
104 52
68 105
79 150
92 81
61 11
83 93
119 30
4 65
67 93
104 12
126 90
76 21
29 82
5 39
142 90
66 18
7 70
131 5
146 82
69 24
47 59
113 24
111 18
147 1
37 68
35 69
43 131
32 145
62 6
67 30
116 143
68 67
9 21
140 29
27 70
132 145
89 108
51 39
92 75
103 18
19 150
121 62
51 1
147 131
34 53
146 150
54 94
69 41
60 150
119 103
37 78
71 116
71 87
50 20
127 20
2 74
32 56
129 21
128 142
63 142
121 97
79 15
14 12
123 108
123 118
101 24
63 98
60 94
98 12
117 139
137 33
32 85
74 33
131 95
100 46
2 5
43 26
54 77
9 98
75 146
93 73
143 12
99 15
31 145
128 147
95 15
71 105
86 139
123 58
139 94
103 8
107 82
117 73
74 130
112 94
117 106
53 58
140 99
22 84
34 45
52 30
55 141
131 107
55 3
89 145
139 45
66 80
121 93
5 134
100 125
146 28
68 14
131 150
10 70
69 73
23 78
132 86
65 97
72 24
13 120
81 61
31 32
63 147
117 113
13 97
140 30
127 30
65 38
143 51
58 142
34 82
65 20
50 41
47 36
29 110
79 127
32 51
72 104
132 111
68 115
83 57
126 85
58 64
108 11
48 90
47 139
81 44
77 91
29 36
66 33
140 59
77 97
11 82
13 22
140 89
77 141
126 16
32 16
12 115
53 106
82 134
83 111
54 114
131 94
43 108
4 69
23 8
9 6
76 105
140 57
84 30
119 147
43 126
51 73
66 130
63 86
119 12
4 40
40 88
144 45
103 11
100 28
80 109
60 12
78 69
41 45
81 104
123 5
2 56
55 101
143 16
104 65
29 67
23 3
15 85
25 86
103 79
8 1
69 21
144 56
133 92
148 28
92 2
59 108
41 12
54 125
100 137
83 62
2 57
117 146
140 108
75 139
108 20
123 109
5 12
113 105
11 30
137 142
67 18
83 118
119 52
35 120
42 93
130 106
60 20
56 5
140 38
31 2
3 48
133 83
42 39
55 69
126 109
103 12
34 44
139 46
26 36
123 73
126 108
68 88
136 76
78 75
16 30
77 146
68 18
32 109
98 24
31 55
83 51
145 129
55 123
128 65
100 93
27 24
126 76
125 21
13 135
146 33
80 138
112 130
88 20
63 42
32 70
49 91
44 24
67 108
103 107
124 143
40 139
13 14
67 76
7 30
145 41
102 33
81 97
23 138
68 113
9 33
83 139
131 112
149 5
53 3
81 103
68 50
23 114
9 101
131 64
119 17
72 94
140 70
37 97
25 142
95 52
37 116
54 2
75 69
13 150
60 139
54 70
68 59
38 111
100 126
41 150
58 70
63 90
125 57
29 88
102 74
117 122
4 80
109 8
36 91
43 141
23 143
148 99
7 41
78 70
58 144
14 78
12 46
105 85
35 33
34 130
47 116
125 1
133 127
37 61
23 42
148 129
28 150
100 78
3 46
51 44
132 45
32 42
96 84
117 118
100 95
86 5
80 27
113 39
54 36
116 76
93 85
123 106
124 74
102 51
14 88
28 39
110 129
102 105
35 41
23 108
55 21
71 123
13 46
69 56
124 56
44 33
19 59
10 17
124 66
74 107
23 30
9 81
69 79
116 2
93 65
112 88
66 1
72 88
63 104
107 91
137 15
3 130
107 49
10 80
81 145
85 134
15 1
120 45
37 21
122 30
32 134
99 93
143 134
61 22
123 40
104 57
136 108
137 30
101 79
95 150
128 145
132 64
4 127
2 141
121 96
66 87
83 121
120 65
117 18
83 82
92 118
63 35
98 127
86 30
27 52
31 42
31 56
63 34
59 45
107 52
135 41
91 134
9 87
13 127
74 39
126 94
130 114
93 59
80 70
147 99
23 88
119 21
52 44
129 118
102 41
132 76
102 116
89 22
120 126
92 124
37 39
75 90
71 140
68 60
71 73
37 60
148 6
63 17
75 38
54 131
128 28
35 117
109 113
78 107
93 56
107 15
58 76
101 127
78 3
148 118
14 108
13 101
45 73
17 97
9 60
135 18
121 64
3 70
3 39
78 53
143 70
40 134
113 142
80 38
32 41
4 17
13 77
75 121
10 38
128 133
132 98
86 113
56 79
31 137
136 140
125 83
139 18
70 52
71 88
147 144
130 59
132 121
70 111
95 118
140 149
147 11
148 27
78 117
49 20
86 18
81 93
122 5
135 73
144 52
9 103
136 2
69 149
37 6
128 119
143 57
101 5
140 82
87 30
140 79
146 64
121 77
75 36
132 33
140 62
28 141
25 61
59 85
71 54
147 45
27 129
46 73
120 69
10 107
149 38
4 35
74 150
100 120
132 10
86 16
92 146
124 35
122 138
31 72
101 142
41 84
102 1
10 65
136 98
126 11
123 146
25 143
78 13
55 97
142 45
35 122
51 82
53 131
144 118
78 104
117 138
9 106
74 79
71 53
116 117
25 65
119 11
80 90
23 135
48 5
92 86
128 64
14 131
128 67
68 140
143 59
66 125
138 127
136 54
93 38
128 22
116 69
78 113
35 16
96 91
73 85
63 149
90 134
89 88
135 80
48 6
135 125
10 16
78 141
81 87
140 103
137 113
47 125
82 88
3 131
68 3
64 33
78 142
50 69
58 106
35 81
141 6
133 140
50 103
90 46
63 39
108 129
26 2
54 146
66 70
25 121
120 88
15 138
47 93
135 116
147 94
146 97
80 74
35 22
132 95
72 76
143 61
137 62
54 52
102 91
29 108
53 62
25 137
147 67
41 118
35 30
131 62
98 103
130 76
140 58
47 40
116 90
92 135
47 27
117 105
136 1
124 114
92 148
43 89
94 73
15 6
75 124
79 52
63 41
122 62
126 104
66 46
149 52
142 6
28 105
100 51
7 94
29 137
40 48
42 19
48 141
10 144
148 113
93 15
40 52
75 122
101 52
104 96
67 64
74 19
148 15
64 8
146 143
25 49
95 139
67 110
121 15
54 107
59 84
140 107
61 38
116 106
78 88
23 57
79 96
133 21
146 1
14 148
137 22
77 116
120 56
92 39
50 139
118 30
104 129
83 38
70 106
10 104
150 88
10 91
83 11
92 144
2 96
128 14
63 106
147 122
32 111
7 72
43 122
133 84
104 22
75 16
63 77
78 116
29 27
132 114
7 73
77 76
52 33
71 148
26 141
86 19
4 89
13 62
129 96
68 27
149 76
10 84
148 130
81 11
95 44
7 83
43 49
107 110
66 44
43 59
147 143
66 12
39 30
59 139
96 18
23 117
19 6
145 99
146 85
147 85
124 120
62 108
103 123
128 89
60 123
54 113
100 8
148 105
146 44
122 48
147 113
116 72
60 110
41 30
112 57
100 40
42 113
37 14
71 96
80 126
132 90
117 6
148 59
76 142
103 105
132 97
61 150
26 105
100 116
126 65
96 46
7 95
121 129
35 70
94 110
132 22
63 111
75 72
16 142
104 20
55 118
92 28
55 113
81 53
139 150
46 18
8 39
26 91
124 60
40 107
69 3
114 57
124 129
133 66
113 57
28 107
66 30
135 17
70 142
48 49
60 109
127 12
42 6
64 62
43 112
63 20
103 56
89 52
146 12
58 39
78 18
49 15
61 142
61 114
97 91
7 38
75 120
128 74
83 91
95 138
117 109
27 57
71 149
78 65
9 95
148 140
32 118
67 134
34 27
100 58
86 41
83 65
67 137
55 105
143 46
31 30
96 141
133 120
83 40
21 106
123 97
110 33
118 85
135 142
101 39
122 114
91 138
112 51
27 137
50 102
117 61
133 102
66 58
60 50
110 45
88 85
116 36
43 144
124 146
79 33
150 118
66 27
146 15
120 96
145 72
75 84
50 49
78 118
26 70
21 84
144 44
40 97
22 41
4 74
23 93
13 52
32 19
98 76
84 91
119 74
148 143
123 126
81 141
4 36
13 114
83 144
145 127
98 58
106 127
53 110
136 48
2 18
135 93
26 143
43 78
75 88
106 15
42 89
81 113
137 138
140 109
69 123
63 69
2 53
41 127
124 137
17 45
70 57
9 121
58 130
37 92
132 91
16 85
32 120
58 79
102 56
101 112
113 127
28 49
143 52
136 99
7 56
135 20
17 33
114 38
77 29
35 17
123 79
78 110
83 84
149 6
114 20
120 36
103 145
3 82
132 20
136 44
9 40
119 150
80 51
3 93
78 105
104 17
72 27
10 131
147 127
25 134
55 62
10 105
130 45
72 11
49 6
42 90
42 129
110 70
77 143
93 17
88 30
68 89
4 6
49 33
55 103
63 70
129 30
77 129
136 53
38 33
133 44
120 22
148 127
43 37
133 28
63 6
141 46
128 118
120 79
113 18
108 21
59 51
148 76
121 56
110 79
10 121
55 40
48 8
58 40
54 91
137 115
112 150
68 61
47 46
137 12
136 92
133 146
34 19
3 134
66 150
54 147
107 24
78 76
126 141
67 101
100 127
34 52
78 57
66 21
98 139
140 87
144 11
3 8
132 52
145 91
148 110
86 99
2 114
4 11
119 86
133 34
55 144
60 140
69 108
86 15
101 72
50 101
26 113
136 59
23 76
120 19
101 11
122 109
2 44
47 112
5 105
53 88
147 108
120 38
144 91
116 91
52 85
37 18
121 3
110 44
122 85
100 103
96 39
114 106
55 66
106 46
56 30
69 16
128 10
66 28
42 29
46 57
67 111
63 118
125 65
54 123
57 82
120 73
48 94
103 131
110 111
28 44
86 52
58 108
61 30
131 113
128 96
2 106
89 24
56 88
97 141
92 103
121 108
144 106
67 21
142 20
24 1
9 145
69 129
143 5
3 5
71 75
112 90
7 36
53 115
29 143
99 20
135 137
50 85
92 138
99 104
147 137
37 110
93 1
107 95
60 146
43 118
80 96
56 73
39 90
8 127
135 107
108 82
70 138
35 88
6 1
25 14
69 137
148 30
148 103
34 70
53 20
113 115
43 134
100 11
43 113
66 106
17 115
59 49
145 85
62 5
121 8
86 104
42 48
69 131
140 88
31 126
119 101
60 77
103 146
62 149
137 56
76 138
43 99
77 94
50 40
89 117
23 68
96 20
64 134
63 36
116 33
99 95
43 114
50 52
133 124
31 52
139 111
113 134
123 44
124 27
141 138
141 15
126 21
35 103
7 140
143 114
35 112
148 106
42 131
123 113
81 38
40 137
136 29
143 18
77 20
120 1
101 117
80 112
14 95
97 38
81 58
34 18
92 30
22 18
72 65
146 127
107 56
132 51
149 22
4 73
9 88
148 77
124 90
88 73
89 16
35 143
135 65
110 21
23 70
15 91
113 79
37 2
51 150
29 41
145 15
108 76
50 80
112 137
89 118
64 95
54 10
69 72
75 143
63 1
132 40
148 80
14 94
15 38
31 81
35 56
143 49
58 134
4 20
131 96
91 90
32 81
3 62
34 84
8 38
2 112
132 88
29 56
54 103
26 84
102 15
92 109
58 57
47 25
89 127
92 27
144 115
9 118
37 32
42 15
49 138
54 65
102 143
19 39
124 142
61 127
83 76
64 118
135 122
94 142
101 90
113 30
23 131
31 91
86 20
13 149
72 87
123 114
4 41
126 137
68 40
14 111
113 76
90 105
29 113
96 90
29 22
29 33
43 14
140 48
117 76
122 61
8 111
102 59
132 112
67 45
60 145
74 96
71 48
89 62
136 64
145 51
53 109
145 97
21 138
27 144
129 39
13 81
26 100
87 46
101 114
50 113
147 33
125 142
104 85
74 109
16 87
31 83
51 106
37 46
105 24
59 44
13 134
34 93
91 20
11 79
86 51
23 89
74 51
44 45
147 93
40 82
126 118
132 133
80 99
72 108
128 143
136 46
123 11
133 129
113 15
53 17
119 23
136 22
47 106
66 110
27 91
109 96
37 122
124 105
133 80
82 18
54 16
34 74
17 1
2 21
101 88
60 69
77 93
3 56
66 91
119 124
81 99
119 137
6 115
148 112
119 90
133 104
4 29
42 139
42 118
128 57
61 39
53 61
55 98
69 107
54 12
2 95
129 20
11 57
81 126
9 63
12 73
119 72
143 91
68 129
107 6
7 12
80 146
117 79
120 105
89 87
103 67
82 44
148 3
106 20
92 38
81 137
137 1
80 111
25 53
69 36
130 18
75 45
113 149
136 11
82 30
92 62
26 90
27 134
37 33
97 46
55 67
59 11
120 103
14 34
66 101
67 22
29 57
114 142
61 1
63 135
149 150
116 141
131 110
108 44
72 12
7 122
34 1
133 33
55 89
40 39
131 130
87 105
121 101
120 5
68 141
34 28
35 150
7 125
75 118
145 139
19 22
127 85
107 94
114 51
145 115
31 107
10 42
125 79
88 46
100 143
22 134
89 64
116 94
3 107
97 24
136 39
80 93
69 88
14 115
94 45
14 66
89 139
135 10
106 33
47 83
40 79
121 20
147 8
146 88
132 127
27 12
28 46
148 32
124 53
83 122
145 141
16 97
71 52
130 64
83 18
46 24
32 18
144 96
147 86
147 49
62 110
75 42
145 65
14 122
72 46
26 32
43 121
86 82
92 131
120 89
32 52
109 49
75 77
112 85
112 97
25 109
29 107
11 110
95 39
105 82
70 44
63 113
7 35
40 28
58 88
76 6
140 16
92 125
129 51
135 101
62 115
62 91
147 57
95 11
31 48
86 131
14 82
133 79
133 36
68 108
27 138
3 17
92 51
68 16
55 130
94 127
60 129
34 122
80 139
75 98
28 20
150 73
54 79
42 121
124 30
71 132
68 80
28 109
53 36
117 130
107 11
78 10
121 27
37 120
92 102
9 137
37 146
136 130
52 12
60 121
25 40
75 28
128 9
103 149
133 56
104 64
148 55
119 38
25 96
66 105
100 139
104 90
65 110
125 62
34 141
55 86
55 94
10 145
131 36
101 18
128 47
32 137
26 63
23 22
31 118
68 51
66 2
54 121
64 149
23 145
128 34
80 28
38 6
112 12
95 108
69 103
19 115
123 64
23 98
135 79
64 36
84 127
112 127
123 129
54 98
98 131
19 49
119 140
101 46
55 61
61 88
4 34
15 30
40 142
47 74
47 57
112 70
38 82
117 91
95 8
144 62
60 67
36 6
50 86
7 117
76 115
141 22
122 15
71 16
50 107
55 127
128 84
59 52
131 129
11 8
114 62
139 138
103 70
145 95
98 145
126 87
148 104
121 18
55 11
143 30
60 89
13 6
101 36
92 65
130 139
5 38
50 140
93 64
7 16
122 144
83 52
13 130
92 48
38 18
63 130
51 134
104 107
58 20
125 27
28 48
112 11
58 3
2 1
60 38
124 46
141 106
120 64
4 30
133 76
69 39
126 1
136 88
43 124
72 17
117 17
23 74
99 51
60 134
27 85
49 52
20 30
58 111
124 65
135 123
146 45
77 74
139 127
66 56
148 95
95 30
136 138
19 141
7 54
32 86
77 108
116 112
56 110
98 85
145 101
88 138
23 91
93 90
53 96
34 39
40 49
42 140
23 103
35 61
72 90
48 96
32 40
128 116
102 36
137 57
63 57
10 110
69 117
104 5
48 118
124 106
7 96
122 96
34 134
10 93
78 95
148 13
124 93
77 57
3 27
98 141
75 73
79 30
102 145
48 12
9 100
110 127
64 41
92 90
37 124
116 88
94 5
140 146
97 85
27 65
114 65
81 90
124 126
74 141
60 3
93 96
42 24
17 76
101 85
37 1
140 28
148 101
114 131
108 46
59 70
96 45
59 24
99 149
47 70
94 52
122 87
25 77
102 101
123 38
103 76
47 95
62 139
117 16
124 2
92 66
5 118
147 142
135 138
75 1
113 91
81 8
122 6
83 95
9 70
7 146
126 46
11 12
52 45
55 81
108 91
68 125
70 8
129 91
118 38
148 108
136 77
10 138
136 27
124 81
29 18
128 62
43 68
29 61
132 62
76 96
32 141
61 27
83 88
146 38
146 67
35 36
47 21
57 33
17 49
50 94
35 97
144 18
7 124
135 85
55 129
67 107
72 139
55 29
57 44
71 44
75 3
125 51
48 59
78 35
55 139
31 120
98 3
46 1
48 97
114 46
102 98
144 76
101 48
66 3
44 30
48 1
112 41
23 72
29 84
136 42
63 127
113 107
132 31
17 91
148 87
128 79
81 49
26 35
23 59
87 139
100 76
9 45
114 85
68 148
13 38
101 57
136 96
42 134
43 55
133 8
9 86
10 3
22 142
122 67
108 127
69 33
31 109
127 115
60 33
75 91
43 150
68 109
113 97
136 120
145 70
9 120
78 15
50 73
47 96
95 91
23 125
132 106
33 73
55 109
62 38
132 44
142 96
77 72
13 72
14 61
142 105
25 120
41 15
126 22
92 98
43 19
140 21
37 77
44 20
58 95
110 20
65 106
54 14
101 19
9 2
86 67
36 149
14 87
77 144
143 24
43 40
59 115
11 97
42 28
148 61
78 39
133 100
143 56
55 87
21 15
66 97
144 51
37 38
103 2
81 123
132 104
76 73
83 20
146 112
107 46
36 8
26 132
133 58
60 36
4 148
125 150
95 45
21 24
102 120
131 51
86 129
138 57
113 17
17 51
47 19
98 107
128 11
75 142
47 92
102 29
55 126
23 32
31 1
47 124
56 41
124 135
109 22
31 61
116 39
114 48
78 148
3 15
2 70
131 52
26 133
77 22
19 108
35 116
13 74
36 44
148 88
104 18
74 30
136 9
74 95
62 142
130 12
128 137
89 107
132 48
27 112
32 39
146 57
68 97
16 11
23 9
95 6
117 33
7 104
104 139
118 18
23 132
44 85
9 73
31 129
67 88
7 63
96 41
26 10
143 144
77 67
29 111
9 122
102 83
116 144
16 88
97 84
12 134
35 110
128 44
131 1
69 61
149 70
125 48
35 27
118 44
76 111
9 48
109 38
112 129
75 15
54 27
10 147
119 116
54 93
22 57
5 150
83 19
94 30
4 121
100 115
122 107
29 74
55 142
143 113
34 15
135 104
137 82
47 77
98 126
143 150
22 85
139 24
43 128
109 36
61 90
54 35
16 5
128 17
35 86
67 144
29 117
32 33
26 86
50 64
108 49
56 33
72 59
9 42
83 145
53 94
95 134
141 115
32 80
11 22
69 134
75 29
116 129
57 1
67 24
119 68
119 26
44 115
110 138
99 87
133 60
7 26
40 30
89 82
10 67
56 141
74 88
114 74
39 91
119 81
69 109
16 127
92 82
102 125
25 13
17 39
67 130
46 115
63 131
147 61
63 114
126 113
13 145
78 34
23 39
146 118
120 115
86 112
14 121
3 95
36 94
71 90
94 76
69 141
34 29
110 134
71 25
79 39
135 70
38 20
67 99
130 56
92 10
120 116
66 22
136 50
36 73
51 84
24 20
71 135
63 44
43 9
75 113
107 111
80 143
95 97
107 1
75 125
117 93
102 79
62 105
100 3
63 148
125 52
47 14
126 49
116 12
78 40
98 5
107 65
13 126
74 82
26 109
55 147
13 12
19 149
2 36
104 19
113 46
102 150
60 138
128 107
19 137
140 105
145 21
100 34
15 57
135 110
2 67
67 106
69 70
34 59
128 40
52 90
146 21
2 33
128 39
142 138
31 111
132 136
143 94
59 129
77 130
144 87
5 52
35 44
92 96
94 12
83 147
55 135
120 48
77 96
122 95
93 20
4 143
11 88
47 107
119 5
60 15
83 28
61 87
10 1
144 110
54 60
132 93
135 15
36 87
27 28
86 91
8 12
70 79
114 107
26 106
26 93
50 34
13 121
83 85
146 84
89 114
13 67
67 48
83 126
143 62
50 83
90 30
25 20
35 24
55 73
87 150
100 18
17 138
100 147
98 114
133 45
54 109
89 134
9 59
140 118
140 61
120 114
14 73
63 84
146 46
50 5
119 91
103 150
27 5
72 57
8 88
25 41
120 34
31 60
108 38
32 77
98 67
116 130
5 85
135 6
147 104
13 118
5 76
17 84
128 146
72 97
42 72
135 21
36 141
48 138
35 58
133 53
14 74
121 58
66 137
77 105
47 142
55 107
10 36
133 74
109 110
97 33
10 6
75 79
42 30
78 80
78 122
106 45
75 97
132 118
81 144
64 141
19 17
60 76
42 116
65 142
124 110
23 41
65 49
143 138
60 16
130 28
100 67
14 2
112 59
7 142
124 150
104 39
32 57
116 138
86 6
35 125
32 131
100 138
25 76
129 24
37 137
94 57
44 138
23 16
133 91
56 20
14 141
113 110
136 124
54 29
132 30
121 110
34 90
83 61
104 131
94 106
3 41
29 138
104 95
23 86
140 8
135 134
128 59
93 22
95 106
109 149
79 141
100 148
110 5
119 106
87 95
16 8
11 73
140 138
26 140
58 27
140 134
125 29
81 149
75 5
10 21
119 3
34 113
132 139
117 21
28 73
147 36
117 36
7 138
77 80
130 41
93 113
99 1
147 125
60 81
55 56
112 93
135 77
147 30
17 18
37 105
17 87
125 58
125 112
58 49
144 97
143 27
128 103
2 39
60 51
42 69
49 85
60 103
136 25
98 41
123 2
7 123
3 49
35 105
9 105
146 72
48 115
7 18
13 106
98 129
55 10
50 30
33 90
40 19
147 46
148 10
25 44
90 1
92 41
114 22
140 111
4 92
124 69
119 111
32 102
104 38
55 64
128 55
51 52
128 8
117 12
89 61
60 6
18 45
14 125
74 41
31 93
107 57
47 69
83 1
26 96
43 58
14 1
65 52
98 1
34 139
56 6
47 140
150 91
100 59
5 24
115 30
148 84
136 123
117 48
76 33
100 20
83 12
150 84
34 30
144 19
25 36
23 129
41 44
108 51
26 126
124 117
99 137
54 44
133 81
105 30
52 105
104 113
83 6
42 150
100 5
72 106
87 6
120 104
100 57
74 59
40 8
100 149
137 134
145 64
23 92
40 108
41 20
103 24
126 17
49 51
145 67
121 118
78 45
31 24
43 117
116 41
80 89
69 64
100 104
25 29
145 118
31 35
145 74
126 39
90 44
81 19
124 33
72 19
119 45
40 22
58 17
43 12
19 110
25 146
80 101
4 27
86 130
21 105
77 111
123 19
2 41
128 35
144 137
87 44
132 113
78 93
58 122
128 132
26 73
26 142
50 16
133 59
67 56
122 99
121 28
33 91
80 115
69 140
42 123
133 78
62 97
26 135
136 113
102 76
47 121
132 65
7 143
133 1
92 42
97 44
119 35
125 85
78 94
77 109
7 55
143 82
14 8
110 51
25 138
123 28
100 140
27 62
47 3
10 109
92 17
3 115
64 110
13 111
72 51
144 134
51 111
19 38
134 30
76 30
41 134
133 141
136 51
125 86
32 140
49 21
83 141
120 76
119 93
32 29
53 139
78 101
43 3
103 61
16 107
129 88
136 5
8 5
146 70
53 149
74 112
123 48
119 149
7 24
120 2
100 2
4 18
23 37
17 141
98 149
90 20
60 126
64 51
101 107
112 111
136 20
2 101
89 144
47 52
124 138
28 59
92 79
2 61
61 109
95 20
42 17
140 65
80 104
13 69
78 82
143 99
137 95
16 64
16 70
100 80
64 39
48 129
92 112
23 136
106 44
64 21
55 111
77 48
79 6
100 27
23 144
40 5
4 14
147 109
72 73
62 8
120 137
14 91
6 134
55 49
148 94
21 1
78 139
10 143
130 87
111 84
89 73
147 74
3 36
68 79
42 22
39 105
95 111
55 6
14 140
150 82
37 50
17 57
108 138
136 73
121 49
2 104
63 144
112 115
43 96
92 85
68 29
100 45
10 5
60 147
31 21
54 92
84 44
60 56
2 65
59 127
63 52
92 93
20 1
13 91
31 105
106 84
137 21
42 96
19 82
48 87
17 134
112 79
92 105
100 21
78 5
93 48
49 115
88 115
124 145
66 74
51 91
122 137
4 24
11 111
102 64
9 24
91 44
148 142
9 66
120 85
81 80
144 24
31 140
54 8
147 69
92 94
43 36
135 34
122 130
32 28
58 1
90 84
35 55
146 144
81 46
129 45
133 73
132 19
129 142
68 99
81 96
61 141
48 150
55 91
126 6
128 41
132 137
13 42
86 142
3 33
101 27
70 46
94 79
137 8
32 27
136 40
56 84
143 131
63 61
14 51
80 145
4 39
26 92
72 109
102 110
30 45
53 11
99 36
83 21
55 122
119 15
126 70
102 103
78 129
58 97
119 37
60 24
74 72
101 105
53 89
56 11
2 111
69 18
74 84
34 110
78 134
121 33
3 99
150 46
148 49
80 127
4 53
20 73
109 48
44 111
81 21
54 140
143 64
100 102
96 138
6 88
51 90
55 2
3 59
83 2
29 144
61 56
68 146
49 150
81 111
114 129
124 94
59 141
64 57
95 129
135 12
92 145
33 134
37 106
26 25
7 19
83 143
102 52
113 62
103 141
36 138
51 46
34 40
2 87
64 91
135 1
135 67
17 82
74 45
30 73
135 89
131 142
97 110
2 6
131 46
9 20
47 98
11 127
110 30
98 112
117 144
25 129
110 118
129 79
100 101
56 96
104 59
117 58
125 56
98 64
27 64
103 87
124 44
86 61
133 61
32 105
117 145
126 33
55 88
132 60
111 52
14 32
113 106
128 102
103 129
99 19
58 38
86 44
14 85
95 96
128 32
124 102
86 115
149 18
47 10
102 49
43 101
132 8
140 76
71 133
9 5
28 41
40 122
50 104
39 82
128 88
141 33
35 29
32 65
68 100
147 64
122 44
7 88
32 82
38 88
96 57
5 88
65 59
102 147
102 122
23 13
4 13
113 84
120 21
77 138
91 6
67 114
133 13
16 6
84 52
80 41
90 88
126 61
79 21
50 58
31 49
126 97
32 108
131 115
99 22
37 64
145 96
25 87
14 11
113 82
31 108
8 138
136 75
103 41
132 147
130 61
35 46
101 131
59 96
26 148
12 30
28 84
47 48
26 147
122 143
139 76
124 79
148 5
66 15
125 24
149 15
147 24
80 22
60 106
19 44
144 1
2 126
67 97
119 9
87 91
53 126
40 105
47 9
93 141
116 82
23 38
131 19
47 135
14 29
86 95
50 142
28 96
109 115
16 49
66 51
27 82
120 145
65 44
124 85
7 111
64 46
111 138
70 91
5 15
58 72
14 20
58 126
31 22
13 24
2 46
47 120
35 95
64 129
89 130
47 84
77 127
147 38
66 41
54 38
145 109
35 42
63 62
121 86
43 116
17 96
92 113
145 105
148 51
120 87
122 127
27 33
66 20
13 137
43 31
84 6
126 142
107 41
28 139
26 97
2 17
89 15
48 70
98 28
145 131
109 30
109 17
17 108
121 142
130 95
9 140
23 97
66 117
136 127
81 48
99 6
68 96
2 98
125 90
13 99
71 49
37 126
70 127
50 97
87 108
133 137
92 120
69 62
77 87
21 96
119 73
27 20
135 27
41 52
87 52
149 94
47 16
69 38
67 59
147 117
15 84
23 58
72 20
22 30
112 113
93 24
61 24
3 65
60 101
71 20
133 35
94 8
60 87
133 72
52 138
14 24
128 36
63 58
23 126
128 83
81 114
75 111
55 72
144 5
34 115
145 150
31 62
37 76
121 36
89 46
117 56
74 49
119 126
114 52
150 52
50 118
95 142
36 56
71 83
132 79
61 51
102 84
32 20
104 111
4 130
132 34
135 105
132 11
13 80
13 30
89 39
120 24
116 114
107 20
124 115
3 74
87 57
35 82
7 60
9 3
23 19
55 5
123 140
148 48
66 112
109 93
14 138
92 14
23 77
53 79
71 56
122 24
87 90
139 6
124 111
101 130
125 137
128 97
126 73
55 19
98 142
63 146
31 74
77 41
71 127
9 67
40 104
62 24
37 30
116 145
142 141
64 11
2 105
53 69
10 94
4 90
71 76
130 73
36 150
54 78
32 8
100 129
136 65
125 145
146 61
125 3
143 84
69 138
59 30
136 125
92 22
42 3
81 64
104 105
80 108
26 44
98 110
133 3
54 53
35 40
117 127
10 123
72 22
111 24
148 22
6 20
110 142
14 64
28 90
79 82
126 56
146 6
13 84
32 74
63 150
31 127
58 62
61 96
109 139
60 55
19 127
144 73
97 73
8 20
129 84
86 127
58 19
42 20
102 131
102 87
60 113
9 113
89 17
103 5
128 124
116 97
143 127
124 108
135 36
114 12
53 98
139 57
130 21
28 138
126 15
29 40
14 70
43 129
138 90
119 145
59 118
119 78
110 12
101 113
11 85
16 1
48 149
5 30
43 47
79 20
26 31
7 14
136 14
98 95
69 150
124 52
8 30
126 3
42 86
128 108
126 74
14 113
113 38
29 72
135 59
98 101
9 46
126 88
21 73
117 27
87 111
25 117
42 82
67 82
80 20
32 106
98 150
65 129
16 95
63 115
119 134
72 38
102 48
26 82
70 73
78 121
124 67
47 111
123 65
53 105
47 148
49 41
12 90
55 16
69 8
92 13
21 142
122 94
3 52
61 44
3 76
35 76
23 15
6 73
29 145
123 96
69 11
25 59
86 96
119 136
130 1
83 15
8 49
147 140
4 117
10 79
141 82
37 54
11 33
116 139
140 85
94 22
126 41
14 22
25 106
84 18
78 27
78 145
147 97
29 28
130 19
147 2
35 130
43 95
55 146
48 41
66 138
95 46
89 30
13 15
132 120
124 130
4 1
147 65
125 41
10 114
64 6
130 62
146 149
11 106
26 28
64 5
50 89
143 8
9 148
142 15
133 93
120 101
123 86
135 56
25 1
102 34
137 94
80 52
103 93
66 8
7 20
133 135
3 143
71 150
25 48
135 35
14 102
100 113
29 105
135 143
25 35
66 143
63 72
74 64
72 95
78 115
90 6
11 1
120 84
42 114
2 130
67 127
100 84
59 8
75 135
136 121
56 94
60 34
143 95
119 125
19 56
132 83
29 104
8 90
30 85
62 82
78 56
93 142
117 11
100 122
81 116
131 61
93 28
42 56
136 126
29 98
130 88
120 11
10 74
3 138
13 51
64 52
77 36
47 66
50 62
7 135
102 115
71 32
55 15
101 70
112 36
75 70
32 126
51 24
132 131
66 69
23 65
53 16
40 33
102 53
25 103
146 41
143 107
88 1
89 70
112 110
107 12
42 1
60 144
31 59
64 139
29 46
66 147
5 21
47 61
17 73
47 144
76 141
14 109
9 91
26 72
83 73
43 48
3 84
144 22
136 57
22 82
14 52
119 109
144 99
63 107
23 83
74 52
27 41
9 44
117 114
120 30
144 107
68 131
128 48
65 127
71 2
109 44
89 96
145 1
94 91
26 29
146 39
107 59
4 77
37 58
120 29
146 5
136 115
107 39
69 106
107 85
81 85
133 117
66 53
68 150
92 45
31 15
68 53
13 113
113 52
130 150
50 6
117 15
93 11
81 62
100 90
7 115
133 29
37 42
142 150
47 55
14 46
34 112
49 39
130 111
74 113
16 15
78 12
133 69
37 131
102 95
54 112
7 126
7 29
132 135
135 5
16 108
149 46
10 116
146 95
4 113
35 11
101 109
149 96
63 91
102 90
14 50
120 53
17 85
128 93
25 141
32 121
104 108
54 73
49 76
17 6
133 38
112 64
102 134
34 65
100 146
12 6
53 51
149 90
104 28
36 48
12 57
7 102
34 140
14 139
87 51
39 138
77 33
31 5
132 42
43 104
24 18
31 101
13 31
14 19
63 97
2 134
34 12
28 6
32 88
146 111
130 30
144 109
34 46
146 56
69 22
55 58
105 111
150 39
29 15
60 45
150 18
5 22
143 88
141 134
148 124
86 73
119 49
64 90
100 109
98 97
102 22
82 84
122 59
71 24
19 138
91 85
132 130
149 49
116 107
150 12
132 2
29 48
143 85
56 85
48 111
2 89
54 74
8 46
23 47
40 99
4 19
68 121
140 106
47 88
7 105
70 15
31 3
136 129
11 38
92 59
19 70
150 24
33 111
92 80
148 122
71 62
51 45
143 39
20 134
7 81
4 83
92 34
147 20
43 22
101 115
78 83
148 41
119 61
128 56
37 121
34 64
89 126
77 1
74 90
75 50
101 99
76 88
136 15
25 17
35 10
68 54
62 106
42 38
77 73
118 84
68 72
86 1
67 27
117 59
16 52
50 138
34 77
61 97
37 89
34 38
25 58
14 145
100 36
37 10
75 94
139 15
107 44
17 21
78 124
149 106
34 107
70 90
64 106
53 5
74 115
63 16
50 19
11 39
118 57
91 73
14 89
7 31
61 46
47 136
78 64
19 8
112 76
54 5
53 127
130 90
125 94
26 15
82 115
116 15
60 29
150 85
135 83
136 89
119 65
80 84
29 3
136 41
113 65
147 12
131 141
103 39
10 98
7 8
29 122
2 144
123 21
32 113
139 91
118 46
31 131
123 49
71 8
64 56
80 114
110 18
103 138
27 97
124 83
4 15
101 89
150 127
35 114
126 62
32 5
105 115
50 90
130 138
40 131
54 126
43 76
26 87
71 30
72 33
14 27
65 1
116 20
4 145
2 80
23 111
132 102
40 44
94 21
124 3
75 106
65 105
48 38
14 90
40 18
125 74
26 12
27 150
42 117
14 93
121 149
119 64
133 130
102 123
69 51
22 115
60 18
102 104
75 109
143 106
34 143
136 139
68 65
35 39
75 2
132 50
50 76
32 84
107 8
64 79
63 11
37 139
116 104
136 122
24 73
93 30
122 46
133 111
56 12
102 72
19 30
42 144
99 62
13 131
126 59
8 142
47 82
74 73
38 57
106 18
37 72
143 28
2 88
21 134
25 125
98 105
120 67
75 65
116 149
56 138
118 134
135 2
145 113
4 54
118 91
128 29
43 100
69 6
125 87
89 27
14 134
10 142
114 27
7 22
40 85
25 2
40 145
142 52
147 95
48 56
140 139
108 115
109 62
10 140
100 39
102 12
131 138
97 88
132 69
109 46
10 72
14 33
28 8
56 106
132 92
120 93
38 91
49 22
43 88
79 49
79 106
75 62
62 59
132 46
9 14
72 15
62 70
108 150
86 126
40 114
114 96
149 21
21 88
13 58
114 139
58 99
13 144
40 149
75 39
43 94
58 18
93 41
63 73
143 90
32 61
123 84
60 131
16 17
98 99
128 95
111 88
16 79
99 41
145 27
68 93
32 1
4 10
100 74
31 8
103 111
148 116
131 106
128 76
63 22
106 91
147 81
98 20
11 44
54 118
107 106
106 24
121 53
17 44
87 73
99 12
143 129
143 149
68 42
78 97
148 65
132 61
93 6
124 10
145 20
95 79
150 138
104 150
61 144
80 19
136 112
71 17
133 67
95 84
108 57
54 66
43 93
29 115
92 6
67 105
11 150
145 17
119 58
19 1
98 104
135 19
26 89
97 134
86 46
109 134
71 129
10 39
114 1
128 46
62 90
17 48
36 95
25 60
104 46
60 73
25 52
119 89
122 76
116 57
81 74
136 18
29 21
47 72
42 81
23 54
50 99
66 17
92 24
128 21
52 73
143 21
3 150
43 120
39 111
77 17
98 27
17 127
17 90
92 78
61 76
36 110
81 131
137 18
71 85
71 136
40 36
7 40
76 1
59 41
136 111
61 79
99 118
10 18
63 109
9 138
4 106
92 101
83 17
50 150
43 17
48 20
29 49
25 28
2 146
86 64
140 117
72 36
61 110
59 79
140 18
87 141
63 132
13 108
69 1
144 65
141 39
43 105
77 81
50 67
67 57
105 1
109 39
109 137
62 85
62 49
98 62
121 59
30 1
114 111
40 93
99 73
64 84
63 124
80 134
132 77
122 36
47 102
149 12
47 41
76 38
148 66
80 72
125 114
26 30
69 146
111 57
143 130
74 99
86 38
26 14
132 110
68 74
50 98
19 118
132 82
130 17
94 20
131 18
55 110
63 3
23 127
4 125
148 8
128 140
89 106
63 15
2 110
10 44
121 73
100 112
126 12
74 106
137 41
25 19
126 99
135 28
72 144
83 30
17 106
99 11
71 139
86 79
61 64
99 17
95 76
3 129
98 45
63 8
74 11
26 83
146 134
69 5
112 114
9 51
29 96
98 84
140 49
81 143
137 141
31 6
43 52
48 105
86 144
39 38
47 1
131 15
68 106
29 99
136 74
110 85
125 149
31 121
28 111
60 83
53 90
114 33
148 50
88 33
67 150
121 2
108 15
54 142
116 99
123 46
63 123
78 87
71 18
128 12
136 68
121 95
87 79
41 85
130 97
80 150
119 99
54 9
125 107
125 64
10 41
66 93
54 80
60 70
4 134
146 94
14 107
130 84
110 84
142 44
122 74
14 56
75 59
113 6
148 90
34 58
38 84
9 17
119 53
87 106
62 52
5 127
130 11
133 55
149 111
136 12
60 88
71 68
12 82
3 112
29 95
132 15
4 104
145 90
147 3
68 92
69 104
2 38
32 123
98 89
31 138
26 27
32 125
107 51
133 14
119 87
131 45
63 110
74 21
61 134
120 42
37 17
2 48
81 91
133 94
135 129
93 62
93 108
125 20
43 127
54 62
131 20
81 117
89 18
67 104
88 24
81 105
77 101
71 40
92 116
66 76
136 35
9 150
64 22
92 87
139 90
77 122
75 22
43 106
57 20
68 139
72 107
96 82
137 44
3 6
123 117
112 15
127 18
114 105
25 62
29 6
118 45
100 118
58 101
27 39
72 110
