InstanceID
8_20_4
NumObjects
20
NumFactors
4
Weights
1.2357704434527994
89.42867224957195
88.08508653790943
76.92526905665427
85.4293355545731
33.585633427546014
51.733761650463485
4.5558528266970155
61.24850977675149
42.357613719339724
23.94476876411793
45.84196354771526
91.62395958733529
95.70170755641996
84.61432604355022
75.10189425329933
40.008186614572885
62.467831109721075
36.31790514760627
9.078122429370916
Budget
549.6430851483343
Profits
-0.24715408869055988
-17.885734449914388
-17.617017307581886
-15.385053811330854
-17.08586711091462
-6.717126685509203
-10.346752330092697
-0.9111705653394031
-12.249701955350298
-8.471522743867945
-4.788953752823586
-9.168392709543053
-18.32479191746706
-19.140341511283992
-16.922865208710043
-15.020378850659867
-8.001637322914577
-12.493566221944215
-7.263581029521253
-1.8156244858741832
FactorLoading_Φ
-0.12398331292706888	0.026146629630525497	0.8020007470126205	0.04786931042978515
0.5675506344134562	0.08110846216915135	0.11610056201487828	0.23524034140251415
0.23846463342480417	0.4815476792500035	0.048599513536559336	0.23138817378863297
0.22437662747188813	-0.05096627438657508	0.08379466354602227	-0.6408624345955145
0.22286526940524887	-0.7512569934790185	0.020548568848360427	-0.005329168267372175
-0.01143603815612293	0.7488303417431625	0.007375626336496577	0.23235799376421795
-0.4078143365496649	-0.4414561902530614	0.03476159413393565	-0.11596787906333805
-0.18179985907095975	-0.14962588483334271	0.4102055681645951	0.25836868793110246
0.22387772015536989	-0.0018992957625592055	-0.7207595777114222	-0.053463406370648725
-0.0635049066473452	0.4927312674676363	0.1639265005020729	0.2798373253829456
-0.7966051767237359	-0.09921299734966205	-0.04240710152456706	0.06177472440203502
0.7474763406728033	-0.09489740648607614	0.15502036927203022	0.002605883569090306
0.6401074610351984	0.05654551304399802	0.251056869242666	0.05229015667813752
0.02786875560411639	0.35040767761852876	-0.4939636632215525	-0.12775990355580236
-0.03707415100285405	-0.02416636174656106	0.5515363113264009	0.387223175924184
0.26705108629697083	-0.057995087537800805	-0.33689214358785335	0.338061682577375
0.09790973220938448	0.6828425724705778	0.004938705452707692	-0.21430898986733005
0.02430915111909715	0.04935040701131088	-0.7664478746453811	-0.15989256722421086
-0.4008372899152546	-0.04449393774383692	0.3492999166147366	0.20536885572617192
-0.3057586908751606	-0.1531610367015659	-0.1294743841215753	-0.4116058883016982
FactorLoading_Ψ
-0.12398331292706888	0.026146629630525497	0.8020007470126205	0.04786931042978515
0.5675506344134562	0.08110846216915135	0.11610056201487828	0.23524034140251415
0.23846463342480417	0.4815476792500035	0.048599513536559336	0.23138817378863297
0.22437662747188813	-0.05096627438657508	0.08379466354602227	-0.6408624345955145
0.22286526940524887	-0.7512569934790185	0.020548568848360427	-0.005329168267372175
-0.01143603815612293	0.7488303417431625	0.007375626336496577	0.23235799376421795
-0.4078143365496649	-0.4414561902530614	0.03476159413393565	-0.11596787906333805
-0.18179985907095975	-0.14962588483334271	0.4102055681645951	0.25836868793110246
0.22387772015536989	-0.0018992957625592055	-0.7207595777114222	-0.053463406370648725
-0.0635049066473452	0.4927312674676363	0.1639265005020729	0.2798373253829456
-0.7966051767237359	-0.09921299734966205	-0.04240710152456706	0.06177472440203502
0.7474763406728033	-0.09489740648607614	0.15502036927203022	0.002605883569090306
0.6401074610351984	0.05654551304399802	0.251056869242666	0.05229015667813752
0.02786875560411639	0.35040767761852876	-0.4939636632215525	-0.12775990355580236
-0.03707415100285405	-0.02416636174656106	0.5515363113264009	0.387223175924184
0.26705108629697083	-0.057995087537800805	-0.33689214358785335	0.338061682577375
0.09790973220938448	0.6828425724705778	0.004938705452707692	-0.21430898986733005
0.02430915111909715	0.04935040701131088	-0.7664478746453811	-0.15989256722421086
-0.4008372899152546	-0.04449393774383692	0.3492999166147366	0.20536885572617192
-0.3057586908751606	-0.1531610367015659	-0.1294743841215753	-0.4116058883016982
Conflicts
19 16
5 1
3 5
13 16
17 12
16 20
7 13
9 10
14 6
16 5
4 5
13 10
13 17
19 18
10 1
9 20
2 18
11 12
4 15
4 1
4 19
16 11
2 8
7 14
8 5
11 20
10 20
9 13
19 12
13 8
9 14
16 15
4 11
3 12
15 12
3 17
2 6
14 17
7 5
19 20
3 6
13 2
17 18
14 12
10 15
19 15
4 16
16 1
9 4
4 12
14 2
5 15
10 8
15 20
13 6
8 12
11 8
14 20
10 6
19 5
17 20
9 6
14 18
2 11
14 5
9 16
15 18
16 18
17 11
10 12
4 8
11 6
17 15
10 16
7 10
13 1
19 8
13 12
9 17
7 12
10 11
6 18
14 3
15 6
2 15
13 11
6 1
4 6
14 13
13 5
13 20
4 18
4 2
19 6
2 3
9 5
