InstanceID
8_40_4
NumObjects
40
NumFactors
4
Weights
1.2357704434527994
89.42867224957195
88.08508653790943
76.92526905665427
85.4293355545731
33.585633427546014
51.733761650463485
4.5558528266970155
61.24850977675149
42.357613719339724
23.94476876411793
45.84196354771526
91.62395958733529
95.70170755641996
84.61432604355022
75.10189425329933
40.008186614572885
62.467831109721075
36.31790514760627
9.078122429370916
12.398331292706889
15.012994255759438
95.21306895702149
20.9704138325554
67.2175173509262
57.48944859205203
77.75946770367877
76.47596585974858
64.86590965826076
56.75506344134562
96.103119182531
76.14614958158754
92.52390880524945
69.35252716825066
72.00123126748078
76.8611826211367
23.84646334248042
78.70138423403634
91.43269632832853
56.50994760076165
Budget
1188.4614806862833
Profits
-0.24715408869055988
-17.885734449914388
-17.617017307581886
-15.385053811330854
-17.08586711091462
-6.717126685509203
-10.346752330092697
-0.9111705653394031
-12.249701955350298
-8.471522743867945
-4.788953752823586
-9.168392709543053
-18.32479191746706
-19.140341511283992
-16.922865208710043
-15.020378850659867
-8.001637322914577
-12.493566221944215
-7.263581029521253
-1.8156244858741832
-2.4796662585413776
-3.0025988511518875
-19.0426137914043
-4.19408276651108
-13.44350347018524
-11.497889718410406
-15.551893540735753
-15.295193171949716
-12.973181931652153
-11.351012688269124
-19.2206238365062
-15.229229916317507
-18.50478176104989
-13.870505433650132
-14.400246253496155
-15.372236524227342
-4.7692926684960835
-15.740276846807268
-18.286539265665706
-11.301989520152329
FactorLoading_Φ
-0.22437662747188813	0.05096627438657508	-0.5379146594968491	0.18674243864468765
0.14551498650564576	0.0773502828996031	-0.771805562327379	0.005329168267372175
0.01143603815612293	-0.24935281350426175	0.4994775282389008	0.23973362010071453
0.4078143365496649	-0.27345298329664836	-0.20276480109034867	0.11596787906333805
0.18179985907095975	-0.14962588483334271	-0.09756551253728873	0.5710087435584088
0.22387772015536989	0.0018992957625592055	-0.33424977035860914	-0.43997321372346176
0.0635049066473452	-0.4012188841242734	0.2554388838454358	0.2798373253829456
0.5265217317347413	-0.2700834449889946	-0.1416200988742291	-0.06177472440203502
0.8423737471588795	0.15502036927203022	-0.001390052903612382	0.0012158306654779238
0.5307462632979314	0.16590671078126507	0.251056869242666	0.05229015667813752
-0.02786875560411639	0.6113441326501337	0.2330272081899476	-0.12775990355580236
0.0367248255241539	-0.0003493254787001465	-0.02416636174656106	0.9387594872505849
-0.26705108629697083	0.3513010749480323	-0.04358615617762185	-0.338061682577375
0.09790973220938448	0.6877812779232855	0.12203980330164232	0.09226918656568772
-0.02430915111909715	0.27820147387818417	0.5375968077785078	-0.15989256722421086
0.05397177693921695	-0.3468655129760376	-0.04449393774383692	0.5546687723409085
-0.4589197275767265	-0.1292825797000099	-0.00019180442156541133	-0.4116058883016982
0.06926742022365429	0.21285297276441328	0.04303483574264333	-0.6748447712692891
0.1135944605536594	0.2875221741440295	0.13316470952612347	0.46571865577618765
0.47691860009982023	0.024163588735104602	0.1242730435949928	-0.37464476757008236
-0.2005318394984339	0.2644615844501117	-0.3021959154903684	-0.232810660561086
-0.12968318802244094	-0.02828720964218645	-0.834345479621649	0.007684122713723651
0.09886651338245422	0.6759070034645585	-0.001104818408119046	-0.22412166474486828
0.16564035606634775	-0.11304104554985739	0.408990607714272	-0.3123279906695229
-0.31432565090114584	-0.16572234273858943	-0.432809095938834	0.08714291042143074
-0.5168121352213877	0.04632223910631472	0.18468644272410795	-0.25217918294818964
0.39624679275234875	-0.21471158277432445	-0.2649926462223664	0.1240489782509604
0.13808426356441283	-0.04169542395495274	0.42025861284478494	0.3999616996358495
0.14257997856428317	-0.4539090863579198	0.05228200943900574	-0.35122892563879127
-0.09535320837197458	-0.0022147851362652737	-0.11662772375127695	-0.7858042827404832
0.37104211520860075	-0.102652173923522	-0.23822478092989519	0.28808092993798207
0.20727978920473022	0.3967455949962386	0.3111410981350127	0.08483351766401848
0.7240616724348656	-0.046476510655968806	-0.06658551591343831	0.16287630099572725
0.31198622061169456	-0.15527150995550243	-0.26984650641957586	-0.26289576301322715
0.3837061973459004	0.025594706502950926	-0.5148355707590826	-0.07586352539206609
-0.08176878599589243	0.0703600835368019	-0.041337544937988024	0.8065335855293176
0.2589251357292681	-0.4371128335278498	-0.254296631281945	-0.049665399460937065
0.00240799023965943	-0.3588065107377627	-0.4499106987621464	0.18887480026043146
-0.5149249654104726	-0.0066999208016327305	0.15232219562295524	0.3260529181649394
-0.7036003990649085	-0.11454433684091403	0.13750368560599302	-0.044351578488184495
FactorLoading_Ψ
-0.22437662747188813	0.05096627438657508	-0.5379146594968491	0.18674243864468765
0.14551498650564576	0.0773502828996031	-0.771805562327379	0.005329168267372175
0.01143603815612293	-0.24935281350426175	0.4994775282389008	0.23973362010071453
0.4078143365496649	-0.27345298329664836	-0.20276480109034867	0.11596787906333805
0.18179985907095975	-0.14962588483334271	-0.09756551253728873	0.5710087435584088
0.22387772015536989	0.0018992957625592055	-0.33424977035860914	-0.43997321372346176
0.0635049066473452	-0.4012188841242734	0.2554388838454358	0.2798373253829456
0.5265217317347413	-0.2700834449889946	-0.1416200988742291	-0.06177472440203502
0.8423737471588795	0.15502036927203022	-0.001390052903612382	0.0012158306654779238
0.5307462632979314	0.16590671078126507	0.251056869242666	0.05229015667813752
-0.02786875560411639	0.6113441326501337	0.2330272081899476	-0.12775990355580236
0.0367248255241539	-0.0003493254787001465	-0.02416636174656106	0.9387594872505849
-0.26705108629697083	0.3513010749480323	-0.04358615617762185	-0.338061682577375
0.09790973220938448	0.6877812779232855	0.12203980330164232	0.09226918656568772
-0.02430915111909715	0.27820147387818417	0.5375968077785078	-0.15989256722421086
0.05397177693921695	-0.3468655129760376	-0.04449393774383692	0.5546687723409085
-0.4589197275767265	-0.1292825797000099	-0.00019180442156541133	-0.4116058883016982
0.06926742022365429	0.21285297276441328	0.04303483574264333	-0.6748447712692891
0.1135944605536594	0.2875221741440295	0.13316470952612347	0.46571865577618765
0.47691860009982023	0.024163588735104602	0.1242730435949928	-0.37464476757008236
-0.2005318394984339	0.2644615844501117	-0.3021959154903684	-0.232810660561086
-0.12968318802244094	-0.02828720964218645	-0.834345479621649	0.007684122713723651
0.09886651338245422	0.6759070034645585	-0.001104818408119046	-0.22412166474486828
0.16564035606634775	-0.11304104554985739	0.408990607714272	-0.3123279906695229
-0.31432565090114584	-0.16572234273858943	-0.432809095938834	0.08714291042143074
-0.5168121352213877	0.04632223910631472	0.18468644272410795	-0.25217918294818964
0.39624679275234875	-0.21471158277432445	-0.2649926462223664	0.1240489782509604
0.13808426356441283	-0.04169542395495274	0.42025861284478494	0.3999616996358495
0.14257997856428317	-0.4539090863579198	0.05228200943900574	-0.35122892563879127
-0.09535320837197458	-0.0022147851362652737	-0.11662772375127695	-0.7858042827404832
0.37104211520860075	-0.102652173923522	-0.23822478092989519	0.28808092993798207
0.20727978920473022	0.3967455949962386	0.3111410981350127	0.08483351766401848
0.7240616724348656	-0.046476510655968806	-0.06658551591343831	0.16287630099572725
0.31198622061169456	-0.15527150995550243	-0.26984650641957586	-0.26289576301322715
0.3837061973459004	0.025594706502950926	-0.5148355707590826	-0.07586352539206609
-0.08176878599589243	0.0703600835368019	-0.041337544937988024	0.8065335855293176
0.2589251357292681	-0.4371128335278498	-0.254296631281945	-0.049665399460937065
0.00240799023965943	-0.3588065107377627	-0.4499106987621464	0.18887480026043146
-0.5149249654104726	-0.0066999208016327305	0.15232219562295524	0.3260529181649394
-0.7036003990649085	-0.11454433684091403	0.13750368560599302	-0.044351578488184495
Conflicts
15 6
27 39
13 33
29 21
17 8
7 29
12 18
3 6
14 29
2 6
15 30
10 27
31 30
39 12
4 25
21 18
7 24
37 21
38 33
4 6
13 34
38 12
9 5
23 28
26 3
37 32
23 5
20 24
36 18
2 36
13 38
23 13
16 6
23 19
19 18
35 34
34 8
34 6
15 18
37 1
7 35
38 30
17 22
32 18
31 10
37 25
9 13
14 17
25 15
27 22
10 12
32 28
40 5
13 2
32 40
26 7
38 39
31 32
10 6
25 30
31 11
10 39
11 22
13 3
26 29
8 18
9 35
29 40
31 5
25 27
17 24
29 36
40 11
37 19
39 21
13 30
27 8
35 24
39 30
26 20
29 12
7 27
39 20
32 29
13 5
4 10
39 24
23 9
25 34
36 6
19 38
9 24
31 29
35 3
25 24
26 17
9 11
3 21
22 38
40 24
39 1
3 11
25 10
26 18
37 10
17 20
16 21
23 14
27 38
37 28
29 15
34 20
31 39
16 36
27 24
13 10
33 30
4 15
26 22
13 17
23 20
23 37
2 12
7 17
11 20
22 6
25 29
40 30
11 24
17 30
31 35
26 31
3 12
9 16
31 28
10 21
10 34
36 17
25 38
16 11
2 39
15 39
14 15
7 32
4 2
4 8
23 27
32 36
16 20
25 22
9 12
14 3
8 22
5 12
32 22
7 2
32 35
32 39
21 1
31 22
21 24
2 5
3 27
32 8
16 17
14 24
9 15
8 39
14 22
10 5
6 33
25 5
35 30
38 6
7 5
25 1
28 11
25 20
4 3
31 38
25 36
26 38
31 16
26 25
11 1
31 33
35 20
19 17
28 30
32 33
29 16
4 27
23 10
34 16
35 10
28 36
29 17
35 28
25 39
14 12
40 33
27 21
29 38
35 39
13 25
35 15
3 39
9 19
32 38
23 31
13 8
23 33
14 27
13 24
4 32
25 32
4 1
31 27
26 28
22 39
17 18
19 8
25 8
27 11
19 1
33 1
28 22
4 29
21 30
32 19
27 6
35 21
29 28
14 21
16 8
32 34
28 20
10 29
2 38
2 1
5 20
27 12
37 20
18 30
9 22
27 28
5 24
7 19
28 33
7 12
7 33
14 35
26 10
19 39
23 3
9 34
37 31
4 35
23 40
28 5
26 30
4 38
36 33
25 33
38 1
8 24
16 28
8 33
9 32
17 12
23 29
21 22
36 1
4 20
19 24
25 3
35 36
34 39
39 6
34 29
28 21
3 20
25 11
27 36
17 5
16 33
39 33
2 19
37 14
31 13
8 6
16 1
9 27
25 18
5 39
36 5
2 18
25 28
35 16
7 18
35 2
11 12
14 38
17 38
13 19
3 17
40 20
10 19
34 24
21 20
5 6
4 19
7 22
9 39
26 14
4 28
16 22
10 18
34 36
25 6
13 39
10 11
11 30
19 36
31 36
14 8
19 15
23 16
23 36
35 6
29 1
7 3
7 15
23 21
31 18
6 1
37 17
13 35
34 27
35 27
23 26
15 1
4 17
17 1
32 20
30 1
36 12
3 8
3 33
13 21
4 22
15 33
9 4
31 2
31 20
10 22
23 38
24 30
2 22
38 15
15 24
14 18
28 6
34 15
40 28
36 20
32 1
32 12
22 1
37 24
7 8
27 19
29 2
36 22
33 24
7 14
34 38
2 17
8 38
16 24
23 32
33 18
40 6
3 22
34 1
7 20
5 33
8 20
9 10
7 1
28 1
