InstanceID
8_60_4
NumObjects
60
NumFactors
4
Weights
1.2357704434527994
89.42867224957195
88.08508653790943
76.92526905665427
85.4293355545731
33.585633427546014
51.733761650463485
4.5558528266970155
61.24850977675149
42.357613719339724
23.94476876411793
45.84196354771526
91.62395958733529
95.70170755641996
84.61432604355022
75.10189425329933
40.008186614572885
62.467831109721075
36.31790514760627
9.078122429370916
12.398331292706889
15.012994255759438
95.21306895702149
20.9704138325554
67.2175173509262
57.48944859205203
77.75946770367877
76.47596585974858
64.86590965826076
56.75506344134562
96.103119182531
76.14614958158754
92.52390880524945
69.35252716825066
72.00123126748078
76.8611826211367
23.84646334248042
78.70138423403634
91.43269632832853
56.50994760076165
81.32575613553124
22.437662747188813
27.534290185846324
35.913756540448546
72.95090079475442
31.57988469796964
82.10190951727061
14.551498650564575
99.46708317326278
22.286526940524887
97.41222628842674
87.12061119841321
17.926692839725057
67.14784067750308
26.078885166038468
76.02663798992855
1.143603815612293
76.7642006235782
14.070121363915256
84.64227923098755
Budget
1707.7026649750287
Profits
-0.24715408869055988
-17.885734449914388
-17.617017307581886
-15.385053811330854
-17.08586711091462
-6.717126685509203
-10.346752330092697
-0.9111705653394031
-12.249701955350298
-8.471522743867945
-4.788953752823586
-9.168392709543053
-18.32479191746706
-19.140341511283992
-16.922865208710043
-15.020378850659867
-8.001637322914577
-12.493566221944215
-7.263581029521253
-1.8156244858741832
-2.4796662585413776
-3.0025988511518875
-19.0426137914043
-4.19408276651108
-13.44350347018524
-11.497889718410406
-15.551893540735753
-15.295193171949716
-12.973181931652153
-11.351012688269124
-19.2206238365062
-15.229229916317507
-18.50478176104989
-13.870505433650132
-14.400246253496155
-15.372236524227342
-4.7692926684960835
-15.740276846807268
-18.286539265665706
-11.301989520152329
-16.265151227106248
-4.487532549437763
-5.506858037169264
-7.182751308089709
-14.590180158950883
-6.315976939593928
-16.42038190345412
-2.910299730112915
-19.893416634652556
-4.457305388104977
-19.48244525768535
-17.424122239682642
-3.585338567945011
-13.429568135500617
-5.215777033207694
-15.20532759798571
-0.2287207631224586
-15.352840124715641
-2.814024272783051
-16.92845584619751
FactorLoading_Φ
0.4078143365496649	0.27345298329664836	-0.2025909983936749	-0.11614168176001183
-0.33142574390430246	0.09756551253728873	-0.13783647841097335	-0.43317226514743545
-0.2257770159179291	0.33424977035860914	0.2758492143990845	-0.16412399932437727
-0.46208570059867626	0.0026380901729423645	-0.2554388838454358	0.2798373253829456
0.5265217317347413	0.3360916256711699	-0.07561191819205382	-0.06177472440203502
0.13433138249713017	0.8630627339337795	0.001390052903612382	-0.0012158306654779238
0.5307462632979314	0.16590671078126507	0.24757369922385464	0.0557733266969489
0.02786875560411639	-0.5929092380009799	0.01843489464915371	0.36078711174574996
-0.0367248255241539	0.024515687225261207	-0.3905784190011985	-0.5481810682493864
0.26705108629697083	-0.3513010749480323	0.1379289169022011	-0.24371892185279576
-0.3301533933539147	0.45553761677875526	0.12203980330164232	0.09226918656568772
0.02430915111909715	-0.27820147387818417	0.3382595803597881	0.3592297946429306
-0.05397177693921695	0.39135945071987455	-0.0304148261105881	-0.5242539462303204
-0.5018069321495191	-0.08639537512721729	-0.00019180442156541133	-0.4116058883016982
-0.08632009355736381	0.19580029943070376	0.04303483574264333	0.6748447712692891
-0.1135944605536594	0.19911875301234883	0.22156813065780412	0.46571865577618765
0.47691860009982023	0.024163588735104602	0.4083709841297025	0.09054682703537265
0.2005318394984339	-0.03789786211555879	0.2265637223345529	-0.5350065760514544
-0.12968318802244094	-0.2542105999929132	-0.6084220892709222	-0.007684122713723651
0.09886651338245422	0.5263761785019234	0.14953082496263503	-0.22522648315298732
0.16564035606634775	0.11304104554985739	-0.01625373183681811	0.7050648665469768
-0.06525861012568446	-0.24906704077546138	-0.5985314386774234	-0.08714291042143074
0.5168121352213877	-0.04632223910631472	0.232720205477277	0.20414542019502058
0.39624679275234875	0.04491399398706797	-0.4347902350096229	-0.1240489782509604
-0.13808426356441283	0.4619540367997377	-0.09297122380427303	0.30699047583157646
-0.596489064922203	0.05228200943900574	-0.02704335911496103	0.32418556652383024
-0.09756799350823986	-0.11662772375127695	-0.05160793465903546	-0.7341963480814477
-0.3163032456632986	0.15739104346882415	-0.23822478092989519	-0.28808092993798207
-0.6040253842009689	0.25288210187548765	0.05825899625952502	0.08483351766401848
0.7240616724348656	0.11306202656940711	-0.11414448420042467	-0.048731816795302585
0.31198622061169456	0.15527150995550243	-0.3611921486923628	-0.17155012074044018
-0.4093009038488513	0.011566290642323507	0.5032692801167591	-0.07586352539206609
-0.08176878599589243	-0.0703600835368019	0.33980047911314015	-0.5080706513541655
0.2589251357292681	0.4371128335278498	-0.2542954576723706	-0.04966657307051148
-0.00240799023965943	0.46581540809526945	-0.34290180140463966	-0.18887480026043146
0.5149249654104726	-0.041221775191352616	-0.11780034123323535	0.3260529181649394
0.5247969688511593	-0.29334776705466314	-0.13750368560599302	0.044351578488184495
0.07970106507322217	0.10372156111373276	0.39830169902166834	0.41827567479137673
-0.2570423766878469	-0.28604440380977136	0.4046563609708851	-0.05225685853149664
0.25560910370286916	0.06308960403311481	-0.6515516235144017	-0.029749668749614377
-0.16080114586299432	0.450813596753876	0.04899245830335541	-0.33939279907977427
0.000718835747422375	0.8059085992294155	0.15648438082617266	-0.03688818419698947
0.014229953062774081	0.48772628620214564	0.2835437960669134	0.2144999646681669
0.1323408533843975	0.42973003818189315	-0.3606937941858679	0.07723531424784147
-0.10575297175087495	0.06473077941063043	-0.6551173657184244	-0.17439888312007024
-0.2871665303343929	0.3118940870710103	-0.28445197088458385	-0.11648741171001298
-0.2862828275264544	-0.4853164893199311	-0.08573694627538919	-0.1426637368782253
-0.030083797080494357	0.6031154438359259	0.3006676745344339	-0.0661330845491459
-0.22406579373510516	-0.3048166981362186	0.33664017304218086	-0.1344773350864954
-0.2084697783804701	-0.1342836575011157	-0.6084188370415904	0.04882772707682381
-0.10502923702394451	0.1821363152674067	0.4428163090834194	0.2700181386252294
0.045311855674723844	-0.10412251689237162	-0.41261114497633655	0.437954482456568
0.30960404491377513	-0.08514919617060901	-0.09230646244788132	-0.5129402964677345
-0.17754398439822516	-0.10349140403039958	0.7160368742196752	-0.002927737351700044
-0.1378885267032408	0.23712653482672774	0.42778017870162466	0.1972047597684068
0.03865757880851772	0.26508107700330963	-0.2896696033211492	-0.40659174086702343
-0.38601528604089186	0.22780011551067503	-0.3260226941358204	0.0601619043126127
-0.22986897639530146	-0.4651320940243593	-0.2561644912671357	-0.048834438313203554
-0.04947185150634925	-0.026834056249466887	0.0817877259764428	-0.8419063662677411
0.5898120182933944	-0.16854132887506346	0.21601835278362547	-0.02562830004791672
FactorLoading_Ψ
0.4078143365496649	0.27345298329664836	-0.2025909983936749	-0.11614168176001183
-0.33142574390430246	0.09756551253728873	-0.13783647841097335	-0.43317226514743545
-0.2257770159179291	0.33424977035860914	0.2758492143990845	-0.16412399932437727
-0.46208570059867626	0.0026380901729423645	-0.2554388838454358	0.2798373253829456
0.5265217317347413	0.3360916256711699	-0.07561191819205382	-0.06177472440203502
0.13433138249713017	0.8630627339337795	0.001390052903612382	-0.0012158306654779238
0.5307462632979314	0.16590671078126507	0.24757369922385464	0.0557733266969489
0.02786875560411639	-0.5929092380009799	0.01843489464915371	0.36078711174574996
-0.0367248255241539	0.024515687225261207	-0.3905784190011985	-0.5481810682493864
0.26705108629697083	-0.3513010749480323	0.1379289169022011	-0.24371892185279576
-0.3301533933539147	0.45553761677875526	0.12203980330164232	0.09226918656568772
0.02430915111909715	-0.27820147387818417	0.3382595803597881	0.3592297946429306
-0.05397177693921695	0.39135945071987455	-0.0304148261105881	-0.5242539462303204
-0.5018069321495191	-0.08639537512721729	-0.00019180442156541133	-0.4116058883016982
-0.08632009355736381	0.19580029943070376	0.04303483574264333	0.6748447712692891
-0.1135944605536594	0.19911875301234883	0.22156813065780412	0.46571865577618765
0.47691860009982023	0.024163588735104602	0.4083709841297025	0.09054682703537265
0.2005318394984339	-0.03789786211555879	0.2265637223345529	-0.5350065760514544
-0.12968318802244094	-0.2542105999929132	-0.6084220892709222	-0.007684122713723651
0.09886651338245422	0.5263761785019234	0.14953082496263503	-0.22522648315298732
0.16564035606634775	0.11304104554985739	-0.01625373183681811	0.7050648665469768
-0.06525861012568446	-0.24906704077546138	-0.5985314386774234	-0.08714291042143074
0.5168121352213877	-0.04632223910631472	0.232720205477277	0.20414542019502058
0.39624679275234875	0.04491399398706797	-0.4347902350096229	-0.1240489782509604
-0.13808426356441283	0.4619540367997377	-0.09297122380427303	0.30699047583157646
-0.596489064922203	0.05228200943900574	-0.02704335911496103	0.32418556652383024
-0.09756799350823986	-0.11662772375127695	-0.05160793465903546	-0.7341963480814477
-0.3163032456632986	0.15739104346882415	-0.23822478092989519	-0.28808092993798207
-0.6040253842009689	0.25288210187548765	0.05825899625952502	0.08483351766401848
0.7240616724348656	0.11306202656940711	-0.11414448420042467	-0.048731816795302585
0.31198622061169456	0.15527150995550243	-0.3611921486923628	-0.17155012074044018
-0.4093009038488513	0.011566290642323507	0.5032692801167591	-0.07586352539206609
-0.08176878599589243	-0.0703600835368019	0.33980047911314015	-0.5080706513541655
0.2589251357292681	0.4371128335278498	-0.2542954576723706	-0.04966657307051148
-0.00240799023965943	0.46581540809526945	-0.34290180140463966	-0.18887480026043146
0.5149249654104726	-0.041221775191352616	-0.11780034123323535	0.3260529181649394
0.5247969688511593	-0.29334776705466314	-0.13750368560599302	0.044351578488184495
0.07970106507322217	0.10372156111373276	0.39830169902166834	0.41827567479137673
-0.2570423766878469	-0.28604440380977136	0.4046563609708851	-0.05225685853149664
0.25560910370286916	0.06308960403311481	-0.6515516235144017	-0.029749668749614377
-0.16080114586299432	0.450813596753876	0.04899245830335541	-0.33939279907977427
0.000718835747422375	0.8059085992294155	0.15648438082617266	-0.03688818419698947
0.014229953062774081	0.48772628620214564	0.2835437960669134	0.2144999646681669
0.1323408533843975	0.42973003818189315	-0.3606937941858679	0.07723531424784147
-0.10575297175087495	0.06473077941063043	-0.6551173657184244	-0.17439888312007024
-0.2871665303343929	0.3118940870710103	-0.28445197088458385	-0.11648741171001298
-0.2862828275264544	-0.4853164893199311	-0.08573694627538919	-0.1426637368782253
-0.030083797080494357	0.6031154438359259	0.3006676745344339	-0.0661330845491459
-0.22406579373510516	-0.3048166981362186	0.33664017304218086	-0.1344773350864954
-0.2084697783804701	-0.1342836575011157	-0.6084188370415904	0.04882772707682381
-0.10502923702394451	0.1821363152674067	0.4428163090834194	0.2700181386252294
0.045311855674723844	-0.10412251689237162	-0.41261114497633655	0.437954482456568
0.30960404491377513	-0.08514919617060901	-0.09230646244788132	-0.5129402964677345
-0.17754398439822516	-0.10349140403039958	0.7160368742196752	-0.002927737351700044
-0.1378885267032408	0.23712653482672774	0.42778017870162466	0.1972047597684068
0.03865757880851772	0.26508107700330963	-0.2896696033211492	-0.40659174086702343
-0.38601528604089186	0.22780011551067503	-0.3260226941358204	0.0601619043126127
-0.22986897639530146	-0.4651320940243593	-0.2561644912671357	-0.048834438313203554
-0.04947185150634925	-0.026834056249466887	0.0817877259764428	-0.8419063662677411
0.5898120182933944	-0.16854132887506346	0.21601835278362547	-0.02562830004791672
Conflicts
43 41
4 10
39 24
46 45
3 46
43 6
9 56
23 34
25 42
36 6
34 6
44 18
59 38
9 48
29 24
31 3
25 35
26 24
9 17
3 11
21 22
38 24
40 39
54 1
3 57
11 52
7 41
59 24
25 44
10 58
26 51
10 18
37 45
17 20
16 21
23 14
46 57
14 17
34 8
27 38
37 51
29 28
15 20
34 39
54 45
43 31
16 36
4 6
17 8
27 48
53 24
13 10
53 30
15 33
26 4
22 52
52 45
4 55
10 45
43 17
13 59
53 48
23 41
23 20
37 2
17 12
7 57
11 20
22 45
47 6
40 51
50 29
25 55
55 29
41 30
40 45
11 24
47 17
35 30
54 31
26 31
42 12
3 20
9 11
16 59
31 28
47 21
10 34
10 44
36 17
25 38
16 11
2 39
49 15
14 39
41 15
50 49
42 46
32 55
7 45
4 59
59 44
56 45
48 41
2 44
8 57
23 4
13 27
47 34
13 5
32 36
16 20
60 45
25 22
49 12
9 51
14 3
8 22
48 5
55 60
12 44
32 39
2 20
7 50
32 35
58 39
41 44
32 60
41 1
25 21
56 15
55 22
59 51
31 55
60 21
55 5
60 42
2 27
29 3
7 32
50 56
47 49
53 16
14 24
9 15
8 39
14 50
10 22
5 6
58 33
5 51
60 30
38 6
3 6
7 5
60 22
32 1
43 25
28 11
60 20
25 56
4 42
48 44
55 38
31 50
25 49
58 36
26 38
31 51
54 42
25 16
26 22
42 22
52 1
31 11
59 33
35 20
53 19
17 30
27 28
23 33
32 16
29 27
43 4
54 10
35 16
48 45
10 36
28 51
29 17
35 28
25 60
39 12
48 46
14 51
40 41
9 33
23 59
27 21
47 44
31 44
10 29
35 38
42 39
7 26
13 55
25 15
35 50
54 3
43 39
7 42
26 49
5 46
7 47
58 56
31 19
10 32
31 38
23 8
13 38
55 44
43 59
6 33
58 38
27 8
14 27
37 1
13 24
25 34
4 52
54 25
47 1
4 27
31 57
26 28
22 30
39 18
19 49
47 8
27 11
19 1
33 1
4 30
19 21
32 6
35 27
46 52
28 21
53 22
28 49
10 6
58 21
39 46
29 16
47 48
59 11
60 3
14 21
16 57
44 46
48 8
34 48
34 3
26 34
32 51
59 39
28 20
29 52
10 38
2 59
54 2
46 1
53 20
47 60
27 5
59 12
31 52
32 20
37 49
59 30
42 18
9 22
47 27
22 24
19 33
28 15
25 45
7 12
55 33
7 13
12 30
35 5
14 10
54 41
26 39
3 19
23 56
58 45
9 34
37 58
4 53
35 53
23 40
28 5
56 57
58 30
4 50
52 33
36 33
25 17
7 1
38 41
24 20
8 24
32 40
49 52
16 28
33 45
54 8
9 32
37 25
51 12
17 51
29 38
29 49
23 60
49 24
5 20
42 49
48 18
4 1
50 1
2 36
55 59
58 1
4 20
43 46
54 44
19 24
3 56
25 36
35 48
34 58
39 45
39 6
34 29
53 21
54 28
32 58
56 41
35 3
50 20
51 46
27 24
25 11
31 35
36 44
27 17
60 5
17 45
14 52
16 39
33 30
47 30
56 44
42 19
2 22
42 8
37 55
14 31
13 6
58 8
37 42
21 15
50 18
51 1
58 16
9 27
25 53
5 39
36 5
56 18
25 2
55 53
28 48
7 60
6 18
47 36
2 56
35 44
11 12
14 38
51 44
17 38
13 19
42 59
59 41
60 17
40 28
16 19
21 20
1 20
56 38
53 57
5 41
13 41
4 19
22 44
7 27
9 39
42 57
14 56
4 15
4 39
16 22
43 54
50 41
60 24
53 41
50 17
34 57
25 6
4 2
13 53
50 58
60 39
32 44
38 52
11 57
10 30
36 11
19 36
14 8
29 53
19 41
50 15
23 47
42 51
47 16
23 36
57 44
35 6
29 51
3 1
7 44
7 15
23 21
31 18
6 1
47 51
58 41
37 17
13 48
35 1
2 3
14 48
27 22
34 27
35 57
48 22
23 26
55 1
17 49
4 8
13 60
35 51
17 1
32 3
12 1
36 18
43 57
37 57
19 8
21 33
13 18
54 46
47 4
38 33
9 2
42 2
13 31
47 31
31 2
22 20
54 50
10 42
23 52
38 30
55 24
8 6
26 44
2 17
56 22
38 15
53 8
22 46
32 15
18 24
14 32
25 18
23 55
28 38
56 6
34 52
2 18
17 57
36 20
26 20
31 16
53 1
32 48
59 45
25 12
50 30
37 24
56 21
56 1
42 44
55 8
43 42
31 22
4 9
27 19
3 39
43 29
14 2
2 53
54 58
36 22
7 54
14 19
13 8
16 51
17 6
2 46
23 57
42 20
53 38
55 12
8 38
16 24
23 32
7 2
48 33
57 18
42 52
58 6
40 56
23 31
3 22
39 20
25 50
7 20
42 1
54 16
5 33
54 22
54 6
8 20
55 10
7 9
28 1
35 52
50 27
36 8
10 53
4 17
2 45
8 49
58 17
3 52
45 24
2 19
9 46
35 15
31 60
50 59
58 12
50 19
7 17
54 12
7 4
43 48
2 15
7 55
32 49
60 34
37 14
12 45
29 19
9 8
26 59
59 49
28 46
14 36
37 41
32 27
23 35
23 45
50 33
48 1
55 45
37 13
49 21
3 51
31 12
49 18
40 36
53 52
2 29
15 45
5 12
13 35
42 6
13 45
15 24
37 21
47 25
3 16
19 11
14 22
4 45
3 21
47 12
34 17
54 38
34 33
6 52
13 20
59 1
17 24
51 22
36 39
8 33
54 53
43 27
26 13
25 52
17 44
55 56
40 24
28 59
23 43
51 21
48 56
19 5
48 30
13 40
60 46
23 5
51 8
23 39
11 39
9 16
10 33
60 33
37 54
19 56
7 53
9 18
56 51
40 57
53 6
29 8
54 33
50 2
2 28
17 56
43 16
11 41
27 39
47 29
13 29
32 53
40 30
9 20
9 49
54 51
32 19
21 6
13 25
31 5
43 55
9 13
60 11
12 18
34 38
55 58
19 20
7 56
11 6
19 18
27 57
34 1
25 30
39 1
48 51
34 46
43 12
14 15
4 41
31 39
37 15
36 24
23 53
58 20
43 40
16 44
27 41
36 45
41 21
49 39
55 27
13 33
31 53
54 9
14 11
23 22
47 13
34 2
26 43
60 29
47 41
60 16
13 1
3 49
43 37
55 46
31 45
2 49
54 27
27 46
2 58
17 48
23 38
43 3
60 52
26 19
27 44
47 33
36 56
16 52
7 3
33 12
26 5
13 39
55 21
55 51
54 49
46 20
44 24
26 12
42 45
40 1
50 40
41 33
4 11
10 39
54 59
43 19
54 15
27 51
23 12
47 22
43 34
11 30
25 24
11 22
43 45
16 15
17 11
43 8
14 44
48 57
40 17
60 38
35 24
8 1
29 15
60 53
29 18
53 28
10 12
13 15
57 6
58 15
50 46
42 28
32 21
9 53
52 57
28 41
31 59
25 46
47 3
15 18
55 42
7 39
59 15
4 28
4 35
14 30
55 16
43 30
47 56
34 49
27 12
56 20
52 18
60 28
49 1
55 48
42 17
53 51
55 40
5 57
7 11
53 46
34 56
17 15
11 18
60 41
10 27
14 28
43 60
23 42
7 37
15 46
10 57
7 34
51 39
37 44
60 27
13 58
54 20
4 49
10 60
2 6
37 40
17 22
16 6
10 50
55 17
40 33
41 20
4 16
41 12
16 8
32 22
7 30
49 20
2 24
47 18
16 41
7 51
14 49
53 44
36 41
9 24
31 27
11 44
31 58
49 41
14 6
11 1
34 40
29 5
46 6
9 30
26 21
26 56
48 39
32 11
58 22
60 15
9 31
31 29
41 57
6 20
47 54
32 34
42 24
21 44
48 59
35 29
