InstanceID
8_80_4
NumObjects
80
NumFactors
4
Weights
1.2357704434527994
89.42867224957195
88.08508653790943
76.92526905665427
85.4293355545731
33.585633427546014
51.733761650463485
4.5558528266970155
61.24850977675149
42.357613719339724
23.94476876411793
45.84196354771526
91.62395958733529
95.70170755641996
84.61432604355022
75.10189425329933
40.008186614572885
62.467831109721075
36.31790514760627
9.078122429370916
12.398331292706889
15.012994255759438
95.21306895702149
20.9704138325554
67.2175173509262
57.48944859205203
77.75946770367877
76.47596585974858
64.86590965826076
56.75506344134562
96.103119182531
76.14614958158754
92.52390880524945
69.35252716825066
72.00123126748078
76.8611826211367
23.84646334248042
78.70138423403634
91.43269632832853
56.50994760076165
81.32575613553124
22.437662747188813
27.534290185846324
35.913756540448546
72.95090079475442
31.57988469796964
82.10190951727061
14.551498650564575
99.46708317326278
22.286526940524887
97.41222628842674
87.12061119841321
17.926692839725057
67.14784067750308
26.078885166038468
76.02663798992855
1.143603815612293
76.7642006235782
14.070121363915256
84.64227923098755
88.38583182399881
68.12673198463133
40.78143365496649
88.4032120936662
84.92705268027262
45.29227170642598
17.496742677410747
56.682773485256455
42.89912564415912
33.14257439043025
18.179985907095976
74.16313120688976
20.762631981852397
46.26871074372281
83.58760006756228
56.00267862765382
22.57770159179291
22.38777201553699
94.65365936293513
88.79229583679805
Budget
2254.4596237165574
Profits
-0.24715408869055988
-17.885734449914388
-17.617017307581886
-15.385053811330854
-17.08586711091462
-6.717126685509203
-10.346752330092697
-0.9111705653394031
-12.249701955350298
-8.471522743867945
-4.788953752823586
-9.168392709543053
-18.32479191746706
-19.140341511283992
-16.922865208710043
-15.020378850659867
-8.001637322914577
-12.493566221944215
-7.263581029521253
-1.8156244858741832
-2.4796662585413776
-3.0025988511518875
-19.0426137914043
-4.19408276651108
-13.44350347018524
-11.497889718410406
-15.551893540735753
-15.295193171949716
-12.973181931652153
-11.351012688269124
-19.2206238365062
-15.229229916317507
-18.50478176104989
-13.870505433650132
-14.400246253496155
-15.372236524227342
-4.7692926684960835
-15.740276846807268
-18.286539265665706
-11.301989520152329
-16.265151227106248
-4.487532549437763
-5.506858037169264
-7.182751308089709
-14.590180158950883
-6.315976939593928
-16.42038190345412
-2.910299730112915
-19.893416634652556
-4.457305388104977
-19.48244525768535
-17.424122239682642
-3.585338567945011
-13.429568135500617
-5.215777033207694
-15.20532759798571
-0.2287207631224586
-15.352840124715641
-2.814024272783051
-16.92845584619751
-17.677166364799763
-13.625346396926266
-8.156286730993298
-17.68064241873324
-16.985410536054523
-9.058454341285195
-3.4993485354821496
-11.336554697051291
-8.579825128831825
-6.628514878086049
-3.635997181419195
-14.832626241377952
-4.1525263963704795
-9.25374214874456
-16.717520013512456
-11.200535725530765
-4.515540318358582
-4.477554403107398
-18.930731872587025
-17.75845916735961
FactorLoading_Φ
0.14417500680828388	-0.3179106937903924	0.0026380901729423645	-0.5352762092283814
0.5265217317347413	0.0510983712084323	0.2849932544627376	-0.13738664259408884
0.13433138249713017	0.1984154883032403	0.6660372985341516	0.0012158306654779238
0.47939307619943494	0.051353187098496456	0.4134804100051197	0.0557733266969489
-0.6207779936050963	0.01843489464915371	-0.10930758668646745	0.2514795250592825
-0.0367248255241539	-0.4150941062264597	0.36403110308585473	-0.18414996516353166
-0.3709059262502781	0.24744623499472507	-0.1379289169022011	0.24371892185279576
0.010290076798638026	-0.31986331655527667	0.5775774200803976	0.09226918656568772
-0.3025106249972813	0.3382595803597881	-0.010980420428845727	0.34824937421408486
-0.05397177693921695	-0.42177427683046265	0.23084119331738573	-0.29341275291293467
0.041042928005122103	-0.460764004144397	-0.08639537512721729	-0.4117976927232636
-0.08632009355736381	-0.19580029943070376	0.14599149585980697	0.5718881111521255
0.1135944605536594	-0.19911875301234883	0.5279441536092224	0.15934263282476935
0.47691860009982023	0.4325345728648071	0.0812196156546452	0.009327211380727451
-0.2005318394984339	0.03789786211555879	-0.7339529511088667	0.027617347277140603
-0.2958312960268239	-0.08806249198853022	-0.6084220892709222	-0.007684122713723651
0.09886651338245422	0.26263279729881184	0.2637433812031116	0.37475730811562236
-0.18656934050513585	0.09211206111106929	0.01625373183681811	-0.7050648665469768
0.06525861012568446	-0.24906704077546138	-0.2246936368952821	-0.46098071220357206
0.4320835576021007	0.08472857761928698	-0.27904244458359173	0.20414542019502058
-0.4411607867394167	0.418822292767169	0.015967942242453903	-0.1240489782509604
0.13808426356441283	-0.16915428341851557	0.38577097718549513	-0.30699047583157646
0.5549293817293395	-0.04155968319286352	0.07932536855396677	-0.32418556652383024
-0.2141957172595168	-0.05160793465903546	-0.7258118339088477	-0.0083845141726
-0.3163032456632986	-0.016662957700999348	0.37895286669772	-0.28808092993798207
0.4346436536994587	-0.4222638323769978	0.05825899625952502	0.08483351766401848
0.5506349856682367	0.17342668676662898	0.22720651076983178	-0.048731816795302585
-0.08851193316300421	0.3787457974041928	0.3611921486923628	-0.17155012074044018
0.009435010845195269	-0.39986589300365605	0.011566290642323507	0.5791328055088252
-0.017637798447749153	-0.06413098754814328	-0.41016056264994205	0.5080706513541655
-0.41203516616577907	0.28400280309133885	0.2542954576723706	-0.04966657307051148
-0.006381063233626305	-0.46184233510130257	0.34290180140463966	-0.18887480026043146
0.33969838463246393	0.17522658077800868	-0.041221775191352616	-0.44385325939817477
0.5247969688511593	0.16803435353354157	-0.12531341352112157	-0.18185526409417752
-0.07970106507322217	0.5020232601354011	0.3400168590192949	0.07825881577208182
0.2570423766878469	-0.45258867984021944	-0.238112084940437	0.05225685853149664
0.25560910370286916	0.06308960403311481	0.009636332480816412	-0.6716649597831996
0.16080114586299432	-0.19361647935726944	0.30618957569996197	0.33939279907977427
0.000718835747422375	0.442606248339805	0.5197867317157832	0.03688818419698947
-0.26091274659819175	0.24104349266672798	0.2835437960669134	0.2144999646681669
0.1323408533843975	0.42973003818189315	0.34195523845492115	-0.0959738699787882
0.10575297175087495	-0.06473077941063043	0.6585838765836967	-0.17093237225479796
-0.18670523791539817	-0.412355379490005	0.28445197088458385	-0.11648741171001298
0.2862828275264544	-0.20620205288642435	-0.36485138270889594	-0.1426637368782253
0.030083797080494357	-0.34615982024686276	0.2569556235890631	0.3668007590835798
0.22406579373510516	-0.1122585133791194	-0.19255818475709918	0.47111750812867625
0.17555447920799994	-0.03291529917247016	-0.1342836575011157	-0.6572465641184142
-0.10502923702394451	-0.6249526243508261	0.1952492014461955	0.07476893717903388
-0.14943437256709546	0.41261114497633655	-0.08703360048998854	-0.35092088196657945
-0.30960404491377513	0.08514919617060901	-0.40933442365909145	-0.1959123352565244
-0.1670126577678983	-0.11402273066072643	-0.7160368742196752	0.002927737351700044
-0.1378885267032408	-0.3270963961143738	0.3378103174139786	0.1972047597684068
0.03865757880851772	0.26508107700330963	0.24586206745775985	-0.4503992767304128
0.13602131423360886	-0.249993971807283	0.5538228096464954	-0.0601619043126127
0.22986897639530146	-0.4651320940243593	-0.041531011558908704	-0.26346791802143055
-0.04947185150634925	-0.052764187400595075	-0.055857594825314605	0.8419063662677411
0.36447774166869684	0.393875605499761	-0.21601835278362547	0.02562830004791672
0.024013128179088072	0.10220511623948414	0.09357265897212552	0.7802090966093023
0.431956556308815	-0.0662778898991978	-0.266462362141596	0.23530319165039115
0.24445009765701498	0.05112718200682198	-0.06833880602099729	0.6360839143151658
0.6725987021876498	-0.01800147590478063	0.07338846817744882	0.23601135373012072
0.3935860441980037	-0.17820617001445282	-0.16675437785382186	-0.2614534079337216
-0.5611731101272028	-0.17164688909017678	-0.13016870458997887	0.13701129619264152
0.21688166355439065	0.0198901340596096	0.31314609322507403	-0.4500821091609257
0.23883786432235166	-0.3974979929480267	0.17923437604295334	0.18442976668666833
-0.08136771816627131	0.31193143212632446	-0.15028111220688145	0.4564197375005228
-0.026073960456152845	0.491904039135038	-0.02308072107978809	-0.45894127932902107
-0.49105251439666087	-0.25595844757575503	0.030116788406717276	-0.22287224962086682
-0.3334459855032492	-0.16841223647678394	-0.47625815895529144	0.021883619064675397
0.28622185749452744	-0.49870382867380036	0.15792049817575027	-0.057153815655921925
-0.06320102576218467	0.1259879651056517	-0.013403957293730118	-0.7974070518384335
-0.3154566869406674	-0.06630401439668465	-0.04707699239967478	0.5711623062629732
0.12274715117783908	-0.3454995135417589	0.30659986146112206	0.22515347381927997
-0.4153463939484032	0.21253850797515672	-0.2827105323491357	-0.08940456572730437
-0.11167204743674253	-0.12657155817895882	0.4802691407234967	-0.28148725366080196
-0.5021684475410519	0.15553984958302536	0.18456053406216344	0.15773116881375926
0.516123633142378	0.05493062961359785	-0.2995764554031468	0.12936928184087737
0.2175789609925154	0.374427282736554	0.4013063623877846	0.006687393883145987
-0.6496456955506007	0.06853169354742517	0.19988181551073603	-0.08194079539123811
0.10800784493216331	-0.012697791069041786	0.39340551941543644	-0.48588884458335846
FactorLoading_Ψ
0.14417500680828388	-0.3179106937903924	0.0026380901729423645	-0.5352762092283814
0.5265217317347413	0.0510983712084323	0.2849932544627376	-0.13738664259408884
0.13433138249713017	0.1984154883032403	0.6660372985341516	0.0012158306654779238
0.47939307619943494	0.051353187098496456	0.4134804100051197	0.0557733266969489
-0.6207779936050963	0.01843489464915371	-0.10930758668646745	0.2514795250592825
-0.0367248255241539	-0.4150941062264597	0.36403110308585473	-0.18414996516353166
-0.3709059262502781	0.24744623499472507	-0.1379289169022011	0.24371892185279576
0.010290076798638026	-0.31986331655527667	0.5775774200803976	0.09226918656568772
-0.3025106249972813	0.3382595803597881	-0.010980420428845727	0.34824937421408486
-0.05397177693921695	-0.42177427683046265	0.23084119331738573	-0.29341275291293467
0.041042928005122103	-0.460764004144397	-0.08639537512721729	-0.4117976927232636
-0.08632009355736381	-0.19580029943070376	0.14599149585980697	0.5718881111521255
0.1135944605536594	-0.19911875301234883	0.5279441536092224	0.15934263282476935
0.47691860009982023	0.4325345728648071	0.0812196156546452	0.009327211380727451
-0.2005318394984339	0.03789786211555879	-0.7339529511088667	0.027617347277140603
-0.2958312960268239	-0.08806249198853022	-0.6084220892709222	-0.007684122713723651
0.09886651338245422	0.26263279729881184	0.2637433812031116	0.37475730811562236
-0.18656934050513585	0.09211206111106929	0.01625373183681811	-0.7050648665469768
0.06525861012568446	-0.24906704077546138	-0.2246936368952821	-0.46098071220357206
0.4320835576021007	0.08472857761928698	-0.27904244458359173	0.20414542019502058
-0.4411607867394167	0.418822292767169	0.015967942242453903	-0.1240489782509604
0.13808426356441283	-0.16915428341851557	0.38577097718549513	-0.30699047583157646
0.5549293817293395	-0.04155968319286352	0.07932536855396677	-0.32418556652383024
-0.2141957172595168	-0.05160793465903546	-0.7258118339088477	-0.0083845141726
-0.3163032456632986	-0.016662957700999348	0.37895286669772	-0.28808092993798207
0.4346436536994587	-0.4222638323769978	0.05825899625952502	0.08483351766401848
0.5506349856682367	0.17342668676662898	0.22720651076983178	-0.048731816795302585
-0.08851193316300421	0.3787457974041928	0.3611921486923628	-0.17155012074044018
0.009435010845195269	-0.39986589300365605	0.011566290642323507	0.5791328055088252
-0.017637798447749153	-0.06413098754814328	-0.41016056264994205	0.5080706513541655
-0.41203516616577907	0.28400280309133885	0.2542954576723706	-0.04966657307051148
-0.006381063233626305	-0.46184233510130257	0.34290180140463966	-0.18887480026043146
0.33969838463246393	0.17522658077800868	-0.041221775191352616	-0.44385325939817477
0.5247969688511593	0.16803435353354157	-0.12531341352112157	-0.18185526409417752
-0.07970106507322217	0.5020232601354011	0.3400168590192949	0.07825881577208182
0.2570423766878469	-0.45258867984021944	-0.238112084940437	0.05225685853149664
0.25560910370286916	0.06308960403311481	0.009636332480816412	-0.6716649597831996
0.16080114586299432	-0.19361647935726944	0.30618957569996197	0.33939279907977427
0.000718835747422375	0.442606248339805	0.5197867317157832	0.03688818419698947
-0.26091274659819175	0.24104349266672798	0.2835437960669134	0.2144999646681669
0.1323408533843975	0.42973003818189315	0.34195523845492115	-0.0959738699787882
0.10575297175087495	-0.06473077941063043	0.6585838765836967	-0.17093237225479796
-0.18670523791539817	-0.412355379490005	0.28445197088458385	-0.11648741171001298
0.2862828275264544	-0.20620205288642435	-0.36485138270889594	-0.1426637368782253
0.030083797080494357	-0.34615982024686276	0.2569556235890631	0.3668007590835798
0.22406579373510516	-0.1122585133791194	-0.19255818475709918	0.47111750812867625
0.17555447920799994	-0.03291529917247016	-0.1342836575011157	-0.6572465641184142
-0.10502923702394451	-0.6249526243508261	0.1952492014461955	0.07476893717903388
-0.14943437256709546	0.41261114497633655	-0.08703360048998854	-0.35092088196657945
-0.30960404491377513	0.08514919617060901	-0.40933442365909145	-0.1959123352565244
-0.1670126577678983	-0.11402273066072643	-0.7160368742196752	0.002927737351700044
-0.1378885267032408	-0.3270963961143738	0.3378103174139786	0.1972047597684068
0.03865757880851772	0.26508107700330963	0.24586206745775985	-0.4503992767304128
0.13602131423360886	-0.249993971807283	0.5538228096464954	-0.0601619043126127
0.22986897639530146	-0.4651320940243593	-0.041531011558908704	-0.26346791802143055
-0.04947185150634925	-0.052764187400595075	-0.055857594825314605	0.8419063662677411
0.36447774166869684	0.393875605499761	-0.21601835278362547	0.02562830004791672
0.024013128179088072	0.10220511623948414	0.09357265897212552	0.7802090966093023
0.431956556308815	-0.0662778898991978	-0.266462362141596	0.23530319165039115
0.24445009765701498	0.05112718200682198	-0.06833880602099729	0.6360839143151658
0.6725987021876498	-0.01800147590478063	0.07338846817744882	0.23601135373012072
0.3935860441980037	-0.17820617001445282	-0.16675437785382186	-0.2614534079337216
-0.5611731101272028	-0.17164688909017678	-0.13016870458997887	0.13701129619264152
0.21688166355439065	0.0198901340596096	0.31314609322507403	-0.4500821091609257
0.23883786432235166	-0.3974979929480267	0.17923437604295334	0.18442976668666833
-0.08136771816627131	0.31193143212632446	-0.15028111220688145	0.4564197375005228
-0.026073960456152845	0.491904039135038	-0.02308072107978809	-0.45894127932902107
-0.49105251439666087	-0.25595844757575503	0.030116788406717276	-0.22287224962086682
-0.3334459855032492	-0.16841223647678394	-0.47625815895529144	0.021883619064675397
0.28622185749452744	-0.49870382867380036	0.15792049817575027	-0.057153815655921925
-0.06320102576218467	0.1259879651056517	-0.013403957293730118	-0.7974070518384335
-0.3154566869406674	-0.06630401439668465	-0.04707699239967478	0.5711623062629732
0.12274715117783908	-0.3454995135417589	0.30659986146112206	0.22515347381927997
-0.4153463939484032	0.21253850797515672	-0.2827105323491357	-0.08940456572730437
-0.11167204743674253	-0.12657155817895882	0.4802691407234967	-0.28148725366080196
-0.5021684475410519	0.15553984958302536	0.18456053406216344	0.15773116881375926
0.516123633142378	0.05493062961359785	-0.2995764554031468	0.12936928184087737
0.2175789609925154	0.374427282736554	0.4013063623877846	0.006687393883145987
-0.6496456955506007	0.06853169354742517	0.19988181551073603	-0.08194079539123811
0.10800784493216331	-0.012697791069041786	0.39340551941543644	-0.48588884458335846
Conflicts
55 42
66 67
71 32
72 17
50 56
78 16
9 15
78 72
10 69
58 70
5 33
35 60
70 30
67 38
40 6
7 5
22 1
43 25
61 11
4 56
42 48
3 46
25 58
51 38
54 42
25 80
26 22
42 1
75 59
35 28
23 27
32 80
4 74
54 16
35 48
10 45
36 51
28 17
39 12
63 46
78 41
40 33
9 59
63 21
31 10
35 29
42 39
7 77
25 15
35 61
54 50
71 3
69 49
7 46
75 80
9 48
61 56
31 38
77 72
43 38
48 6
58 38
63 33
27 8
14 27
63 1
77 24
25 64
4 61
25 65
4 57
26 31
47 28
22 30
17 39
8 49
47 72
63 25
27 49
11 1
65 33
55 22
68 21
32 19
27 70
35 21
29 45
28 49
10 70
80 46
8 22
47 63
60 11
78 3
80 44
8 46
63 3
32 51
27 39
29 28
74 52
66 59
66 1
69 46
27 76
31 32
62 20
59 49
42 64
9 22
47 22
63 5
71 33
25 79
7 12
77 12
14 5
54 74
3 61
62 56
23 58
9 45
37 58
68 53
23 53
69 30
68 58
36 33
64 33
7 17
65 38
41 20
8 52
16 28
54 8
9 32
37 12
51 49
23 60
71 49
21 22
69 20
42 62
68 1
50 1
2 59
55 1
4 20
43 46
54 44
3 36
35 62
62 48
58 45
34 6
28 21
32 58
3 51
11 24
25 31
69 17
14 45
33 52
16 30
56 44
42 2
55 8
14 31
13 70
42 8
79 21
50 18
59 1
63 59
58 16
64 11
9 27
50 27
20 18
80 5
63 39
64 5
66 53
55 48
80 28
7 18
2 70
35 76
75 14
17 38
77 38
42 59
60 17
3 20
80 19
10 34
1 20
56 38
70 5
77 62
4 22
71 42
71 27
9 78
68 28
61 79
74 16
43 18
54 64
31 28
50 11
24 73
60 62
36 57
68 2
61 64
13 50
60 44
75 52
75 74
31 59
49 12
63 79
47 16
57 44
35 70
67 65
71 44
71 79
31 21
65 6
58 17
37 6
34 77
27 57
71 22
65 41
61 15
4 72
60 77
51 21
17 1
60 32
67 12
17 18
76 12
43 57
67 19
3 8
13 67
54 46
43 21
4 79
64 38
9 2
4 42
2 20
54 22
50 42
10 52
63 64
72 6
26 17
2 22
63 38
80 15
53 58
72 22
32 15
78 18
32 18
25 34
23 73
55 15
28 70
34 56
15 52
66 41
40 28
29 49
74 45
53 36
32 65
26 47
31 51
16 41
19 65
48 49
76 45
61 30
60 1
37 56
65 21
22 44
4 9
27 19
2 3
14 67
2 53
43 58
31 22
59 52
7 54
78 64
74 64
61 38
13 72
16 70
66 46
22 20
2 76
80 8
23 35
63 32
7 2
48 33
56 70
63 31
23 22
71 1
46 20
80 1
54 5
70 51
8 20
23 21
55 10
7 9
28 65
41 1
27 52
72 74
68 17
2 45
3 27
38 30
75 27
38 24
80 36
2 19
9 46
35 79
78 38
55 59
7 76
17 12
27 73
71 4
66 48
55 79
7 32
78 49
76 52
19 45
8 73
59 46
14 36
37 45
50 33
48 65
55 45
37 77
49 21
3 12
23 62
41 52
2 79
4 49
26 69
9 12
67 17
80 6
35 77
65 70
77 79
37 21
25 16
75 67
55 19
60 22
68 14
32 45
63 67
47 76
54 34
38 1
48 70
60 74
77 70
65 24
61 22
53 3
4 66
51 73
3 56
21 33
13 19
26 52
63 55
40 24
48 59
63 80
47 69
48 30
13 65
5 18
63 72
51 39
75 48
70 8
9 80
10 60
54 19
7 53
4 13
19 5
27 15
73 18
40 51
78 57
32 70
29 8
66 65
2 28
16 56
75 41
50 29
47 13
32 53
4 21
21 6
25 77
31 5
43 55
22 57
9 13
12 18
34 64
31 80
71 56
11 6
23 57
30 1
65 39
54 48
55 69
78 25
36 44
62 46
50 12
14 79
4 31
37 79
36 12
43 40
16 44
31 2
29 41
27 45
77 49
53 80
9 35
78 62
75 66
34 66
43 29
60 20
77 65
54 66
67 49
43 37
16 49
23 77
66 27
13 25
27 46
8 21
68 66
50 58
23 75
3 76
60 27
65 49
47 79
54 62
80 64
67 52
71 70
71 68
3 33
13 21
8 38
27 51
54 3
25 3
63 11
44 24
42 12
41 45
68 24
68 75
11 41
74 21
54 59
19 12
65 1
54 79
32 5
72 73
61 62
28 59
23 50
75 22
25 62
43 15
80 11
69 27
29 79
66 17
50 5
35 1
62 8
43 13
78 44
63 48
63 40
68 60
72 65
67 15
63 53
60 66
17 59
10 53
15 12
32 21
28 52
53 73
41 57
25 46
47 67
2 15
71 72
4 59
68 4
78 80
47 56
68 27
71 12
59 41
35 20
19 1
56 18
42 61
10 76
33 6
4 40
32 11
74 41
27 44
14 74
27 11
60 19
43 42
71 67
37 19
79 38
55 70
47 33
59 45
7 57
9 51
62 57
54 10
31 61
71 34
26 51
13 44
54 39
64 8
60 70
66 64
69 22
10 16
64 30
10 50
40 17
55 33
56 46
9 11
80 20
4 60
71 43
39 24
37 25
32 40
71 51
66 62
11 18
47 31
43 4
14 15
58 6
7 51
19 59
47 53
65 56
36 41
9 24
31 27
31 58
80 74
14 65
6 1
75 53
51 44
60 69
63 34
60 29
5 12
13 58
7 27
68 70
30 73
75 11
26 21
26 56
64 39
11 33
58 41
27 79
79 73
31 65
13 42
39 20
19 44
42 22
29 62
65 52
29 3
22 52
4 16
69 80
60 39
4 80
26 18
37 40
22 38
37 24
26 8
63 16
40 41
55 65
80 76
27 21
39 18
47 78
48 24
53 18
31 77
34 62
2 64
66 39
26 49
50 36
55 62
9 60
40 30
9 74
14 50
26 45
63 45
7 65
42 57
55 36
60 3
17 79
47 11
40 62
74 5
27 30
21 46
43 50
14 46
4 5
23 45
78 79
14 17
37 16
21 52
60 79
3 24
29 12
66 69
72 46
8 12
75 79
21 12
32 79
78 19
74 24
14 39
47 51
26 14
78 11
39 73
69 51
28 64
28 22
14 61
10 30
23 4
59 6
17 24
51 30
40 76
9 57
13 45
10 79
27 1
60 28
60 21
68 25
6 30
60 45
4 14
52 1
78 15
80 61
35 27
65 76
23 9
14 73
25 18
66 56
34 11
10 62
54 2
68 3
32 12
75 70
22 39
43 62
13 1
36 24
11 21
11 73
72 19
50 24
53 38
15 57
13 78
68 11
26 15
13 46
79 8
29 74
77 21
65 73
23 26
7 47
26 24
26 33
47 60
64 44
63 54
55 32
25 69
55 49
31 12
11 30
37 70
80 21
6 45
80 33
5 1
54 14
50 22
34 21
78 36
68 72
32 10
10 77
10 58
9 34
13 29
54 61
48 51
13 77
13 2
2 16
55 16
77 5
37 11
43 12
4 35
4 8
34 3
79 49
35 45
79 18
53 33
47 50
42 15
68 55
26 7
26 64
67 59
47 30
48 11
66 61
32 50
34 17
44 20
7 22
13 39
15 33
14 35
68 34
16 17
19 64
65 12
13 18
53 8
32 61
32 42
4 10
25 14
37 73
41 21
51 57
63 19
29 30
13 57
58 49
53 65
21 57
27 24
31 34
55 60
67 21
47 62
79 30
26 16
80 30
52 44
16 21
75 30
32 36
14 56
19 79
3 65
10 2
78 24
11 15
10 5
55 56
17 51
38 52
3 44
27 62
49 52
74 62
25 24
6 18
32 72
64 51
59 70
17 33
14 30
52 18
10 20
34 61
37 27
9 44
15 18
70 49
56 73
59 15
68 10
36 18
28 30
35 49
9 18
9 14
25 49
4 1
75 57
14 60
37 30
71 54
28 41
19 17
72 12
48 1
29 40
40 21
37 52
23 31
53 24
75 55
59 22
72 20
43 56
24 18
53 62
16 65
40 49
6 73
10 22
47 65
17 30
72 39
77 45
2 48
2 56
34 49
66 44
36 79
53 48
42 73
70 39
37 17
58 28
10 46
31 62
53 41
53 79
53 72
70 24
55 2
80 17
69 18
54 58
56 15
40 39
37 2
37 67
19 38
31 73
74 79
4 39
50 53
36 59
78 35
45 20
26 10
58 46
25 21
3 30
10 6
9 56
34 74
71 75
53 56
76 51
78 6
51 46
34 24
29 16
70 12
9 64
26 39
75 42
26 74
29 56
32 35
78 33
51 15
40 73
58 52
60 46
25 29
47 40
78 30
40 74
7 69
33 45
69 79
64 20
61 51
37 47
71 63
59 73
75 6
26 25
47 3
41 38
38 39
13 34
43 19
8 51
23 12
71 50
12 30
75 12
37 35
71 2
66 52
55 40
10 36
47 39
43 39
50 28
3 21
37 59
75 21
71 66
65 46
14 10
23 51
54 56
71 60
69 56
35 18
19 24
48 15
7 11
50 72
7 35
55 52
9 1
61 17
42 76
33 57
63 56
52 45
35 12
37 3
11 70
49 46
16 11
17 56
5 49
49 44
37 15
77 11
77 39
53 59
25 72
34 65
76 15
60 64
32 27
69 41
58 11
50 38
22 12
43 69
42 27
63 30
10 33
23 14
7 48
54 24
32 22
47 80
23 59
43 80
19 21
10 29
71 46
4 3
27 33
42 41
80 38
47 27
55 51
63 27
54 28
41 24
72 62
39 52
47 15
19 6
7 38
32 52
75 72
68 35
55 53
4 45
50 70
64 36
9 19
78 1
31 36
72 57
43 8
27 12
47 58
2 73
16 64
23 11
74 39
7 40
26 67
42 5
68 30
79 46
25 20
61 24
2 51
47 19
61 59
65 51
78 22
50 46
43 44
69 57
51 12
43 17
56 51
23 76
53 40
2 6
34 29
10 1
47 25
72 44
59 12
66 74
56 12
66 2
34 76
43 49
60 8
61 52
75 61
7 44
19 51
42 44
16 12
7 55
75 20
68 51
68 36
23 55
10 61
42 21
75 44
75 64
48 22
77 36
16 39
71 80
56 57
14 21
59 21
16 8
72 11
68 16
25 59
63 78
37 34
80 58
9 36
47 32
5 73
71 25
74 20
34 58
37 8
16 48
3 48
4 78
40 52
2 52
39 57
78 53
10 73
3 17
47 38
7 36
29 65
35 52
55 76
60 2
12 44
47 5
9 33
74 18
37 64
4 50
32 16
35 17
63 35
19 18
16 18
69 24
25 33
42 51
77 69
39 44
19 48
26 27
68 57
63 61
32 41
68 59
3 16
3 70
37 41
48 12
47 24
75 56
56 5
26 71
79 51
44 73
34 33
32 3
5 79
19 8
75 76
78 32
68 13
43 32
40 20
42 56
46 52
67 57
53 46
66 18
31 79
55 3
29 72
64 45
79 76
71 31
4 75
71 37
50 74
14 80
38 6
2 40
9 79
26 57
69 3
3 73
25 48
61 74
68 12
47 46
75 78
63 60
29 73
36 62
63 29
53 76
52 24
61 18
71 41
50 73
53 20
9 61
7 62
21 20
72 49
14 70
43 79
65 5
71 10
37 5
78 58
37 55
7 15
49 73
26 78
72 16
47 66
60 34
34 52
23 5
74 76
69 65
10 74
69 38
11 45
26 44
3 72
50 6
14 29
78 45
31 18
26 12
74 6
48 73
68 78
23 48
40 11
55 80
50 34
63 75
31 40
61 70
74 73
66 21
74 70
80 59
14 6
32 64
6 12
80 45
58 20
37 72
20 73
34 73
63 24
36 73
16 1
78 10
35 65
23 80
47 73
35 11
62 18
77 6
31 55
38 46
43 23
23 72
13 62
60 59
11 46
25 38
69 72
54 11
7 8
54 6
47 45
10 49
75 29
68 77
80 57
64 41
35 44
60 41
26 42
29 1
64 46
13 30
66 76
54 69
58 64
40 72
7 14
4 19
67 1
26 62
9 67
37 42
71 57
79 44
74 36
53 51
34 51
60 67
12 24
27 56
35 33
63 6
60 61
4 37
65 17
43 5
49 30
29 53
68 31
47 74
48 8
42 33
4 44
42 80
58 61
32 24
55 72
40 5
80 12
9 30
7 31
75 32
43 61
77 30
77 3
13 12
75 3
74 56
9 10
7 3
80 41
31 1
7 39
44 1
42 67
9 73
58 73
78 40
14 32
50 44
32 30
27 36
66 30
50 49
15 73
36 8
60 24
7 59
54 13
57 20
29 17
80 51
42 74
78 56
64 18
60 76
78 77
71 35
9 20
71 24
7 28
68 52
7 45
4 65
47 57
24 30
80 52
69 76
29 21
5 38
14 18
42 66
7 24
27 5
3 39
43 59
34 27
37 68
35 69
43 3
62 6
67 24
35 15
68 67
9 21
4 17
48 39
66 51
27 18
75 60
19 22
62 33
51 1
53 19
25 22
57 18
56 33
37 29
78 69
71 30
62 1
50 20
32 1
63 14
10 80
14 24
74 12
67 41
54 9
32 33
3 74
2 5
67 73
34 48
43 26
54 45
9 77
75 18
31 17
65 15
62 11
2 74
55 30
46 73
34 59
65 30
36 52
76 30
17 11
66 58
5 30
28 6
28 46
30 18
70 22
43 31
39 46
35 72
13 24
48 38
38 15
58 51
14 53
65 20
9 50
47 59
35 36
29 38
31 45
42 69
4 55
64 12
47 48
77 44
29 36
66 33
40 12
77 40
6 46
23 69
8 6
9 40
76 57
63 66
66 45
26 3
70 45
32 67
28 11
29 80
60 12
78 52
69 45
55 77
16 15
29 67
23 3
25 55
21 1
5 45
28 56
27 59
41 12
54 60
9 66
2 57
71 36
14 28
37 18
56 30
4 51
35 40
20 30
60 5
63 41
68 65
37 31
53 12
44 45
36 46
26 73
79 1
68 45
71 76
78 8
77 33
40 18
68 32
29 51
17 76
54 65
24 20
63 42
43 24
34 45
60 40
13 14
7 30
17 41
28 8
55 21
68 9
