InstanceID
9_150_4
NumObjects
150
NumFactors
4
Weights
70.7078470753738
26.533048106447566
25.822142960573903
21.994823391614737
86.09728015640047
80.80176066478995
71.63428319926987
25.773048595678173
80.3154324823442
54.15885004417991
68.1360272089805
96.69484362033687
93.9267836726982
8.372051019922043
40.463274115638505
31.55749186082506
71.99939604273189
6.473081681595683
59.09858610818961
83.63161418511054
77.37848847529266
86.2878249676151
95.83463464114949
8.288865756209574
19.112584576538506
22.835878135172962
94.15823699466839
57.61993188884254
29.4906781390309
88.15940772334112
82.82532382119408
77.30295616629772
70.66282800090862
19.967996124821454
83.30452819119027
60.62607907692363
49.29754511770257
27.986773047802526
5.765229346325662
58.14352311613917
73.56796140454725
28.488541701604262
64.7321450724883
46.55989326050833
28.98366528189151
53.30811746258628
49.30070491478573
21.756460653839362
61.755361726366445
65.25206188673202
83.54763902051288
51.59549633771263
47.075100199452535
91.59125890980076
30.15323161837882
26.739170550417278
7.840653832936617
48.29839073910445
52.946271951126754
29.266916146013887
16.49683059709801
78.3624648124795
32.24338365469481
55.377183618190685
47.411595999842724
60.22066810856819
51.40820580225949
44.20997531521391
18.097887894234965
63.28143092624925
52.92165986959314
62.853274060622375
4.255792140406656
40.13276411702229
94.19282932365434
93.17898788364063
70.17960946148332
45.87721755500731
44.75381338583706
53.040529963348824
21.22537358804266
89.54938527240404
98.39589031356087
41.919730303171264
33.26676805739317
69.11273630963652
2.6241365803854944
46.49509738504713
99.07698454716684
15.166689917378772
34.50975115180257
53.33822402385131
75.39503905451038
9.322599123267494
26.255613077795115
12.889482223145542
91.85718856400756
58.981143071469155
5.219432907348298
37.18479532878256
43.56944494162747
35.03956741832266
76.57274754011571
12.052468382584113
29.203845939102703
62.65610684874805
94.87314994905944
92.51689300087908
77.71798898320752
80.13648933906279
38.5151999284679
93.16997138776897
40.10954468633001
74.46018435155726
83.21752577530202
59.336972325946725
97.20623529888954
46.95157126854348
64.72864796752422
61.73679743212202
87.75570279294398
97.6383353243966
43.165775562955375
67.11370705138017
43.135266934188806
64.68988018243141
15.83671668771749
67.35294581207354
41.52219869417235
83.60430049333583
94.52258043511237
42.91820635865054
43.45084360093323
97.550625372133
70.01891289959458
26.836440065732003
1.2402074556000953
9.505561452232204
91.40561671942538
93.86175904830007
51.95926225438896
59.334965700397916
18.68514327148676
65.77135207302464
18.157090585785298
76.37893226564691
78.17335283502487
16.395370527656006
48.06241045970181
7.688970585648125
Budget
4009.8929868637606
Profits
-14.14156941507476
-5.306609621289513
-5.16442859211478
-4.3989646783229475
-17.219456031280096
-16.16035213295799
-14.326856639853975
-5.154609719135634
-16.06308649646884
-10.831770008835981
-13.627205441796098
-19.338968724067374
-18.78535673453964
-1.6744102039844087
-8.0926548231277
-6.311498372165012
-14.399879208546377
-1.2946163363191365
-11.819717221637921
-16.726322837022106
-15.475697695058532
-17.25756499352302
-19.1669269282299
-1.657773151241915
-3.822516915307701
-4.567175627034592
-18.831647398933676
-11.523986377768507
-5.89813562780618
-17.631881544668225
-16.565064764238816
-15.460591233259544
-14.132565600181724
-3.993599224964291
-16.660905638238056
-12.125215815384726
-9.859509023540515
-5.597354609560505
-1.1530458692651324
-11.628704623227835
-14.713592280909449
-5.697708340320853
-12.946429014497658
-9.311978652101667
-5.796733056378303
-10.661623492517256
-9.860140982957146
-4.351292130767872
-12.35107234527329
-13.050412377346404
-16.709527804102574
-10.319099267542526
-9.415020039890507
-18.31825178196015
-6.0306463236757635
-5.347834110083456
-1.5681307665873234
-9.65967814782089
-10.589254390225351
-5.853383229202778
-3.2993661194196022
-15.6724929624959
-6.448676730938962
-11.075436723638138
-9.482319199968545
-12.044133621713637
-10.281641160451898
-8.841995063042782
-3.619577578846993
-12.65628618524985
-10.584331973918628
-12.570654812124475
-0.8511584280813311
-8.026552823404458
-18.838565864730867
-18.635797576728127
-14.035921892296665
-9.175443511001463
-8.950762677167413
-10.608105992669765
-4.245074717608532
-17.90987705448081
-19.679178062712175
-8.383946060634253
-6.653353611478634
-13.822547261927303
-0.5248273160770989
-9.299019477009427
-19.815396909433368
-3.0333379834757546
-6.901950230360514
-10.667644804770262
-15.079007810902075
-1.8645198246534989
-5.251122615559023
-2.5778964446291086
-18.371437712801512
-11.796228614293831
-1.0438865814696596
-7.436959065756513
-8.713888988325493
-7.007913483664533
-15.314549508023143
-2.410493676516823
-5.84076918782054
-12.53122136974961
-18.974629989811888
-18.503378600175814
-15.543597796641503
-16.027297867812557
-7.7030399856935805
-18.633994277553793
-8.021908937266002
-14.892036870311452
-16.643505155060403
-11.867394465189346
-19.441247059777908
-9.390314253708697
-12.945729593504845
-12.347359486424404
-17.551140558588795
-19.52766706487932
-8.633155112591075
-13.422741410276036
-8.627053386837762
-12.937976036486281
-3.167343337543498
-13.470589162414708
-8.304439738834471
-16.720860098667167
-18.904516087022476
-8.583641271730107
-8.690168720186646
-19.5101250744266
-14.003782579918916
-5.367288013146401
-0.24804149112001905
-1.9011122904464408
-18.281123343885078
-18.772351809660016
-10.391852450877792
-11.866993140079583
-3.737028654297352
-13.154270414604929
-3.6314181171570596
-15.275786453129381
-15.634670567004974
-3.279074105531201
-9.612482091940361
-1.537794117129625
FactorLoading_Φ
0.21302436644538836	0.28429891959758247	0.043559399468327875	-0.4591173144887013
0.08002640858817411	0.12546274645277333	0.3710190468079564	0.42349179815109617
-0.1846007815975783	0.3471753577004266	0.3387474597572311	0.12947640094476398
-0.3307640301832817	-0.12476431603365512	-0.2437697080502259	0.30070194573283726
-0.21031170439736946	-0.29447120795461124	-0.22542970371127646	-0.26978738393674284
-0.05902643364320337	-0.654530397381923	-0.06504945755757885	0.2213937114172948
-0.4013618456911179	0.3522646738557649	-0.09291260805207346	-0.15346087240104378
0.3361762188109543	0.3673515823434099	0.07440984586037458	0.22206235298526122
0.4336602593534742	-0.12247029918802643	-0.17505306190178915	0.2688163795567102
0.3897126390093084	0.1849655312737024	-0.3826805781055349	-0.04264125161145427
0.5818406521534145	0.11353232246864753	-0.1335526485556522	0.17107437682228577
-0.03800002114293144	0.06941175719969839	0.6081523801832551	0.28443584147411505
-0.25921256258285585	-0.6013562889053705	0.07521390458588195	-0.06421724392589168
0.31247785098175473	-0.22136939471186734	0.3834611926106788	-0.08269156169569913
0.04860770801693537	0.3793991929865992	-0.045785685542552246	-0.5262074134539132
0.49880494218905347	-0.07589556675642961	-0.23082004531295586	0.19447944574156106
-0.04625800948366088	0.7887699797546455	0.10331489620703183	-0.06165711455466183
-0.24917698407673128	-0.1481471734006239	-0.3025530205086704	-0.30012282201397444
0.5156110647141523	-0.13278452734970858	-0.05330014351462564	-0.2983042644215135
0.3846656192044502	0.5289501819134959	0.08267676012950576	-0.0037074387525481978
0.38162275171598425	-0.13730364017791752	-0.23759548490097537	-0.24347812320512285
0.06996929717371758	0.6623471664290719	-0.14965452610491004	-0.1180290102923005
0.4651261006922143	0.05467440784583388	-0.18343148266165632	-0.2967680088002955
-0.2557938418698438	0.04322479156174874	-0.08412881022589502	0.6168525563425125
-0.09597499704667367	0.2775840814773567	0.5696931410087442	-0.056747780467225395
-0.3892245160664869	-0.39238130163198637	-0.056926857710303924	0.16146732459122282
0.39480051974125097	0.28893295032980104	0.10990831357455888	-0.2063582163543891
-0.15367324441158026	0.547169568437625	-0.08499514861328672	-0.21416203853750804
0.2009999272893359	-0.2524996103610375	-0.1786462967670377	-0.3678541655825889
0.5644385303527548	0.14141290512323357	-0.2460553125254219	0.048093251998589714
-0.36023858350784566	-0.29162387019584823	-0.08820737976746607	-0.25993016652884005
0.20674840381163806	-0.20948686758313362	-0.24887561121043245	0.3348891173947959
0.8206392776006308	-0.030078342797416946	0.13086807952127244	0.01841430008067979
-0.29731825105998366	-0.12921740458853193	-0.3326845643565779	0.24077977999490652
0.2984829596772982	-0.09918585951733228	0.0727553061784676	0.5295758746269019
-0.28171596054575576	0.06527613721513337	-0.13406923691172556	-0.5189386653273853
-0.12054752333132557	-0.2491425964577334	0.19611562149391815	-0.4341942587170229
0.3754135157131524	0.12321680469557528	0.13094423925250753	-0.3704254403387648
-0.2820985813271275	0.30086819568079837	-0.04153933673617094	-0.3754938862559032
-0.07713744766638397	-0.0972361524159735	0.4274003791681147	-0.39822602074952784
-0.3893686510850385	-0.1859201336237517	-0.19067133823215965	-0.23403987705905016
0.18823717909642945	-0.04336980506478327	0.3145896510709707	0.4538033647678166
-0.533520655204361	-0.28947736199164864	0.06117785064163783	-0.11582413216235254
-0.4067301552920708	-0.08520538518070242	0.35113239192879475	0.15693206759843203
0.864579404116451	-0.060497229469217206	-0.007015740664455539	-0.0679076257498763
-0.05114078786576126	-0.7137058325130836	-0.2327560871904586	-0.0023972924306965293
0.04378005963653986	0.20668661706241176	-0.17525906007199343	-0.574274263229055
0.24315595114366273	0.009358147876263656	-0.3900372792827993	-0.3574486216972743
0.023239840493309183	-0.2738887344911145	-0.42776441169967394	0.27510701331590237
-0.2847168632767252	-0.4853793256537058	-0.1621445742180052	0.06775923685156382
-0.43061076850463054	0.2578266522571595	0.29873295345046524	0.012829625787744714
0.4955684608641757	0.30051589069040885	-0.11169687305453713	-0.0922187753908783
-0.2094897538715048	-0.0068660858868818675	-0.2622458836327086	-0.5213982766089047
0.28133467656897304	0.6215328627084655	0.0342581894550269	0.06287427126753453
0.1924829615831829	-0.05011631913365866	0.6904700777848103	0.06693064149834815
0.4366519835461049	-0.17053736648301876	0.22743433602891172	-0.16537631394196461
-0.36750455368012847	-0.3138397336255392	0.1691927833964133	0.14946292929791904
0.22754598085748268	0.675313440029367	-0.024794922861449464	-0.07234565625170086
0.530835319959378	-0.04638679606699925	0.16585935748115932	0.2569185264924634
-0.07752546475053435	0.529322106897371	-0.038226237188607515	-0.3549261911634871
0.425310871501416	-0.18951072482178577	-0.06509228374190501	-0.3200861199348932
-0.017779312699209626	-0.054371337190683544	0.7089406716480584	0.21890867846204842
0.07004777129453932	0.19207791614050906	-0.3394610255864712	-0.39841328697848044
0.276269410073966	0.021871249985728758	-0.6665740828653268	0.03528525707497843
0.34403510805219906	0.07357552486697383	0.2309309137690263	-0.3514584533118008
0.36611513595190814	0.09680336479548202	-0.23386600097903365	0.3032154982735762
0.01798809908415855	0.07576865325399051	0.6543634964502609	0.25187975121159
0.007108317067018088	-0.1773451509846855	-0.4635950572522707	-0.3519514746960257
0.14637651708852073	0.2954770285881583	-0.1587120476338364	0.3994344066894846
0.15438967174045848	-0.43183973519120933	0.30517201613285105	0.10859857693548114
-0.4700136332770659	0.2945984984848302	-0.20778120072974526	0.027606667508358607
-0.2810697371332531	0.02854771581955795	-0.5554903563479792	-0.13489219069920977
0.08507613882875442	0.20777238977276946	0.16872151710484906	0.538429954293627
-0.03877278339151613	0.15326337859061168	0.7586318204702998	-0.04933201754757244
0.3934697119964887	-0.043880512023960705	0.10154420421272858	0.461105571766822
0.04280071034025523	-0.10299445542173591	0.036304842208584764	-0.8178999920294241
0.4443234074354918	0.21370939031853786	0.1995302091382447	0.14243699310772562
-0.010474964866770131	0.3653383488348738	-0.4853185346992912	0.13886815159906485
-0.02740337818596772	-0.23217517897555728	0.2659559671824625	0.4744654756560125
-0.04945682945281282	0.4344307511810086	-0.5029074906999111	0.013204928666267435
0.242553298787479	0.009226291619315985	-0.11708869003177069	0.6311317195614343
-0.3503826477141383	0.17598623168510774	-0.08661927507402045	0.3870118455267335
0.5322120733043045	0.03854585953758427	-0.25518590691152476	-0.17405616024658643
0.3617529873466756	0.07440657811482132	0.5144514790971761	0.04938895544132693
-0.23221700094826625	-0.5244941076149299	-0.11195377083700442	0.13133512059979946
0.05090542786973007	-0.1191186199258758	-0.2337438923787032	0.5962320598256909
0.49846071752377896	0.08405953822674461	0.10729150535609122	-0.3101882388933852
0.22747425387516618	-0.23573985420009236	0.19132475900329338	0.3454611329214481
0.5015418694366383	0.2800757021896283	-0.059646420307650105	0.15873600806608335
-0.15719045281799704	-0.3091116185344862	0.010851649279247866	0.5228462793682689
0.027556708468502666	-0.32600058152637645	-0.2650882298579662	0.3813544801471547
0.2511337992196059	-0.37010656363985217	0.07231278507742878	0.3064468520631132
0.03335846538586784	0.5897320896365581	-0.058482480812493964	0.3184269641650801
0.406399244348824	-0.0686303383619038	0.1658793455821368	0.3590910717071354
0.5097118699178944	0.25281005984271476	0.00694192544840222	-0.2305361447909886
0.08310484976405119	-0.3497424990608269	0.13765245019899597	-0.42950020097612596
0.1552833794218904	-0.5266686389343926	0.1825505531897429	-0.13549742845397406
-0.06430000565776517	0.22802150822476297	-0.21154450594349172	0.49613398017398014
0.1254851160994166	0.3743854400707016	0.11580654339501883	-0.38432290043486295
0.4685548120001475	0.07598869820741228	0.41224883296651615	-0.04320765682592409
0.35770812867317914	0.3322577678242429	-0.06530330136871765	0.24473080213386034
-0.03821809489140415	0.5278028645046653	-0.19562916162077149	-0.23834987898315907
0.10177005483215851	-0.7449022253510702	0.13354586202482666	-0.019781857791944635
0.5999526451553503	0.21598810038157468	-0.012378469904926304	-0.17168078455814872
-0.35232969287601357	0.046318351173679995	0.020634231963214678	-0.5807177239870918
0.12427877456305891	-0.0612421261231304	0.7502905722056945	-0.06418852710811618
-0.10316900207870972	-0.23002433034634473	-0.0562073345811025	0.6105993329938431
0.21634949354343225	0.0774069728478739	-0.20533751371936892	-0.5009060198893249
0.2826020387349648	-0.19459059854472738	-0.4854685137616954	-0.03733884895861239
0.21129381026315452	0.34561412954526083	0.30048871028230617	0.14260334990927848
0.0286630034768931	-0.4555279724462764	0.01164923828549913	-0.5041597857913314
-0.3877071550441842	0.3125406229862542	-0.09754407684806954	0.2022081451214921
0.49512893963638405	0.45329108924771466	-0.0005181796231230607	0.05106179149277823
0.19170389673860355	0.009199942052793508	-0.3503461586061589	0.448750002602444
-0.018796832801591723	0.06647888082274744	-0.6324652780887114	-0.2822590082869494
-0.1880535077746579	-0.07149989754499586	0.5246459487994768	-0.21580064588086945
-0.06310154431356896	0.29777573288955916	0.19668395991272725	-0.44243876288414463
0.357672165287235	0.0682335759248327	-0.07313790435427237	-0.5009563544336599
0.03722144586170839	-0.4808643302218165	0.2889894371257502	0.1929247867907249
-0.10063340286656053	0.42639776326408363	0.4386626338313726	-0.03430620003798324
0.12449196338272261	0.028375426521481728	-0.29459981500394017	-0.5525327950918555
0.508840462723388	-0.051629725733046694	0.3581628804340753	-0.08136693110949
0.31459939139839443	0.290612848002868	-0.13439976906905504	0.2603879915296825
0.20935552423566284	0.3101673010641359	-0.43840736020491855	0.04206981449528269
-0.014554729584179693	-0.6222034112853307	0.057357691857889304	-0.30588416727260026
-0.2442359916899668	0.3553050339389783	0.0904473681032687	-0.31001160626778623
0.11964134152877448	0.6046075249074763	-0.24053460149810557	0.03521653206564368
0.1519692727111468	-0.21505395306449526	0.4080126396589998	0.22496413456535813
-0.4684468224059879	0.0814245378422429	0.2981938552024159	-0.15193478454935327
0.1990883227809337	-0.23408515134126162	-0.47725482650462503	0.08957169937317966
-0.5394922471254009	-0.06866785255636221	-0.30439740712113905	-0.08744249319709785
-0.32050373866376014	-0.24285043781344284	0.4032982739696347	0.033347549553162326
0.6061606197733871	-0.017356386702597426	0.27321002487628343	-0.10327296864773206
0.5906787109319975	0.057693834058877735	-0.21491193090525074	-0.136715524103874
-0.040327841698134526	-0.4312577587686166	0.14860591822631886	-0.37980848130693
-0.05770828097437275	-0.6754647510487841	-0.09744329298840193	-0.1693836749884412
-0.11490221564307324	0.1550376408073173	0.2001542100050675	0.529905933544542
-0.08373676695920129	0.16798725348446197	0.5680644989341204	-0.18021148062221637
-0.1787085616456614	-0.13146943704425906	0.2993446871740095	0.39047731413607
0.03025375208408021	0.666600071232677	0.25782484919025106	0.04532132749299178
-0.07717351031474662	0.24442150269363538	0.4944029671619792	0.18400201982963882
-0.5256101344301833	0.08864015131052239	-0.34844402202993696	0.03730569222935731
-0.2014822721979872	-0.10346105090329916	-0.6223879919954434	-0.07266868490327028
-0.39668818703540953	-0.09059826743293642	0.19540366414844734	-0.3173098813832067
-0.20666174518475988	0.31754374895358994	-0.2350805523427839	-0.24071395351886626
0.3024716074645084	0.4253580133394843	0.07412737940493774	-0.19804299979106954
-0.3524879056956305	0.17108206832329453	-0.12917414298037166	-0.3472558830007033
-0.06677336976861481	-0.5737811928799867	0.3109995355198756	0.048445901831522864
-0.3046736366725986	0.05847586067900412	0.16448534993186703	0.47236515271653023
-0.30371552021709225	-0.3018281329111374	0.39053170973622886	-0.0039246371355414755
FactorLoading_Ψ
0.21302436644538836	0.28429891959758247	0.043559399468327875	-0.4591173144887013
0.08002640858817411	0.12546274645277333	0.3710190468079564	0.42349179815109617
-0.1846007815975783	0.3471753577004266	0.3387474597572311	0.12947640094476398
-0.3307640301832817	-0.12476431603365512	-0.2437697080502259	0.30070194573283726
-0.21031170439736946	-0.29447120795461124	-0.22542970371127646	-0.26978738393674284
-0.05902643364320337	-0.654530397381923	-0.06504945755757885	0.2213937114172948
-0.4013618456911179	0.3522646738557649	-0.09291260805207346	-0.15346087240104378
0.3361762188109543	0.3673515823434099	0.07440984586037458	0.22206235298526122
0.4336602593534742	-0.12247029918802643	-0.17505306190178915	0.2688163795567102
0.3897126390093084	0.1849655312737024	-0.3826805781055349	-0.04264125161145427
0.5818406521534145	0.11353232246864753	-0.1335526485556522	0.17107437682228577
-0.03800002114293144	0.06941175719969839	0.6081523801832551	0.28443584147411505
-0.25921256258285585	-0.6013562889053705	0.07521390458588195	-0.06421724392589168
0.31247785098175473	-0.22136939471186734	0.3834611926106788	-0.08269156169569913
0.04860770801693537	0.3793991929865992	-0.045785685542552246	-0.5262074134539132
0.49880494218905347	-0.07589556675642961	-0.23082004531295586	0.19447944574156106
-0.04625800948366088	0.7887699797546455	0.10331489620703183	-0.06165711455466183
-0.24917698407673128	-0.1481471734006239	-0.3025530205086704	-0.30012282201397444
0.5156110647141523	-0.13278452734970858	-0.05330014351462564	-0.2983042644215135
0.3846656192044502	0.5289501819134959	0.08267676012950576	-0.0037074387525481978
0.38162275171598425	-0.13730364017791752	-0.23759548490097537	-0.24347812320512285
0.06996929717371758	0.6623471664290719	-0.14965452610491004	-0.1180290102923005
0.4651261006922143	0.05467440784583388	-0.18343148266165632	-0.2967680088002955
-0.2557938418698438	0.04322479156174874	-0.08412881022589502	0.6168525563425125
-0.09597499704667367	0.2775840814773567	0.5696931410087442	-0.056747780467225395
-0.3892245160664869	-0.39238130163198637	-0.056926857710303924	0.16146732459122282
0.39480051974125097	0.28893295032980104	0.10990831357455888	-0.2063582163543891
-0.15367324441158026	0.547169568437625	-0.08499514861328672	-0.21416203853750804
0.2009999272893359	-0.2524996103610375	-0.1786462967670377	-0.3678541655825889
0.5644385303527548	0.14141290512323357	-0.2460553125254219	0.048093251998589714
-0.36023858350784566	-0.29162387019584823	-0.08820737976746607	-0.25993016652884005
0.20674840381163806	-0.20948686758313362	-0.24887561121043245	0.3348891173947959
0.8206392776006308	-0.030078342797416946	0.13086807952127244	0.01841430008067979
-0.29731825105998366	-0.12921740458853193	-0.3326845643565779	0.24077977999490652
0.2984829596772982	-0.09918585951733228	0.0727553061784676	0.5295758746269019
-0.28171596054575576	0.06527613721513337	-0.13406923691172556	-0.5189386653273853
-0.12054752333132557	-0.2491425964577334	0.19611562149391815	-0.4341942587170229
0.3754135157131524	0.12321680469557528	0.13094423925250753	-0.3704254403387648
-0.2820985813271275	0.30086819568079837	-0.04153933673617094	-0.3754938862559032
-0.07713744766638397	-0.0972361524159735	0.4274003791681147	-0.39822602074952784
-0.3893686510850385	-0.1859201336237517	-0.19067133823215965	-0.23403987705905016
0.18823717909642945	-0.04336980506478327	0.3145896510709707	0.4538033647678166
-0.533520655204361	-0.28947736199164864	0.06117785064163783	-0.11582413216235254
-0.4067301552920708	-0.08520538518070242	0.35113239192879475	0.15693206759843203
0.864579404116451	-0.060497229469217206	-0.007015740664455539	-0.0679076257498763
-0.05114078786576126	-0.7137058325130836	-0.2327560871904586	-0.0023972924306965293
0.04378005963653986	0.20668661706241176	-0.17525906007199343	-0.574274263229055
0.24315595114366273	0.009358147876263656	-0.3900372792827993	-0.3574486216972743
0.023239840493309183	-0.2738887344911145	-0.42776441169967394	0.27510701331590237
-0.2847168632767252	-0.4853793256537058	-0.1621445742180052	0.06775923685156382
-0.43061076850463054	0.2578266522571595	0.29873295345046524	0.012829625787744714
0.4955684608641757	0.30051589069040885	-0.11169687305453713	-0.0922187753908783
-0.2094897538715048	-0.0068660858868818675	-0.2622458836327086	-0.5213982766089047
0.28133467656897304	0.6215328627084655	0.0342581894550269	0.06287427126753453
0.1924829615831829	-0.05011631913365866	0.6904700777848103	0.06693064149834815
0.4366519835461049	-0.17053736648301876	0.22743433602891172	-0.16537631394196461
-0.36750455368012847	-0.3138397336255392	0.1691927833964133	0.14946292929791904
0.22754598085748268	0.675313440029367	-0.024794922861449464	-0.07234565625170086
0.530835319959378	-0.04638679606699925	0.16585935748115932	0.2569185264924634
-0.07752546475053435	0.529322106897371	-0.038226237188607515	-0.3549261911634871
0.425310871501416	-0.18951072482178577	-0.06509228374190501	-0.3200861199348932
-0.017779312699209626	-0.054371337190683544	0.7089406716480584	0.21890867846204842
0.07004777129453932	0.19207791614050906	-0.3394610255864712	-0.39841328697848044
0.276269410073966	0.021871249985728758	-0.6665740828653268	0.03528525707497843
0.34403510805219906	0.07357552486697383	0.2309309137690263	-0.3514584533118008
0.36611513595190814	0.09680336479548202	-0.23386600097903365	0.3032154982735762
0.01798809908415855	0.07576865325399051	0.6543634964502609	0.25187975121159
0.007108317067018088	-0.1773451509846855	-0.4635950572522707	-0.3519514746960257
0.14637651708852073	0.2954770285881583	-0.1587120476338364	0.3994344066894846
0.15438967174045848	-0.43183973519120933	0.30517201613285105	0.10859857693548114
-0.4700136332770659	0.2945984984848302	-0.20778120072974526	0.027606667508358607
-0.2810697371332531	0.02854771581955795	-0.5554903563479792	-0.13489219069920977
0.08507613882875442	0.20777238977276946	0.16872151710484906	0.538429954293627
-0.03877278339151613	0.15326337859061168	0.7586318204702998	-0.04933201754757244
0.3934697119964887	-0.043880512023960705	0.10154420421272858	0.461105571766822
0.04280071034025523	-0.10299445542173591	0.036304842208584764	-0.8178999920294241
0.4443234074354918	0.21370939031853786	0.1995302091382447	0.14243699310772562
-0.010474964866770131	0.3653383488348738	-0.4853185346992912	0.13886815159906485
-0.02740337818596772	-0.23217517897555728	0.2659559671824625	0.4744654756560125
-0.04945682945281282	0.4344307511810086	-0.5029074906999111	0.013204928666267435
0.242553298787479	0.009226291619315985	-0.11708869003177069	0.6311317195614343
-0.3503826477141383	0.17598623168510774	-0.08661927507402045	0.3870118455267335
0.5322120733043045	0.03854585953758427	-0.25518590691152476	-0.17405616024658643
0.3617529873466756	0.07440657811482132	0.5144514790971761	0.04938895544132693
-0.23221700094826625	-0.5244941076149299	-0.11195377083700442	0.13133512059979946
0.05090542786973007	-0.1191186199258758	-0.2337438923787032	0.5962320598256909
0.49846071752377896	0.08405953822674461	0.10729150535609122	-0.3101882388933852
0.22747425387516618	-0.23573985420009236	0.19132475900329338	0.3454611329214481
0.5015418694366383	0.2800757021896283	-0.059646420307650105	0.15873600806608335
-0.15719045281799704	-0.3091116185344862	0.010851649279247866	0.5228462793682689
0.027556708468502666	-0.32600058152637645	-0.2650882298579662	0.3813544801471547
0.2511337992196059	-0.37010656363985217	0.07231278507742878	0.3064468520631132
0.03335846538586784	0.5897320896365581	-0.058482480812493964	0.3184269641650801
0.406399244348824	-0.0686303383619038	0.1658793455821368	0.3590910717071354
0.5097118699178944	0.25281005984271476	0.00694192544840222	-0.2305361447909886
0.08310484976405119	-0.3497424990608269	0.13765245019899597	-0.42950020097612596
0.1552833794218904	-0.5266686389343926	0.1825505531897429	-0.13549742845397406
-0.06430000565776517	0.22802150822476297	-0.21154450594349172	0.49613398017398014
0.1254851160994166	0.3743854400707016	0.11580654339501883	-0.38432290043486295
0.4685548120001475	0.07598869820741228	0.41224883296651615	-0.04320765682592409
0.35770812867317914	0.3322577678242429	-0.06530330136871765	0.24473080213386034
-0.03821809489140415	0.5278028645046653	-0.19562916162077149	-0.23834987898315907
0.10177005483215851	-0.7449022253510702	0.13354586202482666	-0.019781857791944635
0.5999526451553503	0.21598810038157468	-0.012378469904926304	-0.17168078455814872
-0.35232969287601357	0.046318351173679995	0.020634231963214678	-0.5807177239870918
0.12427877456305891	-0.0612421261231304	0.7502905722056945	-0.06418852710811618
-0.10316900207870972	-0.23002433034634473	-0.0562073345811025	0.6105993329938431
0.21634949354343225	0.0774069728478739	-0.20533751371936892	-0.5009060198893249
0.2826020387349648	-0.19459059854472738	-0.4854685137616954	-0.03733884895861239
0.21129381026315452	0.34561412954526083	0.30048871028230617	0.14260334990927848
0.0286630034768931	-0.4555279724462764	0.01164923828549913	-0.5041597857913314
-0.3877071550441842	0.3125406229862542	-0.09754407684806954	0.2022081451214921
0.49512893963638405	0.45329108924771466	-0.0005181796231230607	0.05106179149277823
0.19170389673860355	0.009199942052793508	-0.3503461586061589	0.448750002602444
-0.018796832801591723	0.06647888082274744	-0.6324652780887114	-0.2822590082869494
-0.1880535077746579	-0.07149989754499586	0.5246459487994768	-0.21580064588086945
-0.06310154431356896	0.29777573288955916	0.19668395991272725	-0.44243876288414463
0.357672165287235	0.0682335759248327	-0.07313790435427237	-0.5009563544336599
0.03722144586170839	-0.4808643302218165	0.2889894371257502	0.1929247867907249
-0.10063340286656053	0.42639776326408363	0.4386626338313726	-0.03430620003798324
0.12449196338272261	0.028375426521481728	-0.29459981500394017	-0.5525327950918555
0.508840462723388	-0.051629725733046694	0.3581628804340753	-0.08136693110949
0.31459939139839443	0.290612848002868	-0.13439976906905504	0.2603879915296825
0.20935552423566284	0.3101673010641359	-0.43840736020491855	0.04206981449528269
-0.014554729584179693	-0.6222034112853307	0.057357691857889304	-0.30588416727260026
-0.2442359916899668	0.3553050339389783	0.0904473681032687	-0.31001160626778623
0.11964134152877448	0.6046075249074763	-0.24053460149810557	0.03521653206564368
0.1519692727111468	-0.21505395306449526	0.4080126396589998	0.22496413456535813
-0.4684468224059879	0.0814245378422429	0.2981938552024159	-0.15193478454935327
0.1990883227809337	-0.23408515134126162	-0.47725482650462503	0.08957169937317966
-0.5394922471254009	-0.06866785255636221	-0.30439740712113905	-0.08744249319709785
-0.32050373866376014	-0.24285043781344284	0.4032982739696347	0.033347549553162326
0.6061606197733871	-0.017356386702597426	0.27321002487628343	-0.10327296864773206
0.5906787109319975	0.057693834058877735	-0.21491193090525074	-0.136715524103874
-0.040327841698134526	-0.4312577587686166	0.14860591822631886	-0.37980848130693
-0.05770828097437275	-0.6754647510487841	-0.09744329298840193	-0.1693836749884412
-0.11490221564307324	0.1550376408073173	0.2001542100050675	0.529905933544542
-0.08373676695920129	0.16798725348446197	0.5680644989341204	-0.18021148062221637
-0.1787085616456614	-0.13146943704425906	0.2993446871740095	0.39047731413607
0.03025375208408021	0.666600071232677	0.25782484919025106	0.04532132749299178
-0.07717351031474662	0.24442150269363538	0.4944029671619792	0.18400201982963882
-0.5256101344301833	0.08864015131052239	-0.34844402202993696	0.03730569222935731
-0.2014822721979872	-0.10346105090329916	-0.6223879919954434	-0.07266868490327028
-0.39668818703540953	-0.09059826743293642	0.19540366414844734	-0.3173098813832067
-0.20666174518475988	0.31754374895358994	-0.2350805523427839	-0.24071395351886626
0.3024716074645084	0.4253580133394843	0.07412737940493774	-0.19804299979106954
-0.3524879056956305	0.17108206832329453	-0.12917414298037166	-0.3472558830007033
-0.06677336976861481	-0.5737811928799867	0.3109995355198756	0.048445901831522864
-0.3046736366725986	0.05847586067900412	0.16448534993186703	0.47236515271653023
-0.30371552021709225	-0.3018281329111374	0.39053170973622886	-0.0039246371355414755
Conflicts
3 41
78 24
107 91
92 49
148 73
32 16
56 41
95 82
70 105
124 65
38 150
5 46
143 127
145 48
16 64
50 29
54 91
132 78
25 66
101 141
125 38
58 127
148 72
100 1
25 84
92 87
37 8
95 85
131 142
104 137
9 5
87 24
10 144
61 15
35 6
56 49
38 12
36 84
54 115
66 11
107 17
9 134
31 1
47 3
69 141
19 17
83 27
19 51
124 98
78 15
21 52
120 61
14 105
36 24
147 87
101 41
107 105
14 127
14 144
67 38
68 22
27 138
75 108
28 150
65 70
32 72
47 97
26 43
127 46
78 46
9 29
101 15
100 51
47 95
119 56
26 124
124 118
25 114
92 139
60 41
75 130
19 96
100 30
74 108
80 21
128 93
95 138
128 92
13 103
129 105
81 97
10 17
31 85
63 95
29 36
132 90
119 124
27 36
34 105
17 96
81 142
148 93
55 84
128 44
100 99
35 41
63 140
120 112
67 118
148 20
116 145
67 44
43 104
42 130
104 11
96 22
99 16
78 18
119 17
132 12
29 88
112 36
35 16
23 5
110 5
14 103
78 95
66 82
114 141
7 48
135 58
136 29
149 76
127 1
147 106
108 15
31 80
68 31
29 27
115 33
89 48
89 105
56 1
34 45
133 91
23 27
107 85
26 55
116 79
7 77
126 105
125 36
8 127
83 11
142 18
68 101
29 81
9 122
4 120
10 127
135 52
122 145
37 58
83 149
80 30
87 79
32 22
86 17
110 91
78 143
141 18
37 22
75 89
60 143
37 107
55 70
62 139
108 90
114 84
25 141
9 53
122 49
54 8
68 21
136 111
54 138
133 90
89 149
14 48
98 106
119 88
94 97
7 26
105 84
34 112
61 45
102 147
103 139
121 80
133 68
3 21
9 58
47 110
136 51
119 44
116 6
27 11
34 115
112 62
100 8
88 115
71 40
19 44
117 91
132 89
23 36
55 147
146 111
128 39
148 114
69 30
26 35
147 127
128 146
89 137
30 85
93 52
143 20
147 34
131 127
38 6
16 118
115 30
50 40
136 82
27 28
132 112
44 84
23 26
98 18
133 22
17 79
27 110
53 29
72 139
23 126
16 15
50 74
61 18
119 125
149 6
135 99
98 76
123 57
2 70
54 31
68 87
34 146
14 126
9 70
103 65
81 87
114 5
43 62
60 74
4 93
135 41
29 85
141 46
66 120
104 38
54 34
29 112
72 150
55 56
144 5
70 115
132 91
68 92
7 84
11 1
69 3
96 134
37 127
95 106
54 45
139 12
77 40
104 82
136 21
53 88
4 44
34 110
92 33
19 82
37 33
37 138
59 88
40 110
147 65
27 108
135 62
10 41
102 94
120 80
125 147
120 114
63 110
29 141
36 149
119 22
74 19
140 127
9 84
122 15
51 91
42 104
78 21
39 46
124 127
71 44
148 134
136 6
69 8
132 87
49 111
42 79
13 39
49 82
77 130
10 85
77 87
42 143
144 96
94 85
131 38
47 90
40 112
146 105
125 62
144 46
119 74
40 61
146 62
98 150
29 98
69 94
148 79
125 33
37 101
123 73
147 28
63 51
122 143
29 17
133 45
133 127
3 64
32 81
28 18
10 121
90 105
133 12
148 75
33 44
143 30
147 129
87 150
56 57
40 107
66 22
31 114
150 44
2 52
144 28
121 109
71 121
9 16
29 116
6 73
23 40
65 118
130 19
120 138
81 95
135 94
2 138
82 127
120 56
66 59
10 116
4 25
140 126
63 48
92 73
58 72
43 118
74 21
4 46
7 135
53 11
59 85
131 24
109 8
129 22
93 44
58 21
99 94
39 73
108 18
92 103
36 22
19 70
78 55
116 41
49 18
83 15
127 33
125 140
107 8
79 106
43 71
138 6
63 82
99 36
121 94
86 5
37 25
55 15
32 58
140 30
25 138
133 60
130 46
79 30
96 18
113 150
42 140
76 22
75 90
68 93
22 91
144 17
87 90
128 112
128 145
69 6
47 89
113 45
23 54
147 24
63 125
53 122
29 101
14 28
130 18
135 60
26 130
72 107
102 65
148 22
8 134
57 18
103 36
50 146
97 51
29 123
141 52
38 127
125 131
2 112
72 38
65 142
117 12
20 85
71 141
67 130
81 44
140 137
14 129
148 17
31 81
8 96
53 110
69 93
89 22
68 66
112 85
120 49
108 129
140 84
67 79
92 15
7 105
140 98
101 134
78 89
98 24
83 88
11 18
126 18
21 1
68 6
71 83
38 142
145 76
35 80
148 66
25 103
63 93
58 22
114 94
70 24
23 85
102 35
112 88
59 142
31 140
146 8
68 136
89 36
10 8
63 74
126 87
7 29
143 24
36 134
63 55
23 121
125 137
49 6
69 27
140 90
136 38
50 39
102 143
104 65
17 94
31 110
69 21
3 11
7 56
92 138
148 56
136 85
67 95
145 95
95 11
45 1
28 70
38 1
143 64
132 36
138 24
36 59
93 15
7 71
106 84
13 56
148 70
108 52
112 137
25 120
50 38
42 87
79 57
23 47
9 18
78 35
114 97
107 150
135 114
75 79
47 93
98 115
116 140
122 114
126 143
48 105
120 46
131 6
74 45
124 104
148 138
81 8
130 30
135 8
63 10
66 16
86 65
23 53
116 87
14 81
61 57
135 115
98 99
117 72
96 44
145 16
74 41
55 98
75 1
9 88
25 131
58 150
9 123
126 112
122 21
139 24
16 139
47 20
145 56
129 57
64 8
100 60
93 91
81 28
126 72
120 130
102 111
132 30
129 1
25 144
40 113
25 102
100 107
43 81
101 30
43 115
130 74
75 142
80 46
96 111
67 24
32 19
10 5
47 36
114 115
43 120
101 112
25 18
93 48
141 6
16 18
75 28
70 82
98 113
145 36
128 86
31 12
48 18
54 41
54 69
52 18
78 65
71 94
86 137
15 57
91 20
7 129
7 145
42 146
144 139
117 142
149 84
114 82
91 18
135 85
135 150
150 105
83 129
60 17
14 106
76 1
71 113
48 82
102 120
32 113
102 3
92 41
117 114
128 121
37 1
149 150
145 27
102 79
58 41
70 5
25 97
77 15
13 94
103 1
128 84
116 39
72 110
44 24
43 33
150 90
78 107
29 51
136 94
129 111
109 18
34 11
89 91
83 52
100 143
66 15
112 39
29 16
43 61
114 139
128 135
128 150
37 39
32 127
36 65
119 42
37 125
34 16
104 48
80 82
101 45
117 20
54 6
146 45
5 24
13 22
89 150
149 118
99 46
32 89
117 21
127 20
81 126
16 109
55 79
114 21
26 15
54 126
28 97
125 5
111 88
77 30
122 38
77 129
71 30
93 96
16 38
61 96
136 98
23 95
104 134
92 99
108 44
78 61
117 96
140 17
123 149
47 2
40 141
102 98
10 125
149 106
133 111
15 38
11 142
114 73
55 129
7 25
127 138
92 69
126 82
34 87
19 108
23 120
35 120
14 149
83 150
130 111
72 85
25 39
60 2
71 88
66 139
80 127
108 106
65 94
36 91
14 15
12 134
125 87
119 112
93 56
49 134
101 27
87 57
131 57
41 118
48 49
14 94
63 147
149 51
92 150
102 51
142 57
119 84
61 79
98 70
9 6
114 129
68 100
35 28
92 125
81 86
138 44
67 12
117 40
71 125
2 61
125 73
133 5
87 6
143 108
66 105
86 1
7 67
32 30
29 21
7 68
97 139
133 144
13 24
16 12
106 127
22 6
55 113
69 146
28 91
123 27
86 87
54 143
120 87
49 57
53 109
124 55
71 59
4 108
7 140
56 138
119 57
62 41
19 129
25 53
66 73
102 93
95 20
29 5
50 56
125 143
4 97
113 41
136 76
31 106
132 85
15 91
7 32
69 33
145 61
11 22
120 83
120 109
148 109
77 57
2 114
65 21
43 88
23 18
53 39
91 115
10 131
47 100
103 117
16 150
13 117
49 20
124 101
10 74
147 77
41 134
19 113
97 91
23 78
131 17
6 12
102 101
125 98
78 42
89 139
103 3
103 21
47 98
98 41
106 82
65 82
78 105
92 34
27 48
130 129
97 22
13 6
23 149
50 3
25 76
72 17
48 70
17 82
122 51
89 144
112 149
9 12
76 90
145 46
139 82
55 139
9 48
144 49
10 62
72 95
120 44
117 74
69 129
84 1
7 95
47 149
71 73
31 76
132 98
50 105
48 15
142 12
97 150
95 44
41 12
100 115
74 150
133 114
37 124
143 21
29 134
91 134
63 3
7 74
54 85
123 101
77 134
133 107
27 137
17 5
86 107
145 79
128 2
119 134
8 20
135 86
130 82
101 149
105 30
129 5
128 131
78 98
7 132
125 117
113 138
48 84
116 74
67 99
71 93
116 73
34 79
128 133
26 42
42 74
78 76
4 111
32 86
16 88
102 88
105 134
132 60
2 24
114 8
36 118
92 112
136 99
77 27
121 58
31 73
64 45
113 46
2 69
121 51
147 8
75 104
121 81
83 65
42 24
87 142
79 21
54 42
10 129
124 107
31 52
35 88
136 131
43 13
23 21
83 109
133 10
62 56
10 21
117 15
119 94
141 134
35 2
7 137
55 90
102 86
43 123
143 22
77 80
32 28
47 34
147 5
41 20
95 88
77 8
34 12
130 17
146 84
37 76
26 4
23 102
54 150
136 89
35 145
102 73
50 117
129 38
89 18
92 74
87 41
122 27
42 81
68 65
120 42
100 22
10 103
68 45
42 141
28 17
140 89
72 87
60 83
3 24
47 123
29 139
86 111
129 39
43 58
3 49
124 66
80 107
53 91
140 64
11 127
47 86
137 97
10 58
9 22
26 96
147 115
79 118
145 33
107 106
32 29
94 70
28 142
35 106
58 144
126 56
10 61
118 142
83 82
41 15
117 84
144 109
26 60
120 123
71 122
131 115
31 135
13 49
117 49
3 150
3 38
3 108
48 45
53 106
67 110
43 145
146 27
119 89
144 93
119 145
100 138
93 36
116 141
98 46
140 113
132 47
15 141
79 24
104 85
19 79
31 124
146 97
33 20
144 149
133 28
125 21
107 115
67 5
21 33
68 148
10 142
120 142
62 59
68 114
100 5
35 12
93 49
147 30
148 51
23 52
32 46
23 92
14 140
53 107
53 65
77 105
53 6
9 74
9 39
63 31
34 33
43 147
114 106
113 107
43 129
133 141
116 104
83 81
23 105
135 55
103 143
103 62
64 44
68 32
128 36
135 21
146 20
55 121
137 44
71 38
35 46
16 39
95 24
145 127
87 52
112 84
35 90
146 40
86 127
100 55
59 12
5 21
50 21
81 62
78 127
33 45
23 86
13 123
109 108
63 8
23 84
44 134
92 65
139 46
50 27
132 139
116 22
134 20
126 97
117 64
47 21
42 33
62 95
53 131
95 41
89 134
37 80
48 85
125 142
146 74
130 113
58 131
116 117
2 28
115 1
145 134
143 56
78 13
119 111
135 69
95 12
54 55
10 72
113 111
133 109
75 19
35 79
148 5
37 14
79 105
60 72
144 57
34 96
136 73
132 50
128 76
54 18
29 87
31 35
58 94
102 22
16 24
133 100
7 47
92 59
92 10
67 108
86 101
124 80
28 108
72 15
58 112
112 11
42 126
47 131
125 99
90 134
47 139
124 147
66 129
29 84
5 82
53 111
66 77
145 19
80 28
42 90
80 96
55 107
74 113
133 14
75 50
102 20
92 91
149 127
132 46
13 125
31 55
42 122
78 92
104 138
42 28
51 44
129 106
107 96
99 105
119 140
54 64
133 29
140 86
101 94
133 124
100 24
23 110
41 22
124 111
101 84
104 73
100 21
8 52
63 4
47 12
73 134
65 57
121 93
27 8
147 113
28 8
109 139
68 52
67 85
69 58
19 46
81 73
8 22
103 91
7 122
54 66
121 111
136 52
121 76
147 145
108 138
68 137
93 129
101 44
98 131
102 12
16 41
14 44
47 118
136 64
64 110
132 24
29 44
131 96
132 67
67 138
56 8
71 33
147 149
16 1
89 108
71 109
100 18
3 95
64 62
67 129
102 49
4 140
33 84
137 45
34 131
124 62
99 85
120 122
56 94
106 111
50 48
55 131
66 113
149 94
108 21
48 59
128 29
98 48
118 1
29 113
68 130
142 6
68 83
16 48
54 21
98 39
26 67
124 27
34 120
100 106
72 30
80 114
32 90
71 12
55 46
23 37
13 112
89 5
17 59
137 52
128 126
37 73
113 84
53 96
111 44
144 48
99 87
17 15
19 64
32 76
9 45
100 66
140 12
26 134
9 36
64 129
128 57
132 101
100 149
10 48
133 122
43 64
71 20
109 22
109 93
27 88
65 149
55 120
116 93
147 59
107 6
103 105
16 138
79 1
120 36
102 144
143 118
133 132
4 124
46 44
71 102
32 123
121 22
78 12
86 88
124 129
40 74
69 11
23 19
5 45
59 108
23 34
25 50
33 24
74 16
128 62
4 116
71 58
7 30
97 38
13 84
54 3
143 36
66 1
28 82
69 105
2 150
81 101
148 149
40 88
109 113
122 137
86 48
43 113
27 79
63 91
123 64
132 5
27 149
42 59
119 101
78 1
144 70
83 41
14 75
116 70
137 46
133 31
36 15
117 17
125 79
22 30
7 61
44 20
81 143
124 139
113 44
81 106
50 42
61 74
71 82
58 15
65 110
35 111
135 11
50 111
148 62
89 87
26 30
3 57
32 79
117 94
102 118
67 28
37 141
43 4
43 126
13 95
4 70
101 67
14 73
23 1
47 57
132 32
146 79
69 98
14 85
124 19
26 95
78 60
14 143
42 103
31 49
61 76
130 93
63 141
92 93
109 24
54 121
4 121
92 85
87 11
47 38
3 40
60 105
4 89
54 22
130 62
31 86
50 139
3 142
26 78
55 41
42 106
74 84
93 84
94 18
120 97
124 84
34 61
7 63
56 44
125 65
129 82
132 18
48 115
69 142
32 11
119 28
108 82
98 88
58 130
83 137
115 44
149 111
37 96
116 114
16 30
34 58
55 94
128 59
69 87
81 137
121 147
32 95
7 103
101 52
120 106
69 149
143 11
40 5
13 60
75 42
71 117
54 53
68 8
123 44
89 99
116 84
98 116
28 115
131 73
107 111
87 62
133 27
112 24
9 113
40 49
119 99
136 149
149 52
109 44
69 139
121 139
101 110
92 114
125 109
136 70
27 73
92 66
13 66
32 108
126 1
74 48
99 17
74 56
107 127
54 73
10 3
112 65
83 115
21 73
98 8
146 21
132 63
6 33
64 84
11 85
83 146
86 150
29 146
118 96
117 99
23 130
48 64
42 48
89 17
37 11
110 84
23 124
94 15
141 39
14 109
119 122
99 139
59 57
63 145
119 80
68 88
111 91
148 65
135 142
74 1
123 20
93 111
62 11
132 81
22 118
133 140
135 18
127 91
121 18
26 140
52 134
128 52
54 108
137 8
136 95
48 56
144 61
25 35
68 141
65 48
66 95
37 81
137 115
66 79
54 131
54 79
124 99
146 46
145 129
10 145
80 16
73 18
2 22
71 6
139 138
3 129
89 20
29 24
114 15
50 106
144 18
102 109
140 72
19 138
143 113
78 67
9 21
80 149
108 118
133 145
4 115
97 108
69 150
87 20
35 123
137 15
63 6
75 29
130 142
65 46
148 125
143 41
146 90
13 93
83 74
26 125
67 17
2 16
109 56
77 2
109 85
93 59
102 137
17 127
51 39
76 5
59 39
66 134
35 94
117 61
60 140
43 68
120 84
104 5
29 96
35 22
119 4
121 97
113 110
135 32
106 105
83 53
102 44
19 41
133 138
26 105
100 129
4 137
113 149
19 94
148 106
64 111
119 11
67 74
58 97
128 54
34 101
7 142
148 28
43 74
100 49
112 76
131 144
122 95
102 127
12 46
58 108
26 52
126 127
80 91
32 126
71 80
125 84
71 87
21 91
149 21
65 30
86 74
68 36
141 1
100 111
26 28
31 90
63 134
146 149
68 14
26 65
114 24
13 121
55 87
52 30
106 38
98 19
23 118
25 142
140 141
40 105
119 144
147 89
107 76
92 56
32 145
104 112
2 99
26 103
54 148
10 20
43 46
66 90
140 22
63 124
50 98
39 20
111 45
55 11
16 82
2 85
125 49
75 86
144 45
79 38
58 93
88 33
56 5
43 21
14 69
138 1
29 11
28 90
13 51
103 116
103 52
140 139
89 38
100 134
81 56
121 131
13 102
114 6
86 110
94 51
73 20
119 103
4 91
148 129
120 41
49 73
102 115
35 122
145 106
80 51
110 129
14 11
144 8
131 30
41 84
124 85
92 96
83 121
14 114
128 108
60 145
26 12
116 61
70 41
75 40
25 108
38 22
132 148
58 64
55 8
128 103
120 33
57 127
4 2
132 96
132 80
56 20
7 27
77 106
33 105
53 18
61 87
74 11
146 107
79 20
79 45
110 44
47 75
138 84
42 8
135 80
95 76
86 52
120 137
27 64
137 70
121 134
141 12
119 149
70 30
98 107
116 5
54 11
36 129
89 51
63 30
125 6
149 30
13 31
132 21
146 59
53 143
123 85
34 42
104 56
102 138
86 6
100 117
60 114
27 97
116 48
65 49
27 57
133 18
34 81
98 22
11 111
59 24
32 110
75 85
76 106
8 33
4 60
37 142
86 58
137 51
53 113
42 134
35 24
148 110
113 91
14 19
112 57
125 2
58 56
101 73
57 20
116 112
132 10
124 82
137 105
93 12
69 36
43 110
99 45
83 138
10 123
83 85
123 74
101 106
26 145
4 79
14 55
2 109
7 31
108 1
50 65
34 98
110 45
16 56
62 12
59 94
125 145
108 88
103 89
63 126
101 107
60 144
137 108
121 130
71 31
143 61
131 19
95 52
25 122
2 49
2 108
26 117
65 139
133 99
148 45
100 125
83 123
109 88
147 84
43 87
116 30
80 18
84 85
11 88
129 33
111 57
54 19
26 41
28 106
101 99
69 70
14 62
21 106
27 59
54 107
110 33
124 3
43 137
94 115
114 18
83 127
116 95
83 98
68 108
34 40
74 138
130 1
87 127
150 84
27 94
16 111
31 72
64 96
116 20
53 56
136 139
104 21
136 92
132 102
16 20
69 137
35 29
75 98
63 120
133 70
121 33
11 49
35 3
86 57
132 73
46 24
68 120
121 112
68 39
9 86
42 149
128 111
80 52
59 134
14 67
83 94
92 58
148 30
39 105
119 138
110 73
43 1
77 131
124 90
4 102
137 18
108 12
61 95
43 15
145 59
117 104
66 87
55 19
10 28
7 2
27 65
81 122
107 24
4 20
39 1
97 41
135 107
23 64
35 130
117 144
144 52
54 145
17 44
87 44
86 27
23 12
16 33
140 28
25 129
124 103
47 37
145 1
7 113
31 130
88 90
14 122
71 41
75 65
46 85
140 74
109 106
46 20
41 52
3 12
41 115
53 51
92 129
13 50
47 54
146 56
7 87
71 63
128 90
135 34
67 90
79 22
148 121
25 135
78 120
62 91
65 22
117 65
106 45
53 44
42 11
37 99
133 98
12 52
50 1
9 107
54 28
68 126
3 65
55 32
47 101
125 39
63 138
100 41
116 45
125 76
75 70
98 111
32 5
83 93
69 118
31 46
22 12
47 112
25 17
148 86
63 100
27 51
87 36
145 90
22 21
26 11
7 149
149 79
65 115
80 87
94 141
99 137
61 111
112 17
82 45
127 73
48 46
99 113
5 1
64 46
56 91
74 57
68 111
92 122
26 87
119 29
7 141
104 79
114 150
66 2
23 101
25 58
32 131
69 38
95 21
14 72
22 88
77 53
47 137
98 16
19 18
55 93
128 149
47 74
9 65
68 60
9 96
116 134
31 56
42 105
97 73
125 20
119 54
34 49
108 96
146 76
42 76
89 138
55 111
74 22
69 79
53 70
110 39
60 149
86 24
23 104
42 22
54 2
26 129
89 104
63 96
25 36
67 46
47 61
113 15
43 28
129 79
34 145
23 76
67 19
71 129
17 45
130 138
50 110
63 89
119 45
61 38
63 22
12 45
116 19
13 44
29 94
36 76
132 4
7 75
148 96
10 95
36 105
120 150
69 144
63 135
37 112
125 104
23 67
83 117
60 29
52 46
63 64
148 112
56 15
51 22
136 145
27 134
54 5
116 59
147 56
26 101
90 84
99 15
141 20
93 11
129 85
50 144
55 29
64 95
27 90
60 62
116 76
116 143
14 88
8 21
104 59
112 95
67 57
75 80
4 15
127 134
54 82
4 5
147 134
146 41
2 12
114 113
56 24
11 134
7 112
25 91
63 29
48 94
51 20
83 122
137 111
83 99
81 91
61 1
23 33
140 52
107 118
122 39
93 39
86 12
101 97
58 143
27 144
50 104
25 123
4 110
19 105
69 95
75 94
68 80
50 41
59 5
31 118
3 19
59 127
25 20
101 85
140 117
132 45
135 17
120 18
140 41
132 51
91 57
92 20
69 65
128 109
63 46
87 118
92 70
133 81
4 123
78 111
25 145
11 110
32 42
119 24
99 129
67 70
8 15
48 138
9 94
110 90
23 94
126 107
9 52
79 6
146 39
124 16
60 141
36 30
70 118
124 33
137 1
99 38
98 93
119 105
146 82
63 60
80 6
66 140
136 120
67 72
96 20
22 115
56 118
121 110
10 105
147 6
65 85
60 129
92 90
117 139
75 115
113 59
123 72
23 91
111 20
53 28
101 24
125 129
117 90
66 20
53 101
145 142
147 41
102 17
132 115
140 70
71 19
32 2
60 134
66 125
42 99
108 127
23 109
148 94
129 12
133 13
31 116
132 108
17 111
146 129
42 40
90 6
4 141
35 1
22 33
4 21
88 52
126 49
147 122
110 111
37 34
133 50
29 143
32 49
26 10
66 8
22 90
35 57
40 52
71 52
122 112
29 93
66 101
54 65
132 14
46 18
67 65
107 59
81 74
144 105
142 1
75 8
107 94
122 82
13 10
123 113
14 150
127 6
28 84
81 20
53 72
37 86
63 102
14 78
83 17
68 134
54 13
14 108
43 78
63 33
37 61
31 117
119 68
25 77
71 95
98 85
22 105
72 18
145 115
139 141
66 114
75 82
81 16
64 141
145 58
42 111
60 121
104 51
114 1
4 62
2 82
128 95
36 51
31 87
35 140
68 59
3 67
91 73
95 110
122 96
60 20
103 64
148 102
123 106
7 130
106 91
62 15
49 118
64 70
3 82
40 8
54 84
142 85
87 138
54 80
146 122
133 2
29 38
81 41
120 101
54 32
87 46
95 105
60 147
97 90
103 19
35 109
68 18
139 45
59 138
67 61
119 109
120 17
147 17
72 52
31 2
144 94
10 120
23 93
37 20
107 49
140 97
31 41
2 74
93 85
148 126
122 94
120 65
138 20
138 134
71 128
145 8
126 62
98 84
124 106
103 61
68 15
47 14
121 64
101 6
14 74
117 38
35 52
54 61
23 66
124 74
26 94
22 52
32 56
43 124
125 116
130 91
119 83
38 52
129 18
10 140
99 39
39 91
43 29
124 10
37 148
128 88
109 1
17 84
139 1
99 112
16 129
55 122
121 108
25 27
80 111
13 137
94 39
35 87
119 43
49 85
139 33
14 21
142 115
72 94
67 142
92 108
145 113
136 125
67 94
62 110
96 106
10 53
150 33
42 91
90 73
87 73
89 107
136 22
116 38
72 141
144 137
147 57
126 59
25 21
120 20
95 96
23 137
23 103
77 33
135 19
140 123
54 16
60 52
65 24
103 93
116 107
116 105
123 52
119 53
13 86
128 25
145 6
131 22
64 52
63 49
116 80
75 66
136 3
74 51
120 22
32 118
81 59
86 99
80 69
124 108
105 91
53 90
54 20
146 91
93 108
26 69
103 33
126 12
2 3
119 65
114 64
49 106
51 38
136 100
94 44
117 33
140 73
121 146
32 67
144 76
26 118
49 41
9 129
128 129
133 143
113 52
50 87
109 95
61 46
34 8
37 50
104 44
137 65
47 108
111 24
130 150
102 117
29 144
65 12
13 53
87 8
28 141
108 33
108 51
96 138
130 38
29 28
119 47
65 33
124 134
144 12
94 21
100 96
92 13
139 96
99 142
64 22
108 57
98 89
42 86
130 90
109 141
80 19
128 107
123 94
35 142
16 36
94 129
32 65
71 133
103 11
10 70
86 64
92 120
103 113
92 3
54 149
33 12
86 16
37 83
32 106
68 57
120 116
26 122
80 105
89 19
11 41
74 97
136 126
37 87
120 79
26 25
53 112
61 39
31 109
145 111
26 27
139 90
13 131
126 57
125 110
20 30
119 20
13 32
54 100
121 101
12 30
47 99
108 73
9 46
114 51
60 123
95 30
22 24
107 44
135 125
17 134
128 104
4 92
140 109
22 141
100 17
77 94
128 45
19 65
37 92
123 82
110 88
113 51
56 18
37 78
31 62
25 33
120 141
7 90
25 69
60 35
9 111
9 87
75 113
65 97
26 100
135 49
13 116
3 115
136 45
143 52
2 88
53 20
120 111
78 5
2 127
68 25
63 129
58 57
2 19
85 45
77 118
122 134
49 91
99 70
3 52
137 91
38 90
11 12
40 149
89 127
145 99
100 120
104 70
122 87
80 15
84 134
9 72
63 65
16 127
148 14
122 28
14 45
29 82
14 79
34 140
47 32
124 125
53 145
132 49
134 18
43 77
143 139
86 94
3 134
54 144
14 10
59 106
33 90
4 114
5 96
86 130
77 38
122 85
69 28
66 58
150 41
125 51
78 124
99 106
23 144
67 97
107 64
23 147
123 21
137 16
126 130
3 122
11 24
45 134
55 150
68 102
101 38
35 118
32 91
71 100
102 33
53 93
89 82
29 131
43 127
98 73
55 96
50 44
36 108
54 117
25 60
55 140
121 87
119 55
117 48
100 140
35 18
92 130
55 145
140 27
126 28
51 8
146 61
144 44
104 87
79 115
128 144
63 143
99 64
107 33
77 81
21 88
119 37
67 62
37 68
50 6
29 90
47 79
124 115
13 52
92 16
34 88
26 62
64 139
23 4
108 20
66 30
106 41
135 112
148 147
121 11
72 44
64 15
74 5
78 97
100 91
34 114
101 114
136 5
132 138
47 125
135 138
99 109
3 137
103 82
4 129
9 116
3 59
49 38
10 115
77 39
123 5
125 74
130 57
99 73
78 72
93 41
78 137
92 32
39 57
79 127
144 88
68 72
55 10
97 88
29 145
100 114
80 94
143 90
139 49
47 129
125 105
124 137
54 48
100 33
54 118
9 4
71 13
90 82
48 20
141 24
113 129
68 46
81 96
114 57
119 135
23 122
63 146
44 45
125 134
75 112
63 75
31 83
72 105
38 20
67 51
143 84
29 59
81 108
58 70
131 114
113 105
65 95
23 70
72 106
117 146
92 124
23 8
66 144
104 39
43 111
128 47
10 139
35 96
62 18
8 142
42 95
107 15
131 52
116 85
10 109
119 5
103 146
145 109
146 19
34 103
137 107
125 112
28 20
80 145
129 118
99 150
72 36
69 59
69 116
67 33
37 75
23 148
27 127
82 88
133 37
101 40
58 5
148 140
86 97
100 93
133 66
13 33
43 97
59 51
132 92
88 30
66 81
19 93
6 24
100 135
48 11
77 141
7 82
43 86
136 127
145 17
13 20
111 18
140 65
72 48
50 85
31 27
75 18
71 11
63 53
70 45
98 53
71 39
60 137
116 149
29 129
148 48
11 39
31 15
7 92
55 21
128 12
101 59
36 33
31 146
98 44
114 48
44 88
7 45
76 84
7 8
81 18
89 129
101 57
126 137
105 111
121 59
4 88
32 93
59 8
140 79
55 109
126 144
142 82
147 109
133 142
140 107
104 90
122 76
69 17
16 87
10 34
4 35
75 135
72 28
103 15
126 17
133 51
104 1
25 56
78 53
117 127
74 134
102 64
132 129
16 44
113 11
3 131
4 125
147 93
145 84
60 1
2 21
115 12
107 108
69 45
37 48
136 13
126 36
7 143
40 46
121 38
146 115
42 89
81 118
9 137
80 144
68 143
116 122
95 39
35 51
118 20
4 39
39 6
26 71
127 45
142 105
13 139
112 143
127 30
54 125
64 138
102 61
100 95
98 6
115 90
25 99
3 74
119 35
14 125
5 39
109 70
25 32
139 150
80 67
29 67
42 53
102 36
110 38
4 149
13 67
2 113
89 67
35 84
53 8
55 149
42 30
144 118
28 149
66 145
23 141
132 117
120 103
13 2
36 39
114 91
68 49
14 99
141 111
14 56
121 91
137 6
67 145
128 148
63 14
91 84
81 49
118 88
76 115
43 35
136 141
74 93
102 122
10 49
48 79
26 120
9 28
43 54
132 52
127 115
117 130
130 104
25 42
81 140
3 143
111 1
71 57
55 36
136 63
133 150
138 18
145 70
25 19
75 27
109 79
136 15
132 20
55 52
99 8
13 149
121 30
54 120
119 14
114 12
37 62
50 124
28 1
4 54
81 130
100 142
145 104
112 46
100 139
11 45
69 46
97 44
7 39
76 96
57 73
141 30
123 18
61 16
115 82
148 116
54 24
62 96
94 142
27 18
32 80
86 19
135 98
126 139
31 89
136 138
116 72
132 19
80 20
32 51
25 74
60 58
97 12
126 3
68 75
80 79
35 138
110 49
117 1
97 15
53 87
55 108
25 48
50 49
44 73
75 105
103 72
32 34
150 134
11 139
54 15
5 111
54 102
68 125
126 5
76 88
131 118
78 38
79 46
79 85
77 85
99 28
110 105
10 36
100 28
63 34
112 21
28 62
78 51
3 22
43 11
55 91
117 70
130 8
59 97
144 141
146 28
58 45
47 35
55 69
116 65
81 146
69 61
112 20
34 107
122 12
95 79
125 118
123 142
75 62
2 57
13 35
80 97
149 82
32 85
77 109
56 141
37 10
121 21
25 81
71 118
46 134
66 107
107 87
2 91
9 95
77 126
133 61
27 56
120 81
39 44
62 118
66 52
87 88
70 129
149 97
100 62
76 127
121 65
81 67
10 111
26 121
78 52
83 87
146 108
13 59
95 134
104 107
53 52
147 62
2 17
79 5
27 91
37 52
40 67
62 141
66 42
35 127
119 100
124 72
143 110
89 96
125 95
23 17
25 90
120 40
93 57
32 35
119 51
76 52
119 58
149 96
50 94
47 73
59 150
148 8
48 111
63 56
125 138
132 99
125 44
9 1
136 46
80 2
2 101
63 142
23 13
114 138
43 59
17 18
87 105
89 88
100 84
23 46
103 130
28 109
60 111
108 91
50 24
61 21
139 21
96 30
121 2
53 17
34 24
137 150
9 79
67 20
99 84
133 148
42 121
72 109
53 73
26 58
107 56
68 149
87 115
31 67
117 56
83 144
80 146
25 111
102 121
148 97
81 145
93 90
74 141
136 87
86 82
72 137
125 19
72 96
137 76
133 85
133 69
98 30
9 146
102 131
87 56
108 8
61 108
36 1
47 60
9 148
86 115
126 21
76 18
34 15
124 77
130 70
50 82
112 33
9 47
26 37
120 73
75 145
140 46
86 70
13 40
13 134
37 97
8 45
77 149
125 72
53 140
4 83
67 143
2 87
77 97
116 36
95 70
130 131
47 124
119 127
69 49
140 20
17 12
70 110
25 125
140 91
140 2
26 115
140 101
16 57
69 84
98 72
25 30
80 5
126 22
32 96
92 19
104 96
63 67
26 20
66 45
54 87
42 58
96 45
101 61
26 149
123 93
15 111
91 12
16 46
43 30
135 27
95 18
146 12
78 69
60 73
118 134
83 108
123 67
86 146
139 57
40 84
78 49
130 20
150 106
81 27
37 89
72 41
131 33
75 36
7 78
120 62
124 64
60 91
37 28
53 21
96 39
37 98
128 40
34 52
128 15
102 29
129 8
79 18
133 104
37 115
101 49
16 11
113 85
26 144
121 69
31 16
72 19
83 66
92 142
117 118
148 55
60 3
148 39
35 107
109 36
148 81
54 99
35 77
49 46
83 131
74 72
35 95
34 109
28 33
99 115
124 51
63 88
125 149
119 141
3 114
136 59
51 142
25 38
75 131
71 126
83 51
35 131
117 138
66 103
99 111
43 95
130 99
63 149
59 22
132 144
107 129
133 20
99 91
2 111
60 89
101 82
79 91
36 11
140 44
53 69
137 11
114 118
79 39
106 12
123 15
119 66
121 90
37 24
146 88
34 89
25 116
58 52
74 110
80 101
121 143
123 146
8 84
2 76
24 20
26 47
116 58
66 141
97 70
27 62
34 5
146 87
149 22
97 79
63 113
97 1
57 115
60 118
35 56
145 110
26 136
110 115
116 57
37 147
19 139
135 113
31 11
2 104
83 114
98 105
56 129
48 110
124 8
44 85
35 126
71 45
19 11
29 97
128 1
49 30
145 52
140 82
133 112
26 50
39 88
36 111
100 13
60 120
135 33
38 18
104 8
142 84
76 30
54 29
59 91
62 52
38 115
116 8
100 113
38 105
34 65
114 36
5 57
71 62
26 92
14 3
95 38
43 98
68 115
119 97
117 113
55 89
94 73
146 141
66 19
25 22
116 118
22 106
107 11
51 41
9 121
135 24
77 123
92 40
7 81
132 140
74 20
75 30
69 127
131 11
105 20
137 88
67 8
23 73
74 137
28 93
117 137
125 83
2 144
37 79
14 82
68 73
50 11
116 40
78 16
35 141
75 61
2 146
86 79
122 91
11 138
55 27
9 77
3 56
113 5
38 57
2 30
7 38
144 72
29 30
98 134
75 146
77 73
53 108
136 74
119 139
4 10
114 27
147 138
65 5
66 64
34 56
50 18
2 79
3 96
144 11
27 109
66 112
101 139
98 95
14 95
122 127
54 147
131 108
123 16
131 87
47 13
34 57
68 13
80 150
128 81
64 59
130 96
5 141
121 20
149 129
23 41
103 112
144 106
34 86
27 95
136 14
2 36
140 40
47 113
72 76
61 130
77 138
101 79
147 81
32 10
107 97
78 10
148 50
51 138
23 79
10 11
145 108
148 108
128 53
83 126
17 149
102 142
81 58
83 58
54 135
135 124
83 70
145 44
28 139
148 123
70 141
35 108
8 79
60 45
58 142
23 97
61 110
101 144
83 107
92 27
131 49
56 85
34 22
127 85
83 140
87 15
2 95
3 6
122 17
111 134
42 12
103 137
66 5
126 11
123 87
132 61
21 15
18 1
119 64
17 73
122 36
29 95
17 51
96 90
53 41
118 106
29 58
76 73
119 133
18 20
145 88
27 115
73 30
7 12
96 127
61 91
63 24
31 66
55 1
14 12
13 106
9 100
47 53
34 129
54 27
43 31
40 45
148 111
56 38
31 112
124 15
68 1
140 59
103 118
33 91
43 76
9 141
141 105
136 79
34 94
50 58
147 67
14 27
22 18
61 65
109 11
70 91
124 79
26 75
100 112
103 99
4 41
9 55
55 62
136 20
69 101
13 98
132 56
42 19
147 94
114 44
146 49
106 20
77 98
126 108
26 14
87 134
128 60
70 85
72 45
47 65
120 2
92 127
93 134
3 45
116 106
49 15
130 15
68 11
83 80
27 19
86 56
55 86
112 51
139 18
119 33
132 145
122 93
98 51
139 94
2 123
69 110
140 105
69 86
70 139
131 65
128 6
71 23
132 54
112 49
2 15
86 28
105 24
147 111
10 16
29 122
100 14
5 138
75 122
146 118
7 96
146 67
86 15
69 29
83 76
82 24
38 33
100 57
54 52
67 109
116 21
33 30
55 6
123 95
130 39
62 22
121 95
116 33
120 146
136 124
143 129
43 149
59 30
57 134
35 36
142 45
125 106
94 88
42 138
148 49
101 137
67 127
19 88
50 134
102 90
66 74
112 74
122 139
92 109
114 110
54 12
48 95
114 41
137 118
95 73
80 40
9 75
117 62
31 6
15 82
5 18
54 67
2 110
42 84
9 62
31 102
142 88
148 40
21 105
49 21
28 137
10 33
133 135
125 130
114 105
144 127
14 115
39 90
93 88
136 147
47 150
8 46
27 17
75 110
63 27
58 87
147 140
148 74
107 82
31 50
88 1
75 150
121 27
4 96
86 76
128 130
70 15
62 134
100 67
32 73
49 150
13 91
63 72
58 110
14 76
19 22
81 24
150 88
32 18
75 141
64 87
132 93
136 40
78 106
92 72
87 39
19 141
70 39
143 149
78 139
118 85
9 35
2 103
13 65
119 136
7 20
72 51
37 102
102 72
132 113
54 113
132 38
2 48
60 80
131 70
71 47
140 143
77 5
54 94
133 125
60 34
55 18
147 118
137 93
148 18
114 79
121 72
86 143
23 132
70 18
106 44
77 146
28 39
77 76
146 48
109 115
26 73
72 65
120 77
7 62
11 70
58 118
52 127
32 21
136 2
9 93
59 73
102 84
134 24
126 88
41 142
95 91
149 33
61 149
120 110
40 76
48 107
28 73
137 95
10 84
36 6
89 64
47 76
103 149
21 141
146 138
104 115
86 18
131 94
95 142
86 118
43 140
79 111
21 18
14 17
147 90
115 45
148 84
122 115
132 141
68 105
125 91
124 86
123 144
108 139
112 97
129 52
137 96
132 57
43 130
117 95
98 122
40 96
83 113
135 12
53 104
125 56
5 106
32 138
59 56
110 51
140 115
60 115
131 74
107 149
47 45
60 59
16 6
41 1
36 127
139 79
14 41
2 106
116 96
35 40
119 46
81 11
4 50
10 122
63 144
144 64
148 32
100 131
63 18
10 79
37 149
129 84
76 15
139 22
56 127
117 44
103 41
147 53
104 22
71 120
119 132
135 10
82 73
82 84
86 91
68 129
96 73
64 20
81 138
146 3
78 82
122 59
63 35
23 74
124 83
124 67
56 12
75 51
123 134
35 39
58 11
53 129
83 86
128 34
23 58
25 57
120 99
80 95
84 127
13 45
125 70
3 20
135 50
119 98
128 97
55 2
83 101
123 122
56 46
25 65
8 141
119 50
129 90
27 111
98 108
106 52
35 58
132 22
14 16
4 49
145 24
131 149
117 59
60 124
26 132
55 141
135 38
92 11
102 123
41 46
15 33
78 39
63 62
147 33
23 2
4 16
40 118
136 101
9 89
77 44
25 5
83 141
61 115
31 84
55 60
37 30
7 115
139 39
25 113
127 24
26 53
126 134
34 137
78 103
32 45
32 125
17 108
145 144
58 46
137 149
40 17
17 52
8 57
4 22
54 58
93 1
100 122
146 15
93 21
60 53
132 110
54 30
35 146
98 94
93 79
71 98
58 67
80 8
104 45
119 25
80 143
63 21
9 125
46 90
68 112
37 145
83 134
148 57
105 85
47 133
103 122
78 33
87 129
132 147
104 139
107 18
74 73
9 42
23 111
71 127
144 99
132 94
59 20
64 113
109 129
128 69
109 17
66 110
102 134
29 107
43 128
56 11
62 38
108 30
125 52
65 84
123 28
113 134
80 58
120 139
35 27
35 67
80 49
56 84
70 88
34 141
35 15
51 46
68 144
9 145
54 110
150 24
4 48
3 113
26 8
50 45
76 33
99 52
11 57
146 51
119 76
99 90
74 95
17 106
119 82
71 8
124 42
121 36
71 104
86 149
133 97
143 51
4 34
36 41
89 44
126 48
132 142
13 122
75 72
79 84
55 105
114 20
25 12
59 110
2 107
67 76
143 38
92 52
41 138
78 56
97 57
98 20
119 146
7 34
10 81
91 44
114 46
67 105
136 88
110 12
123 56
92 145
9 143
92 31
27 5
17 115
2 40
148 150
65 73
43 82
31 95
103 46
75 138
15 106
121 16
3 48
83 28
132 72
114 96
53 134
66 131
35 50
132 76
47 117
88 57
31 25
15 134
114 39
26 86
131 48
64 39
135 104
36 110
53 80
8 85
64 94
75 77
68 86
93 18
69 130
77 86
99 5
21 30
75 11
116 16
137 5
138 115
145 72
104 127
9 56
76 150
68 81
3 58
147 104
109 105
9 82
87 18
37 45
120 70
89 76
125 126
128 32
40 36
126 46
106 33
116 108
80 139
118 91
113 118
29 15
119 1
132 109
60 70
123 8
42 44
123 6
84 45
72 115
26 33
36 46
108 39
41 24
92 8
14 124
78 129
100 76
65 138
100 3
65 76
4 80
42 85
3 99
86 20
9 32
69 89
124 97
26 70
132 116
128 75
71 22
124 81
107 134
41 82
116 110
27 70
100 32
64 127
13 101
121 45
51 84
68 139
26 56
60 150
32 40
113 87
53 146
128 85
9 10
93 115
5 22
47 31
31 64
38 88
120 74
7 22
7 150
100 39
43 139
83 147
89 115
48 139
147 108
126 61
37 91
75 95
56 73
53 81
16 17
133 3
47 46
19 84
60 106
65 6
36 44
116 15
102 32
116 52
125 114
71 99
16 113
77 144
38 111
126 96
102 53
133 57
116 28
125 103
101 111
50 28
148 41
42 142
81 141
63 78
123 98
27 49
60 87
38 30
93 127
147 130
108 105
68 50
3 138
8 1
47 138
42 107
29 62
55 38
123 91
86 112
109 91
63 106
97 138
96 46
95 1
81 76
120 58
43 121
132 59
60 76
87 21
131 8
97 85
10 18
62 70
15 85
129 96
67 30
13 81
58 105
26 89
62 30
118 138
140 112
75 149
55 30
131 27
121 70
7 123
132 126
37 19
146 24
13 42
43 17
13 69
113 115
94 41
112 113
104 76
136 116
17 105
2 116
125 111
81 65
78 150
113 30
40 94
13 62
28 113
63 130
8 115
27 16
92 60
56 51
67 41
55 28
10 87
4 85
101 143
29 18
92 137
31 53
64 115
27 106
37 116
51 118
10 118
126 58
102 74
43 148
95 141
7 131
13 109
148 124
22 20
27 113
107 41
109 46
130 45
14 91
68 77
93 110
117 111
146 73
109 150
115 111
108 46
102 81
77 49
136 66
99 57
25 148
126 115
66 115
32 62
60 6
120 134
9 102
143 33
53 58
63 17
132 28
128 64
121 67
60 39
128 4
32 1
117 19
4 113
42 82
96 12
122 110
101 5
148 46
54 77
147 139
147 36
9 131
123 129
63 101
7 51
143 105
10 2
100 16
130 141
10 126
124 141
43 136
47 10
60 126
3 33
131 76
71 48
68 145
109 19
113 56
54 62
12 20
132 40
9 140
121 142
47 69
65 91
2 131
7 13
80 62
71 149
63 28
31 108
7 119
86 138
128 8
37 40
77 88
25 67
25 41
119 148
42 145
52 1
148 118
147 73
54 78
65 141
79 96
14 70
58 59
80 110
145 62
146 38
128 136
67 16
144 108
136 10
49 8
140 99
92 61
119 115
114 90
120 8
9 132
62 138
66 57
2 143
148 115
141 90
95 5
14 83
119 114
38 46
103 12
68 48
89 79
33 134
116 146
60 109
23 68
100 102
23 146
11 79
120 39
150 45
67 45
77 69
27 41
50 131
86 11
61 11
120 144
88 45
62 105
149 57
54 75
128 9
99 18
14 147
46 45
62 49
62 108
2 96
147 48
58 74
17 11
117 51
47 103
144 38
23 112
34 2
139 30
100 6
149 39
107 52
48 17
88 18
131 110
58 111
69 112
146 110
81 134
8 5
122 97
31 105
26 141
132 122
137 134
26 38
37 65
48 127
135 87
58 62
19 52
27 12
32 15
143 141
37 32
47 94
132 75
41 6
59 41
29 22
4 42
125 30
99 56
80 130
49 142
37 49
3 105
53 117
4 143
66 69
43 112
101 48
136 34
38 44
40 115
132 107
68 95
140 108
102 42
100 42
128 24
77 83
31 82
130 88
83 3
137 17
90 138
21 127
139 5
109 48
143 70
120 95
135 131
7 42
61 33
47 127
5 49
78 19
99 82
47 6
75 64
43 80
68 34
4 105
121 6
34 122
31 57
66 97
50 97
136 75
136 114
17 118
11 52
128 99
147 15
91 138
35 5
95 57
133 79
136 24
60 40
25 94
10 45
23 128
99 48
3 106
13 114
140 106
71 17
145 82
143 79
110 22
108 84
2 137
51 111
35 81
125 96
135 67
47 81
37 15
117 110
92 121
27 6
101 33
102 113
114 19
72 79
58 16
107 90
31 19
25 73
26 127
3 127
109 41
78 131
95 45
129 21
61 6
60 108
131 141
128 28
32 84
78 11
10 106
101 11
71 130
102 5
135 36
133 63
150 138
120 85
136 19
112 12
77 72
137 113
126 38
26 133
47 42
69 122
23 51
48 96
133 96
66 67
77 46
60 69
126 90
136 31
19 149
77 28
10 12
140 80
106 1
11 51
104 62
135 1
50 84
83 24
146 142
115 6
119 118
140 129
139 105
75 109
75 39
62 20
139 15
36 45
71 32
126 79
31 28
22 84
147 96
63 44
77 74
63 109
136 9
44 12
89 62
60 125
130 118
133 32
108 110
76 82
69 88
23 10
48 30
41 91
100 25
71 135
59 18
147 21
7 107
123 130
121 107
98 104
68 91
43 48
145 96
32 57
66 109
149 105
31 103
50 52
76 24
54 17
61 104
128 141
123 143
98 110
72 24
29 76
102 52
32 139
148 141
36 5
94 33
54 51
14 89
13 34
23 131
40 106
47 66
50 141
23 140
116 130
107 88
67 52
110 85
143 44
86 45
128 82
26 54
128 10
47 83
130 109
94 76
125 93
117 122
68 41
117 143
63 39
136 91
32 36
139 73
124 142
48 51
103 57
125 15
112 1
61 85
36 62
43 65
86 145
147 61
63 57
145 11
68 61
9 66
80 84
43 38
4 52
97 84
135 79
54 141
6 1
102 129
117 131
147 146
70 127
110 127
102 76
136 18
9 135
56 88
143 150
125 94
32 44
103 126
26 109
136 93
52 20
80 65
113 141
56 108
143 111
130 105
137 110
78 45
31 142
60 28
128 132
49 138
94 6
13 16
78 96
147 22
86 96
86 22
58 39
72 64
75 97
104 30
40 144
60 44
71 142
43 41
66 56
92 111
110 41
11 105
86 141
4 126
70 1
5 105
7 148
4 100
76 46
144 142
14 51
2 1
75 102
92 115
71 77
14 42
22 45
75 25
10 137
118 84
62 90
98 141
78 91
119 90
74 44
55 64
32 27
14 138
54 39
150 30
148 77
117 134
120 104
124 69
22 57
48 39
92 105
86 126
122 84
31 58
7 102
104 143
83 97
92 21
14 30
71 69
135 93
32 109
5 88
61 93
112 87
117 41
79 49
65 111
117 109
46 73
68 132
35 83
63 13
32 107
131 105
42 139
47 33
26 2
67 114
132 77
13 73
78 134
38 45
102 145
21 44
133 48
136 81
71 76
93 5
10 1
56 76
74 33
148 61
13 99
4 14
128 140
26 106
36 64
7 100
58 6
100 77
37 110
86 90
14 92
128 56
7 94
14 118
117 129
50 22
29 8
139 44
69 97
98 64
32 103
26 9
25 126
54 111
29 64
81 36
148 44
42 64
107 45
96 1
36 107
43 106
136 72
72 112
7 108
93 97
27 15
93 62
34 126
92 116
89 84
47 102
101 138
9 69
3 46
133 40
131 134
69 12
56 110
17 97
104 129
54 35
9 34
94 1
119 129
107 95
58 8
149 88
103 108
136 123
117 107
135 89
9 105
120 76
7 114
29 45
136 61
121 117
31 8
26 123
3 107
66 17
102 146
115 46
119 6
138 111
92 113
143 142
77 56
140 130
54 9
9 112
55 115
17 129
23 6
35 69
66 150
75 76
105 46
146 130
23 29
89 15
50 90
27 129
42 127
101 105
58 17
47 63
98 62
98 12
117 5
133 93
122 33
26 82
119 107
110 97
100 121
9 41
64 88
103 59
98 28
128 51
117 126
117 36
68 67
99 96
14 84
46 82
7 99
80 85
40 114
145 73
137 24
69 39
91 1
54 72
31 125
19 59
124 46
49 141
47 52
10 42
97 45
61 12
27 105
132 114
143 115
25 64
88 134
78 125
34 3
35 70
123 117
17 36
145 93
136 65
100 52
116 89
81 113
118 46
100 12
47 24
98 17
101 39
72 1
98 79
132 62
128 33
131 15
147 74
124 57
21 20
98 21
11 106
73 45
119 61
140 76
124 122
16 19
83 118
125 77
71 91
100 20
28 12
35 99
37 36
120 27
47 82
28 118
2 126
52 115
94 57
120 93
100 64
13 83
133 115
63 16
3 27
101 142
132 120
133 16
5 115
62 107
148 10
130 27
77 41
140 33
42 27
78 87
74 114
145 45
71 24
148 144
19 76
122 150
94 30
131 18
144 39
135 76
86 113
136 32
126 24
122 56
34 90
13 111
28 85
9 101
59 111
3 118
7 54
7 121
76 129
55 146
136 102
10 29
25 98
31 148
23 55
64 150
72 84
50 138
136 42
54 88
55 67
113 8
109 65
54 123
75 107
15 46
63 139
1 85
60 61
147 40
109 59
23 80
60 12
137 33
117 87
139 134
125 8
48 5
87 65
121 144
128 22
135 51
143 93
7 91
63 76
29 12
68 98
31 91
140 61
34 1
83 90
114 93
131 106
100 150
120 94
100 86
78 70
5 38
95 94
43 63
7 73
135 61
139 84
51 57
32 101
23 31
121 126
60 116
35 11
131 61
35 103
118 33
148 83
34 134
74 87
93 95
23 150
56 150
99 104
122 90
74 49
122 73
65 96
102 107
94 5
133 106
63 150
65 20
136 122
145 137
148 143
106 39
34 116
37 123
33 138
56 30
34 67
126 94
49 22
104 20
60 65
53 127
119 63
72 21
26 18
40 59
92 51
25 143
133 105
84 18
9 33
34 150
93 6
55 45
87 96
28 52
47 146
43 36
11 73
51 15
36 106
103 40
120 11
77 121
43 55
60 82
62 46
130 56
70 90
104 105
125 48
4 74
2 134
58 44
2 94
144 143
116 67
119 9
131 79
54 14
58 20
89 95
123 104
9 49
140 15
132 33
145 91
