InstanceID
9_20_4
NumObjects
20
NumFactors
4
Weights
70.7078470753738
26.533048106447566
25.822142960573903
21.994823391614737
86.09728015640047
80.80176066478995
71.63428319926987
25.773048595678173
80.3154324823442
54.15885004417991
68.1360272089805
96.69484362033687
93.9267836726982
8.372051019922043
40.463274115638505
31.55749186082506
71.99939604273189
6.473081681595683
59.09858610818961
83.63161418511054
Budget
552.0958330963507
Profits
-14.14156941507476
-5.306609621289513
-5.16442859211478
-4.3989646783229475
-17.219456031280096
-16.16035213295799
-14.326856639853975
-5.154609719135634
-16.06308649646884
-10.831770008835981
-13.627205441796098
-19.338968724067374
-18.78535673453964
-1.6744102039844087
-8.0926548231277
-6.311498372165012
-14.399879208546377
-1.2946163363191365
-11.819717221637921
-16.726322837022106
FactorLoading_Φ
-0.7737848847529265	-0.0890933649232244	-0.09546809673534407	0.041653653588505035
0.294906781390309	0.28129253749811634	0.30539475834498586	-0.11840592276658879
-0.4929754511770257	-0.11328533959221065	0.2267844911426664	0.16695471808809725
-0.28488541701604264	0.1807135155890407	-0.18172251811979967	-0.352678549275117
0.6175536172636644	-0.034967001603655845	0.1829557713378085	-0.16452360979487124
0.07840653832936617	-0.18898516717480662	-0.21559220188687167	0.5170160926089555
0.3224338365469481	0.15168212345147913	-0.07965587618347958	-0.44622816381809316
-0.5292165986959314	-0.09931614191029237	0.004281568656268719	0.3671856907375075
0.4475381338583706	-0.011234041691702501	0.24302391906476006	0.29820390538516683
-0.3326676805739317	-0.08652962245778095	0.2719300600646526	-0.30887263690363476
-0.3450975115180257	-0.1882847287204874	-0.2205681503065906	0.2460496094548963
-0.05219432907348298	-0.3196536242143426	0.21796347742686595	-0.41018856928530845
0.292038459391027	0.3345226090964535	0.32217043100311393	-0.05126850050940557
0.4010954468633001	0.34350639665227245	0.1870978703621171	-0.06830028612231032
0.6173679743212201	-0.029918505354022074	0.23027054825419757	-0.12244297207056021
-0.1583671668771749	0.48853163494713914	0.026630656296421362	-0.3264705418792646
-0.4345084360093323	-0.26568069298661356	-0.27531712472538405	0.02449374627867007
-0.5195926225438896	0.07375703446008952	-0.3452679334790216	0.06138240951699925
-0.16395370527656006	0.31667039932045804	-0.3011094237532306	-0.21826647164975133
-0.8951606438343283	-0.08655001053909905	-0.006570058373386756	0.01171928725318594
FactorLoading_Ψ
-0.7737848847529265	-0.0890933649232244	-0.09546809673534407	0.041653653588505035
0.294906781390309	0.28129253749811634	0.30539475834498586	-0.11840592276658879
-0.4929754511770257	-0.11328533959221065	0.2267844911426664	0.16695471808809725
-0.28488541701604264	0.1807135155890407	-0.18172251811979967	-0.352678549275117
0.6175536172636644	-0.034967001603655845	0.1829557713378085	-0.16452360979487124
0.07840653832936617	-0.18898516717480662	-0.21559220188687167	0.5170160926089555
0.3224338365469481	0.15168212345147913	-0.07965587618347958	-0.44622816381809316
-0.5292165986959314	-0.09931614191029237	0.004281568656268719	0.3671856907375075
0.4475381338583706	-0.011234041691702501	0.24302391906476006	0.29820390538516683
-0.3326676805739317	-0.08652962245778095	0.2719300600646526	-0.30887263690363476
-0.3450975115180257	-0.1882847287204874	-0.2205681503065906	0.2460496094548963
-0.05219432907348298	-0.3196536242143426	0.21796347742686595	-0.41018856928530845
0.292038459391027	0.3345226090964535	0.32217043100311393	-0.05126850050940557
0.4010954468633001	0.34350639665227245	0.1870978703621171	-0.06830028612231032
0.6173679743212201	-0.029918505354022074	0.23027054825419757	-0.12244297207056021
-0.1583671668771749	0.48853163494713914	0.026630656296421362	-0.3264705418792646
-0.4345084360093323	-0.26568069298661356	-0.27531712472538405	0.02449374627867007
-0.5195926225438896	0.07375703446008952	-0.3452679334790216	0.06138240951699925
-0.16395370527656006	0.31667039932045804	-0.3011094237532306	-0.21826647164975133
-0.8951606438343283	-0.08655001053909905	-0.006570058373386756	0.01171928725318594
Conflicts
12 20
5 18
11 12
2 8
13 6
17 20
13 17
8 6
4 20
9 18
12 6
4 6
16 17
10 3
9 5
10 16
14 15
2 6
10 20
3 1
16 5
19 20
14 6
1 18
7 17
13 12
2 15
3 17
3 18
7 8
3 6
5 15
9 14
11 1
8 18
11 18
13 15
5 1
15 1
2 17
4 3
14 11
10 18
4 2
7 18
6 1
19 5
3 16
7 6
7 15
9 20
2 16
10 1
15 20
9 11
17 8
7 12
4 15
4 17
7 10
3 12
4 13
9 15
16 6
4 16
14 13
20 1
7 2
9 13
17 15
14 16
11 6
5 12
4 18
11 15
13 16
10 19
2 11
7 11
4 9
3 15
16 12
12 18
5 8
13 10
9 10
10 17
9 17
19 8
15 12
14 18
12 1
5 6
2 3
11 20
13 5
