InstanceID
9_60_4
NumObjects
60
NumFactors
4
Weights
70.7078470753738
26.533048106447566
25.822142960573903
21.994823391614737
86.09728015640047
80.80176066478995
71.63428319926987
25.773048595678173
80.3154324823442
54.15885004417991
68.1360272089805
96.69484362033687
93.9267836726982
8.372051019922043
40.463274115638505
31.55749186082506
71.99939604273189
6.473081681595683
59.09858610818961
83.63161418511054
77.37848847529266
86.2878249676151
95.83463464114949
8.288865756209574
19.112584576538506
22.835878135172962
94.15823699466839
57.61993188884254
29.4906781390309
88.15940772334112
82.82532382119408
77.30295616629772
70.66282800090862
19.967996124821454
83.30452819119027
60.62607907692363
49.29754511770257
27.986773047802526
5.765229346325662
58.14352311613917
73.56796140454725
28.488541701604262
64.7321450724883
46.55989326050833
28.98366528189151
53.30811746258628
49.30070491478573
21.756460653839362
61.755361726366445
65.25206188673202
83.54763902051288
51.59549633771263
47.075100199452535
91.59125890980076
30.15323161837882
26.739170550417278
7.840653832936617
48.29839073910445
52.946271951126754
29.266916146013887
Budget
1591.0000110853375
Profits
-14.14156941507476
-5.306609621289513
-5.16442859211478
-4.3989646783229475
-17.219456031280096
-16.16035213295799
-14.326856639853975
-5.154609719135634
-16.06308649646884
-10.831770008835981
-13.627205441796098
-19.338968724067374
-18.78535673453964
-1.6744102039844087
-8.0926548231277
-6.311498372165012
-14.399879208546377
-1.2946163363191365
-11.819717221637921
-16.726322837022106
-15.475697695058532
-17.25756499352302
-19.1669269282299
-1.657773151241915
-3.822516915307701
-4.567175627034592
-18.831647398933676
-11.523986377768507
-5.89813562780618
-17.631881544668225
-16.565064764238816
-15.460591233259544
-14.132565600181724
-3.993599224964291
-16.660905638238056
-12.125215815384726
-9.859509023540515
-5.597354609560505
-1.1530458692651324
-11.628704623227835
-14.713592280909449
-5.697708340320853
-12.946429014497658
-9.311978652101667
-5.796733056378303
-10.661623492517256
-9.860140982957146
-4.351292130767872
-12.35107234527329
-13.050412377346404
-16.709527804102574
-10.319099267542526
-9.415020039890507
-18.31825178196015
-6.0306463236757635
-5.347834110083456
-1.5681307665873234
-9.65967814782089
-10.589254390225351
-5.853383229202778
FactorLoading_Φ
0.1649683059709801	-0.15746553057596802	0.4611908115778469	0.21637535187520496
0.18097887894234965	0.26112087420978947	-0.19071455611035337	-0.3671856907375075
-0.7017960946148332	-0.22999378422157313	0.010138414400137075	-0.05807170676345663
-0.41919730303171265	0.4762965496923277	-0.08846505041156827	-0.01604109686439137
0.15166689917378773	0.19343061234423797	-0.6456723339536428	-0.009230154528331536
-0.12889482223145543	-0.4609166084832361	-0.32876045492538397	-0.08142811435992447
0.12052468382584114	0.17151377556518588	0.47368901601013014	0.23427252459884285
-0.385151999284679	0.41621289410594886	0.1303348204870618	0.06830028612231032
0.4695157126854348	0.17777076698980743	0.3247758733136532	-0.02793764701110457
-0.4313526693418881	0.21554613248242593	-0.024238268689487752	0.3288629294861982
0.42918206358650535	0.005326372422826964	-0.5107173683417914	-0.05477419564887631
0.09505561452232203	0.8190005526719317	-0.024561423288746997	0.06138240951699925
-0.18157090585785296	-0.5822184167986162	-0.017944205693779525	0.21826647164975133
0.21302436644538836	0.28429891959758247	-0.3978373577913574	-0.10483935616567175
0.20548915504094745	0.3710190468079564	0.143515756672697	-0.27997604147839916
0.4103207197196106	0.12145541957839434	0.3387474597572311	-0.12947640094476398
-0.06255912775786454	-0.26820490242541717	0.36853402408388103	0.30070194573283726
-0.17635378605949414	-0.033957918337875315	-0.5199009116658877	0.26978738393674284
-0.05902643364320337	-0.12600667849805003	0.528523718883873	0.28644316897487365
0.22493613616852604	-0.17642570952259184	-0.44517728190783834	0.15346087240104378
0.3361762188109543	0.23915557195649306	0.12819601038691686	0.2964721988456358
-0.4336602593534742	-0.12247029918802643	0.014254542242488455	-0.4296148992160109
0.5746781702830108	-0.08155941446970338	-0.3011211636358315	0.04264125161145427
0.5360378580062808	-0.04580279414713373	0.24708497102429972	-0.17107437682228577
0.10741177834262983	0.3200527213334172	0.2880996588498379	0.28443584147411505
-0.25921256258285585	0.08084828022845114	-0.5957219132628013	0.06421724392589168
-0.31247785098175473	0.22136939471186734	-0.38265069170442123	-0.0835020626019567
0.04860770801693537	-0.42518487852915143	-0.440520573436779	-0.08568684001713422
-0.5016663631407037	-0.0730341458047794	0.23082004531295586	-0.19447944574156106
0.07119031146852173	0.7638376777697846	-0.10331489620703183	-0.06165711455466183
-0.39732415747735517	-0.030292794929625	-0.2722602255790454	0.30012282201397444
-0.5156110647141523	-0.18608467086433422	-0.14412948769619027	-0.1541747767253232
0.584768265292785	0.328847535825161	-0.08267676012950576	-0.0037074387525481978
-0.5189263918939018	-0.006566137859705057	-0.23102934704127032	0.24347812320512285
0.06996929717371758	-0.574791420691348	-0.23721027184263388	0.1180290102923005
0.4651261006922143	-0.2381058905074902	-0.07190580222839627	-0.22486220657189926
0.15247588703403792	-0.1465427463975546	0.08412881022589502	0.6168525563425125
0.09597499704667367	0.2592346152115661	-0.018349466265790593	0.6264409214759696
-0.3101753894078041	-0.0790491266586828	0.4493081593422903	-0.16146732459122282
0.6139711060147228	0.06976236405632918	-0.10990831357455888	-0.2063582163543891
0.45580003922054924	-0.245042773628656	-0.08499514861328672	0.21416203853750804
-0.2009999272893359	-0.2524996103610375	-0.09761346385973169	0.4488869984898949
0.5644385303527548	-0.13546470116949738	0.2520035164791581	0.048093251998589714
-0.343219793197197	-0.01701879031064868	-0.29162387019584823	0.3481375462963061
-0.20674840381163806	-0.20948686758313362	0.21880085716567277	0.36496387143955555
-0.6283369202049858	0.19230235739564505	0.16094642231868939	-0.01841430008067979
-0.20846363560968073	-0.21807202003883486	0.3326845643565779	-0.24077977999490652
-0.2984829596772982	0.17194116569579987	0.3099238342879995	-0.2196520403389024
0.34104868688120415	-0.005943410879684974	-0.13406923691172556	0.5189386653273853
-0.12054752333132557	0.09392550583783232	-0.15521709061990108	0.630309880210941
0.3754135157131524	0.12321680469557528	-0.09490682237309245	0.4064628572181799
0.2820985813271275	-0.03832985534521649	-0.3040776770717528	0.3754938862559032
-0.07713744766638397	0.0972361524159735	-0.19759502692641662	0.6280313729912259
-0.12045419095884724	-0.26891446012619125	-0.37659147185591135	-0.23403987705905016
-0.18823717909642945	0.357959456135754	0.24932072049151088	0.2044826442763057
-0.49072190755638	0.04279874764798097	-0.3506552126332865	0.11582413216235254
-0.09078683074302751	0.3159433245490433	0.08520538518070242	0.5080644595272268
-0.6533278759424233	-0.2112515281740277	-0.060497229469217206	0.07492336641433184
-0.05114078786576126	-0.18282544327987682	-0.7636364764236654	-0.0023972924306965293
0.2504666766989516	-0.17525906007199343	-0.48532797619438783	-0.08894628703466712
FactorLoading_Ψ
0.1649683059709801	-0.15746553057596802	0.4611908115778469	0.21637535187520496
0.18097887894234965	0.26112087420978947	-0.19071455611035337	-0.3671856907375075
-0.7017960946148332	-0.22999378422157313	0.010138414400137075	-0.05807170676345663
-0.41919730303171265	0.4762965496923277	-0.08846505041156827	-0.01604109686439137
0.15166689917378773	0.19343061234423797	-0.6456723339536428	-0.009230154528331536
-0.12889482223145543	-0.4609166084832361	-0.32876045492538397	-0.08142811435992447
0.12052468382584114	0.17151377556518588	0.47368901601013014	0.23427252459884285
-0.385151999284679	0.41621289410594886	0.1303348204870618	0.06830028612231032
0.4695157126854348	0.17777076698980743	0.3247758733136532	-0.02793764701110457
-0.4313526693418881	0.21554613248242593	-0.024238268689487752	0.3288629294861982
0.42918206358650535	0.005326372422826964	-0.5107173683417914	-0.05477419564887631
0.09505561452232203	0.8190005526719317	-0.024561423288746997	0.06138240951699925
-0.18157090585785296	-0.5822184167986162	-0.017944205693779525	0.21826647164975133
0.21302436644538836	0.28429891959758247	-0.3978373577913574	-0.10483935616567175
0.20548915504094745	0.3710190468079564	0.143515756672697	-0.27997604147839916
0.4103207197196106	0.12145541957839434	0.3387474597572311	-0.12947640094476398
-0.06255912775786454	-0.26820490242541717	0.36853402408388103	0.30070194573283726
-0.17635378605949414	-0.033957918337875315	-0.5199009116658877	0.26978738393674284
-0.05902643364320337	-0.12600667849805003	0.528523718883873	0.28644316897487365
0.22493613616852604	-0.17642570952259184	-0.44517728190783834	0.15346087240104378
0.3361762188109543	0.23915557195649306	0.12819601038691686	0.2964721988456358
-0.4336602593534742	-0.12247029918802643	0.014254542242488455	-0.4296148992160109
0.5746781702830108	-0.08155941446970338	-0.3011211636358315	0.04264125161145427
0.5360378580062808	-0.04580279414713373	0.24708497102429972	-0.17107437682228577
0.10741177834262983	0.3200527213334172	0.2880996588498379	0.28443584147411505
-0.25921256258285585	0.08084828022845114	-0.5957219132628013	0.06421724392589168
-0.31247785098175473	0.22136939471186734	-0.38265069170442123	-0.0835020626019567
0.04860770801693537	-0.42518487852915143	-0.440520573436779	-0.08568684001713422
-0.5016663631407037	-0.0730341458047794	0.23082004531295586	-0.19447944574156106
0.07119031146852173	0.7638376777697846	-0.10331489620703183	-0.06165711455466183
-0.39732415747735517	-0.030292794929625	-0.2722602255790454	0.30012282201397444
-0.5156110647141523	-0.18608467086433422	-0.14412948769619027	-0.1541747767253232
0.584768265292785	0.328847535825161	-0.08267676012950576	-0.0037074387525481978
-0.5189263918939018	-0.006566137859705057	-0.23102934704127032	0.24347812320512285
0.06996929717371758	-0.574791420691348	-0.23721027184263388	0.1180290102923005
0.4651261006922143	-0.2381058905074902	-0.07190580222839627	-0.22486220657189926
0.15247588703403792	-0.1465427463975546	0.08412881022589502	0.6168525563425125
0.09597499704667367	0.2592346152115661	-0.018349466265790593	0.6264409214759696
-0.3101753894078041	-0.0790491266586828	0.4493081593422903	-0.16146732459122282
0.6139711060147228	0.06976236405632918	-0.10990831357455888	-0.2063582163543891
0.45580003922054924	-0.245042773628656	-0.08499514861328672	0.21416203853750804
-0.2009999272893359	-0.2524996103610375	-0.09761346385973169	0.4488869984898949
0.5644385303527548	-0.13546470116949738	0.2520035164791581	0.048093251998589714
-0.343219793197197	-0.01701879031064868	-0.29162387019584823	0.3481375462963061
-0.20674840381163806	-0.20948686758313362	0.21880085716567277	0.36496387143955555
-0.6283369202049858	0.19230235739564505	0.16094642231868939	-0.01841430008067979
-0.20846363560968073	-0.21807202003883486	0.3326845643565779	-0.24077977999490652
-0.2984829596772982	0.17194116569579987	0.3099238342879995	-0.2196520403389024
0.34104868688120415	-0.005943410879684974	-0.13406923691172556	0.5189386653273853
-0.12054752333132557	0.09392550583783232	-0.15521709061990108	0.630309880210941
0.3754135157131524	0.12321680469557528	-0.09490682237309245	0.4064628572181799
0.2820985813271275	-0.03832985534521649	-0.3040776770717528	0.3754938862559032
-0.07713744766638397	0.0972361524159735	-0.19759502692641662	0.6280313729912259
-0.12045419095884724	-0.26891446012619125	-0.37659147185591135	-0.23403987705905016
-0.18823717909642945	0.357959456135754	0.24932072049151088	0.2044826442763057
-0.49072190755638	0.04279874764798097	-0.3506552126332865	0.11582413216235254
-0.09078683074302751	0.3159433245490433	0.08520538518070242	0.5080644595272268
-0.6533278759424233	-0.2112515281740277	-0.060497229469217206	0.07492336641433184
-0.05114078786576126	-0.18282544327987682	-0.7636364764236654	-0.0023972924306965293
0.2504666766989516	-0.17525906007199343	-0.48532797619438783	-0.08894628703466712
Conflicts
25 15
3 49
37 28
31 3
32 28
43 41
19 6
52 18
38 45
60 57
43 13
54 6
37 50
8 30
50 51
49 44
31 55
44 52
10 1
37 8
4 31
7 43
35 34
56 41
42 18
29 5
23 30
58 21
56 5
32 59
31 30
47 40
39 24
48 39
19 41
22 6
8 12
2 40
26 51
16 52
5 46
38 33
60 12
7 41
12 18
33 45
43 52
21 38
3 27
42 56
7 25
50 44
11 44
13 42
34 40
36 15
43 40
23 56
35 30
27 22
55 28
56 44
13 15
25 20
23 60
48 12
13 49
37 5
3 57
23 58
47 31
7 47
34 24
48 56
28 20
26 41
26 14
28 57
2 36
35 28
25 57
28 48
54 50
59 24
16 11
55 6
47 58
27 24
37 24
35 57
35 60
26 40
51 52
47 49
54 59
14 57
59 44
23 14
14 46
53 30
54 31
55 36
53 27
14 1
35 8
8 21
26 55
52 24
47 45
26 45
54 52
48 45
60 11
46 44
9 41
11 33
34 5
47 5
59 15
31 39
25 32
8 52
25 53
5 21
9 6
3 48
25 45
26 60
4 36
23 29
58 15
23 33
42 20
25 59
47 60
46 33
49 51
26 21
35 42
13 55
3 22
43 45
7 51
48 44
37 48
41 18
4 25
34 11
50 48
40 28
5 45
35 48
60 28
42 11
48 30
53 20
13 1
7 45
29 48
35 52
34 48
10 42
37 21
14 21
31 24
29 33
32 46
47 38
15 33
7 36
31 5
50 34
52 30
59 38
50 27
19 52
9 37
54 58
33 12
47 20
16 45
14 27
21 22
26 9
13 27
7 60
7 10
54 30
17 59
21 30
29 52
18 20
26 32
43 47
43 31
25 1
5 51
40 11
10 55
12 1
30 45
8 46
28 8
37 16
32 27
19 56
43 5
14 10
32 51
48 1
40 58
43 24
10 27
7 12
37 20
2 19
4 30
34 21
14 6
17 30
9 2
8 24
25 27
28 44
15 57
32 58
9 21
37 46
44 6
37 55
22 12
14 55
3 30
7 31
53 33
34 8
35 36
13 33
54 11
10 34
14 18
31 10
55 15
43 38
4 58
55 20
53 24
21 45
4 45
44 20
37 10
35 59
8 45
28 11
53 1
48 57
58 16
17 12
26 54
60 21
19 39
34 1
13 39
53 51
2 15
27 45
56 30
43 25
16 8
26 24
7 58
2 16
7 42
16 39
19 36
56 33
2 51
5 8
16 33
16 24
28 17
37 29
47 37
53 16
50 12
23 20
26 19
55 44
32 33
47 13
7 30
19 5
29 57
42 44
4 21
9 31
47 44
37 39
4 60
54 39
58 6
7 52
26 56
9 50
4 5
4 37
47 28
13 34
7 27
53 46
28 1
14 60
43 39
54 34
37 22
35 27
53 19
15 24
35 10
19 8
54 15
14 44
3 39
50 53
11 52
43 3
54 2
33 52
44 45
37 41
40 17
14 36
32 1
35 49
35 22
23 44
55 5
34 19
49 33
14 50
42 34
27 39
54 33
39 30
7 5
3 1
59 22
26 52
28 22
55 27
31 51
10 33
50 16
10 59
2 49
13 36
58 51
47 52
25 56
54 45
53 3
36 49
13 8
60 36
39 15
54 49
54 48
58 20
40 48
39 1
12 45
5 52
43 8
34 29
55 49
58 45
7 32
19 22
50 36
13 25
25 18
10 8
50 52
22 20
26 15
9 12
8 18
47 35
13 16
27 49
38 22
10 39
59 33
28 56
55 45
16 15
10 36
15 6
41 45
35 24
2 59
11 12
42 38
14 52
52 20
47 18
13 53
47 1
41 15
7 21
9 5
60 52
8 44
48 52
32 3
14 45
28 39
25 28
58 27
22 46
55 46
47 30
14 53
22 41
4 17
58 49
26 49
39 57
60 49
56 18
47 42
8 15
19 57
11 39
60 15
14 40
23 12
59 20
29 18
34 36
43 1
59 8
8 57
9 46
3 24
34 51
4 39
47 16
21 57
36 24
7 57
23 51
54 55
55 56
48 51
49 39
11 20
32 49
8 38
23 9
58 17
54 12
26 50
9 3
26 20
35 29
9 52
60 19
9 17
10 57
9 16
17 22
17 15
59 30
23 19
57 18
1 30
28 12
21 46
31 11
43 48
4 3
60 17
7 13
50 24
42 6
4 22
25 46
56 21
13 41
23 50
21 39
19 33
39 18
36 39
16 41
28 46
54 41
26 48
26 31
9 18
27 51
4 20
29 40
26 57
60 59
43 60
17 56
23 55
43 29
10 3
36 52
52 1
10 15
14 31
27 28
49 45
9 20
16 48
47 32
31 18
41 6
60 1
48 15
34 12
17 1
3 44
46 45
29 16
50 60
37 27
54 14
4 2
26 13
50 20
37 44
58 38
48 8
49 1
36 46
31 36
28 36
31 35
54 22
23 36
9 40
5 24
23 10
35 15
35 6
54 56
40 27
49 12
38 20
30 20
36 21
54 51
31 2
43 11
25 17
31 44
17 5
19 21
13 19
54 38
14 34
34 15
21 24
56 52
14 32
17 41
40 19
23 37
55 16
14 38
3 36
10 49
47 25
49 38
51 22
27 36
31 28
47 8
37 33
26 43
14 24
46 52
9 29
37 36
25 52
26 33
33 30
60 24
4 34
54 60
25 50
60 41
2 11
19 30
24 30
60 44
16 21
55 29
56 1
27 33
2 17
16 17
10 44
31 21
54 8
31 29
36 33
4 33
55 42
58 36
27 41
34 30
41 20
32 41
17 52
29 36
54 20
36 44
55 33
35 41
35 38
3 56
48 20
12 52
17 36
40 36
43 20
42 2
32 11
48 22
35 16
55 17
4 12
13 29
23 35
54 5
39 46
14 33
2 18
13 50
7 38
54 3
59 6
7 33
29 8
21 12
42 19
41 57
43 44
31 16
51 38
29 27
36 51
48 38
34 56
31 45
27 5
23 27
21 33
13 18
36 8
11 41
19 18
4 14
26 37
34 17
9 58
43 56
34 44
37 58
16 30
23 15
27 46
27 15
14 13
22 18
37 1
60 42
29 56
43 49
37 34
48 11
16 44
26 44
9 53
56 49
13 58
54 57
54 4
54 10
26 5
25 21
14 48
42 45
55 24
13 30
53 39
46 57
41 12
32 39
36 20
55 48
19 45
55 21
25 19
11 38
22 39
16 57
21 52
49 5
43 51
5 44
6 52
10 28
4 32
11 57
34 27
50 17
16 36
51 24
7 40
32 19
55 18
10 29
26 39
40 5
26 2
54 16
35 19
25 30
9 25
43 21
36 30
32 15
3 38
16 6
51 30
50 40
48 6
44 24
26 58
5 18
31 17
19 15
27 19
29 51
31 33
23 11
23 52
50 22
55 39
43 55
21 6
39 12
34 57
59 18
2 6
17 57
52 45
23 4
21 44
36 1
23 39
17 24
50 5
43 10
29 41
2 46
40 38
38 1
31 60
10 38
25 29
32 17
25 48
58 22
14 16
51 6
4 27
4 28
26 7
34 41
10 24
1 24
3 11
2 24
32 5
37 6
25 42
40 18
58 19
53 6
4 48
7 46
28 33
37 18
53 48
40 59
19 46
50 1
27 44
50 39
7 8
23 41
38 30
16 56
17 33
50 19
50 56
13 46
13 21
55 22
10 20
16 12
9 33
25 40
42 21
14 39
23 32
50 6
47 56
8 6
4 57
23 49
47 15
42 30
13 6
8 39
49 18
13 2
37 42
32 16
40 30
3 46
26 47
53 41
36 18
54 37
25 16
46 12
5 15
33 20
58 33
37 25
59 39
9 19
50 28
51 15
25 58
47 29
3 19
42 17
32 18
6 57
26 10
36 5
47 48
5 20
44 30
53 15
19 1
22 52
23 57
56 57
16 49
37 40
59 52
60 22
50 46
31 38
23 47
2 56
28 16
59 45
9 13
31 52
54 40
34 2
10 45
10 2
