InstanceID
9_80_4
NumObjects
80
NumFactors
4
Weights
70.7078470753738
26.533048106447566
25.822142960573903
21.994823391614737
86.09728015640047
80.80176066478995
71.63428319926987
25.773048595678173
80.3154324823442
54.15885004417991
68.1360272089805
96.69484362033687
93.9267836726982
8.372051019922043
40.463274115638505
31.55749186082506
71.99939604273189
6.473081681595683
59.09858610818961
83.63161418511054
77.37848847529266
86.2878249676151
95.83463464114949
8.288865756209574
19.112584576538506
22.835878135172962
94.15823699466839
57.61993188884254
29.4906781390309
88.15940772334112
82.82532382119408
77.30295616629772
70.66282800090862
19.967996124821454
83.30452819119027
60.62607907692363
49.29754511770257
27.986773047802526
5.765229346325662
58.14352311613917
73.56796140454725
28.488541701604262
64.7321450724883
46.55989326050833
28.98366528189151
53.30811746258628
49.30070491478573
21.756460653839362
61.755361726366445
65.25206188673202
83.54763902051288
51.59549633771263
47.075100199452535
91.59125890980076
30.15323161837882
26.739170550417278
7.840653832936617
48.29839073910445
52.946271951126754
29.266916146013887
16.49683059709801
78.3624648124795
32.24338365469481
55.377183618190685
47.411595999842724
60.22066810856819
51.40820580225949
44.20997531521391
18.097887894234965
63.28143092624925
52.92165986959314
62.853274060622375
4.255792140406656
40.13276411702229
94.19282932365434
93.17898788364063
70.17960946148332
45.87721755500731
44.75381338583706
53.040529963348824
Budget
2105.248063330061
Profits
-14.14156941507476
-5.306609621289513
-5.16442859211478
-4.3989646783229475
-17.219456031280096
-16.16035213295799
-14.326856639853975
-5.154609719135634
-16.06308649646884
-10.831770008835981
-13.627205441796098
-19.338968724067374
-18.78535673453964
-1.6744102039844087
-8.0926548231277
-6.311498372165012
-14.399879208546377
-1.2946163363191365
-11.819717221637921
-16.726322837022106
-15.475697695058532
-17.25756499352302
-19.1669269282299
-1.657773151241915
-3.822516915307701
-4.567175627034592
-18.831647398933676
-11.523986377768507
-5.89813562780618
-17.631881544668225
-16.565064764238816
-15.460591233259544
-14.132565600181724
-3.993599224964291
-16.660905638238056
-12.125215815384726
-9.859509023540515
-5.597354609560505
-1.1530458692651324
-11.628704623227835
-14.713592280909449
-5.697708340320853
-12.946429014497658
-9.311978652101667
-5.796733056378303
-10.661623492517256
-9.860140982957146
-4.351292130767872
-12.35107234527329
-13.050412377346404
-16.709527804102574
-10.319099267542526
-9.415020039890507
-18.31825178196015
-6.0306463236757635
-5.347834110083456
-1.5681307665873234
-9.65967814782089
-10.589254390225351
-5.853383229202778
-3.2993661194196022
-15.6724929624959
-6.448676730938962
-11.075436723638138
-9.482319199968545
-12.044133621713637
-10.281641160451898
-8.841995063042782
-3.619577578846993
-12.65628618524985
-10.584331973918628
-12.570654812124475
-0.8511584280813311
-8.026552823404458
-18.838565864730867
-18.635797576728127
-14.035921892296665
-9.175443511001463
-8.950762677167413
-10.608105992669765
FactorLoading_Φ
-0.21225373588042662	-0.6832401168436137	0.08846505041156827	-0.01604109686439137
-0.15166689917378773	0.3132840746766836	0.5258188716211971	-0.009230154528331536
0.12889482223145543	-0.13366130854649572	-0.6560157548621244	-0.08142811435992447
-0.12052468382584114	0.22987099035738545	0.41533180121793056	0.23427252459884285
0.385151999284679	-0.3920278905473962	0.024185003558552687	0.19863510660937211
0.4695157126854348	0.12385401057403245	0.3786926297294282	0.02793764701110457
0.4313526693418881	-0.000305086287665679	0.239479314884248	-0.3288629294861982
-0.42918206358650535	0.4068609413468529	0.10918279941776543	-0.05477419564887631
0.012402074556000953	0.08265353996632108	0.8190005526719317	-0.08594383280574625
0.18157090585785296	-0.4761426148723935	-0.10607580192622268	-0.23621067734353085
0.21302436644538836	0.28429891959758247	0.043559399468327875	-0.4591173144887013
0.08002640858817411	0.12546274645277333	0.3710190468079564	0.42349179815109617
-0.1846007815975783	0.3471753577004266	0.3387474597572311	0.12947640094476398
-0.3307640301832817	-0.12476431603365512	-0.2437697080502259	0.30070194573283726
-0.21031170439736946	-0.29447120795461124	-0.22542970371127646	-0.26978738393674284
-0.05902643364320337	-0.654530397381923	-0.06504945755757885	0.2213937114172948
-0.4013618456911179	0.3522646738557649	-0.09291260805207346	-0.15346087240104378
0.3361762188109543	0.3673515823434099	0.07440984586037458	0.22206235298526122
0.4336602593534742	-0.12247029918802643	-0.17505306190178915	0.2688163795567102
0.3897126390093084	0.1849655312737024	-0.3826805781055349	-0.04264125161145427
0.5818406521534145	0.11353232246864753	-0.1335526485556522	0.17107437682228577
-0.03800002114293144	0.06941175719969839	0.6081523801832551	0.28443584147411505
-0.25921256258285585	-0.6013562889053705	0.07521390458588195	-0.06421724392589168
0.31247785098175473	-0.22136939471186734	0.3834611926106788	-0.08269156169569913
0.04860770801693537	0.3793991929865992	-0.045785685542552246	-0.5262074134539132
0.49880494218905347	-0.07589556675642961	-0.23082004531295586	0.19447944574156106
-0.04625800948366088	0.7887699797546455	0.10331489620703183	-0.06165711455466183
-0.24917698407673128	-0.1481471734006239	-0.3025530205086704	-0.30012282201397444
0.5156110647141523	-0.13278452734970858	-0.05330014351462564	-0.2983042644215135
0.3846656192044502	0.5289501819134959	0.08267676012950576	-0.0037074387525481978
0.38162275171598425	-0.13730364017791752	-0.23759548490097537	-0.24347812320512285
0.06996929717371758	0.6623471664290719	-0.14965452610491004	-0.1180290102923005
0.4651261006922143	0.05467440784583388	-0.18343148266165632	-0.2967680088002955
-0.2557938418698438	0.04322479156174874	-0.08412881022589502	0.6168525563425125
-0.09597499704667367	0.2775840814773567	0.5696931410087442	-0.056747780467225395
-0.3892245160664869	-0.39238130163198637	-0.056926857710303924	0.16146732459122282
0.39480051974125097	0.28893295032980104	0.10990831357455888	-0.2063582163543891
-0.15367324441158026	0.547169568437625	-0.08499514861328672	-0.21416203853750804
0.2009999272893359	-0.2524996103610375	-0.1786462967670377	-0.3678541655825889
0.5644385303527548	0.14141290512323357	-0.2460553125254219	0.048093251998589714
-0.36023858350784566	-0.29162387019584823	-0.08820737976746607	-0.25993016652884005
0.20674840381163806	-0.20948686758313362	-0.24887561121043245	0.3348891173947959
0.8206392776006308	-0.030078342797416946	0.13086807952127244	0.01841430008067979
-0.29731825105998366	-0.12921740458853193	-0.3326845643565779	0.24077977999490652
0.2984829596772982	-0.09918585951733228	0.0727553061784676	0.5295758746269019
-0.28171596054575576	0.06527613721513337	-0.13406923691172556	-0.5189386653273853
-0.12054752333132557	-0.2491425964577334	0.19611562149391815	-0.4341942587170229
0.3754135157131524	0.12321680469557528	0.13094423925250753	-0.3704254403387648
-0.2820985813271275	0.30086819568079837	-0.04153933673617094	-0.3754938862559032
-0.07713744766638397	-0.0972361524159735	0.4274003791681147	-0.39822602074952784
-0.3893686510850385	-0.1859201336237517	-0.19067133823215965	-0.23403987705905016
0.18823717909642945	-0.04336980506478327	0.3145896510709707	0.4538033647678166
-0.533520655204361	-0.28947736199164864	0.06117785064163783	-0.11582413216235254
-0.4067301552920708	-0.08520538518070242	0.35113239192879475	0.15693206759843203
0.864579404116451	-0.060497229469217206	-0.007015740664455539	-0.0679076257498763
-0.05114078786576126	-0.7137058325130836	-0.2327560871904586	-0.0023972924306965293
0.04378005963653986	0.20668661706241176	-0.17525906007199343	-0.574274263229055
0.24315595114366273	0.009358147876263656	-0.3900372792827993	-0.3574486216972743
0.023239840493309183	-0.2738887344911145	-0.42776441169967394	0.27510701331590237
-0.2847168632767252	-0.4853793256537058	-0.1621445742180052	0.06775923685156382
-0.43061076850463054	0.2578266522571595	0.29873295345046524	0.012829625787744714
0.4955684608641757	0.30051589069040885	-0.11169687305453713	-0.0922187753908783
-0.2094897538715048	-0.0068660858868818675	-0.2622458836327086	-0.5213982766089047
0.28133467656897304	0.6215328627084655	0.0342581894550269	0.06287427126753453
0.1924829615831829	-0.05011631913365866	0.6904700777848103	0.06693064149834815
0.4366519835461049	-0.17053736648301876	0.22743433602891172	-0.16537631394196461
-0.36750455368012847	-0.3138397336255392	0.1691927833964133	0.14946292929791904
0.22754598085748268	0.675313440029367	-0.024794922861449464	-0.07234565625170086
0.530835319959378	-0.04638679606699925	0.16585935748115932	0.2569185264924634
-0.07752546475053435	0.529322106897371	-0.038226237188607515	-0.3549261911634871
0.425310871501416	-0.18951072482178577	-0.06509228374190501	-0.3200861199348932
-0.017779312699209626	-0.054371337190683544	0.7089406716480584	0.21890867846204842
0.07004777129453932	0.19207791614050906	-0.3394610255864712	-0.39841328697848044
0.276269410073966	0.021871249985728758	-0.6665740828653268	0.03528525707497843
0.34403510805219906	0.07357552486697383	0.2309309137690263	-0.3514584533118008
0.36611513595190814	0.09680336479548202	-0.23386600097903365	0.3032154982735762
0.01798809908415855	0.07576865325399051	0.6543634964502609	0.25187975121159
0.007108317067018088	-0.1773451509846855	-0.4635950572522707	-0.3519514746960257
0.14637651708852073	0.2954770285881583	-0.1587120476338364	0.3994344066894846
0.15438967174045848	-0.43183973519120933	0.30517201613285105	0.10859857693548114
FactorLoading_Ψ
-0.21225373588042662	-0.6832401168436137	0.08846505041156827	-0.01604109686439137
-0.15166689917378773	0.3132840746766836	0.5258188716211971	-0.009230154528331536
0.12889482223145543	-0.13366130854649572	-0.6560157548621244	-0.08142811435992447
-0.12052468382584114	0.22987099035738545	0.41533180121793056	0.23427252459884285
0.385151999284679	-0.3920278905473962	0.024185003558552687	0.19863510660937211
0.4695157126854348	0.12385401057403245	0.3786926297294282	0.02793764701110457
0.4313526693418881	-0.000305086287665679	0.239479314884248	-0.3288629294861982
-0.42918206358650535	0.4068609413468529	0.10918279941776543	-0.05477419564887631
0.012402074556000953	0.08265353996632108	0.8190005526719317	-0.08594383280574625
0.18157090585785296	-0.4761426148723935	-0.10607580192622268	-0.23621067734353085
0.21302436644538836	0.28429891959758247	0.043559399468327875	-0.4591173144887013
0.08002640858817411	0.12546274645277333	0.3710190468079564	0.42349179815109617
-0.1846007815975783	0.3471753577004266	0.3387474597572311	0.12947640094476398
-0.3307640301832817	-0.12476431603365512	-0.2437697080502259	0.30070194573283726
-0.21031170439736946	-0.29447120795461124	-0.22542970371127646	-0.26978738393674284
-0.05902643364320337	-0.654530397381923	-0.06504945755757885	0.2213937114172948
-0.4013618456911179	0.3522646738557649	-0.09291260805207346	-0.15346087240104378
0.3361762188109543	0.3673515823434099	0.07440984586037458	0.22206235298526122
0.4336602593534742	-0.12247029918802643	-0.17505306190178915	0.2688163795567102
0.3897126390093084	0.1849655312737024	-0.3826805781055349	-0.04264125161145427
0.5818406521534145	0.11353232246864753	-0.1335526485556522	0.17107437682228577
-0.03800002114293144	0.06941175719969839	0.6081523801832551	0.28443584147411505
-0.25921256258285585	-0.6013562889053705	0.07521390458588195	-0.06421724392589168
0.31247785098175473	-0.22136939471186734	0.3834611926106788	-0.08269156169569913
0.04860770801693537	0.3793991929865992	-0.045785685542552246	-0.5262074134539132
0.49880494218905347	-0.07589556675642961	-0.23082004531295586	0.19447944574156106
-0.04625800948366088	0.7887699797546455	0.10331489620703183	-0.06165711455466183
-0.24917698407673128	-0.1481471734006239	-0.3025530205086704	-0.30012282201397444
0.5156110647141523	-0.13278452734970858	-0.05330014351462564	-0.2983042644215135
0.3846656192044502	0.5289501819134959	0.08267676012950576	-0.0037074387525481978
0.38162275171598425	-0.13730364017791752	-0.23759548490097537	-0.24347812320512285
0.06996929717371758	0.6623471664290719	-0.14965452610491004	-0.1180290102923005
0.4651261006922143	0.05467440784583388	-0.18343148266165632	-0.2967680088002955
-0.2557938418698438	0.04322479156174874	-0.08412881022589502	0.6168525563425125
-0.09597499704667367	0.2775840814773567	0.5696931410087442	-0.056747780467225395
-0.3892245160664869	-0.39238130163198637	-0.056926857710303924	0.16146732459122282
0.39480051974125097	0.28893295032980104	0.10990831357455888	-0.2063582163543891
-0.15367324441158026	0.547169568437625	-0.08499514861328672	-0.21416203853750804
0.2009999272893359	-0.2524996103610375	-0.1786462967670377	-0.3678541655825889
0.5644385303527548	0.14141290512323357	-0.2460553125254219	0.048093251998589714
-0.36023858350784566	-0.29162387019584823	-0.08820737976746607	-0.25993016652884005
0.20674840381163806	-0.20948686758313362	-0.24887561121043245	0.3348891173947959
0.8206392776006308	-0.030078342797416946	0.13086807952127244	0.01841430008067979
-0.29731825105998366	-0.12921740458853193	-0.3326845643565779	0.24077977999490652
0.2984829596772982	-0.09918585951733228	0.0727553061784676	0.5295758746269019
-0.28171596054575576	0.06527613721513337	-0.13406923691172556	-0.5189386653273853
-0.12054752333132557	-0.2491425964577334	0.19611562149391815	-0.4341942587170229
0.3754135157131524	0.12321680469557528	0.13094423925250753	-0.3704254403387648
-0.2820985813271275	0.30086819568079837	-0.04153933673617094	-0.3754938862559032
-0.07713744766638397	-0.0972361524159735	0.4274003791681147	-0.39822602074952784
-0.3893686510850385	-0.1859201336237517	-0.19067133823215965	-0.23403987705905016
0.18823717909642945	-0.04336980506478327	0.3145896510709707	0.4538033647678166
-0.533520655204361	-0.28947736199164864	0.06117785064163783	-0.11582413216235254
-0.4067301552920708	-0.08520538518070242	0.35113239192879475	0.15693206759843203
0.864579404116451	-0.060497229469217206	-0.007015740664455539	-0.0679076257498763
-0.05114078786576126	-0.7137058325130836	-0.2327560871904586	-0.0023972924306965293
0.04378005963653986	0.20668661706241176	-0.17525906007199343	-0.574274263229055
0.24315595114366273	0.009358147876263656	-0.3900372792827993	-0.3574486216972743
0.023239840493309183	-0.2738887344911145	-0.42776441169967394	0.27510701331590237
-0.2847168632767252	-0.4853793256537058	-0.1621445742180052	0.06775923685156382
-0.43061076850463054	0.2578266522571595	0.29873295345046524	0.012829625787744714
0.4955684608641757	0.30051589069040885	-0.11169687305453713	-0.0922187753908783
-0.2094897538715048	-0.0068660858868818675	-0.2622458836327086	-0.5213982766089047
0.28133467656897304	0.6215328627084655	0.0342581894550269	0.06287427126753453
0.1924829615831829	-0.05011631913365866	0.6904700777848103	0.06693064149834815
0.4366519835461049	-0.17053736648301876	0.22743433602891172	-0.16537631394196461
-0.36750455368012847	-0.3138397336255392	0.1691927833964133	0.14946292929791904
0.22754598085748268	0.675313440029367	-0.024794922861449464	-0.07234565625170086
0.530835319959378	-0.04638679606699925	0.16585935748115932	0.2569185264924634
-0.07752546475053435	0.529322106897371	-0.038226237188607515	-0.3549261911634871
0.425310871501416	-0.18951072482178577	-0.06509228374190501	-0.3200861199348932
-0.017779312699209626	-0.054371337190683544	0.7089406716480584	0.21890867846204842
0.07004777129453932	0.19207791614050906	-0.3394610255864712	-0.39841328697848044
0.276269410073966	0.021871249985728758	-0.6665740828653268	0.03528525707497843
0.34403510805219906	0.07357552486697383	0.2309309137690263	-0.3514584533118008
0.36611513595190814	0.09680336479548202	-0.23386600097903365	0.3032154982735762
0.01798809908415855	0.07576865325399051	0.6543634964502609	0.25187975121159
0.007108317067018088	-0.1773451509846855	-0.4635950572522707	-0.3519514746960257
0.14637651708852073	0.2954770285881583	-0.1587120476338364	0.3994344066894846
0.15438967174045848	-0.43183973519120933	0.30517201613285105	0.10859857693548114
Conflicts
42 5
77 46
55 22
7 3
48 51
48 44
68 41
25 75
34 61
35 69
10 1
11 22
53 70
1 20
71 13
29 52
35 42
37 10
78 33
32 46
28 62
67 57
79 33
71 5
50 30
26 55
19 38
9 42
43 76
61 20
14 80
13 73
7 27
7 60
74 30
33 30
62 18
43 47
43 65
69 51
75 40
74 28
65 76
72 46
80 72
32 27
61 56
48 45
14 69
74 65
40 58
10 27
71 76
2 20
68 30
70 21
14 70
54 6
31 17
2 73
72 27
15 44
61 57
9 32
37 46
70 44
37 22
14 76
67 30
7 31
53 33
72 64
34 62
35 33
13 11
14 10
10 18
55 79
68 58
21 24
64 73
37 45
4 10
35 59
62 8
28 45
65 11
16 48
48 76
55 76
34 65
13 39
15 18
66 56
17 30
63 80
26 72
7 58
66 80
71 42
80 39
36 33
66 69
54 72
80 62
80 24
28 17
78 46
47 37
53 61
16 76
23 50
26 19
32 44
77 33
64 30
7 78
27 5
29 57
63 44
68 21
37 73
78 39
35 72
4 42
54 39
71 70
68 73
4 69
13 28
71 34
8 52
36 46
28 65
63 60
78 41
43 39
62 22
35 53
22 15
35 10
74 5
10 72
10 79
78 44
55 39
75 67
43 52
2 67
54 52
44 45
40 41
14 52
32 65
23 22
55 69
50 49
14 64
39 33
3 65
26 69
4 79
47 58
10 33
80 74
66 64
13 36
61 51
80 56
53 62
3 64
77 8
43 36
61 79
54 58
76 20
40 48
39 1
76 45
5 52
29 72
34 76
63 22
55 49
7 45
32 36
25 77
36 15
25 72
10 52
22 20
26 79
9 12
47 8
63 16
77 27
60 49
74 38
56 45
55 16
58 79
74 36
15 6
24 45
11 12
78 38
16 52
75 42
77 18
55 44
62 65
47 32
61 15
19 5
7 43
69 73
72 52
47 48
67 62
14 45
54 44
26 56
61 41
25 28
64 52
26 78
47 14
74 22
61 17
61 49
39 57
56 18
76 18
33 52
72 15
64 21
75 19
63 15
60 52
78 40
23 76
68 69
29 18
5 1
59 8
72 57
43 9
3 11
31 69
3 24
34 51
4 64
47 52
47 80
14 40
53 36
7 57
64 51
54 55
65 56
67 11
23 73
54 12
9 67
35 29
44 73
60 62
19 73
9 10
16 73
17 79
23 59
80 52
1 30
54 28
76 46
31 75
61 48
4 67
41 73
71 77
4 70
42 22
4 40
25 46
77 21
50 61
23 19
19 39
36 20
55 41
80 46
26 33
21 12
9 3
4 61
26 57
59 24
74 57
63 11
43 11
60 57
17 39
55 10
63 62
37 29
3 21
74 62
62 76
54 65
10 15
3 41
78 24
31 28
63 29
49 45
73 20
47 16
32 56
70 41
65 38
22 46
5 15
65 17
67 46
16 64
50 29
54 78
4 66
25 79
13 38
58 72
48 20
25 1
31 36
37 8
35 62
14 3
5 24
35 16
35 6
54 56
49 12
38 30
54 36
31 66
17 11
25 6
9 31
3 1
47 13
69 17
77 19
27 38
19 51
78 15
34 24
21 52
14 61
36 24
19 41
14 73
16 46
14 38
67 61
63 74
47 49
68 22
75 22
27 36
28 70
47 72
26 43
29 46
9 15
51 52
47 56
26 30
68 24
25 34
11 41
75 60
25 2
19 30
24 30
74 21
55 80
60 35
13 10
27 1
17 44
31 10
63 72
29 36
4 33
40 36
34 27
41 30
17 59
32 52
54 20
41 33
63 35
67 12
17 76
36 44
43 67
42 2
48 11
61 22
78 16
17 18
4 12
77 29
16 36
23 35
14 33
78 66
13 48
7 52
34 67
32 70
7 33
58 49
29 8
76 21
19 1
41 15
43 31
31 80
68 27
48 33
70 1
34 45
31 5
23 27
38 33
79 24
7 77
36 8
14 18
68 29
9 34
43 4
10 57
34 44
37 17
35 58
37 21
80 30
71 79
32 22
32 17
27 15
78 13
22 18
58 51
37 65
56 15
66 49
37 34
55 70
62 11
25 80
13 53
9 56
32 77
54 57
54 8
8 33
54 10
50 5
14 21
48 24
61 62
36 39
34 74
63 55
61 45
55 19
80 11
68 5
9 49
69 58
43 51
69 44
10 6
68 28
11 57
78 80
50 62
80 8
71 40
19 44
23 4
19 36
55 18
26 39
69 40
44 30
26 66
35 80
61 19
75 76
64 18
9 61
43 30
15 52
32 64
19 20
34 3
79 38
16 6
40 8
27 28
37 70
4 24
23 44
26 58
72 18
5 22
71 27
77 53
29 51
72 33
23 16
74 15
23 52
42 18
39 21
7 6
31 76
2 70
31 57
54 68
34 18
14 44
65 70
64 24
5 79
43 62
60 74
4 41
61 52
7 29
54 38
31 38
29 74
32 72
22 24
55 56
26 5
31 70
68 48
26 7
34 58
74 24
11 1
66 3
43 69
60 6
37 25
54 45
77 40
71 58
8 21
4 44
19 33
37 33
10 45
63 45
37 48
26 59
40 19
50 65
7 62
10 36
67 41
80 73
19 52
63 13
19 22
51 15
25 42
78 21
64 39
71 52
44 6
47 20
8 6
8 24
77 69
78 57
4 49
35 79
13 42
70 39
72 49
77 2
10 77
26 15
37 42
16 39
40 79
3 38
63 46
47 41
53 40
36 18
37 62
25 16
74 61
40 62
5 18
9 46
29 69
79 20
37 36
34 39
63 28
25 15
47 29
64 17
5 45
75 5
69 19
50 32
10 12
48 5
69 20
75 33
53 15
22 52
36 56
55 77
80 49
40 59
72 22
66 46
47 44
56 52
2 28
71 16
29 27
9 77
50 77
29 16
31 73
23 6
40 65
2 19
23 61
10 65
7 48
10 2
68 56
66 59
25 61
63 77
60 48
55 59
43 21
31 74
4 46
53 11
61 18
47 68
75 50
3 59
26 22
44 1
58 21
39 73
22 57
28 39
19 70
28 49
63 78
28 15
8 12
43 79
71 10
50 6
63 36
35 5
25 40
37 15
55 32
58 12
25 30
10 5
47 60
46 52
2 30
22 12
42 80
76 22
68 75
16 59
59 33
57 46
40 27
42 17
69 74
58 6
26 47
23 24
51 33
19 49
63 37
29 28
55 64
50 18
2 44
26 2
68 38
65 64
39 6
8 18
65 79
18 30
60 33
50 51
60 41
29 38
59 52
58 70
2 3
72 38
14 65
31 12
50 67
13 20
71 37
37 67
44 12
9 1
14 17
62 20
31 56
61 8
53 69
66 22
68 49
79 1
59 12
79 15
7 37
40 12
78 6
26 24
55 65
11 18
59 30
1 18
71 6
71 14
35 45
80 20
25 66
58 46
15 24
75 57
23 70
14 59
61 38
29 44
55 8
68 55
10 8
26 76
42 45
6 52
71 36
23 58
37 38
37 55
69 6
66 34
53 12
8 44
69 38
50 39
64 33
66 15
31 21
69 11
10 56
56 20
50 8
67 58
45 1
1 24
64 15
4 36
56 24
36 79
64 59
7 15
70 52
9 25
50 38
42 57
23 79
23 18
9 35
78 48
69 22
7 35
75 79
69 8
63 47
66 12
48 46
3 6
74 45
53 64
10 20
42 8
78 2
7 30
63 10
66 16
60 65
23 53
26 38
43 44
36 41
42 72
50 16
75 41
55 73
75 1
9 55
69 3
25 22
9 58
53 74
23 21
11 24
16 11
60 15
17 56
57 1
60 8
50 64
31 60
28 79
37 41
2 72
36 30
4 45
43 25
27 30
34 53
26 28
2 74
75 58
65 46
19 24
32 10
5 76
77 36
25 18
71 48
13 52
29 6
40 16
75 18
28 48
36 70
32 18
54 48
54 41
54 69
26 52
71 18
63 24
78 65
71 78
9 44
41 44
7 20
17 1
7 63
67 16
11 76
14 74
79 21
7 18
67 22
22 1
60 28
14 42
71 1
74 76
71 43
32 48
53 3
64 41
58 65
71 30
66 42
60 24
28 22
17 21
27 46
79 41
58 39
5 41
47 70
77 15
37 13
52 1
23 55
69 39
27 44
44 57
43 24
50 33
78 22
40 1
26 8
42 1
37 52
40 64
76 15
29 39
72 16
61 11
7 22
37 39
32 45
42 65
37 24
66 45
6 20
24 18
13 5
63 52
48 21
49 46
32 21
71 20
69 16
26 21
15 33
28 5
50 55
56 30
77 62
70 38
77 1
71 66
61 30
16 38
35 61
63 8
61 44
78 12
17 46
2 21
47 76
13 40
26 25
10 49
4 21
77 5
15 38
14 11
1 73
25 55
7 40
69 45
42 29
25 29
47 19
28 33
35 57
80 21
72 79
66 73
11 51
34 38
80 65
14 15
6 12
67 15
49 6
3 57
27 57
36 48
49 44
14 51
54 21
51 22
59 38
26 27
9 6
68 52
35 44
27 65
10 44
2 61
54 73
26 6
71 15
66 36
58 1
65 24
7 53
77 67
32 30
29 21
7 68
11 39
77 16
13 46
16 24
35 12
47 79
22 6
69 65
48 18
27 76
50 74
63 54
26 71
49 15
53 57
75 24
71 61
7 10
63 56
57 33
62 41
25 53
71 54
5 20
62 56
61 24
8 76
4 31
7 28
32 33
69 24
52 30
30 45
11 44
49 20
71 28
47 57
65 21
53 39
10 3
47 31
13 22
74 72
27 41
51 6
23 8
78 17
37 75
28 12
78 55
35 11
68 3
60 21
65 45
47 22
38 39
23 64
37 31
2 1
23 13
25 50
50 76
72 17
48 70
16 51
27 21
11 30
54 42
48 49
16 62
10 80
72 44
31 44
53 24
7 41
47 21
11 70
71 73
4 35
50 56
48 15
50 40
14 22
56 46
80 44
22 45
5 44
53 58
71 63
3 36
7 74
54 25
5 6
9 28
17 5
47 73
17 62
54 79
69 62
2 6
35 8
78 20
7 67
68 77
2 46
21 30
78 3
7 4
67 52
42 36
67 74
71 44
27 73
34 79
78 74
4 76
32 76
67 45
2 24
8 79
65 51
58 27
42 73
31 45
64 46
2 69
54 34
75 8
62 24
42 24
29 65
21 44
10 42
59 1
38 52
31 30
3 8
43 73
5 51
10 62
21 15
36 6
2 29
7 55
43 55
77 80
32 28
63 49
47 34
41 20
37 32
64 8
77 34
60 34
17 12
2 38
26 37
4 74
79 39
23 25
54 35
8 22
47 35
17 57
35 67
34 52
50 36
38 1
66 29
74 41
67 27
42 79
68 64
72 12
43 66
76 39
34 11
29 70
43 61
66 24
63 53
64 12
31 11
49 24
47 5
71 9
9 22
26 42
19 79
68 61
17 33
32 29
58 16
10 61
14 41
58 15
16 70
60 80
26 67
71 47
3 49
31 40
13 49
75 69
3 22
3 56
53 46
67 17
60 59
43 41
68 18
27 49
16 17
10 69
75 36
47 15
13 77
7 2
69 79
31 18
33 20
16 21
42 53
21 33
68 20
62 59
76 51
68 25
5 12
35 49
67 19
51 30
52 20
23 32
60 66
23 46
68 14
27 12
53 59
53 65
66 74
51 39
80 45
75 80
63 31
70 33
32 34
43 29
43 19
67 56
63 79
3 5
71 56
27 79
55 15
62 44
60 32
36 21
20 18
9 70
38 44
71 24
39 24
58 22
17 20
35 52
40 18
19 59
51 1
63 21
50 21
47 62
78 42
23 33
78 67
23 17
65 6
11 46
54 27
50 27
4 11
35 22
70 20
43 6
55 35
47 33
42 62
37 80
14 48
74 18
2 51
28 1
17 6
78 69
25 33
13 51
69 67
7 12
55 72
23 72
35 36
37 20
14 50
69 49
60 29
34 73
66 65
28 18
73 45
31 35
40 22
60 76
7 5
47 59
32 67
80 28
42 11
63 48
47 3
6 24
47 11
66 19
60 58
41 1
66 27
29 5
43 53
66 77
19 17
42 41
55 74
14 5
75 51
50 20
69 52
13 56
55 58
31 48
79 73
78 70
25 10
42 28
60 44
65 59
77 70
54 29
61 5
23 26
48 12
69 5
58 28
41 22
50 73
78 64
4 47
77 73
19 8
67 65
47 28
79 52
68 67
28 46
8 73
48 22
7 66
68 44
3 44
32 12
16 41
56 44
62 64
67 72
77 24
61 33
56 33
71 19
21 1
44 18
7 65
67 1
12 33
9 45
26 62
58 17
75 12
75 44
56 38
50 48
37 3
55 66
48 59
63 3
29 48
29 45
2 27
68 6
59 39
72 30
43 32
29 12
71 46
23 37
17 52
9 69
47 24
74 44
15 45
64 76
26 49
64 1
4 57
3 79
10 48
5 38
41 12
43 12
58 64
43 77
37 64
71 49
77 20
53 22
35 66
60 27
59 6
16 79
34 41
62 15
4 54
46 44
71 32
75 74
40 11
69 61
5 57
43 45
23 34
33 24
74 16
66 62
56 1
4 56
36 38
13 57
47 54
3 15
61 1
28 52
21 20
9 40
48 39
34 56
43 35
49 41
79 44
63 27
64 5
4 27
71 21
42 59
76 1
70 79
75 15
55 40
61 46
68 15
22 30
63 61
7 44
15 20
80 59
71 74
72 65
35 24
7 75
50 80
32 79
67 28
4 77
4 53
67 70
23 1
68 42
78 51
14 36
31 49
61 76
13 2
63 30
43 54
50 42
25 62
47 38
3 40
4 60
54 22
31 62
25 67
2 39
35 56
78 29
26 41
42 70
23 74
37 18
72 61
75 34
65 1
4 18
74 48
14 32
28 11
20 24
9 2
44 24
37 16
34 30
80 58
40 24
9 60
34 57
32 19
47 50
62 52
69 21
11 15
60 40
13 75
69 30
71 53
55 52
54 77
31 8
59 44
3 73
62 5
27 24
37 78
72 11
23 56
32 66
62 48
68 74
68 36
74 56
35 46
29 61
25 65
21 73
68 35
29 79
8 39
21 18
4 63
63 2
48 64
42 48
23 48
23 15
14 57
66 11
20 30
23 57
69 59
63 17
